0.0 0.35670987 0.         0.9964123  0.6334677  0.7793678045272827
5.0 0.        0.6876533 0.7009533 1.        0.4945228099822998
18.0 0.35670987 0.         0.9964123  0.6334677  0.27946701645851135
15.0 0.00504047 0.7085295  0.387976   1.         0.17853638529777527
0.0 0.28864104 0.4284628  0.57003266 0.6107277  0.161629781126976
0.0 0.2888397  0.32175353 0.6368619  0.6037173  0.11788874864578247
5.0 0.15304029 0.570173   0.78115654 1.         0.09133040904998779
16.0 0.17057258 0.68750346 0.715829   1.         0.0909576490521431
0.0 0.         0.7198301  0.39725032 0.9999247  0.08938231319189072
15.0 0.28298122 0.4333519  0.5704818  0.60931456 0.08787059038877487
7.0 0.38631776 0.         0.9837074  0.63722366 0.08712677657604218
15.0 0.3713365 0.        0.9914329 0.6579989 0.08209791779518127
15.0 0.17057258 0.68750346 0.715829   1.         0.07608917355537415
24.0 0.         0.6912869  0.63819677 1.         0.07456990331411362
40.0 0.3356518  0.         0.97098696 0.6496249  0.06997586041688919
38.0 0.35670987 0.         0.9964123  0.6334677  0.06984391808509827
0.0 0.5674126  0.08654821 1.         0.5219812  0.06869842112064362
39.0 0.        0.6876533 0.7009533 1.        0.06633786112070084
34.0 0.09461662 0.6606926  0.72985506 1.         0.05766977742314339
5.0 0.01322013 0.75304174 0.57008964 0.9514724  0.055526524782180786
5.0 0.14052194 0.32084283 0.8826718  0.9906305  0.055331163108348846
31.0 0.3544563  0.         1.         0.63627267 0.05533081293106079
16.0 0.18916428 0.         1.         0.7230577  0.05403619259595871
18.0 0.304555   0.43067968 0.5998866  0.6112218  0.05106191337108612
0.0 0.29368687 0.22464414 0.8629075  0.6981959  0.04860971122980118
37.0 0.        0.6974351 0.5155388 1.        0.04724655672907829
13.0 0.3227413  0.01474538 0.97504556 0.628366   0.04588925465941429
21.0 0.        0.6876533 0.7009533 1.        0.04331931471824646
41.0 0.        0.6876533 0.7009533 1.        0.04212788864970207
31.0 0.59718114 0.         0.994495   0.51867634 0.03952004015445709
25.0 0.2421894  0.         0.97614765 0.7753957  0.03571924567222595
24.0 0.28920472 0.70702803 0.69303745 0.89241683 0.0355234295129776
24.0 0.2773481  0.42983302 0.57456607 0.616246   0.034763168543577194
5.0 0.2421894  0.         0.97614765 0.7753957  0.034549105912446976
0.0 0.6946101  0.         1.         0.56706303 0.03308843448758125
31.0 0.        0.7350799 0.3782177 0.9883908 0.03221563622355461
5.0 0.24947797 0.69364697 0.72129846 0.9461468  0.03217346966266632
5.0 0.01617655 0.5227581  0.6795901  1.         0.031467217952013016
24.0 0.2576606  0.6910876  0.76845896 1.         0.031216396018862724
16.0 0.59718114 0.         0.994495   0.51867634 0.03065459616482258
19.0 0.         0.6912869  0.63819677 1.         0.030609838664531708
37.0 0.38631776 0.         0.9837074  0.63722366 0.029969554394483566
0.0 0.12585288 0.         1.         0.8077543  0.029662741348147392
2.0 0.35979027 0.         0.99606436 0.6657871  0.029384687542915344
42.0 0.3744184 0.        0.9998933 0.660537  0.02776450291275978
15.0 0.29368687 0.22464414 0.8629075  0.6981959  0.027723008766770363
17.0 0.59718114 0.         0.994495   0.51867634 0.027073385193943977
35.0 0.02383515 0.7135998  0.29421234 1.         0.026212302967905998
0.0 0.47409245 0.         1.         0.35446203 0.02558455988764763
35.0 0.38631776 0.         0.9837074  0.63722366 0.02513757161796093
30.0 0.         0.6912869  0.63819677 1.         0.025081532076001167
18.0 0.5674126  0.08654821 1.         0.5219812  0.023498576134443283
38.0 0.5674126  0.08654821 1.         0.5219812  0.023439545184373856
34.0 0.18108633 0.5204894  0.82256186 0.8978624  0.023370105773210526
29.0 0.14546946 0.02323702 1.         0.6996089  0.0230803694576025
40.0 0.28864104 0.4284628  0.57003266 0.6107277  0.022833000868558884
15.0 0.3044185  0.26524436 0.6277241  0.6148798  0.022769706323742867
15.0 0.07213807 0.         1.         0.82736516 0.02225347049534321
0.0 0.5580399 0.        1.        0.7581856 0.021986180916428566
24.0 0.00985388 0.70892704 0.33009    1.         0.021472284570336342
18.0 0.3044185  0.26524436 0.6277241  0.6148798  0.021059896796941757
25.0 0.         0.6912869  0.63819677 1.         0.0209687240421772
37.0 0.02383515 0.7135998  0.29421234 1.         0.02041974663734436
7.0 0.28864104 0.4284628  0.57003266 0.6107277  0.020321397110819817
40.0 0.65080136 0.         1.         0.6279564  0.019837846979498863
0.0 0.20399323 0.08219311 0.8196546  0.8891132  0.019555404782295227
31.0 0.3084814  0.06935233 0.7147437  0.6764874  0.019448939710855484
25.0 0.7118119 0.        0.985602  0.5186103 0.019348280504345894
37.0 0.18890762 0.6907712  0.7263732  1.         0.019218824803829193
17.0 0.83031034 0.05139282 1.         0.26104254 0.01912459172308445
29.0 0.        0.6974351 0.5155388 1.        0.018972191959619522
37.0 0.28864104 0.4284628  0.57003266 0.6107277  0.018692202866077423
14.0 0.4022445  0.         0.9865686  0.64607084 0.018622606992721558
16.0 0.        0.6974351 0.5155388 1.        0.01840844564139843
38.0 0.6291603  0.         1.         0.30058414 0.018364807590842247
15.0 0.3172324  0.70583206 0.70628524 0.89383227 0.018272634595632553
24.0 0.19324711 0.39419743 0.83186734 0.9405577  0.0182406734675169
38.0 0.6946101  0.         1.         0.56706303 0.018120449036359787
15.0 0.2202937  0.46055502 0.78637654 0.9161839  0.01782861165702343
27.0 0.16852525 0.6907468  0.70797026 1.         0.017751291394233704
37.0 0.34329003 0.15407184 0.7830289  0.7237129  0.017736688256263733
0.0 0.340106   0.10786331 0.65831906 0.64045876 0.01750398799777031
0.0 0.7513367  0.03275129 0.9818773  0.51349556 0.017383774742484093
7.0 0.34329003 0.15407184 0.7830289  0.7237129  0.01733698695898056
24.0 0.24701211 0.14320916 0.91801155 0.7456971  0.017094263806939125
0.0 0.2576606  0.6910876  0.76845896 1.         0.016934875398874283
5.0 0.30576485 0.6612254  0.74658245 1.         0.01689533144235611
16.0 0.6291603  0.         1.         0.30058414 0.01649271510541439
18.0 0.6946101  0.         1.         0.56706303 0.01648116298019886
15.0 0.65080136 0.         1.         0.6279564  0.016388075426220894
19.0 0.00406642 0.72349256 0.33956236 0.99920887 0.01616911217570305
7.0 0.6946101  0.         1.         0.56706303 0.016083674505352974
20.0 0.        0.6876533 0.7009533 1.        0.01605595089495182
33.0 0.3227413  0.01474538 0.97504556 0.628366   0.0160288754850626
40.0 0.40666795 0.03382573 0.75684965 0.6302049  0.01594781130552292
16.0 0.2882576  0.12957609 0.8051708  0.63378197 0.015727054327726364
5.0 0.2803498  0.43343022 0.5706474  0.6148357  0.015588666312396526
13.0 0.65080136 0.         1.         0.6279564  0.015492028556764126
30.0 0.2576606  0.6910876  0.76845896 1.         0.015395721420645714
5.0 0.34329003 0.15407184 0.7830289  0.7237129  0.015384955331683159
