9.0 0.77606463 0.5728618  0.99341464 1.         0.07857782393693924
20.0 0.2797843  0.11995563 0.9474677  0.7903302  0.05526433140039444
29.0 0.2035656  0.12609297 1.         1.         0.03861977905035019
40.0 0.7612401  0.54533064 0.9968542  1.         0.03342731297016144
24.0 0.62647897 0.2808803  0.8204095  0.33099768 0.03141660615801811
32.0 0.30230165 0.39777315 0.64837545 0.7744285  0.03095846250653267
32.0 0.24149057 0.23389584 0.9708872  0.9956071  0.030650625005364418
24.0 0.45567524 0.24990535 0.84282863 0.35952353 0.030474795028567314
32.0 0.2651428  0.07765037 0.9344959  0.68947536 0.029654067009687424
20.0 0.08522096 0.         1.         1.         0.02950889803469181
24.0 0.2999467  0.17997707 0.8437464  0.45433795 0.02916536293923855
5.0 0.2994603  0.21211609 0.8470105  0.5290984  0.02774057537317276
38.0 0.77606463 0.5728618  0.99341464 1.         0.026209210976958275
17.0 0.7643863  0.6036235  0.99447477 1.         0.026031799614429474
20.0 0.2994603  0.21211609 0.8470105  0.5290984  0.025414656847715378
32.0 0.28830925 0.20812103 0.7945049  0.53073823 0.02483343705534935
24.0 0.30230165 0.39777315 0.64837545 0.7744285  0.02447020448744297
24.0 0.2619502 0.6518078 0.6741115 0.9999114 0.021330609917640686
1.0 0.28462473 0.15697387 0.9884249  1.         0.02054087072610855
38.0 0.56800365 0.652732   1.         1.         0.02004765160381794
6.0 0.23398554 0.06192195 0.991928   1.         0.019759800285100937
7.0 0.31726405 0.15018989 0.95058703 0.5473192  0.01920301653444767
37.0 0.23398554 0.06192195 0.991928   1.         0.018549997359514236
20.0 0.32920223 0.26195598 0.6235759  0.7277442  0.017781471833586693
17.0 0.838792   0.         0.99930257 0.26503065 0.017589271068572998
32.0 0.3451542  0.30035245 0.5972992  0.6952406  0.016738643869757652
24.0 0.03435978 0.7373579  0.6117914  1.         0.016205571591854095
24.0 0.5160655  0.2767563  0.83946264 0.40357333 0.01612350530922413
27.0 0.2994603  0.21211609 0.8470105  0.5290984  0.016112737357616425
33.0 0.24149057 0.23389584 0.9708872  0.9956071  0.01605636440217495
15.0 0.2994603  0.21211609 0.8470105  0.5290984  0.015391668304800987
7.0 0.30689567 0.20880526 1.         0.98228973 0.015162196010351181
17.0 0.90736336 0.         1.         0.1313963  0.015148589387536049
5.0 0.30838802 0.12426296 0.93149376 0.8656987  0.015078667551279068
37.0 0.3275978 0.3571815 0.6226596 0.8127684 0.014996705576777458
32.0 0.31220412 0.5570453  0.6277604  0.85398847 0.014987853355705738
24.0 0.32771987 0.20817012 0.75637645 0.37300247 0.014909549616277218
40.0 0.28462473 0.15697387 0.9884249  1.         0.01473015733063221
12.0 0.24560007 0.         0.986516   0.9818545  0.014607267454266548
4.0 0.31691867 0.5604296  0.61829615 0.7611028  0.014426412992179394
28.0 0.23398554 0.06192195 0.991928   1.         0.014329100959002972
36.0 0.7612401  0.54533064 0.9968542  1.         0.01414681226015091
24.0 0.64483714 0.29292822 0.82040155 0.35751748 0.014134780503809452
39.0 0.24560007 0.         0.986516   0.9818545  0.014043865725398064
4.0 0.32771987 0.20817012 0.75637645 0.37300247 0.013908806256949902
17.0 0.91861844 0.00207529 0.99715495 0.05759747 0.0137419318780303
40.0 0.32920223 0.26195598 0.6235759  0.7277442  0.013631243258714676
24.0 0.24149057 0.23389584 0.9708872  0.9956071  0.013465152122080326
29.0 0.2838686  0.06427911 0.9669704  0.68636715 0.013217434287071228
17.0 0.83766526 0.00271689 0.99289733 0.10997111 0.012700571678578854
24.0 0.28454083 0.5352031  0.62282836 0.87584865 0.012692323885858059
33.0 0.3275978 0.3571815 0.6226596 0.8127684 0.01267862319946289
32.0 0.33772746 0.2483781  0.72751594 0.43455738 0.012565226294100285
27.0 0.32920223 0.26195598 0.6235759  0.7277442  0.012543443590402603
26.0 0.22450417 0.         0.84585553 0.22422507 0.012332138605415821
26.0 0.17219806 0.5155889  0.8618293  1.         0.012227509170770645
33.0 0.31691867 0.5604296  0.61829615 0.7611028  0.012022072449326515
10.0 0.14851937 0.17187104 1.         0.9841882  0.01198757253587246
9.0 0.7356699 0.7785685 1.        0.998371  0.01196239423006773
24.0 0.10832629 0.44412217 0.9143902  1.         0.011850914917886257
32.0 0.33927298 0.49546078 0.60372126 0.71365654 0.011813616380095482
33.0 0.2651428  0.07765037 0.9344959  0.68947536 0.011628866195678711
37.0 0.29403338 0.6097146  0.64854944 1.         0.011517520993947983
20.0 0.05402613 0.         1.         0.604241   0.011470532044768333
8.0 0.24560007 0.         0.986516   0.9818545  0.01141031738370657
34.0 0.06337434 0.50504994 0.9492304  1.         0.011072959750890732
4.0 0.28280634 0.11014475 0.82103807 0.37924457 0.011068412102758884
1.0 0.2589786  0.10957524 0.97451353 0.62134516 0.010951749980449677
1.0 0.3275978 0.3571815 0.6226596 0.8127684 0.010943193919956684
9.0 0.88575405 0.         0.9992992  0.25180337 0.010925691574811935
7.0 0.25964332 0.00182235 0.97968626 0.7401991  0.010904312133789062
36.0 0.3055629  0.05771202 0.9602799  0.8480995  0.01089403685182333
27.0 0.3051349  0.16356787 0.95847833 0.7357857  0.010878372006118298
11.0 0.28985277 0.18041459 0.8037324  0.45353118 0.010848955251276493
4.0 0.20131466 0.6519261  0.837842   1.         0.010764893144369125
32.0 0.15219325 0.         1.         0.9083226  0.010688367299735546
24.0 0.28563014 0.72578764 0.83853185 1.         0.010684802196919918
24.0 0.32946557 0.4995998  0.91555566 0.8086467  0.01053153071552515
9.0 0.8730806  0.72942495 0.99501014 1.         0.010499667376279831
5.0 0.33772746 0.2483781  0.72751594 0.43455738 0.010468636639416218
36.0 0.19009358 0.         1.         1.         0.010446189902722836
29.0 0.05402613 0.         1.         0.604241   0.01042861770838499
4.0 0.22450417 0.         0.84585553 0.22422507 0.010289509780704975
5.0 0.32920223 0.26195598 0.6235759  0.7277442  0.010244477540254593
10.0 0.31726405 0.15018989 0.95058703 0.5473192  0.010208837687969208
24.0 0.37251356 0.5400951  0.6272857  0.68685484 0.009948477149009705
20.0 0.46354535 0.         1.         0.775612   0.00992722436785698
39.0 0.28985277 0.18041459 0.8037324  0.45353118 0.009823448956012726
15.0 0.32920223 0.26195598 0.6235759  0.7277442  0.009805788286030293
32.0 0.31313464 0.21023342 0.67935777 0.37716332 0.009786929935216904
4.0 0.392665  0.5464552 0.5782145 0.6294958 0.009756159037351608
32.0 0.38748783 0.01673353 1.         1.         0.009731163270771503
29.0 0.32920223 0.26195598 0.6235759  0.7277442  0.00973096676170826
24.0 0.25964332 0.00182235 0.97968626 0.7401991  0.009676388464868069
20.0 0.31313464 0.21023342 0.67935777 0.37716332 0.009580479003489017
26.0 0.27602863 0.1580401  0.9403343  1.         0.009509182535111904
11.0 0.32434937 0.5450928  0.61028755 0.78139544 0.009463428519666195
7.0 0.33772746 0.2483781  0.72751594 0.43455738 0.00944709125906229
4.0 0.31263202 0.50819004 0.80452484 0.8073733  0.009367847815155983
20.0 0.5327757  0.19136816 0.97007066 0.89377755 0.009356742724776268
