18.0 0.09189086 0.32523376 0.45061177 0.6083627  0.47744807600975037
37.0 0.09577522 0.33646327 0.546777   0.69865984 0.2932724356651306
0.0 0.09482644 0.32120562 0.44884574 0.59989935 0.2360951453447342
13.0 0.08813234 0.32223356 0.4515708  0.6075937  0.13387936353683472
1.0 0.09577522 0.33646327 0.546777   0.69865984 0.12816402316093445
23.0 0.09577522 0.33646327 0.546777   0.69865984 0.11119800060987473
26.0 0.08061109 0.36667156 0.55693537 0.82597136 0.09920278936624527
25.0 0.764964   0.36024004 1.         1.         0.09385527670383453
11.0 0.09577522 0.33646327 0.546777   0.69865984 0.08876156806945801
0.0 0.08998698 0.35570014 0.55958563 0.70172215 0.08288101106882095
28.0 0.11722387 0.2951607  0.5402069  0.72599417 0.0746365338563919
7.0 0.10172628 0.30800954 0.546546   0.6513884  0.06594904512166977
20.0 0.22466873 0.13675144 0.606267   0.30479243 0.05792376026511192
24.0 0.08559658 0.33313563 0.44782066 0.5358051  0.05611272528767586
13.0 0.08325736 0.29431242 0.5609516  0.7310156  0.05456055700778961
37.0 0.10013694 0.4179755  0.6172283  0.8298195  0.05216403678059578
23.0 0.18075638 0.5678062  0.5456999  0.83633167 0.05090896785259247
14.0 0.10172628 0.30800954 0.546546   0.6513884  0.0499875582754612
40.0 0.10172628 0.30800954 0.546546   0.6513884  0.049603939056396484
14.0 0.10059819 0.11632241 0.6249088  0.40179622 0.04838723689317703
38.0 0.0986927  0.26426154 0.47121018 0.6196377  0.04671381786465645
28.0 0.07833345 0.32657504 0.44314015 0.6131836  0.043536193668842316
25.0 0.8103672  0.         1.         0.56086206 0.041675861924886703
37.0 0.        0.2767052 0.5489043 0.8501316 0.04157107323408127
34.0 0.1147082  0.32208368 0.5373853  0.83326006 0.040452007204294205
23.0 0.02673402 0.3713963  0.61335826 0.85848427 0.034792087972164154
24.0 0.09548783 0.3140027  0.5553801  0.6410829  0.03398904204368591
10.0 0.10172628 0.30800954 0.546546   0.6513884  0.03220728412270546
18.0 0.07252336 0.26519805 0.6019236  0.66674495 0.030219867825508118
7.0 0.04030681 0.13319784 0.5813571  0.48124522 0.03017275407910347
24.0 0.08267325 0.14026791 0.610516   0.479663   0.028354600071907043
15.0 0.11577721 0.30355674 0.43872064 0.62259656 0.02812601812183857
37.0 0.07980691 0.32871667 0.44659495 0.57369894 0.027872072532773018
23.0 0.311467   0.6063986  0.5243017  0.82778585 0.027614638209342957
0.0 0.0824187  0.19635141 0.5747157  0.60978115 0.027070334181189537
24.0 0.10082954 0.33417434 0.619941   0.8624695  0.026661166921257973
38.0 0.08267325 0.14026791 0.610516   0.479663   0.026651713997125626
25.0 0.80938935 0.1386357  1.         0.8223232  0.026264620944857597
41.0 0.0986927  0.26426154 0.47121018 0.6196377  0.026154806837439537
11.0 0.07980691 0.32871667 0.44659495 0.57369894 0.025169141590595245
4.0 0.10223407 0.25582078 0.54915553 0.7567668  0.023660924285650253
40.0 0.08267325 0.14026791 0.610516   0.479663   0.02228330820798874
1.0 0.06909156 0.18286851 0.57875144 0.8332473  0.02205485850572586
18.0 0.14093532 0.35649812 0.4928441  0.7561768  0.021175064146518707
32.0 0.22466873 0.13675144 0.606267   0.30479243 0.021022701635956764
27.0 0.22466873 0.13675144 0.606267   0.30479243 0.020804228261113167
16.0 0.6901037  0.42906523 1.         1.         0.020391058176755905
14.0 0.22466873 0.13675144 0.606267   0.30479243 0.020198697224259377
17.0 0.7374204  0.41001597 1.         1.         0.02017885446548462
18.0 0.08267325 0.14026791 0.610516   0.479663   0.019845446571707726
24.0 0.14935364 0.5048561  0.55358434 0.8373654  0.019731387495994568
37.0 0.22266018 0.5796372  0.5304427  0.82763165 0.01969688944518566
18.0 0.1395662  0.46459794 0.28223956 0.5472996  0.01967748999595642
24.0 0.22728488 0.13921854 0.6166986  0.3083168  0.019470032304525375
3.0 0.10207176 0.28097233 0.5559704  0.858968   0.019182363525032997
32.0 0.10172628 0.30800954 0.546546   0.6513884  0.017988016828894615
28.0 0.02673402 0.3713963  0.61335826 0.85848427 0.01784099079668522
42.0 0.0986927  0.26426154 0.47121018 0.6196377  0.01771528460085392
9.0 0.10876729 0.31231484 0.49923545 0.61958754 0.01760292984545231
11.0 0.10013694 0.4179755  0.6172283  0.8298195  0.017368454486131668
0.0 0.        0.2767052 0.5489043 0.8501316 0.016960058361291885
30.0 0.8103672  0.         1.         0.56086206 0.016710970550775528
11.0 0.17665331 0.43295595 0.4692071  0.6990217  0.016647819429636
4.0 0.08535929 0.32548815 0.4504819  0.5914803  0.016305245459079742
40.0 0.17550959 0.23826182 0.46938056 0.578473   0.01624150760471821
2.0 0.11891153 0.27085423 0.532542   0.6920164  0.016056042164564133
33.0 0.09577522 0.33646327 0.546777   0.69865984 0.016055522486567497
26.0 0.13570675 0.45472342 0.6372614  0.9674434  0.015861758962273598
31.0 0.83196795 0.         0.9997455  0.30156946 0.015442225150763988
26.0 0.08796862 0.33456296 0.44680235 0.5634407  0.015103287994861603
1.0 0.07980691 0.32871667 0.44659495 0.57369894 0.01506594754755497
26.0 0.12054496 0.2782464  0.57536715 0.6637578  0.015024349093437195
5.0 0.0986927  0.26426154 0.47121018 0.6196377  0.01489529013633728
26.0 0.05046239 0.32257843 0.7571479  1.         0.014710965566337109
24.0 0.13950068 0.39561093 0.50085974 0.7267698  0.014632017351686954
11.0 0.18465295 0.53159726 0.49931797 0.8138275  0.014236973598599434
35.0 0.11891153 0.27085423 0.532542   0.6920164  0.014097883366048336
38.0 0.17815949 0.19133575 0.5770172  0.65623724 0.013975606299936771
36.0 0.22466873 0.13675144 0.606267   0.30479243 0.01381630264222622
14.0 0.10114041 0.3367839  0.44167295 0.5546378  0.013598156161606312
26.0 0.21096304 0.50456893 0.54749    0.8713299  0.01347014494240284
4.0 0.05677736 0.38235286 0.65437406 0.8619864  0.013179022818803787
30.0 0.80454093 0.18225962 1.         0.91893476 0.013034431263804436
23.0 0.07980691 0.32871667 0.44659495 0.57369894 0.013010836206376553
1.0 0.15984495 0.43621552 0.51668084 0.8609905  0.012549239210784435
11.0 0.04030681 0.13319784 0.5813571  0.48124522 0.012527483515441418
40.0 0.6469962 0.        1.        0.2333975 0.012192157097160816
17.0 0.8369197  0.00276701 0.9907599  0.10635202 0.01211207639425993
13.0 0.17119688 0.38381976 0.47295427 0.73696226 0.012098914943635464
7.0 0.07545507 0.3502487  0.4311127  0.5705112  0.011970631778240204
15.0 0.0967108  0.22203231 0.5441891  0.74003005 0.011958681046962738
0.0 0.25724763 0.29212514 0.46964866 0.59673464 0.011935366317629814
38.0 0.52743435 0.5801106  1.         1.         0.011902566067874432
40.0 0.22728488 0.13921854 0.6166986  0.3083168  0.011878508143126965
30.0 0.7041696  0.36553797 1.         1.         0.01172100193798542
37.0 0.00176379 0.06896877 0.79237163 1.         0.011672968044877052
28.0 0.04030681 0.13319784 0.5813571  0.48124522 0.011579126119613647
25.0 0.8187623  0.         0.99148214 0.32729346 0.011384103447198868
18.0 0.2528642  0.33841872 0.46964684 0.65687245 0.01130004320293665
37.0 0.05407912 0.1742098  0.5975121  0.5901884  0.011299404315650463
