22.0 0.         0.11621398 1.         0.9527386  0.7877659797668457
36.0 0.01123697 0.128761   1.         0.952766   0.3691830337047577
20.0 0.00785613 0.13903168 0.99399185 0.9395976  0.32245317101478577
6.0 0.00785613 0.13903168 0.99399185 0.9395976  0.19452770054340363
8.0 0.00785613 0.13903168 0.99399185 0.9395976  0.1575727015733719
3.0 0.01123697 0.128761   1.         0.952766   0.12356609851121902
39.0 0.01123697 0.128761   1.         0.952766   0.10338645428419113
27.0 0.01123697 0.128761   1.         0.952766   0.10022206604480743
17.0 0.01123697 0.128761   1.         0.952766   0.07613757997751236
9.0 0.01123697 0.128761   1.         0.952766   0.04788025841116905
22.0 0.03572088 0.01450157 1.         1.         0.042829181998968124
10.0 0.00317985 0.14175639 1.         0.94241846 0.03981216996908188
22.0 0.04809374 0.27071917 0.8837866  0.73154855 0.026361647993326187
9.0 0.78703713 0.27714768 0.98999596 0.7878771  0.02535475231707096
41.0 0.07887825 0.19748244 0.99370563 0.94271564 0.024839233607053757
42.0 0.01123697 0.128761   1.         0.952766   0.024374714121222496
29.0 0.         0.10056019 1.         0.9112946  0.02376006729900837
1.0 0.05767018 0.05207223 1.         1.         0.02352217212319374
14.0 0.02724028 0.13295773 0.97244585 0.9856111  0.021983718499541283
22.0 0.        0.        1.        0.9757917 0.021139567717909813
8.0 0. 0. 1. 1. 0.019764354452490807
22.0 0.         0.27478528 0.9406927  1.         0.019143259152770042
36.0 0.03572088 0.01450157 1.         1.         0.018853014335036278
3.0 0.03572088 0.01450157 1.         1.         0.018511686474084854
38.0 0.         0.10056019 1.         0.9112946  0.018401065841317177
27.0 0.03572088 0.01450157 1.         1.         0.016428492963314056
21.0 0.         0.09483394 1.         0.91785395 0.01616877131164074
28.0 0.00924098 0.09872919 0.9934753  0.9120057  0.016009559854865074
12.0 0.1022487  0.11172047 1.         1.         0.015053738839924335
36.0 0.04809374 0.27071917 0.8837866  0.73154855 0.014818958938121796
6.0 0.11193573 0.1423496  1.         1.         0.013415979221463203
20.0 0.03572088 0.01450157 1.         1.         0.013178974390029907
36.0 0.68687874 0.2056182  0.990823   0.84391826 0.012870361097157001
36.0 0.34265977 0.19739902 0.91037554 0.8830261  0.012746370397508144
17.0 0.51131004 0.19425154 0.9482077  0.85764813 0.0126901064068079
39.0 0.        0.        1.        0.9757917 0.012204252183437347
22.0 0.1789453  0.34510064 1.         1.         0.012087914161384106
25.0 0.00898457 0.07520306 1.         0.9853636  0.011714878492057323
4.0 0.07507619 0.15584578 0.8907902  0.6405191  0.011264044791460037
9.0 0.51131004 0.19425154 0.9482077  0.85764813 0.011253131553530693
22.0 0.         0.         0.92328244 0.6563215  0.011227739974856377
17.0 0.        0.        1.        0.9757917 0.011145606637001038
9.0 0.        0.        1.        0.9757917 0.01037824060767889
27.0 0.        0.        1.        0.9757917 0.01008908636868
38.0 0.76019216 0.23387873 0.9929081  0.83131564 0.01008595246821642
1.0 0.35243306 0.13537395 0.95694053 0.9340079  0.009768614545464516
42.0 0.09124327 0.         1.         1.         0.009752723388373852
11.0 0.01404673 0.03798959 1.         0.96047497 0.00974066648632288
40.0 0.76019216 0.23387873 0.9929081  0.83131564 0.009440346620976925
26.0 0.05731662 0.08415999 0.19197118 0.1491853  0.009352562017738819
34.0 0.02865148 0.12210146 0.9723656  0.98144054 0.009118796326220036
20.0 0.08997494 0.17733225 0.6491867  0.8689823  0.0090849120169878
36.0 0.18292695 0.         1.         0.7457616  0.008969668298959732
17.0 0.76019216 0.23387873 0.9929081  0.83131564 0.00882895477116108
20.0 0.2917689  0.18349904 0.8301389  0.84871703 0.008828136138617992
39.0 0.16423786 0.08921319 1.         1.         0.008822222240269184
32.0 0.05767018 0.05207223 1.         1.         0.008627750910818577
19.0 0. 0. 1. 1. 0.008621638640761375
20.0 0.        0.        1.        0.9034864 0.00850793905556202
10.0 0.        0.        1.        0.9757917 0.008496470749378204
36.0 0.23314539 0.28097525 1.         1.         0.008479639887809753
41.0 0.16423786 0.08921319 1.         1.         0.008274254389107227
5.0 0.         0.12928137 0.9822018  0.99757946 0.00825618114322424
36.0 0.19495493 0.255626   0.7040533  0.9082812  0.008013354614377022
40.0 0.         0.10056019 1.         0.9112946  0.007866774685680866
3.0 0.        0.        0.8858361 1.        0.007794596254825592
36.0 0.         0.04352963 0.9541792  1.         0.007748538628220558
14.0 0.09124327 0.         1.         1.         0.007661345414817333
8.0 0.36269414 0.         1.         0.9208446  0.007586354855448008
4.0 0.05731662 0.08415999 0.19197118 0.1491853  0.007540036458522081
13.0 0.10687301 0.         1.         0.9133203  0.007507109548896551
26.0 0.         0.021285   0.241144   0.21189675 0.007479424122720957
26.0 0.02162561 0.0977048  0.16236983 0.16758943 0.007377322297543287
9.0 0.        0.        0.9103508 1.        0.007116743829101324
4.0 0.08459747 0.         0.84105515 0.42066824 0.0071152918972074986
36.0 0.02770345 0.20671985 0.35432768 0.7822114  0.00709732249379158
39.0 0.        0.        0.9103508 1.        0.007091474253684282
22.0 0.        0.        0.9103508 1.        0.007077728398144245
34.0 0.03476037 0.09777607 0.17454496 0.16432907 0.0070174746215343475
8.0 0.07767785 0.         1.         0.6513909  0.007015461567789316
31.0 0.         0.10056019 1.         0.9112946  0.006991995964199305
3.0 0.08997494 0.17733225 0.6491867  0.8689823  0.006987147498875856
17.0 0.        0.        0.9103508 1.        0.006979151628911495
8.0 0.03572088 0.01450157 1.         1.         0.006977826822549105
27.0 0.         0.04352963 0.9541792  1.         0.006880427245050669
40.0 0.822812   0.26654524 0.9922547  0.6011611  0.00687558064237237
9.0 0.78816813 0.46609157 0.98963803 0.9328578  0.006873252801597118
20.0 0.        0.        0.9103508 1.        0.006838949862867594
6.0 0.18988782 0.         1.         0.98818636 0.00683031789958477
1.0 0.01125628 0.13447177 0.6093629  0.8554319  0.006764517165720463
25.0 0.        0.        1.        0.9757917 0.006750697270035744
4.0 0.10847205 0.         1.         1.         0.006743554957211018
22.0 0.34265977 0.19739902 0.91037554 0.8830261  0.006681251805275679
3.0 0.64331424 0.69890016 0.78639555 0.78511184 0.006669376976788044
21.0 0.07507619 0.15584578 0.8907902  0.6405191  0.006667797453701496
20.0 0.         0.         0.64875585 0.84095067 0.006664074491709471
4.0 0.         0.11225021 1.         0.9540905  0.006623108871281147
2.0 0.10687301 0.         1.         0.9133203  0.006617670878767967
33.0 0.02782732 0.05095962 1.         0.9825196  0.006586054805666208
4.0 0.         0.03209372 0.2624477  0.20903757 0.006564376875758171
