32.0 0.66850597 0.4771372  0.85491973 0.5540621  0.27060484886169434
15.0 0.66850597 0.4771372  0.85491973 0.5540621  0.2414388656616211
24.0 0.66651255 0.47777188 0.8559355  0.5505221  0.19366982579231262
20.0 0.66850597 0.4771372  0.85491973 0.5540621  0.18897946178913116
5.0 0.66733724 0.4772888  0.85262173 0.5507749  0.17535431683063507
7.0 0.66850597 0.4771372  0.85491973 0.5540621  0.1519528031349182
27.0 0.66850597 0.4771372  0.85491973 0.5540621  0.12603245675563812
40.0 0.67026246 0.47705752 0.8439826  0.54923064 0.11207203567028046
25.0 0.69774413 0.43407214 1.         1.         0.10898955911397934
32.0 0.         0.7884798  0.59490967 1.         0.10600430518388748
36.0 0.6727629 0.4777997 0.854012  0.5557166 0.08630774915218353
32.0 0.         0.8123514  0.37836596 1.         0.08500353246927261
24.0 0.         0.7884798  0.59490967 1.         0.07515165954828262
39.0 0.66733724 0.4772888  0.85262173 0.5507749  0.06764589995145798
14.0 0.6727629 0.4777997 0.854012  0.5557166 0.0637744665145874
40.0 0.         0.7842599  0.63867927 1.         0.061626747250556946
5.0 0.         0.7473577  0.63489425 1.         0.06155416741967201
8.0 0.66733724 0.4772888  0.85262173 0.5507749  0.06039460748434067
36.0 0.6735678  0.48787308 0.8211981  0.5319035  0.0541781485080719
33.0 0.00118914 0.8194888  0.3632083  0.99170655 0.053996145725250244
20.0 0.         0.7473577  0.63489425 1.         0.052641015499830246
15.0 0.6808031  0.48799056 0.82730454 0.5324865  0.05170077085494995
21.0 0.01387808 0.02271321 0.2680901  0.889148   0.04957814887166023
32.0 0.6862084  0.48631418 0.8352949  0.5328653  0.04853786900639534
16.0 0.66850597 0.4771372  0.85491973 0.5540621  0.048489268869161606
16.0 0.69774413 0.43407214 1.         1.         0.04574033245444298
11.0 0.67111695 0.47639155 0.8556173  0.5637423  0.04393582046031952
5.0 0.6808031  0.48799056 0.82730454 0.5324865  0.04355556517839432
37.0 0.66850597 0.4771372  0.85491973 0.5540621  0.03961643949151039
25.0 0.6231135  0.04111651 1.         1.         0.03932774439454079
15.0 0.         0.7842599  0.63867927 1.         0.03873395547270775
29.0 0.6096862 0.        1.        0.8863392 0.03597986325621605
33.0 0.66850597 0.4771372  0.85491973 0.5540621  0.03578101098537445
21.0 0.66733724 0.4772888  0.85262173 0.5507749  0.0350344143807888
24.0 0.00118914 0.8194888  0.3632083  0.99170655 0.03458968922495842
35.0 0.66733724 0.4772888  0.85262173 0.5507749  0.034555550664663315
7.0 0.         0.7473577  0.63489425 1.         0.034423716366291046
17.0 0.66733724 0.4772888  0.85262173 0.5507749  0.03388001397252083
24.0 0.6808031  0.48799056 0.82730454 0.5324865  0.033258337527513504
32.0 0.66217804 0.45995048 0.8629972  0.6076013  0.03302288427948952
23.0 0.00118914 0.8194888  0.3632083  0.99170655 0.03264062479138374
2.0 0.6727629 0.4777997 0.854012  0.5557166 0.02957814559340477
40.0 0.303019   0.8749182  0.63125736 1.         0.029113324359059334
19.0 0.66651255 0.47777188 0.8559355  0.5505221  0.029101397842168808
19.0 0.         0.8123514  0.37836596 1.         0.028811711817979813
21.0 0.00343682 0.         0.44633853 0.96672785 0.02864273078739643
27.0 0.6735678  0.48787308 0.8211981  0.5319035  0.028284255415201187
18.0 0.66850597 0.4771372  0.85491973 0.5540621  0.027936303988099098
30.0 0.7185779 0.        1.        0.5042732 0.02729666419327259
4.0 0.6727629 0.4777997 0.854012  0.5557166 0.02688460983335972
10.0 0.66850597 0.4771372  0.85491973 0.5540621  0.026744838804006577
24.0 0.66218835 0.44886076 0.8628531  0.58739066 0.02602764219045639
30.0 0.6096862 0.        1.        0.8863392 0.025866080075502396
4.0 0.00118914 0.8194888  0.3632083  0.99170655 0.025818413123488426
16.0 0.489828   0.90048766 0.63147247 1.         0.025254735723137856
5.0 0.66217804 0.45995048 0.8629972  0.6076013  0.02494126372039318
20.0 0.6735678  0.48787308 0.8211981  0.5319035  0.024848418310284615
41.0 0.66733724 0.4772888  0.85262173 0.5507749  0.02432260662317276
38.0 0.         0.7842599  0.63867927 1.         0.023925546556711197
38.0 0.6727629 0.4777997 0.854012  0.5557166 0.023873034864664078
41.0 0.        0.6627162 0.6205342 0.9635902 0.023777620866894722
4.0 0.6862084  0.48631418 0.8352949  0.5328653  0.02293306216597557
11.0 0.674826   0.4313881  0.853227   0.60886323 0.022908275946974754
9.0 0.6727629 0.4777997 0.854012  0.5557166 0.022515475749969482
17.0 0.36348426 0.8883187  0.63396066 0.9986045  0.0224593672901392
21.0 0.         0.7473577  0.63489425 1.         0.022088386118412018
27.0 0.303019   0.8749182  0.63125736 1.         0.02163395658135414
35.0 0.00459945 0.8190305  0.3094327  0.9920583  0.021334147080779076
31.0 0.65809745 0.         0.9865536  0.66999495 0.02125386893749237
28.0 0.6511349  0.         1.         0.82914877 0.021238181740045547
0.0 0.66850597 0.4771372  0.85491973 0.5540621  0.02055671438574791
14.0 0.6808031  0.48799056 0.82730454 0.5324865  0.020268691703677177
14.0 0.         0.7842599  0.63867927 1.         0.020111490041017532
27.0 0.         0.7842599  0.63867927 1.         0.019902631640434265
19.0 0.         0.7884798  0.59490967 1.         0.019810792058706284
12.0 0.6727629 0.4777997 0.854012  0.5557166 0.019663788378238678
39.0 0.         0.75295544 0.59564966 1.         0.019648784771561623
33.0 0.         0.7884798  0.59490967 1.         0.0195950735360384
7.0 0.6808031  0.48799056 0.82730454 0.5324865  0.019390059635043144
35.0 0.6808031  0.48799056 0.82730454 0.5324865  0.019223179668188095
37.0 0.         0.7884798  0.59490967 1.         0.01899801194667816
2.0 0.68028915 0.48309132 0.79245174 0.5186281  0.018970588222146034
34.0 0.66850597 0.4771372  0.85491973 0.5540621  0.018700912594795227
20.0 0.6755065  0.44489825 0.851298   0.60655975 0.018694382160902023
31.0 0.6526807 0.4238594 0.9926304 1.        0.018688581883907318
34.0 0.         0.75295544 0.59564966 1.         0.018612416461110115
15.0 0.674826   0.4313881  0.853227   0.60886323 0.018508294597268105
15.0 0.68028915 0.48309132 0.79245174 0.5186281  0.01850685104727745
29.0 0.69703627 0.05438724 1.         1.         0.018326107412576675
25.0 0.7750956  0.         1.         0.55140066 0.018300900235772133
3.0 0.66733724 0.4772888  0.85262173 0.5507749  0.018251296132802963
4.0 0.         0.7884798  0.59490967 1.         0.01819700375199318
36.0 0.68028915 0.48309132 0.79245174 0.5186281  0.018082182854413986
8.0 0.6735678  0.48787308 0.8211981  0.5319035  0.017544899135828018
39.0 0.6808031  0.48799056 0.82730454 0.5324865  0.017435302957892418
29.0 0.7185779 0.        1.        0.5042732 0.017237259075045586
37.0 0.00118914 0.8194888  0.3632083  0.99170655 0.016850197687745094
24.0 0.6779809 0.4581973 0.8444506 0.5252385 0.016375083476305008
11.0 0.         0.7884798  0.59490967 1.         0.016338404268026352
7.0 0.09693861 0.8263775  0.6273574  0.9859232  0.016320450231432915
