6.0 0.03588648 0.37265188 0.4140206  0.7815141  0.638006329536438
6.0 0.04557154 0.34298083 0.64359725 0.84894574 0.2928386628627777
1.0 0.05313332 0.3379138  0.47116745 0.8620694  0.23826678097248077
13.0 0.03501411 0.36553708 0.41736346 0.785118   0.13742318749427795
9.0 0.03501411 0.36553708 0.41736346 0.785118   0.12745548784732819
6.0 0.01449934 0.15505287 0.91232777 0.95870304 0.08371012657880783
33.0 0.0490616  0.36829686 0.46930534 0.8338773  0.0804906114935875
1.0 0.00133833 0.27836928 0.8557087  0.94714415 0.0802459716796875
29.0 0.00716111 0.24838546 0.8533068  0.8979516  0.07738950848579407
5.0 0.29750896 0.82696015 0.62587476 0.9959349  0.07557324320077896
14.0 0.03501411 0.36553708 0.41736346 0.785118   0.07281697541475296
23.0 0.0490616  0.36829686 0.46930534 0.8338773  0.04813483729958534
7.0 0.27333668 0.8247653  0.6060215  0.99523306 0.04392938315868378
32.0 0.29750896 0.82696015 0.62587476 0.9959349  0.043715063482522964
5.0 0.52628493 0.10047039 0.96422017 0.95026636 0.043312832713127136
8.0 0.05155385 0.3351071  0.46523178 0.85029185 0.0410010926425457
20.0 0.00716111 0.24838546 0.8533068  0.8979516  0.03824137523770332
3.0 0.04777738 0.30452892 0.49586555 0.8909317  0.037519000470638275
24.0 0.29750896 0.82696015 0.62587476 0.9959349  0.03677433729171753
20.0 0.27333668 0.8247653  0.6060215  0.99523306 0.033891964703798294
15.0 0.29750896 0.82696015 0.62587476 0.9959349  0.03306596726179123
5.0 0.0665985  0.13923323 0.9701524  0.9538313  0.031262751668691635
12.0 0.05313332 0.3379138  0.47116745 0.8620694  0.030519619584083557
11.0 0.00792217 0.34872887 0.528303   0.83778477 0.029578369110822678
20.0 0.05313332 0.3379138  0.47116745 0.8620694  0.02935546077787876
5.0 0.72920394 0.1950343  0.9920461  0.95606565 0.02873188443481922
26.0 0.04777738 0.30452892 0.49586555 0.8909317  0.028701307252049446
1.0 0.38686162 0.03309889 0.58075696 0.43097937 0.026628481224179268
25.0 0.73111206 0.14125383 0.9923089  0.92449963 0.026359936222434044
1.0 0.05378482 0.39564306 0.33822802 0.7589571  0.026213334873318672
29.0 0.03040576 0.37463525 0.4810993  0.8213999  0.026182839646935463
7.0 0.04464915 0.20312348 0.9829705  1.         0.025954607874155045
16.0 0.29750896 0.82696015 0.62587476 0.9959349  0.02459726110100746
30.0 0.73111206 0.14125383 0.9923089  0.92449963 0.024206282570958138
37.0 0.00133833 0.27836928 0.8557087  0.94714415 0.023893162608146667
34.0 0.29750896 0.82696015 0.62587476 0.9959349  0.023404300212860107
36.0 0.05313332 0.3379138  0.47116745 0.8620694  0.023397210985422134
19.0 0.04777738 0.30452892 0.49586555 0.8909317  0.022585634142160416
29.0 0.4093409  0.01125437 0.97233725 1.         0.022446488961577415
33.0 0.08254221 0.12767783 0.70235705 0.9706603  0.02219001017510891
31.0 0.64627945 0.6599195  0.6833507  0.75713885 0.0220483485609293
11.0 0.0122261  0.23181817 0.85268396 0.9771308  0.020649898797273636
6.0 0.        0.        0.9350146 0.7289474 0.020626453682780266
40.0 0.00716111 0.24838546 0.8533068  0.8979516  0.020586172118782997
5.0 0.14892083 0.7905112  0.6085437  1.         0.02024242654442787
17.0 0.64627945 0.6599195  0.6833507  0.75713885 0.01877167448401451
2.0 0.05155385 0.3351071  0.46523178 0.85029185 0.01854700781404972
18.0 0.03501411 0.36553708 0.41736346 0.785118   0.018499251455068588
32.0 0.05313332 0.3379138  0.47116745 0.8620694  0.018437542021274567
28.0 0.05313332 0.3379138  0.47116745 0.8620694  0.01818106323480606
28.0 0.0122261  0.23181817 0.85268396 0.9771308  0.017906373366713524
37.0 0.29750896 0.82696015 0.62587476 0.9959349  0.017637910321354866
30.0 0.7199697  0.         0.99401873 0.49853814 0.017301449552178383
39.0 0.27333668 0.8247653  0.6060215  0.99523306 0.017299657687544823
10.0 0.00133833 0.27836928 0.8557087  0.94714415 0.017021605744957924
34.0 0.05155385 0.3351071  0.46523178 0.85029185 0.01614583469927311
25.0 0.780385  0.        1.        0.6179327 0.0161295123398304
42.0 0.05313332 0.3379138  0.47116745 0.8620694  0.015946995466947556
14.0 0.00133833 0.27836928 0.8557087  0.94714415 0.015719791874289513
13.0 0.00716111 0.24838546 0.8533068  0.8979516  0.01566709764301777
26.0 0.08254221 0.12767783 0.70235705 0.9706603  0.015607073903083801
23.0 0.37928528 0.20007648 0.53336215 0.40986687 0.01548720058053732
32.0 0.0122261  0.23181817 0.85268396 0.9771308  0.015384405851364136
29.0 0.60679483 0.15357554 0.95908296 0.88980293 0.015281292609870434
16.0 0.52628493 0.10047039 0.96422017 0.95026636 0.014912217855453491
0.0 0.04464915 0.20312348 0.9829705  1.         0.014758550561964512
40.0 0.03033333 0.3510704  0.40759158 0.81660974 0.0147259421646595
41.0 0.0665985  0.13923323 0.9701524  0.9538313  0.014534452930092812
30.0 0.52628493 0.10047039 0.96422017 0.95026636 0.01451408676803112
24.0 0.21569644 0.7992528  0.62432814 1.         0.01435247715562582
27.0 0.27333668 0.8247653  0.6060215  0.99523306 0.014166210778057575
0.0 0.6015031  0.2807492  0.95831424 0.95608246 0.013801535591483116
10.0 0.27333668 0.8247653  0.6060215  0.99523306 0.013517230749130249
40.0 0.29750896 0.82696015 0.62587476 0.9959349  0.013469993136823177
9.0 0.03604601 0.38808417 0.3463514  0.62726426 0.013194703496992588
7.0 0.52628493 0.10047039 0.96422017 0.95026636 0.013132885098457336
12.0 0.01927936 0.0286105  0.8272124  0.9414855  0.012910230085253716
20.0 0.        0.        0.789683  0.8065889 0.012867102399468422
10.0 0.0490616  0.36829686 0.46930534 0.8338773  0.012510319240391254
0.0 0.29750896 0.82696015 0.62587476 0.9959349  0.012499642558395863
10.0 0.52628493 0.10047039 0.96422017 0.95026636 0.012479341588914394
6.0 0.        0.        0.5925077 0.9720311 0.01247661467641592
19.0 0.29750896 0.82696015 0.62587476 0.9959349  0.012411692179739475
24.0 0.33286715 0.76942736 0.863402   1.         0.012239770032465458
5.0 0.731462   0.         0.9923558  0.61638224 0.012112019583582878
37.0 0.60679483 0.15357554 0.95908296 0.88980293 0.012082955799996853
25.0 0.52628493 0.10047039 0.96422017 0.95026636 0.012046377174556255
39.0 0.23451346 0.         0.92859966 0.9261188  0.012033745646476746
0.0 0.7878092 0.4666665 0.988074  1.        0.011909482069313526
21.0 0.25033045 0.821011   0.61692524 1.         0.01187052484601736
3.0 0.        0.        0.9267242 1.        0.011812085285782814
23.0 0.         0.24769789 0.60830057 0.8865592  0.011697015725076199
28.0 0.52628493 0.10047039 0.96422017 0.95026636 0.011692601256072521
20.0 0.39201066 0.00881411 0.6545981  0.4677915  0.011574340984225273
11.0 0.06500837 0.41511643 0.38461176 0.76512    0.011498919688165188
36.0 0.02707058 0.0540497  0.8209171  0.99065757 0.011478103697299957
25.0 0.29750896 0.82696015 0.62587476 0.9959349  0.01128601934760809
7.0 0.23436096 0.5823072  0.9610517  0.98434055 0.011246358044445515
27.0 0.4093409  0.01125437 0.97233725 1.         0.01115974597632885
25.0 0.64693403 0.64710915 0.6827227  0.7582593  0.01114965882152319
