18.0 0.16286021 0.47023696 0.37024695 0.57976395 0.6828767657279968
41.0 0.13450757 0.35209328 0.7856662  0.64738137 0.6204283833503723
0.0 0.17222252 0.38735256 0.40020522 0.58893    0.23621343076229095
13.0 0.16286021 0.47023696 0.37024695 0.57976395 0.1893608421087265
5.0 0.14774933 0.35424662 0.77623796 0.64759064 0.18537943065166473
0.0 0.16103044 0.4700578  0.37013373 0.576641   0.14744386076927185
0.0 0.16674069 0.37147972 0.5977944  0.6022774  0.14529474079608917
7.0 0.13235438 0.3555728  0.79577696 0.64803183 0.14493361115455627
18.0 0.17033122 0.4300998  0.44256175 0.5962027  0.14222627878189087
14.0 0.15895553 0.46703213 0.3717252  0.5820351  0.11685704439878464
40.0 0.15895553 0.46703213 0.3717252  0.5820351  0.10915247350931168
18.0 0.16674069 0.37147972 0.5977944  0.6022774  0.10421296954154968
28.0 0.11769214 0.3332246  0.7940737  0.6510101  0.09992073476314545
34.0 0.13341346 0.35344508 0.79569113 0.6386976  0.09493718296289444
2.0 0.16286021 0.47023696 0.37024695 0.57976395 0.08537779748439789
21.0 0.15783006 0.35681018 0.79384565 0.63317657 0.06878292560577393
41.0 0.09800431 0.14415053 0.8651277  0.6973975  0.06597911566495895
10.0 0.13341346 0.35344508 0.79569113 0.6386976  0.06582111120223999
9.0 0.15895553 0.46703213 0.3717252  0.5820351  0.06241343915462494
0.0 0.12370956 0.2926516  0.75497794 0.65927017 0.061447873711586
41.0 0.48309988 0.3391918  0.7476931  0.6241897  0.06090362370014191
37.0 0.14828214 0.3488317  0.76693237 0.63944906 0.05268555134534836
38.0 0.15895553 0.46703213 0.3717252  0.5820351  0.05032537505030632
11.0 0.13341346 0.35344508 0.79569113 0.6386976  0.050080399960279465
11.0 0.16286021 0.47023696 0.37024695 0.57976395 0.04705054685473442
28.0 0.04773852 0.08601305 0.8333597  0.6310843  0.04503820836544037
7.0 0.17552795 0.3908109  0.5582057  0.58266366 0.04172874242067337
13.0 0.17033122 0.4300998  0.44256175 0.5962027  0.03846880421042442
37.0 0.17222252 0.38735256 0.40020522 0.58893    0.03697613626718521
0.0 0.         0.68719226 0.5785252  1.         0.03635097295045853
39.0 0.13450757 0.35209328 0.7856662  0.64738137 0.033955421298742294
7.0 0.17102343 0.42044842 0.40225172 0.6035142  0.0338820219039917
41.0 0.3460206  0.37392038 0.80604374 0.5901974  0.03276582434773445
4.0 0.10891432 0.24752346 0.7862544  0.69917643 0.02996572107076645
24.0 0.14828214 0.3488317  0.76693237 0.63944906 0.029751887544989586
28.0 0.16674069 0.37147972 0.5977944  0.6022774  0.029588427394628525
40.0 0.17222252 0.38735256 0.40020522 0.58893    0.028218254446983337
41.0 0.35381082 0.3170334  0.8559885  0.78372276 0.026984354481101036
38.0 0.68630445 0.80457205 1.         1.         0.025805005803704262
26.0 0.1637596  0.47033137 0.3711576  0.57629544 0.025355644524097443
3.0 0.14774933 0.35424662 0.77623796 0.64759064 0.024386204779148102
5.0 0.17552795 0.3908109  0.5582057  0.58266366 0.024177972227334976
37.0 0.10697529 0.30390498 0.7960421  0.8418342  0.02369699254631996
34.0 0.06608304 0.14240384 0.8559563  0.64901227 0.023224497213959694
15.0 0.         0.68719226 0.5785252  1.         0.022661270573735237
18.0 0.13030142 0.3638025  0.77270687 0.67547315 0.022017689421772957
0.0 0.08346432 0.37442505 0.80665857 0.8260622  0.02177305892109871
37.0 0.16103044 0.4700578  0.37013373 0.576641   0.021661967039108276
37.0 0.         0.65621024 0.55199194 1.         0.020466294139623642
26.0 0.14025015 0.3218937  0.77784234 0.62717885 0.020290059968829155
0.0 0.16178362 0.30325747 0.46241516 0.68644375 0.02026008442044258
15.0 0.16286021 0.47023696 0.37024695 0.57976395 0.02025485225021839
24.0 0.        0.6459524 0.5577718 1.        0.02018035016953945
42.0 0.13341346 0.35344508 0.79569113 0.6386976  0.020052645355463028
5.0 0.10697529 0.30390498 0.7960421  0.8418342  0.019078722223639488
15.0 0.15584442 0.3638283  0.7543708  0.61747855 0.018932675942778587
20.0 0.14774933 0.35424662 0.77623796 0.64759064 0.01871667429804802
28.0 0.13762483 0.2262719  0.7613094  0.85805476 0.01868157461285591
42.0 0.16068381 0.46951637 0.37510473 0.5787505  0.01861485093832016
21.0 0.37612468 0.27833843 0.77576226 0.67898107 0.01860637217760086
3.0 0.16784912 0.47273347 0.37476814 0.57460165 0.018569299951195717
37.0 0.18160778 0.4269966  0.56441486 0.59676945 0.0181951355189085
24.0 0.15873054 0.4610949  0.37289461 0.5808458  0.018011773005127907
28.0 0.17773104 0.3713551  0.38164204 0.6139427  0.01798405312001705
21.0 0.51146746 0.3547033  0.7387589  0.61864954 0.017977917566895485
18.0 0.16178362 0.30325747 0.46241516 0.68644375 0.017928147688508034
41.0 0.19764149 0.09384143 0.95429146 1.         0.017515528947114944
21.0 0.07742915 0.15989636 0.8134122  0.62643784 0.017503224313259125
2.0 0.17946075 0.3908588  0.3832153  0.6230063  0.01739378087222576
38.0 0.17033122 0.4300998  0.44256175 0.5962027  0.01706133410334587
40.0 0.16674069 0.37147972 0.5977944  0.6022774  0.017002100124955177
4.0 0.1601888 0.3057708 0.4656266 0.6952478 0.016972176730632782
34.0 0.17552795 0.3908109  0.5582057  0.58266366 0.016948312520980835
42.0 0.6681368  0.00315297 1.         0.17802659 0.016802819445729256
10.0 0.52953136 0.33233795 0.7535068  0.6308353  0.016517529264092445
0.0 0.147172   0.46639222 0.43883637 0.6394958  0.016155419871211052
40.0 0.         0.65621024 0.55199194 1.         0.016132092103362083
7.0 0.16493449 0.47565046 0.37327316 0.5735091  0.015555976890027523
13.0 0.         0.6657661  0.51648563 1.         0.015549253672361374
28.0 0.16154717 0.26599354 0.44358718 0.6424643  0.015509944409132004
4.0 0.17773104 0.3713551  0.38164204 0.6139427  0.015462980605661869
11.0 0.17033122 0.4300998  0.44256175 0.5962027  0.015356066636741161
5.0 0.07742915 0.15989636 0.8134122  0.62643784 0.015301970764994621
15.0 0.17773104 0.3713551  0.38164204 0.6139427  0.015244848094880581
23.0 0.17222252 0.38735256 0.40020522 0.58893    0.015144883655011654
24.0 0.16692312 0.38807777 0.45182014 0.62758553 0.01502226758748293
0.0 0.12910181 0.7907727  0.5690941  0.98520255 0.015014389529824257
10.0 0.08617404 0.17741576 0.7924751  0.73491335 0.01493124756962061
7.0 0.13762483 0.2262719  0.7613094  0.85805476 0.014808137901127338
38.0 0.14828214 0.3488317  0.76693237 0.63944906 0.014721984975039959
18.0 0.1556749  0.38815412 0.36580917 0.6412096  0.014674757607281208
10.0 0.17552795 0.3908109  0.5582057  0.58266366 0.01461118645966053
10.0 0.8129792  0.6886387  0.99059534 1.         0.01453123614192009
4.0 0.16436198 0.3850778  0.7163309  0.5863404  0.014376342296600342
41.0 0.67575324 0.46547753 0.99346435 1.         0.0134967640042305
34.0 0.08431438 0.3910916  0.7760283  0.8145256  0.013398155570030212
41.0 0.5590643  0.6051432  0.80163056 0.78867483 0.013370317406952381
1.0 0.17222252 0.38735256 0.40020522 0.58893    0.013242272660136223
35.0 0.17946075 0.3908588  0.3832153  0.6230063  0.013104986399412155
41.0 0.         0.         1.         0.51332474 0.012781143188476562
