38.0 0.16065904 0.27528048 0.72628987 0.6745893  0.40130120515823364
14.0 0.16471198 0.27949715 0.75824845 0.6762658  0.3859926164150238
18.0 0.16065904 0.27528048 0.72628987 0.6745893  0.3306000232696533
14.0 0.43334466 0.32065922 0.75424296 0.62726176 0.21124154329299927
7.0 0.16471198 0.27949715 0.75824845 0.6762658  0.20890791714191437
1.0 0.159964   0.27446634 0.7744551  0.6887303  0.15714183449745178
40.0 0.43334466 0.32065922 0.75424296 0.62726176 0.156861811876297
40.0 0.159964   0.27446634 0.7744551  0.6887303  0.15069913864135742
10.0 0.159964   0.27446634 0.7744551  0.6887303  0.1315457969903946
42.0 0.16065904 0.27528048 0.72628987 0.6745893  0.12839967012405396
9.0 0.16164973 0.28961155 0.7609948  0.6780126  0.10832666605710983
18.0 0.51446563 0.33416882 0.74836344 0.62018085 0.08235621452331543
38.0 0.43334466 0.32065922 0.75424296 0.62726176 0.08073173463344574
20.0 0.159964   0.27446634 0.7744551  0.6887303  0.06758661568164825
13.0 0.16471198 0.27949715 0.75824845 0.6762658  0.06575223803520203
1.0 0.51446563 0.33416882 0.74836344 0.62018085 0.06271547824144363
28.0 0.14514008 0.197216   0.7900238  0.78229666 0.05995475873351097
18.0 0.42208898 0.26928616 0.76141095 0.66959625 0.05920584499835968
9.0 0.48789838 0.3021297  0.75419617 0.63881916 0.053567904978990555
18.0 0.21596007 0.30375278 0.5039179  0.63307714 0.038749001920223236
36.0 0.17724204 0.2510398  0.7480887  0.6953184  0.03740271180868149
6.0 0.14168978 0.27682078 0.78107965 0.67864823 0.03596961870789528
38.0 0.16905288 0.3224192  0.49904233 0.62329376 0.0358775295317173
40.0 0.1711574 0.2953598 0.504013  0.6587956 0.03431634604930878
0.0 0.16065904 0.27528048 0.72628987 0.6745893  0.03368348628282547
18.0 0.18903585 0.33299136 0.62631273 0.5496605  0.03203713521361351
25.0 0.7333481  0.50424385 1.         1.         0.0312129408121109
36.0 0.51446563 0.33416882 0.74836344 0.62018085 0.030416056513786316
13.0 0.43334466 0.32065922 0.75424296 0.62726176 0.029897257685661316
7.0 0.51446563 0.33416882 0.74836344 0.62018085 0.028370356187224388
22.0 0.16164973 0.28961155 0.7609948  0.6780126  0.02820584923028946
29.0 0.15168142 0.20245722 0.7754924  0.8436893  0.024405503645539284
40.0 0.19659737 0.0949108  0.91152275 1.         0.02337927743792534
41.0 0.17848343 0.26894718 0.6871734  0.6952685  0.023354467004537582
27.0 0.15526229 0.27112067 0.7871677  0.6981563  0.023298585787415504
11.0 0.15139797 0.267461   0.7811172  0.69796276 0.022831512615084648
42.0 0.51446563 0.33416882 0.74836344 0.62018085 0.02260643243789673
24.0 0.16165939 0.26777935 0.75632036 0.62389773 0.022007793188095093
0.0 0.51446563 0.33416882 0.74836344 0.62018085 0.020603671669960022
42.0 0.42208898 0.26928616 0.76141095 0.66959625 0.020504752174019814
29.0 0.19249439 0.15419686 0.93775034 1.         0.020129477605223656
31.0 0.15203139 0.27924216 0.7678602  0.680763   0.01853252574801445
9.0 0.18856393 0.29940844 0.4520973  0.6420942  0.01845819503068924
14.0 0.26717463 0.38764575 0.73224676 0.61493707 0.01844455488026142
42.0 0.18856393 0.29940844 0.4520973  0.6420942  0.01788417436182499
32.0 0.498372   0.34268242 0.75590754 0.6194781  0.017762918025255203
40.0 0. 0. 1. 1. 0.017625842243433
20.0 0.49649853 0.33161238 0.76245457 0.6201763  0.017256898805499077
0.0 0.5290402  0.63979876 1.         1.         0.016898151487112045
7.0 0.21596007 0.30375278 0.5039179  0.63307714 0.01670529879629612
10.0 0.07861489 0.220646   0.7543844  0.959249   0.016491005197167397
1.0 0.25962478 0.35603335 0.7498053  0.5828964  0.01583247445523739
25.0 0.16164973 0.28961155 0.7609948  0.6780126  0.01579475961625576
32.0 0.159964   0.27446634 0.7744551  0.6887303  0.0157435592263937
25.0 0.09822001 0.63853395 0.5009195  1.         0.015429181046783924
31.0 0.19659737 0.0949108  0.91152275 1.         0.015358987264335155
42.0 0.17948575 0.29763126 0.5196208  0.4722712  0.015239388681948185
26.0 0.16164973 0.28961155 0.7609948  0.6780126  0.01511790044605732
10.0 0.19249439 0.15419686 0.93775034 1.         0.015096494928002357
11.0 0.4382459  0.27223796 0.7569215  0.6725208  0.015051809139549732
16.0 0.6781299 0.5328782 1.        1.        0.015021574683487415
15.0 0.18378744 0.28658342 0.5759015  0.67181265 0.014409954659640789
24.0 0.4382459  0.27223796 0.7569215  0.6725208  0.014281422831118107
38.0 0.1593796  0.12347165 0.9767796  0.84546196 0.013986781239509583
17.0 0.19659737 0.0949108  0.91152275 1.         0.013658609241247177
15.0 0.48789838 0.3021297  0.75419617 0.63881916 0.013611985370516777
1.0 0.16272736 0.12823728 0.93985283 0.9335768  0.013514446094632149
25.0 0.22621149 0.67597187 0.44376272 0.99953043 0.013327566906809807
18.0 0.42239183 0.32860863 0.6618764  0.60371536 0.013258058577775955
17.0 0.16164973 0.28961155 0.7609948  0.6780126  0.012984300032258034
18.0 0.19508502 0.29143402 0.58874166 0.46159735 0.012879046611487865
23.0 0.17900825 0.2855522  0.7718306  0.6633251  0.012829164043068886
40.0 0.26717463 0.38764575 0.73224676 0.61493707 0.012672512792050838
0.0 0.21596007 0.30375278 0.5039179  0.63307714 0.012639626860618591
17.0 0.8248259  0.         1.         0.27238256 0.01244167611002922
9.0 0.19659737 0.0949108  0.91152275 1.         0.012319895438849926
0.0 0.3404283  0.20538256 0.81372315 0.7293458  0.012280041351914406
2.0 0.17848343 0.26894718 0.6871734  0.6952685  0.012271825224161148
14.0 0.5402573  0.37261897 0.74425894 0.6613715  0.01226608082652092
10.0 0.1711574 0.2953598 0.504013  0.6587956 0.01223367266356945
28.0 0.3364671  0.26825178 0.74159783 0.66763395 0.012147101573646069
21.0 0.16164973 0.28961155 0.7609948  0.6780126  0.012021473608911037
24.0 0.16967282 0.16488898 0.81340563 0.8380966  0.01188946794718504
13.0 0.19659737 0.0949108  0.91152275 1.         0.011628921143710613
2.0 0.48789838 0.3021297  0.75419617 0.63881916 0.011623961851000786
16.0 0.16188088 0.26635292 0.78462565 0.6975304  0.01147001888602972
37.0 0.51446563 0.33416882 0.74836344 0.62018085 0.011087881401181221
9.0 0.26717463 0.38764575 0.73224676 0.61493707 0.011075945571064949
9.0 0.42239183 0.32860863 0.6618764  0.60371536 0.010890938341617584
38.0 0.3404283  0.20538256 0.81372315 0.7293458  0.010810021311044693
42.0 0.18903585 0.33299136 0.62631273 0.5496605  0.010758095420897007
7.0 0.18903585 0.33299136 0.62631273 0.5496605  0.01074243150651455
2.0 0.19659737 0.0949108  0.91152275 1.         0.010581176728010178
38.0 0.17211586 0.42821902 0.44035518 0.65388983 0.010511043481528759
1.0 0.1711574 0.2953598 0.504013  0.6587956 0.010471644811332226
7.0 0.13083962 0.1816558  0.8548064  1.         0.010465554893016815
10.0 0.13852403 0.         0.802588   0.66877633 0.010398009791970253
27.0 0.493114   0.34954596 0.7566203  0.6203361  0.010370705276727676
4.0 0.07648951 0.         1.         1.         0.010330483317375183
14.0 0.18856393 0.29940844 0.4520973  0.6420942  0.010292798280715942
