38.0 0.2383388 0.1914893 0.5133648 0.6639372 0.5656954646110535
29.0 0.23539963 0.01161256 0.94041145 0.7004987  0.32199162244796753
10.0 0.22706676 0.03801212 0.88551676 0.68539584 0.1583704948425293
28.0 0.24849427 0.00229543 0.91937745 0.69451517 0.1534067988395691
9.0 0.2562886  0.18443494 0.5082702  0.6660068  0.1502157747745514
40.0 0.2562886  0.18443494 0.5082702  0.6660068  0.1336640566587448
10.0 0.26187894 0.17572495 0.5153115  0.65515995 0.12914544343948364
1.0 0.2034375  0.01827502 1.         0.70185924 0.1262587606906891
40.0 0.21067467 0.         0.9971014  0.7767608  0.11543351411819458
40.0 0.25563234 0.08107182 0.72477883 0.6744547  0.11044947803020477
30.0 0.23016286 0.         0.97740865 0.69476914 0.10400442779064178
17.0 0.25049388 0.18592031 0.5078416  0.66895974 0.10247816890478134
38.0 0.23798072 0.1068427  0.7818291  0.66689205 0.08245424181222916
42.0 0.2531306  0.19151446 0.4931543  0.6621983  0.07630515098571777
18.0 0.25049388 0.18592031 0.5078416  0.66895974 0.06616616994142532
29.0 0.22648269 0.         1.         0.87282455 0.06411334127187729
25.0 0.23173955 0.0189091  0.9283359  0.68790936 0.054708726704120636
31.0 0.23539963 0.01161256 0.94041145 0.7004987  0.04860333353281021
1.0 0.24014507 0.14763018 0.6478424  0.6572654  0.04167117550969124
40.0 0.02587122 0.         1.         0.98896015 0.040636442601680756
28.0 0.26231614 0.17119928 0.5293884  0.6647212  0.04033798351883888
38.0 0.2156679  0.39309514 0.45121473 0.61476314 0.03960120677947998
7.0 0.2562886  0.18443494 0.5082702  0.6660068  0.034254614263772964
16.0 0.23082623 0.02727944 0.94269145 0.6878001  0.0338469035923481
31.0 0.26187894 0.17572495 0.5153115  0.65515995 0.03365204110741615
13.0 0.21067467 0.         0.9971014  0.7767608  0.03278171271085739
20.0 0.21067467 0.         0.9971014  0.7767608  0.03223021700978279
36.0 0.2531306  0.19151446 0.4931543  0.6621983  0.031145906075835228
4.0 0.23864453 0.0590089  0.73690975 0.71818185 0.030760904774069786
25.0 0.25049388 0.18592031 0.5078416  0.66895974 0.02935611829161644
29.0 0.24925238 0.11063626 0.66333663 0.68873286 0.027949528768658638
7.0 0.2261309  0.03917342 0.8968412  0.71736795 0.027558453381061554
13.0 0.26231614 0.17119928 0.5293884  0.6647212  0.027445759624242783
38.0 0.2876022  0.31887573 0.5652468  0.5653649  0.02616032585501671
28.0 0.12264961 0.         1.         0.70363843 0.025583168491721153
13.0 0.23798072 0.1068427  0.7818291  0.66689205 0.025267980992794037
14.0 0.25956377 0.17921205 0.49946722 0.66312176 0.02441542223095894
0.0 0.2562886  0.18443494 0.5082702  0.6660068  0.024317285045981407
29.0 0.25518483 0.18457359 0.9720755  1.         0.02363034151494503
42.0 0.25563234 0.08107182 0.72477883 0.6744547  0.023308951407670975
42.0 0.21067467 0.         0.9971014  0.7767608  0.023134032264351845
6.0 0.21067467 0.         0.9971014  0.7767608  0.02310742624104023
2.0 0.26187894 0.17572495 0.5153115  0.65515995 0.02301039546728134
28.0 0.22416614 0.17624965 0.7072384  0.9100914  0.022837592288851738
27.0 0.2531306  0.19151446 0.4931543  0.6621983  0.021403836086392403
36.0 0.25563234 0.08107182 0.72477883 0.6744547  0.021137205883860588
0.0 0.25563234 0.08107182 0.72477883 0.6744547  0.021094094961881638
30.0 0.52551305 0.         0.87188697 0.66033345 0.02105036750435829
38.0 0.21067467 0.         0.9971014  0.7767608  0.020787587389349937
9.0 0.25563234 0.08107182 0.72477883 0.6744547  0.02071814425289631
38.0 0.2540167  0.42594942 0.5355517  0.65712214 0.019792957231402397
25.0 0.77554786 0.4487984  1.         1.         0.019661836326122284
14.0 0.21067467 0.         0.9971014  0.7767608  0.019022271037101746
37.0 0.21067467 0.         0.9971014  0.7767608  0.018974406644701958
4.0 0.26939198 0.17403896 0.51125455 0.65860903 0.018972942605614662
2.0 0.21067467 0.         0.9971014  0.7767608  0.01848563551902771
40.0 0.20652193 0.         1.         0.57823104 0.018473967909812927
20.0 0.25563234 0.08107182 0.72477883 0.6744547  0.018139563500881195
9.0 0.21067467 0.         0.9971014  0.7767608  0.018031256273388863
18.0 0.25563234 0.08107182 0.72477883 0.6744547  0.017057018354535103
5.0 0.22237694 0.01779872 0.95530653 0.6954835  0.016909822821617126
29.0 0.34472293 0.         0.7976398  0.56823266 0.01681825891137123
17.0 0.77554786 0.4487984  1.         1.         0.01655416376888752
1.0 0.20780653 0.         1.         0.72178453 0.016501402482390404
10.0 0.25518483 0.18457359 0.9720755  1.         0.016339430585503578
32.0 0.21067467 0.         0.9971014  0.7767608  0.016181839630007744
17.0 0.25563234 0.08107182 0.72477883 0.6744547  0.016165724024176598
38.0 0.24895091 0.20001215 0.51042956 0.42855656 0.015892276540398598
36.0 0.21067467 0.         0.9971014  0.7767608  0.015335583128035069
34.0 0.23864453 0.0590089  0.73690975 0.71818185 0.015264030545949936
10.0 0.12264961 0.         1.         0.70363843 0.015183694660663605
2.0 0.25563234 0.08107182 0.72477883 0.6744547  0.015053555369377136
18.0 0.21067467 0.         0.9971014  0.7767608  0.014674998819828033
4.0 0.10585493 0.         1.         1.         0.014641672372817993
23.0 0.21067467 0.         0.9971014  0.7767608  0.014628860168159008
14.0 0.25563234 0.08107182 0.72477883 0.6744547  0.014576810412108898
41.0 0.23757657 0.00306863 0.88525915 0.7144779  0.014560229144990444
35.0 0.21067467 0.         0.9971014  0.7767608  0.01446300745010376
18.0 0.24895091 0.20001215 0.51042956 0.42855656 0.014337582513689995
41.0 0.2562886  0.18443494 0.5082702  0.6660068  0.014230703935027122
0.0 0.21067467 0.         0.9971014  0.7767608  0.014126305468380451
38.0 0.23960307 0.5374098  0.3772225  0.65942013 0.013752109371125698
21.0 0.23864453 0.0590089  0.73690975 0.71818185 0.013745099306106567
19.0 0.25960177 0.         0.95051163 0.71618724 0.013705854304134846
8.0 0.22890878 0.         1.         0.7049172  0.01364991907030344
13.0 0.12131488 0.         1.         0.82127964 0.013523564673960209
24.0 0.25174284 0.178472   0.5140814  0.668835   0.013484389521181583
14.0 0.         0.         1.         0.76646435 0.013341043144464493
26.0 0.26115477 0.06055272 0.7634475  0.6802668  0.013068890199065208
29.0 0.02099848 0.         1.         0.7298883  0.01303442008793354
27.0 0.22700164 0.08040807 0.8783053  0.6639837  0.012933650985360146
29.0 0.40990746 0.         1.         0.63942575 0.012903815135359764
40.0 0.01135021 0.6764829  0.4412708  1.         0.012861034832894802
11.0 0.24410926 0.17650709 0.51355374 0.6628008  0.012776593677699566
17.0 0.82682383 0.6368491  0.99290216 1.         0.012653750367462635
4.0 0.27979383 0.         0.99336135 0.77667046 0.012603674083948135
29.0 0.53666145 0.         0.9666005  0.6349628  0.012488411739468575
28.0 0.21771753 0.         1.         1.         0.012247336097061634
15.0 0.21067467 0.         0.9971014  0.7767608  0.012203957885503769
17.0 0.21067467 0.         0.9971014  0.7767608  0.011952422559261322
