0.0 0.10795072 0.22905904 0.7006067  0.57817566 0.6685572266578674
5.0 0.12397048 0.23477972 0.686409   0.57843333 0.34979405999183655
15.0 0.09429795 0.22203584 0.70905155 0.58373    0.31985774636268616
34.0 0.10795072 0.22905904 0.7006067  0.57817566 0.16390269994735718
37.0 0.10795072 0.22905904 0.7006067  0.57817566 0.15023502707481384
18.0 0.10795072 0.22905904 0.7006067  0.57817566 0.1246594563126564
16.0 0.12397048 0.23477972 0.686409   0.57843333 0.10272027552127838
2.0 0.11765426 0.22859146 0.69957966 0.58570683 0.08407511562108994
24.0 0.09429795 0.22203584 0.70905155 0.58373    0.08320087194442749
7.0 0.09429795 0.22203584 0.70905155 0.58373    0.05956316739320755
0.0 0.37272903 0.25919372 0.68999875 0.5337521  0.046244408935308456
25.0 0.12397048 0.23477972 0.686409   0.57843333 0.0408254899084568
19.0 0.11765426 0.22859146 0.69957966 0.58570683 0.039781197905540466
4.0 0.08108619 0.18589917 0.70499146 0.60546196 0.038861244916915894
31.0 0.44934174 0.256629   0.6530303  0.53094923 0.03696799278259277
30.0 0.11002854 0.24537696 0.7031412  0.6086099  0.03600354865193367
17.0 0.11219338 0.232349   0.70135474 0.5814092  0.03529011085629463
41.0 0.12397048 0.23477972 0.686409   0.57843333 0.034802161157131195
25.0 0.44934174 0.256629   0.6530303  0.53094923 0.03480162471532822
30.0 0.44934174 0.256629   0.6530303  0.53094923 0.024760238826274872
11.0 0.09429795 0.22203584 0.70905155 0.58373    0.02471090294420719
42.0 0.12397048 0.23477972 0.686409   0.57843333 0.024151096120476723
3.0 0.09429795 0.22203584 0.70905155 0.58373    0.024055982008576393
0.0 0.00204108 0.45658916 0.09572202 0.5297084  0.023439353331923485
15.0 0.16908114 0.31373328 0.6279324  0.5485697  0.023224536329507828
40.0 0.09429795 0.22203584 0.70905155 0.58373    0.021054375916719437
24.0 0.18234159 0.28777325 0.5722427  0.56847906 0.020998425781726837
38.0 0.6732031  0.80906206 1.         0.9994711  0.020536303520202637
35.0 0.16710344 0.19628415 0.6826545  0.6126095  0.020528174936771393
31.0 0.11178648 0.2416501  0.69052815 0.57232726 0.020432811230421066
28.0 0.09040758 0.21697657 0.6999749  0.60449195 0.019985828548669815
34.0 0.15314065 0.3059931  0.6190505  0.51736104 0.01981673762202263
19.0 0.44934174 0.256629   0.6530303  0.53094923 0.019425205886363983
41.0 0.         0.63490856 0.38516194 1.         0.0189224723726511
31.0 0.83405024 0.         0.9921171  0.32915908 0.018711159005761147
25.0 0.7511328  0.46400285 0.9924273  1.         0.01744927652180195
38.0 0.09429795 0.22203584 0.70905155 0.58373    0.01744457706809044
0.0 0.15314065 0.3059931  0.6190505  0.51736104 0.01737864501774311
32.0 0.09429795 0.22203584 0.70905155 0.58373    0.017286887392401695
41.0 0.04563171 0.17594063 0.72567934 1.         0.017114225775003433
5.0 0.15361649 0.34212154 0.5919371  0.5435658  0.016843942925333977
17.0 0.37618887 0.21947658 0.6618427  0.5697103  0.01657792553305626
24.0 0.1273773  0.38785154 0.5227649  0.55881613 0.016318904235959053
16.0 0.44934174 0.256629   0.6530303  0.53094923 0.015974901616573334
5.0 0.         0.1434341  0.6759243  0.70761484 0.015851423144340515
4.0 0.37618887 0.21947658 0.6618427  0.5697103  0.015819372609257698
25.0 0.8460952  0.         0.99006224 0.4069153  0.015812193974852562
16.0 0.66985977 0.4788911  0.9982153  1.         0.015660686418414116
17.0 0.90947914 0.         1.         0.13034686 0.015554682351648808
0.0 0.         0.06325069 0.6593161  0.6274035  0.014921271242201328
21.0 0.12030008 0.23031992 0.6919911  0.5875894  0.014911112375557423
26.0 0.         0.         0.61969763 0.2254484  0.014902365393936634
17.0 0.8407217  0.00255598 0.9919381  0.10878305 0.014833008870482445
25.0 0.84692734 0.19209667 0.9873292  0.6374296  0.01453721895813942
29.0 0.12397048 0.23477972 0.686409   0.57843333 0.01435092557221651
17.0 0.9199811  0.00171811 0.9970349  0.05808581 0.014248407445847988
18.0 0.37272903 0.25919372 0.68999875 0.5337521  0.013766518794000149
34.0 0.06762841 0.06317517 0.8721169  0.61396515 0.013709831051528454
35.0 0.44934174 0.256629   0.6530303  0.53094923 0.013672098517417908
17.0 0.87483597 0.         0.9987638  0.2799043  0.01365872286260128
26.0 0.         0.         0.8920788  0.48851916 0.013506571762263775
26.0 0.0802089  0.20616001 0.7182468  0.5965902  0.013025754131376743
2.0 0.37272903 0.25919372 0.68999875 0.5337521  0.012842354364693165
27.0 0.12397048 0.23477972 0.686409   0.57843333 0.012454302981495857
30.0 0.18278486 0.2503476  0.45406204 0.5550114  0.012283962219953537
15.0 0.02611491 0.13362134 0.8925308  0.70167345 0.012120951898396015
24.0 0.08962986 0.07926722 0.7145748  0.42656893 0.012115580029785633
39.0 0.         0.63490856 0.38516194 1.         0.011826799251139164
17.0 0.3575219  0.20215082 0.72304654 0.40585786 0.011391920037567616
9.0 0.12571701 0.24330361 0.6972054  0.56650716 0.011250319890677929
0.0 0.18278486 0.2503476  0.45406204 0.5550114  0.011187579482793808
5.0 0.01507977 0.6362879  0.3282002  1.         0.011160720139741898
31.0 0.2804643  0.28148767 0.7164627  0.5006445  0.01108795590698719
15.0 0.2854439  0.2399685  0.67073756 0.51025295 0.010934676975011826
10.0 0.10795072 0.22905904 0.7006067  0.57817566 0.010876848362386227
15.0 0.44934174 0.256629   0.6530303  0.53094923 0.010854441672563553
0.0 0.21444905 0.12274097 0.8361573  0.544538   0.01080260518938303
5.0 0.44934174 0.256629   0.6530303  0.53094923 0.01070402842015028
5.0 0.         0.1305739  0.91735715 1.         0.010489565320312977
38.0 0.39966795 0.24337268 0.65787804 0.5254087  0.010068414732813835
38.0 7.6601386e-01 4.5944750e-04 1.0000000e+00 1.9830346e-01 0.009934116154909134
27.0 0.6732031  0.80906206 1.         0.9994711  0.009930050931870937
10.0 0.01256992 0.5953935  0.36094195 1.         0.00988882128149271
37.0 0.         0.1434341  0.6759243  0.70761484 0.009855950251221657
24.0 0.         0.00386971 0.9735704  1.         0.00980476476252079
0.0 0.2808661  0.26597258 0.5436878  0.5366225  0.009558374062180519
30.0 0.15314065 0.3059931  0.6190505  0.51736104 0.009524382650852203
33.0 0.01056287 0.         0.5928167  0.18262239 0.00946560874581337
17.0 0.7875396  0.72807944 0.99160147 1.         0.009443949908018112
2.0 0.2736361  0.2043939  0.7081775  0.43411097 0.009441697038710117
24.0 0.38383806 0.24647832 0.67952037 0.44878495 0.009434872306883335
5.0 0.7609867  0.39625835 0.99793804 0.60221356 0.009402506984770298
18.0 0.15314065 0.3059931  0.6190505  0.51736104 0.009394444525241852
5.0 0.06762841 0.06317517 0.8721169  0.61396515 0.009317461401224136
13.0 0.44934174 0.256629   0.6530303  0.53094923 0.009296085685491562
27.0 0.66985977 0.4788911  0.9982153  1.         0.009288689121603966
37.0 0.44934174 0.256629   0.6530303  0.53094923 0.009253947995603085
17.0 0.9155799  0.86070925 0.9978218  0.9983508  0.009213625453412533
27.0 0.         0.80588543 0.26674643 0.9973589  0.00917583703994751
40.0 0.76327115 0.         1.         0.2897273  0.008882338181138039
