30.0 0.4088546  0.15952119 0.66297376 0.5286112  0.6058752536773682
29.0 0.411841   0.16165775 0.6580664  0.52629805 0.3034539520740509
28.0 0.40330473 0.13688812 0.6781564  0.5348296  0.17083244025707245
9.0 0.7945795  0.01400351 0.99989593 0.21610796 0.14824171364307404
23.0 0.3794785  0.12027858 0.71976966 0.56454825 0.13806219398975372
19.0 0.39959627 0.16054496 0.66622275 0.5280409  0.1378071904182434
37.0 0.411841   0.16165775 0.6580664  0.52629805 0.09085118770599365
29.0 0.748375   0.39166254 1.         1.         0.08302338421344757
4.0 0.410456   0.08270238 0.7210224  0.5820875  0.08087772876024246
1.0 0.40558773 0.08405092 0.7091343  0.5869827  0.0730142742395401
26.0 0.40558773 0.08405092 0.7091343  0.5869827  0.0698913186788559
5.0 0.11212543 0.09271367 0.28304297 0.34749264 0.06734415888786316
34.0 0.40558773 0.08405092 0.7091343  0.5869827  0.06731715798377991
30.0 0.347217   0.07516637 0.74422014 0.5798241  0.06206846609711647
29.0 0.31525117 0.04848573 0.7234265  0.5690111  0.06030642241239548
28.0 0.3412649  0.         0.70623094 0.6220615  0.05016343295574188
9.0 0.8018108  0.07118525 0.92337877 0.197869   0.04673907533288002
31.0 0.75120777 0.41026178 1.         1.         0.04636673256754875
9.0 0.8122357  0.01559484 0.9930967  0.400116   0.04357120022177696
19.0 0.347217   0.07516637 0.74422014 0.5798241  0.04245799779891968
33.0 0.40558773 0.08405092 0.7091343  0.5869827  0.04212189465761185
23.0 0.42880067 0.18381914 0.638144   0.53223264 0.038933005183935165
5.0 0.3509578  0.16446362 0.6787537  0.52464926 0.03778916224837303
31.0 0.411841   0.16165775 0.6580664  0.52629805 0.03701312467455864
34.0 0.3106221  0.         0.79715025 0.8198718  0.03677190840244293
32.0 0.33477163 0.09017418 0.71311104 0.56128025 0.036761168390512466
21.0 0.410456   0.08270238 0.7210224  0.5820875  0.0366060696542263
7.0 0.3509578  0.16446362 0.6787537  0.52464926 0.036475736647844315
29.0 0.11413161 0.09122574 0.2784777  0.3444619  0.034838903695344925
38.0 0.8122357  0.01559484 0.9930967  0.400116   0.0346255786716938
4.0 0.32902926 0.         0.787015   0.68590134 0.03362349793314934
37.0 0.34586024 0.04608986 0.68382514 0.586632   0.03267105296254158
13.0 0.40558773 0.08405092 0.7091343  0.5869827  0.031981855630874634
36.0 7.8236467e-01 3.1954050e-04 1.0000000e+00 2.0656383e-01 0.031228050589561462
14.0 0.8080793  0.00698048 0.9930869  0.27675903 0.030023379251360893
40.0 0.11413161 0.09122574 0.2784777  0.3444619  0.02964511699974537
32.0 0.41630456 0.1653885  0.6520293  0.52563906 0.029279403388500214
17.0 0.8080793  0.00698048 0.9930869  0.27675903 0.029232390224933624
40.0 0.748375   0.39166254 1.         1.         0.028411367908120155
7.0 0.11581873 0.09643614 0.27235654 0.34436685 0.027368122711777687
0.0 0.4088546  0.15952119 0.66297376 0.5286112  0.026202291250228882
40.0 0.3794785  0.12027858 0.71976966 0.56454825 0.025810496881604195
16.0 0.11581873 0.09643614 0.27235654 0.34436685 0.0255584716796875
29.0 0.67315555 0.13366032 1.         1.         0.023155266419053078
35.0 0.411841   0.16165775 0.6580664  0.52629805 0.02310754358768463
25.0 0.4133942  0.14932217 0.66308725 0.53335595 0.022630803287029266
6.0 0.7940263  0.         1.         0.21837619 0.022403938695788383
30.0 0.3106221  0.         0.79715025 0.8198718  0.022391455247998238
0.0 0.11413161 0.09122574 0.2784777  0.3444619  0.0222611166536808
26.0 0.29944932 0.         0.7606107  0.6981851  0.022032808512449265
34.0 0.42880067 0.18381914 0.638144   0.53223264 0.02129640243947506
9.0 0.76291895 0.         1.         0.249185   0.02120707929134369
27.0 0.11413161 0.09122574 0.2784777  0.3444619  0.021012604236602783
15.0 0.41630456 0.1653885  0.6520293  0.52563906 0.02026156522333622
33.0 0.42880067 0.18381914 0.638144   0.53223264 0.019704090431332588
37.0 0.11413161 0.09122574 0.2784777  0.3444619  0.019316548481583595
36.0 0.8068868  0.0643765  0.9759737  0.19105998 0.01887001283466816
34.0 0.14649764 0.00815469 0.71496475 0.5961311  0.018776070326566696
20.0 0.3509578  0.16446362 0.6787537  0.52464926 0.018709976226091385
29.0 0.7057004  0.47171572 1.         0.9448285  0.01850517839193344
24.0 0.40777734 0.1686779  0.6617025  0.5292033  0.018436549231410027
4.0 0.42880067 0.18381914 0.638144   0.53223264 0.018429800868034363
18.0 0.8080793  0.00698048 0.9930869  0.27675903 0.017833180725574493
10.0 0.40723914 0.10133907 0.68570596 0.5394552  0.017629651352763176
15.0 0.11413161 0.09122574 0.2784777  0.3444619  0.01747920736670494
38.0 0.81241894 0.04352625 1.         0.23964755 0.017463253811001778
12.0 0.40558773 0.08405092 0.7091343  0.5869827  0.017402013763785362
40.0 0.80052906 0.         0.99981934 0.29969823 0.017296496778726578
28.0 0.11119461 0.         0.7320905  0.68926084 0.017156612128019333
32.0 0.11413161 0.09122574 0.2784777  0.3444619  0.017116552218794823
2.0 0.40558773 0.08405092 0.7091343  0.5869827  0.01668151095509529
8.0 0.40558773 0.08405092 0.7091343  0.5869827  0.01650681346654892
24.0 0.1692957  0.43793228 0.33245376 0.48980227 0.01626744493842125
10.0 0.7963011  0.         1.         0.42491382 0.015714650973677635
1.0 0.14649764 0.00815469 0.71496475 0.5961311  0.015470530837774277
42.0 0.8080793  0.00698048 0.9930869  0.27675903 0.015121507458388805
16.0 0.748375   0.39166254 1.         1.         0.014466283842921257
23.0 0.25157297 0.         0.7964083  0.650797   0.014428053982555866
26.0 0.42880067 0.18381914 0.638144   0.53223264 0.013910971581935883
7.0 0.12168064 0.02252832 0.3143507  0.40463784 0.013894746080040932
29.0 0.55067474 0.404991   1.         1.         0.013846500776708126
16.0 0.4133942  0.14932217 0.66308725 0.53335595 0.013421648181974888
13.0 0.7945795  0.01400351 0.99989593 0.21610796 0.013204636052250862
26.0 0.15484533 0.04586378 0.69540083 0.5741904  0.013186411932110786
40.0 0.80183816 0.06988923 0.9246025  0.198478   0.013155181892216206
28.0 0.45293778 0.09114954 0.824132   0.6648803  0.013051686808466911
9.0 0.8278706  0.         1.         0.17814687 0.012940417043864727
40.0 0.7850195  0.16580355 1.         0.7614298  0.012868647463619709
6.0 0.3794785  0.12027858 0.71976966 0.56454825 0.01278524100780487
11.0 0.4088546  0.15952119 0.66297376 0.5286112  0.01241381373256445
35.0 0.34586024 0.04608986 0.68382514 0.586632   0.012334426864981651
41.0 0.3509578  0.16446362 0.6787537  0.52464926 0.0121748773381114
20.0 0.11413161 0.09122574 0.2784777  0.3444619  0.012044510804116726
2.0 0.42880067 0.18381914 0.638144   0.53223264 0.01198901329189539
24.0 0.31525117 0.04848573 0.7234265  0.5690111  0.011969282291829586
36.0 0.7963011  0.         1.         0.42491382 0.011789841577410698
11.0 0.380872   0.03176728 0.73315895 0.6238433  0.011637556366622448
14.0 0.7688652  0.         1.         0.20921037 0.011596011929214
3.0 0.4133942  0.14932217 0.66308725 0.53335595 0.011530127376317978
10.0 0.1626037  0.08183044 0.7381463  0.5604386  0.011500622145831585
