0.0 0.6803387 0.7199628 1.        1.        0.19132277369499207
0.0 0.2367593  0.15489942 0.9927465  0.7314606  0.15973518788814545
7.0 0.18824637 0.13765073 0.9595094  0.72923803 0.1510372757911682
0.0 0.3362219  0.4134093  0.6869     0.68887705 0.1340024769306183
37.0 0.16586688 0.12831101 0.97692025 0.75640917 0.08615758270025253
5.0 0.24685279 0.1240541  0.9878361  0.7613524  0.08146962523460388
0.0 0.52199876 0.3994422  1.         0.87893033 0.07714030146598816
7.0 0.         0.1746271  1.         0.97497284 0.06481064856052399
0.0 0.5817872  0.13239953 0.9753636  0.7892493  0.06415989249944687
7.0 0.33815154 0.46661758 0.9838854  0.82337487 0.053403906524181366
7.0 0.31860566 0.44421914 0.6111461  0.69319963 0.05289238691329956
7.0 0.49878037 0.23703182 0.99772584 0.78658915 0.05022633075714111
28.0 0.2367593  0.15489942 0.9927465  0.7314606  0.04992104694247246
10.0 0.74721575 0.08294255 0.99041224 0.78747463 0.046280208975076675
11.0 0.14576036 0.15843084 0.62728745 0.43463692 0.04456707835197449
18.0 0.6803387 0.7199628 1.        1.        0.04441894218325615
0.0 0.3262445  0.49545014 0.5763751  0.7279757  0.04284803941845894
18.0 0.33815154 0.46661758 0.9838854  0.82337487 0.038811974227428436
0.0 0.737628  0.6878041 1.        0.9153038 0.03849548101425171
18.0 0.26030606 0.16551256 0.9919681  0.78974557 0.038424327969551086
5.0 0.3208144  0.42808187 0.6136764  0.71349883 0.03766193240880966
28.0 0.5817872  0.13239953 0.9753636  0.7892493  0.03759752959012985
0.0 0.16650641 0.36837322 0.9717376  0.8659921  0.03733544051647186
5.0 0.5877811  0.18434653 0.97484577 0.82710946 0.033107370138168335
0.0 0.537591   0.56658846 1.         1.         0.032466769218444824
0.0 0.7074425 0.2446849 1.        0.8088591 0.03210924193263054
14.0 0.14595324 0.13484518 0.57971495 0.44837618 0.028527669608592987
25.0 0.7344723  0.09852114 1.         0.775187   0.02834216319024563
37.0 0.5817872  0.13239953 0.9753636  0.7892493  0.026770487427711487
24.0 0.18287808 0.10091341 0.9629125  0.76917136 0.026249947026371956
34.0 0.28384247 0.20016015 0.98658705 0.6822659  0.02601545676589012
41.0 0.24685279 0.1240541  0.9878361  0.7613524  0.02590280957520008
24.0 0.6764921  0.7427097  0.99958754 0.9059982  0.025670742616057396
41.0 0.5877811  0.18434653 0.97484577 0.82710946 0.02384096011519432
10.0 0.18824637 0.13765073 0.9595094  0.72923803 0.023572318255901337
0.0 0.30134764 0.6406742  0.5207067  0.74951476 0.023536933586001396
0.0 0.78687084 0.7538962  1.         0.9456647  0.023518629372119904
37.0 0.3403514  0.42795855 0.6144653  0.68832976 0.023392923176288605
0.0 0.67305285 0.47069058 1.         0.8619609  0.022025413811206818
20.0 0.13547018 0.09144381 0.92671204 0.761868   0.021470461040735245
38.0 0.6823572 0.5976101 1.        0.9971461 0.020808376371860504
31.0 0.7344723  0.09852114 1.         0.775187   0.0207639429718256
5.0 0.7344723  0.09852114 1.         0.775187   0.020751671865582466
24.0 0.2776816  0.37972823 0.6664662  0.6896733  0.020434586331248283
40.0 0.37648287 0.4217388  0.6102152  0.650655   0.020198343321681023
0.0 0.28238708 0.5974507  0.5291838  0.8119671  0.01992279663681984
14.0 0.12032846 0.05689681 0.9825046  1.         0.019918663427233696
4.0 0.13382617 0.15512028 0.6848726  0.44089523 0.019888008013367653
10.0 0.14576036 0.15843084 0.62728745 0.43463692 0.019760925322771072
4.0 0.5050099  0.12946719 0.9804728  0.87077826 0.01958439126610756
15.0 0.32868454 0.10869282 0.9681026  0.83041614 0.019484158605337143
7.0 0.3449443  0.02945191 1.         1.         0.019355563446879387
15.0 0.69285035 0.6839436  1.         1.         0.019173715263605118
10.0 0.84160423 0.15113539 0.9822942  0.72936887 0.019125619903206825
24.0 0.21635516 0.26303202 0.6735658  0.59996796 0.018887460231781006
16.0 0.5817872  0.13239953 0.9753636  0.7892493  0.018761461600661278
21.0 0.74721575 0.08294255 0.99041224 0.78747463 0.018221627920866013
27.0 0.12032846 0.05689681 0.9825046  1.         0.01800224557518959
24.0 0.15188342 0.14921159 0.7627793  0.4511057  0.017971748486161232
30.0 0.4237365  0.11635858 0.990562   0.7763963  0.01781097799539566
28.0 0.7396513  0.18086159 1.         0.85318685 0.017617275938391685
16.0 0.67150307 0.21288843 1.         0.65883595 0.017528090626001358
7.0 0.29996997 0.51227665 0.55053186 0.73818755 0.01747344247996807
7.0 0.31204334 0.64888567 0.51244336 0.73879164 0.01710646227002144
0.0 0.7070788  0.628711   0.99472916 0.8237846  0.01709791086614132
29.0 0.5817872  0.13239953 0.9753636  0.7892493  0.017094729468226433
11.0 0.20143566 0.12298083 0.9525534  0.74718857 0.0170647744089365
15.0 0.3362219  0.4134093  0.6869     0.68887705 0.017049944028258324
42.0 0.12032846 0.05689681 0.9825046  1.         0.017001399770379066
0.0 0.12032846 0.05689681 0.9825046  1.         0.016979148611426353
25.0 0.4921814  0.1592884  0.99379885 0.73927015 0.01695583015680313
0.0 0.2727529  0.40862304 0.5694264  0.817862   0.016667431220412254
40.0 0.5877811  0.18434653 0.97484577 0.82710946 0.01650344580411911
38.0 0.5877811  0.18434653 0.97484577 0.82710946 0.016451701521873474
18.0 0.3362219  0.4134093  0.6869     0.68887705 0.016397571191191673
0.0 0.69061    0.7686838  0.92905945 0.8933096  0.016135763376951218
36.0 0.12032846 0.05689681 0.9825046  1.         0.015884313732385635
24.0 0.36231533 0.12093937 0.9325479  0.40212804 0.015869710594415665
16.0 0.32355064 0.42735463 0.6276932  0.68269235 0.015588073059916496
38.0 0.7344723  0.09852114 1.         0.775187   0.015393299050629139
18.0 0.60706425 0.32094875 0.9792683  0.9189497  0.015316101722419262
4.0 0.00268871 0.50226736 0.17249772 0.5506437  0.015265370719134808
30.0 0.70206183 0.14920712 1.         0.72958446 0.015235036611557007
38.0 0.12032846 0.05689681 0.9825046  1.         0.015143786557018757
7.0 0.70206183 0.14920712 1.         0.72958446 0.015060259960591793
25.0 0.84160423 0.15113539 0.9822942  0.72936887 0.01502707414329052
42.0 0.60706425 0.32094875 0.9792683  0.9189497  0.014813468791544437
32.0 0.32355064 0.42735463 0.6276932  0.68269235 0.014715784229338169
28.0 0.2515737  0.38062692 1.         0.86163616 0.014541133306920528
14.0 0.31459796 0.6392378  0.4909829  0.72292465 0.014520027674734592
7.0 0.25548697 0.3758741  0.68953264 0.6714067  0.01444031111896038
7.0 0.6952969 0.7018454 1.        0.8953148 0.014393351040780544
0.0 0.35784316 0.30236626 0.8859508  0.6666376  0.014109758660197258
37.0 0.15019393 0.19179581 0.6793653  0.48493612 0.01406163815408945
4.0 0.17862116 0.2358408  0.5909692  0.42410368 0.014021428301930428
7.0 0.3441393  0.61368495 0.9875933  0.97713786 0.013970114290714264
24.0 0.6735467 0.6954644 1.        1.        0.013857371173799038
9.0 0.8262896  0.13080728 0.9913444  0.7417226  0.013843036256730556
28.0 0.13382617 0.15512028 0.6848726  0.44089523 0.013831468299031258
24.0 0.5858062  0.15110585 0.875058   0.30576938 0.013789772987365723
