17.0 0.39187753 0.36263722 0.6031417  0.5689254  0.8255130052566528
9.0 0.39187753 0.36263722 0.6031417  0.5689254  0.659798800945282
8.0 0.3926376  0.36555064 0.6080812  0.5697688  0.14501191675662994
31.0 0.40226808 0.35658085 0.61979866 0.5677449  0.11751361936330795
36.0 0.39869204 0.36386108 0.60141057 0.5709236  0.09690028429031372
27.0 0.39187753 0.36263722 0.6031417  0.5689254  0.08448213338851929
38.0 0.39940408 0.36743665 0.6206099  0.56603223 0.0742185041308403
2.0 0.39673978 0.36589327 0.6175111  0.56913733 0.06807740777730942
40.0 0.3860434 0.3644447 0.6110507 0.5655025 0.05128780007362366
42.0 0.39673978 0.36589327 0.6175111  0.56913733 0.04701017588376999
25.0 0.40226808 0.35658085 0.61979866 0.5677449  0.03425337001681328
16.0 0.39673978 0.36589327 0.6175111  0.56913733 0.034230466932058334
17.0 0.41461322 0.35935733 0.59749615 0.4758999  0.03263024613261223
17.0 0.37271678 0.2576841  0.75677633 0.62766594 0.027604999020695686
25.0 0.6889146  0.39548844 1.         1.         0.024530058726668358
19.0 0.38543233 0.30457753 0.6392839  0.59356946 0.023790014907717705
13.0 0.38904786 0.3471241  0.628973   0.58548194 0.022743169218301773
6.0 0.4024428  0.36566606 0.59779227 0.56800383 0.021465307101607323
25.0 0.4229018  0.21820116 1.         1.         0.021439960226416588
17.0 0.4264023  0.38596457 0.54053646 0.5628206  0.020740488544106483
17.0 0.41078934 0.24807109 0.6167979  0.5415659  0.019371746107935905
22.0 0.39654145 0.36463997 0.60204524 0.5715734  0.018653206527233124
36.0 0.4264023  0.38596457 0.54053646 0.5628206  0.018098480999469757
29.0 0.17224225 0.20593223 1.         1.         0.017622705549001694
4.0 0.3747893  0.26141104 0.8027012  0.8394836  0.017470570281147957
40.0 0.37271678 0.2576841  0.75677633 0.62766594 0.016928549855947495
20.0 0.39940408 0.36743665 0.6206099  0.56603223 0.01690683513879776
16.0 0.4229018  0.21820116 1.         1.         0.01670563593506813
23.0 0.3936922  0.17952274 0.72890335 0.67305195 0.01660231500864029
35.0 0.37191588 0.30227888 0.78794533 0.59234005 0.015851987525820732
17.0 0.38309556 0.37021577 0.50657433 0.55776906 0.01575862430036068
17.0 0.36418512 0.3401499  0.61965406 0.72206306 0.015666209161281586
33.0 0.40226808 0.35658085 0.61979866 0.5677449  0.015226275660097599
21.0 0.38323975 0.35155046 0.6129876  0.583775   0.015023305080831051
31.0 0.3936922  0.17952274 0.72890335 0.67305195 0.014570934697985649
9.0 0.3936922  0.17952274 0.72890335 0.67305195 0.013824498280882835
13.0 0.3936922  0.17952274 0.72890335 0.67305195 0.013816550374031067
14.0 0.39028275 0.34834278 0.6147466  0.57933336 0.013724803924560547
27.0 0.36418512 0.3401499  0.61965406 0.72206306 0.013718713074922562
16.0 0.7876838  0.         1.         0.51490813 0.013427193276584148
29.0 0.38904786 0.3471241  0.628973   0.58548194 0.013397026807069778
18.0 0.39028275 0.34834278 0.6147466  0.57933336 0.013357617892324924
3.0 0.40245456 0.37488794 0.6013834  0.5653548  0.01319379173219204
17.0 0.43107548 0.34974438 0.73062265 0.55852616 0.01302023883908987
19.0 0.3936922  0.17952274 0.72890335 0.67305195 0.012850216589868069
35.0 0.39940408 0.36743665 0.6206099  0.56603223 0.012647366151213646
25.0 0.39611548 0.31120956 0.7660213  0.80631447 0.012622285634279251
2.0 0.3936922  0.17952274 0.72890335 0.67305195 0.012408940121531487
9.0 0.36418512 0.3401499  0.61965406 0.72206306 0.012364547699689865
17.0 0.37282255 0.17383781 0.92658675 0.7250035  0.012272126041352749
9.0 0.4264023  0.38596457 0.54053646 0.5628206  0.01213903073221445
36.0 0.36418512 0.3401499  0.61965406 0.72206306 0.011809230782091618
36.0 0.37271678 0.2576841  0.75677633 0.62766594 0.0116502046585083
4.0 0.3933344  0.23285595 0.6434642  0.5636424  0.011589985340833664
34.0 0.3747893  0.26141104 0.8027012  0.8394836  0.011539838276803493
25.0 0.7876838  0.         1.         0.51490813 0.011413419619202614
15.0 0.40245456 0.37488794 0.6013834  0.5653548  0.011365137994289398
21.0 0.34658635 0.16998911 0.8869947  0.9142144  0.011286524124443531
19.0 0.33052003 0.         0.8418199  0.82416517 0.011227434501051903
31.0 0.76893747 0.         1.         0.40175092 0.011142054572701454
30.0 0.3747893  0.26141104 0.8027012  0.8394836  0.010802886448800564
16.0 0.64977527 0.43322334 1.         1.         0.010785025544464588
31.0 0.38425332 0.37025943 0.59670746 0.70348287 0.01072762906551361
39.0 0.40095472 0.3645569  0.59449154 0.56899804 0.010710726492106915
8.0 0.37271678 0.2576841  0.75677633 0.62766594 0.01065906137228012
31.0 0.3798038  0.24018548 0.60413074 0.54461443 0.010578660294413567
10.0 0.39673978 0.36589327 0.6175111  0.56913733 0.0104393744841218
9.0 0.41078934 0.24807109 0.6167979  0.5415659  0.010393992997705936
2.0 0.380829   0.28926623 0.88757205 0.61791205 0.010181790217757225
3.0 0.36418512 0.3401499  0.61965406 0.72206306 0.010075080208480358
17.0 0.44374353 0.2647174  1.         0.63269037 0.010069645941257477
19.0 0.3702196  0.35540277 0.80249655 0.76432556 0.009887839667499065
2.0 0.4264023  0.38596457 0.54053646 0.5628206  0.009877695702016354
29.0 0.3879312  0.22531933 0.9938464  0.9808157  0.009715108200907707
8.0 0.4264023  0.38596457 0.54053646 0.5628206  0.009645437821745872
21.0 0.39611548 0.31120956 0.7660213  0.80631447 0.009565798565745354
16.0 0.39611548 0.31120956 0.7660213  0.80631447 0.009551456198096275
38.0 0.36418512 0.3401499  0.61965406 0.72206306 0.009454326704144478
31.0 0.21488526 0.         1.         1.         0.009221477434039116
25.0 0.3256693  0.3587696  1.         0.85257393 0.008879153057932854
29.0 0.3936922  0.17952274 0.72890335 0.67305195 0.008856533095240593
6.0 0.3715325 0.3115497 0.7485073 0.5962821 0.008847529999911785
23.0 0.38904786 0.3471241  0.628973   0.58548194 0.008763081394135952
38.0 0.37191588 0.30227888 0.78794533 0.59234005 0.008657255209982395
33.0 0.3936922  0.17952274 0.72890335 0.67305195 0.008563118055462837
17.0 0.4919643  0.36212265 0.61293024 0.54723066 0.008532035164535046
16.0 0.581136   0.         1.         0.90311134 0.008310683071613312
21.0 0.         0.33372054 0.22844842 1.         0.008206482976675034
27.0 0.3936922  0.17952274 0.72890335 0.67305195 0.008184808306396008
28.0 0.3747893  0.26141104 0.8027012  0.8394836  0.008123733103275299
8.0 0.33052003 0.         0.8418199  0.82416517 0.008087052032351494
0.0 0.33071005 0.34252682 1.         1.         0.00807109847664833
17.0 0.41406912 0.46237236 0.59090084 0.568692   0.008015469647943974
23.0 0.33052003 0.         0.8418199  0.82416517 0.007992620579898357
32.0 0.37191588 0.30227888 0.78794533 0.59234005 0.007874161005020142
40.0 0.3702196  0.35540277 0.80249655 0.76432556 0.007813378237187862
40.0 0.70815516 0.         1.         0.26050383 0.007629856001585722
42.0 0.36418512 0.3401499  0.61965406 0.72206306 0.007619082927703857
29.0 0.         0.03170091 1.         1.         0.007596204057335854
9.0 0.4098912 0.3397319 0.7416393 0.5792298 0.007555020973086357
