34.0 0.16504025 0.26528534 0.8911642  0.8221266  0.7286139130592346
28.0 0.16233736 0.26601535 0.8915693  0.8182011  0.22511795163154602
34.0 0.05141762 0.15337393 1.         1.         0.1883537918329239
5.0 0.1452412  0.25615698 0.87334734 0.8480454  0.15118278563022614
30.0 0.16742617 0.25676447 0.8889863  0.8168554  0.1443575769662857
24.0 0.15772417 0.27040842 0.9011693  0.8201412  0.14014668762683868
4.0 0.16916677 0.25745884 0.88398063 0.8301846  0.139879509806633
34.0 0.14364308 0.27865618 0.71129876 0.6455782  0.1296423375606537
21.0 0.16233736 0.26601535 0.8915693  0.8182011  0.11431905627250671
26.0 0.13020957 0.22649023 0.98171103 0.882918   0.10396959632635117
37.0 0.1345284  0.24479061 0.88182366 0.8547471  0.10164782404899597
19.0 0.16917461 0.27641046 0.8908449  0.79888654 0.07952430844306946
24.0 0.05141762 0.15337393 1.         1.         0.05677780508995056
34.0 0.17999192 0.31761467 0.6072524  0.49317098 0.056303396821022034
34.0 0.1581123  0.27564847 0.53157496 0.43446183 0.030447356402873993
4.0 0.05141762 0.15337393 1.         1.         0.029953306540846825
41.0 0.1452412  0.25615698 0.87334734 0.8480454  0.02986244112253189
28.0 0.14364308 0.27865618 0.71129876 0.6455782  0.02932111918926239
34.0 0.23458105 0.36780933 0.664287   0.5558597  0.029103292152285576
34.0 0.25115472 0.41561827 1.         1.         0.029045766219496727
37.0 0.         0.35154933 1.         1.         0.028074853122234344
5.0 0.14364308 0.27865618 0.71129876 0.6455782  0.026969341561198235
34.0 0.         0.         1.         0.97412485 0.026280725374817848
26.0 0.         0.02173644 1.         0.98822266 0.02441946230828762
10.0 0.16917461 0.27641046 0.8908449  0.79888654 0.023508315905928612
15.0 0.19576797 0.25247952 0.87063944 0.8416319  0.023103680461645126
26.0 0.01154178 0.         0.5960955  0.23753482 0.021166525781154633
26.0 0.0196867  0.34241694 1.         1.         0.02053353190422058
0.0 0.14266416 0.24164167 0.9441055  0.8325286  0.019648462533950806
34.0 0.         0.43225154 0.8962803  1.         0.01849474385380745
34.0 0.11966562 0.4875695  0.81949544 0.9238561  0.01823100447654724
4.0 0.14364308 0.27865618 0.71129876 0.6455782  0.018140511587262154
24.0 0.14667141 0.2573023  0.6797122  0.6345689  0.018116597086191177
5.0 0.14735335 0.2680479  0.621259   0.48494264 0.01800897903740406
34.0 0.21347502 0.14832893 0.97898805 0.6240858  0.017546994611620903
28.0 0.14735335 0.2680479  0.621259   0.48494264 0.0163858775049448
28.0 0.0196867  0.34241694 1.         1.         0.015579961240291595
4.0 0.17999192 0.31761467 0.6072524  0.49317098 0.015465890988707542
34.0 0.29062885 0.4230956  0.7093489  0.61265874 0.014954873360693455
24.0 0.1581123  0.27564847 0.53157496 0.43446183 0.014239689335227013
24.0 0.         0.         1.         0.97412485 0.013998668640851974
26.0 0.2350415 0.3957583 0.8323592 0.926689  0.013860708102583885
37.0 0.14364308 0.27865618 0.71129876 0.6455782  0.013843662105500698
4.0 0.1581123  0.27564847 0.53157496 0.43446183 0.013793328776955605
21.0 0.06357026 0.         0.8453027  0.8245952  0.0137422950938344
26.0 0.13796955 0.15299144 0.83375484 0.65512455 0.013720035552978516
33.0 0.19576797 0.25247952 0.87063944 0.8416319  0.013019522652029991
28.0 0.06357026 0.         0.8453027  0.8245952  0.012821757234632969
4.0 0.11966562 0.4875695  0.81949544 0.9238561  0.012787393294274807
34.0 0.13237508 0.2261078  0.574368   0.5405524  0.012478047981858253
30.0 0.50216115 0.16926253 0.934677   0.778869   0.012447308748960495
11.0 0.09992579 0.22627893 0.98405063 0.91851413 0.012303618714213371
34.0 0.31592655 0.43650728 0.87636876 0.7744712  0.012122755870223045
34.0 0.         0.19080031 1.         1.         0.012112675234675407
26.0 0.         0.         0.93043303 0.57165575 0.011607757769525051
4.0 0.         0.         1.         0.97412485 0.011507987044751644
37.0 0.1581123  0.27564847 0.53157496 0.43446183 0.011453674174845219
26.0 0.11205944 0.         0.68642044 0.18521388 0.011452280916273594
30.0 0.         0.         1.         0.84053695 0.011274336837232113
12.0 0.15765342 0.26319808 0.8918158  0.83351046 0.01126786321401596
5.0 0.         0.19277328 1.         1.         0.011134401895105839
24.0 0.21056902 0.24000978 1.         1.         0.011074943467974663
30.0 0.02216953 0.12146923 1.         0.8942914  0.010989206843078136
24.0 0.16319603 0.32270843 0.5537581  0.49281126 0.010966452769935131
26.0 0.         0.19080031 1.         1.         0.010950442403554916
21.0 0.14735335 0.2680479  0.621259   0.48494264 0.010806381702423096
34.0 0.06357026 0.         0.8453027  0.8245952  0.010800725780427456
34.0 0.33124036 0.47117463 0.7604092  0.6697804  0.010747062973678112
19.0 0.         0.35154933 1.         1.         0.010743699036538601
26.0 0.        0.        1.        0.8589346 0.010728039778769016
37.0 0.16319603 0.32270843 0.5537581  0.49281126 0.010712086223065853
4.0 0.23458105 0.36780933 0.664287   0.5558597  0.010676650330424309
39.0 0.12703958 0.2289196  0.87763536 0.87044823 0.010666968300938606
0.0 0.14364308 0.27865618 0.71129876 0.6455782  0.010600058361887932
30.0 0.42188102 0.33637118 0.8501714  0.8471333  0.010494348593056202
37.0 0.31212467 0.35760346 0.77558166 0.9506055  0.010429681278765202
30.0 0.444076  0.        1.        0.9063573 0.010420781560242176
32.0 0.18513235 0.30432615 0.9038807  0.77891624 0.01016540639102459
34.0 0.        0.        1.        0.8349032 0.010155383497476578
26.0 0.1581123  0.27564847 0.53157496 0.43446183 0.010153111070394516
38.0 0.38981807 0.2301086  0.68574667 0.4170546  0.010095260106027126
34.0 0.15467416 0.32965797 0.4741367  0.5980625  0.010086939670145512
0.0 0.         0.35154933 1.         1.         0.010012020356953144
3.0 0.1452412  0.25615698 0.87334734 0.8480454  0.009967460297048092
37.0 0.         0.22396755 1.         1.         0.009898578748106956
15.0 0. 0. 1. 1. 0.009802320972084999
26.0 0.15264459 0.2945811  0.4767515  0.5340715  0.0097473980858922
4.0 0.25115472 0.41561827 1.         1.         0.00961627159267664
28.0 0.31212467 0.35760346 0.77558166 0.9506055  0.009359549731016159
21.0 0.0196867  0.34241694 1.         1.         0.009269922971725464
34.0 0.08077323 0.         1.         0.61921614 0.009227374568581581
24.0 0.         0.23121065 0.91678    1.         0.009218994528055191
19.0 0.18989986 0.         0.9861224  0.8335968  0.009160303510725498
4.0 0.         0.19186419 1.         1.         0.009158547036349773
0.0 0.3265209  0.44118086 0.88664246 0.94765544 0.008871668949723244
4.0 0.12568113 0.729095   0.7956886  1.         0.008793984539806843
34.0 0.40900534 0.5141332  0.8353136  0.7310438  0.008660251274704933
21.0 0.14364308 0.27865618 0.71129876 0.6455782  0.008614313788712025
29.0 0.1452412  0.25615698 0.87334734 0.8480454  0.008559508249163628
25.0 0.16241997 0.25094545 0.9178198  0.8022995  0.00847807340323925
