23.0 0.34213924 0.17582554 0.7895062  0.7976246  0.3914857804775238
37.0 0.33299565 0.19437918 0.75561035 0.69863296 0.24115101993083954
32.0 0.33299565 0.19437918 0.75561035 0.69863296 0.23208172619342804
29.0 0.34780905 0.1706301  0.7881831  0.791493   0.21648003160953522
35.0 0.33299565 0.19437918 0.75561035 0.69863296 0.14607107639312744
19.0 0.34780905 0.1706301  0.7881831  0.791493   0.13032302260398865
33.0 0.34780905 0.1706301  0.7881831  0.791493   0.10963182151317596
1.0 0.34780905 0.1706301  0.7881831  0.791493   0.09758178144693375
13.0 0.32929468 0.19654912 0.7591846  0.6923497  0.09490138292312622
40.0 0.3270712  0.19741262 0.7525394  0.67049676 0.09178448468446732
24.0 0.3343746  0.19752997 0.74882716 0.6981104  0.07404699176549911
15.0 0.3343746  0.19752997 0.74882716 0.6981104  0.05490042641758919
29.0 0.29141906 0.09795049 0.96230114 0.94245386 0.0539095513522625
26.0 0.30919993 0.13340974 0.81311226 0.8582654  0.049696873873472214
37.0 0.27778235 0.14812392 0.8580669  0.8851829  0.046925973147153854
8.0 0.33687568 0.17483857 0.78450763 0.7920245  0.04604548215866089
34.0 0.33687568 0.17483857 0.78450763 0.7920245  0.03369445353746414
0.0 0.3092975  0.19805573 0.7672135  0.6812824  0.03203599527478218
30.0 0.30919993 0.13340974 0.81311226 0.8582654  0.030936449766159058
23.0 0.31133792 0.08962256 0.9300871  1.         0.03037022426724434
31.0 0.35043484 0.19454867 0.7728966  0.77770257 0.026305226609110832
28.0 0.34780905 0.1706301  0.7881831  0.791493   0.026006881147623062
32.0 0.27778235 0.14812392 0.8580669  0.8851829  0.025211334228515625
29.0 0.3247008 0.        1.        1.        0.02488143928349018
19.0 0.31133792 0.08962256 0.9300871  1.         0.02326483093202114
20.0 0.33687568 0.17483857 0.78450763 0.7920245  0.023089639842510223
40.0 0.32452074 0.14450902 0.874804   0.9032305  0.021570391952991486
13.0 0.27778235 0.14812392 0.8580669  0.8851829  0.0214143767952919
28.0 0.3094604  0.05888271 0.93971276 1.         0.02064359001815319
24.0 0.36477178 0.24240944 0.7051876  0.5094662  0.019663792103528976
6.0 0.30919993 0.13340974 0.81311226 0.8582654  0.01877586357295513
37.0 0.37372345 0.2482305  0.6352616  0.63449234 0.018360203132033348
11.0 0.31544867 0.14226604 0.80898666 0.85169077 0.01767108030617237
23.0 0.37372345 0.2482305  0.6352616  0.63449234 0.017453979700803757
32.0 0.36477178 0.24240944 0.7051876  0.5094662  0.017284099012613297
23.0 0.22544956 0.         1.         1.         0.017184864729642868
35.0 0.31133792 0.08962256 0.9300871  1.         0.0162199754267931
12.0 0.34225005 0.16100854 0.79174286 0.8583223  0.015615119598805904
34.0 0.31133792 0.08962256 0.9300871  1.         0.01549218874424696
2.0 0.33687568 0.17483857 0.78450763 0.7920245  0.01545821875333786
9.0 0.32172173 0.19879696 0.75570256 0.6686398  0.014900894835591316
30.0 0.32687277 0.22006865 0.74006695 0.6148899  0.014823631383478642
36.0 0.30138135 0.16434535 0.8245871  0.8638282  0.014375760219991207
37.0 0.23055789 0.04216373 1.         1.         0.014254128560423851
29.0 0.20074093 0.         1.         0.7595409  0.013995194807648659
15.0 0.3706196  0.20150033 0.6922291  0.42908254 0.013906328938901424
37.0 0.3706196  0.20150033 0.6922291  0.42908254 0.013544298708438873
4.0 0.2575815 0.        1.        1.        0.013127675279974937
1.0 0.29141906 0.09795049 0.96230114 0.94245386 0.012651343829929829
35.0 0.36477178 0.24240944 0.7051876  0.5094662  0.012648718431591988
0.0 0.3094604  0.05888271 0.93971276 1.         0.012541748583316803
3.0 0.34225005 0.16100854 0.79174286 0.8583223  0.0123952841386199
23.0 0.49887   0.2494391 0.729705  0.7035092 0.012277450412511826
0.0 0.5752028  0.66242754 1.         1.         0.012264174409210682
5.0 0.3343746  0.19752997 0.74882716 0.6981104  0.012157559394836426
4.0 0.3311664  0.18820348 0.79721117 0.78747916 0.012035741470754147
34.0 0.        0.644447  0.4098975 1.        0.011806781403720379
24.0 0.27778235 0.14812392 0.8580669  0.8851829  0.011781939305365086
33.0 0.31133792 0.08962256 0.9300871  1.         0.011502307839691639
19.0 0.42665535 0.22363167 0.7074328  0.6638668  0.011492108926177025
29.0 0.13665861 0.         1.         0.9143787  0.01114310510456562
23.0 0.39216226 0.33944282 0.73410434 0.5825265  0.01092521846294403
26.0 0.32687277 0.22006865 0.74006695 0.6148899  0.01089163776487112
15.0 0.32452074 0.14450902 0.874804   0.9032305  0.01065425481647253
11.0 0.33409336 0.28501174 0.7536781  0.668712   0.010640195570886135
28.0 0.01973468 0.49555635 0.276448   1.         0.010621588677167892
31.0 0.31133792 0.08962256 0.9300871  1.         0.010607182048261166
40.0 0.36477178 0.24240944 0.7051876  0.5094662  0.010607101954519749
34.0 0.01973468 0.49555635 0.276448   1.         0.010589567013084888
30.0 0.2575815 0.        1.        1.        0.010584311559796333
34.0 0.37350658 0.22150925 0.6947104  0.57793593 0.010377991013228893
19.0 0.13665861 0.         1.         0.9143787  0.010338041931390762
27.0 0.3305227  0.1903786  0.7467854  0.68480235 0.01029076799750328
32.0 0.2575815 0.        1.        1.        0.010280486196279526
13.0 0.2575815 0.        1.        1.        0.010273143649101257
29.0 0.13973886 0.32289875 1.         1.         0.010227515362203121
21.0 0.01973468 0.49555635 0.276448   1.         0.009808288887143135
30.0 0.01459733 0.54885554 0.28613386 1.         0.009778689593076706
2.0 0.31133792 0.08962256 0.9300871  1.         0.009729298762977123
8.0 0.31133792 0.08962256 0.9300871  1.         0.009704269468784332
14.0 0.35043484 0.19454867 0.7728966  0.77770257 0.00929090566933155
33.0 0.34273082 0.185805   1.         0.8714489  0.009257790632545948
40.0 0.2134668 0.0253877 1.        1.        0.009166382253170013
19.0 0.16713208 0.         1.         1.         0.009056842885911465
23.0 0.00458539 0.         1.         0.844978   0.008964947424829006
33.0 0.00458539 0.         1.         0.844978   0.00878839660435915
23.0 0.20074093 0.         1.         0.7595409  0.008721651509404182
0.0 0.39471915 0.39290676 0.90427256 0.99833524 0.00841459259390831
0.0 0.3706196  0.20150033 0.6922291  0.42908254 0.00837277714163065
8.0 0.13665861 0.         1.         0.9143787  0.008359832689166069
16.0 0.33957112 0.18695903 0.75148845 0.73542595 0.00826482567936182
40.0 0.13665861 0.         1.         0.9143787  0.008189257234334946
24.0 0.33894646 0.20021263 0.6578951  0.41983625 0.008064222522079945
4.0 0.3706196  0.20150033 0.6922291  0.42908254 0.007986150681972504
29.0 0.37185264 0.23072593 0.6408669  0.6318671  0.007954029366374016
39.0 0.3343746  0.19752997 0.74882716 0.6981104  0.007892051711678505
13.0 0.13665861 0.         1.         0.9143787  0.0077810147777199745
37.0 0.13665861 0.         1.         0.9143787  0.007774923928081989
13.0 0.37372345 0.2482305  0.6352616  0.63449234 0.007745855022221804
0.0 0.6177004  0.74782133 1.         1.         0.00768312718719244
