24.0 0.09508234 0.47440454 0.6115002  0.65961474 0.46729037165641785
34.0 0.04005557 0.45095074 0.7338958  0.69741535 0.3883422911167145
38.0 0.5543173  0.44605184 0.7182006  0.6437992  0.3430771827697754
34.0 0.10700798 0.4881053  0.5906727  0.6485473  0.26903167366981506
40.0 0.5543173  0.44605184 0.7182006  0.6437992  0.24248556792736053
24.0 0.12181126 0.4985678  0.5184983  0.5946567  0.20575904846191406
5.0 0.0844382  0.45667568 0.6369326  0.67039037 0.1941482424736023
27.0 0.5543173  0.44605184 0.7182006  0.6437992  0.15809489786624908
37.0 0.08289844 0.4583067  0.6450397  0.6832155  0.130997896194458
24.0 0.1426548  0.4430884  0.79187965 0.70572305 0.11326370388269424
4.0 0.10700798 0.4881053  0.5906727  0.6485473  0.11224614828824997
36.0 0.5508824  0.44609764 0.72055465 0.64090055 0.10802573710680008
28.0 0.04005557 0.45095074 0.7338958  0.69741535 0.10162722319364548
5.0 0.01476365 0.38106376 0.7303827  0.7710808  0.09270787239074707
5.0 0.11274175 0.48158216 0.51521695 0.6146461  0.09269591420888901
21.0 0.04005557 0.45095074 0.7338958  0.69741535 0.08602440357208252
4.0 0.04005557 0.45095074 0.7338958  0.69741535 0.08340436965227127
20.0 0.55627567 0.45184857 0.72022444 0.64194137 0.0795404314994812
15.0 0.05055025 0.4587762  0.75086343 0.6923028  0.07834070920944214
34.0 0.         0.4098959  0.7820375  0.85590553 0.07293747365474701
31.0 0.5543173  0.44605184 0.7182006  0.6437992  0.0724881961941719
34.0 0.12190259 0.49948847 0.5069096  0.59322464 0.06746330857276917
1.0 0.5581861  0.44438794 0.7307616  0.6470313  0.06273136287927628
4.0 0.12190259 0.49948847 0.5069096  0.59322464 0.059533268213272095
9.0 0.5543173  0.44605184 0.7182006  0.6437992  0.05933514982461929
19.0 0.10358679 0.48208964 0.53115284 0.6152742  0.05822470411658287
14.0 0.5508824  0.44609764 0.72055465 0.64090055 0.057766590267419815
0.0 0.05055025 0.4587762  0.75086343 0.6923028  0.052515920251607895
26.0 0.05055025 0.4587762  0.75086343 0.6923028  0.05000828951597214
28.0 0.10700798 0.4881053  0.5906727  0.6485473  0.049870967864990234
24.0 0.10349944 0.50209516 0.35890317 0.57810265 0.049691829830408096
34.0 0.         0.26875395 0.7973818  0.7032614  0.04934988170862198
17.0 0.5543173  0.44605184 0.7182006  0.6437992  0.04897022247314453
40.0 0.4147822  0.4380818  0.74135244 0.64806336 0.04710572212934494
37.0 0.11274175 0.48158216 0.51521695 0.6146461  0.04584991931915283
19.0 0.05055025 0.4587762  0.75086343 0.6923028  0.045235831290483475
30.0 0.04889995 0.43456906 0.74296397 0.7297055  0.04460863023996353
37.0 0.01476365 0.38106376 0.7303827  0.7710808  0.04257480055093765
4.0 0.         0.3057169  0.737624   0.82020605 0.04214594140648842
18.0 0.1426548  0.4430884  0.79187965 0.70572305 0.0418134368956089
28.0 0.         0.40963706 0.80695367 0.8376094  0.04146341234445572
26.0 0.10358679 0.48208964 0.53115284 0.6152742  0.04131379723548889
16.0 0.5508824  0.44609764 0.72055465 0.64090055 0.037624672055244446
21.0 0.11274175 0.48158216 0.51521695 0.6146461  0.03744949772953987
41.0 0.04005557 0.45095074 0.7338958  0.69741535 0.0370502807199955
11.0 0.05055025 0.4587762  0.75086343 0.6923028  0.036101341247558594
13.0 0.5581861  0.44438794 0.7307616  0.6470313  0.03608487918972969
10.0 0.5590434  0.44842663 0.7195064  0.64061135 0.03548094630241394
10.0 0.04889995 0.43456906 0.74296397 0.7297055  0.03479059413075447
5.0 0.05293536 0.21490312 0.87084556 0.69182384 0.03457989543676376
32.0 0.5285212 0.4365619 0.7254858 0.6419722 0.03440190479159355
24.0 0.14097099 0.5020727  0.47935313 0.5544318  0.034080956131219864
32.0 0.05055025 0.4587762  0.75086343 0.6923028  0.033928126096725464
18.0 0.5285212 0.4365619 0.7254858 0.6419722 0.03387170657515526
7.0 0.05055025 0.4587762  0.75086343 0.6923028  0.03290243819355965
24.0 0.25255847 0.503264   0.47954273 0.57983464 0.032710544764995575
34.0 0.14097099 0.5020727  0.47935313 0.5544318  0.03226476162672043
15.0 0.10358679 0.48208964 0.53115284 0.6152742  0.031968168914318085
42.0 0.55680114 0.44978893 0.72067195 0.6425911  0.031019268557429314
34.0 0.30852756 0.3533303  0.7532203  0.7896969  0.030925946310162544
24.0 0.27516592 0.4451924  0.70403856 0.6187838  0.03046240657567978
30.0 0.30852756 0.3533303  0.7532203  0.7896969  0.029943346977233887
4.0 0.14097099 0.5020727  0.47935313 0.5544318  0.02946574054658413
28.0 0.30852756 0.3533303  0.7532203  0.7896969  0.029315337538719177
4.0 0.43489003 0.25910747 0.8700414  0.8405558  0.029280541464686394
8.0 0.5543173  0.44605184 0.7182006  0.6437992  0.029149886220693588
7.0 0.5508824  0.44609764 0.72055465 0.64090055 0.028998134657740593
4.0 0.5555774  0.4060787  0.7367773  0.67440426 0.02858799509704113
34.0 0.11412279 0.37497848 0.60144967 0.7925909  0.02767280302941799
30.0 0.1629689  0.22254723 0.80949306 0.70422095 0.02763831801712513
24.0 0.1445626  0.50651264 0.5251679  0.72138023 0.027349000796675682
24.0 0.         0.3057169  0.737624   0.82020605 0.02654368057847023
38.0 0.4147822  0.4380818  0.74135244 0.64806336 0.026295870542526245
3.0 0.10358679 0.48208964 0.53115284 0.6152742  0.026173848658800125
25.0 0.5632717  0.43191114 0.72503644 0.65546685 0.025739314034581184
24.0 0.20213005 0.49429598 0.39486083 0.5975691  0.02571132406592369
35.0 0.5285212 0.4365619 0.7254858 0.6419722 0.02518296055495739
28.0 0.5632717  0.43191114 0.72503644 0.65546685 0.02495330199599266
29.0 0.5632717  0.43191114 0.72503644 0.65546685 0.024488527327775955
34.0 0.20213005 0.49429598 0.39486083 0.5975691  0.024236299097537994
25.0 0.1426548  0.4430884  0.79187965 0.70572305 0.024059923365712166
0.0 0.5632717  0.43191114 0.72503644 0.65546685 0.024034196510910988
3.0 0.05055025 0.4587762  0.75086343 0.6923028  0.022851521149277687
23.0 0.5285212 0.4365619 0.7254858 0.6419722 0.02268367074429989
34.0 0.1598112  0.18845376 0.810699   0.94886017 0.022100239992141724
25.0 0.49112806 0.17205858 0.85024524 0.7122045  0.021740498021245003
25.0 0.39692008 0.38838917 0.88501847 0.7552838  0.021682433784008026
6.0 0.5508824  0.44609764 0.72055465 0.64090055 0.021568214520812035
5.0 0.14234833 0.51398426 0.4841898  0.57650954 0.021445728838443756
24.0 0.15651712 0.5311981  0.4736891  0.61011046 0.020673692226409912
30.0 0.48893118 0.3316369  0.8571284  0.79466045 0.020605036988854408
40.0 0.1426548  0.4430884  0.79187965 0.70572305 0.02056056447327137
34.0 0.10349944 0.50209516 0.35890317 0.57810265 0.020512262359261513
4.0 0.30852756 0.3533303  0.7532203  0.7896969  0.020383412018418312
38.0 0.39639625 0.06733447 0.5413711  0.15043554 0.020340342074632645
28.0 0.12190259 0.49948847 0.5069096  0.59322464 0.019450275227427483
28.0 0.         0.27260852 0.77422726 0.7078636  0.019423171877861023
14.0 0.1426548  0.4430884  0.79187965 0.70572305 0.01941755972802639
4.0 0.10349944 0.50209516 0.35890317 0.57810265 0.01915036514401436
24.0 0.4844082 0.4408306 0.7271568 0.6317873 0.019054846838116646
