35.0 0.04852825 0.8017178  0.5445246  0.99470717 0.07189583033323288
30.0 0.6756657  0.16637218 0.9839192  0.8920475  0.07134098559617996
37.0 0.6756657  0.16637218 0.9839192  0.8920475  0.07006091624498367
1.0 0.35977298 0.01664834 0.60924256 0.2697776  0.06643405556678772
32.0 0.35977298 0.01664834 0.60924256 0.2697776  0.0650460496544838
20.0 0.35977298 0.01664834 0.60924256 0.2697776  0.06311845779418945
19.0 0.6756657  0.16637218 0.9839192  0.8920475  0.05922885984182358
20.0 0.14353421 0.02564342 0.78907    0.31507593 0.0569729246199131
8.0 0.         0.7563291  0.47344774 1.         0.05573731288313866
32.0 0.00754037 0.7751216  0.57007205 1.         0.05245133861899376
30.0 0.5281445  0.00864798 1.         0.9771492  0.04877054691314697
37.0 0.22506508 0.12534076 1.         1.         0.04560951516032219
40.0 0.00754037 0.7751216  0.57007205 1.         0.04334082454442978
5.0 0.3143122  0.         0.96629286 0.8589316  0.04329914227128029
0.0 0.6224164  0.32199252 1.         0.79419506 0.04042493924498558
40.0 0.35977298 0.01664834 0.60924256 0.2697776  0.03899240493774414
29.0 0.35977298 0.01664834 0.60924256 0.2697776  0.03822806850075722
23.0 0.35977298 0.01664834 0.60924256 0.2697776  0.03819184750318527
28.0 0.64622444 0.12664732 0.97938484 0.85925055 0.03777586668729782
8.0 0.35977298 0.01664834 0.60924256 0.2697776  0.03757528215646744
39.0 0.15917107 0.         0.9711256  0.79758155 0.036734554916620255
14.0 0.10708278 0.00158019 0.59346354 0.2979235  0.03370840847492218
6.0 0.23620005 0.00834726 0.64735043 0.2933601  0.03320090100169182
21.0 0.15711418 0.01642881 0.9342172  0.41846097 0.030978277325630188
20.0 0.00801143 0.         0.9209304  0.49820262 0.030677618458867073
39.0 0.15711418 0.01642881 0.9342172  0.41846097 0.03002333827316761
4.0 0.14353421 0.02564342 0.78907    0.31507593 0.028950346633791924
19.0 0.00754037 0.7751216  0.57007205 1.         0.028779268264770508
4.0 0.63725084 0.10789874 0.99522096 0.93921924 0.028133397921919823
33.0 0.35977298 0.01664834 0.60924256 0.2697776  0.02801288105547428
12.0 0.02310848 0.02966428 0.9722793  0.7335896  0.027894068509340286
11.0 0.01500484 0.         0.5172709  0.29808396 0.025911767035722733
0.0 0.5893212  0.0750722  0.99313635 0.90927815 0.025850260630249977
12.0 0.14353421 0.02564342 0.78907    0.31507593 0.025441458448767662
5.0 0.64622444 0.12664732 0.97938484 0.85925055 0.025344794616103172
23.0 0.6756657  0.16637218 0.9839192  0.8920475  0.024869367480278015
21.0 0.1028268  0.02486527 1.         0.7549677  0.024818358942866325
35.0 0.00595902 0.73732805 0.3816644  1.         0.024145253002643585
29.0 0.70399064 0.203607   1.         0.8465301  0.023939305916428566
3.0 0.14353421 0.02564342 0.78907    0.31507593 0.02354171872138977
11.0 0.14353421 0.02564342 0.78907    0.31507593 0.023304935544729233
33.0 0.00141087 0.7157805  0.44548497 0.99515474 0.02321220189332962
19.0 0.34747842 0.01037772 0.6265172  0.28045005 0.022950388491153717
23.0 0.00754037 0.7751216  0.57007205 1.         0.022143537178635597
0.0 0.7316742  0.3862644  0.99754906 0.734828   0.021255934610962868
6.0 0.31976366 0.03653149 0.5827763  0.2503431  0.02061925083398819
19.0 0.31201944 0.04153076 0.97372866 1.         0.020590025931596756
34.0 0.5974721 0.1713373 1.        0.781908  0.019888821989297867
29.0 0.5281445  0.00864798 1.         0.9771492  0.01984977349638939
37.0 0.7544068  0.31818503 0.98176455 0.78775555 0.019825559109449387
14.0 0.33330756 0.0220748  0.5626568  0.26495948 0.01980527676641941
24.0 0.00754037 0.7751216  0.57007205 1.         0.019247712567448616
26.0 0.14353421 0.02564342 0.78907    0.31507593 0.019233975559473038
41.0 0.15917107 0.         0.9711256  0.79758155 0.01899811625480652
24.0 0.18279853 0.7926612  0.7605535  1.         0.01859392039477825
33.0 0.         0.20667934 0.95200855 1.         0.018588881939649582
34.0 0.29709834 0.03152829 0.98374206 0.7446793  0.018238602206110954
23.0 0.37655622 0.06861641 0.52972764 0.26646417 0.01767500303685665
30.0 0.75499225 0.27869308 0.97254944 0.7766758  0.017558621242642403
32.0 0.15362477 0.82363594 0.5879126  0.98733306 0.017551686614751816
30.0 0.543065   0.10516825 1.         0.8065406  0.017333397641777992
8.0 9.2568994e-04 5.8577639e-01 3.4741366e-01 9.9103194e-01 0.017093414440751076
12.0 0.00280645 0.5605691  0.14980161 0.73427206 0.01703612320125103
12.0 0.35977298 0.01664834 0.60924256 0.2697776  0.016926812008023262
32.0 0.03923027 0.65912974 0.40956056 1.         0.016439182683825493
35.0 0.31976366 0.03653149 0.5827763  0.2503431  0.016289910301566124
1.0 0.10708278 0.00158019 0.59346354 0.2979235  0.016272827982902527
26.0 0.35977298 0.01664834 0.60924256 0.2697776  0.016167065128684044
32.0 0.18279853 0.7926612  0.7605535  1.         0.01616548001766205
0.0 0.83153695 0.5816701  1.         0.74782294 0.01611080951988697
3.0 0.01500484 0.         0.5172709  0.29808396 0.016108738258481026
22.0 0.07861984 0.02017075 0.86468905 0.39270794 0.016074402257800102
31.0 0.35977298 0.01664834 0.60924256 0.2697776  0.01595071330666542
34.0 0.15711418 0.01642881 0.9342172  0.41846097 0.01589190401136875
30.0 0.23620005 0.00834726 0.64735043 0.2933601  0.015880020335316658
0.0 0.79524326 0.48447114 1.         0.7484011  0.01575293205678463
37.0 0.51279247 0.2255626  0.92231    0.9452137  0.015589704737067223
39.0 0.35516602 0.01211645 0.83958095 0.30068117 0.015395598486065865
39.0 0.         0.20667934 0.95200855 1.         0.015131155028939247
8.0 0.08803605 0.81972957 0.520668   0.9853345  0.015103153884410858
41.0 0.15711418 0.01642881 0.9342172  0.41846097 0.014824697747826576
5.0 0.22169286 0.01787262 0.8759977  0.33469152 0.014600725844502449
23.0 0.10708278 0.00158019 0.59346354 0.2979235  0.014421416446566582
26.0 0.31410924 0.00522304 0.98600376 0.9330474  0.014403853565454483
20.0 0.21593714 0.         0.92278886 0.8384457  0.01437101699411869
28.0 0.3143122  0.         0.96629286 0.8589316  0.014184369705617428
4.0 0.00801143 0.         0.9209304  0.49820262 0.01413318607956171
19.0 0.70712155 0.01787168 1.         1.         0.014060314744710922
13.0 0.6756657  0.16637218 0.9839192  0.8920475  0.014058166183531284
16.0 0.3435961  0.02056634 0.62776035 0.26188055 0.013955283910036087
12.0 0.00460875 0.         0.9122037  0.3342444  0.013949000276625156
24.0 0.5706184  0.15926325 1.         0.8848201  0.01393500342965126
37.0 0.42071325 0.44145644 0.9786553  0.8498205  0.01381740067154169
21.0 0.370738   0.07377177 0.95775986 0.62034434 0.013785221613943577
5.0 0.0919117  0.         0.98651075 0.5246614  0.013781714253127575
37.0 0.73670465 0.46545616 1.         0.7143632  0.013719945214688778
33.0 0.14353421 0.02564342 0.78907    0.31507593 0.013665497303009033
33.0 0.01540877 0.55756265 0.33387327 1.         0.0135398143902421
3.0 0.00801143 0.         0.9209304  0.49820262 0.013461724855005741
10.0 0.00801143 0.         0.9209304  0.49820262 0.013385705649852753
