9.0 0.44975573 0.7560369  0.88211435 0.99974537 0.8200675845146179
6.0 0.43861324 0.7496197  0.91843766 0.99680877 0.34404459595680237
40.0 0.43861324 0.7496197  0.91843766 0.99680877 0.1730249673128128
20.0 0.01478702 0.         0.29186642 0.30282688 0.15517915785312653
14.0 0.44068056 0.75190103 0.9144209  0.99992    0.14981068670749664
10.0 0.4651949  0.08654794 0.96623445 0.99126315 0.13323967158794403
39.0 0.01478702 0.         0.29186642 0.30282688 0.12434960156679153
13.0 0.453475  0.7502579 0.8570198 1.        0.10126852244138718
36.0 0.44068056 0.75190103 0.9144209  0.99992    0.09191924333572388
9.0 0.41972435 0.505862   0.98164964 1.         0.0750204548239708
5.0 0.0181247  0.         0.28978977 0.3266892  0.06628131866455078
20.0 0.44068056 0.75190103 0.9144209  0.99992    0.05780702829360962
41.0 0.0066551  0.         0.31652722 0.3292954  0.054387129843235016
17.0 0.45323974 0.75004584 0.8596769  1.         0.05353136360645294
28.0 0.4302573  0.04733649 0.98569036 0.98865354 0.0495104044675827
10.0 0.14331055 0.         1.         0.9570385  0.04895174130797386
9.0 0.4794045  0.764283   0.65733856 0.98383373 0.04807297885417938
18.0 0.45205644 0.7526434  0.86300385 0.9964406  0.043914686888456345
12.0 0.01478702 0.         0.29186642 0.30282688 0.04173663258552551
13.0 0.45424575 0.60596496 0.9540456  0.9948786  0.03609349578619003
8.0 0.43861324 0.7496197  0.91843766 0.99680877 0.0351676270365715
1.0 0.48920152 0.725634   0.8559201  1.         0.034623634070158005
14.0 0.41972435 0.505862   0.98164964 1.         0.034445252269506454
38.0 0.44068056 0.75190103 0.9144209  0.99992    0.0335424579679966
10.0 0.48578942 0.44686756 0.8330835  0.9659711  0.03271789476275444
1.0 0.45534143 0.23079973 0.9522134  1.         0.03216318041086197
42.0 0.48920152 0.725634   0.8559201  1.         0.030622903257608414
10.0 0.6574804  0.00423345 0.9840726  0.8065033  0.030454084277153015
29.0 0.44068056 0.75190103 0.9144209  0.99992    0.029432635754346848
3.0 0.00747773 0.         0.21118167 0.23917525 0.02802724391222
20.0 0.0057441  0.         0.20663568 0.2082028  0.02687574177980423
36.0 0.48925206 0.49796352 0.91433895 1.         0.026757605373859406
21.0 0.42263326 0.00352085 0.9945724  0.95716906 0.026275061070919037
17.0 0.48925206 0.49796352 0.91433895 1.         0.025928281247615814
20.0 0.00996812 0.00416812 0.16861333 0.10292322 0.025401609018445015
28.0 0.45475426 0.41142914 0.94223404 1.         0.024550260975956917
22.0 0.01707436 0.         0.2758224  0.30294752 0.024167323485016823
17.0 0.85537845 0.04944567 0.9982473  0.49466002 0.02252929098904133
10.0 0.45684135 0.7210681  0.82092285 1.         0.02198496088385582
20.0 0.        0.0146165 0.5455246 0.3428715 0.021653322502970695
27.0 0.01707436 0.         0.2758224  0.30294752 0.02136300504207611
1.0 0.45424575 0.60596496 0.9540456  0.9948786  0.021311495453119278
10.0 0.01160009 0.00321612 0.28519595 0.29552358 0.02113901451230049
6.0 0.43067643 0.47911757 1.         1.         0.021064123138785362
22.0 0.00147253 0.00375694 0.20678103 0.17807697 0.020290831103920937
41.0 0.42263326 0.00352085 0.9945724  0.95716906 0.020256411284208298
42.0 0.45475426 0.41142914 0.94223404 1.         0.02013338729739189
31.0 0.84805375 0.02529144 0.99165076 0.42775688 0.019483257085084915
38.0 0.48925206 0.49796352 0.91433895 1.         0.019397489726543427
29.0 0.5293485  0.00732577 1.         1.         0.018360959365963936
2.0 0.48920152 0.725634   0.8559201  1.         0.018330391496419907
40.0 0.44989946 0.45522726 0.78481305 0.9546256  0.01757444627583027
3.0 0.45684135 0.7210681  0.82092285 1.         0.017426352947950363
22.0 0.48920152 0.725634   0.8559201  1.         0.01735231652855873
40.0 0.41972435 0.505862   0.98164964 1.         0.017326567322015762
9.0 0.55362827 0.6857054  0.98194104 0.99325836 0.017297232523560524
10.0 0.6942026 0.        1.        0.986356  0.01673162914812565
9.0 0.44989946 0.45522726 0.78481305 0.9546256  0.016679862514138222
20.0 0.27202386 0.         0.98345274 0.9345121  0.016534309834241867
38.0 0.43125424 0.3463053  0.54232454 0.46162605 0.016433488577604294
9.0 0.3972239  0.7221666  0.78207153 1.         0.016327770426869392
39.0 0.27202386 0.         0.98345274 0.9345121  0.016008410602808
18.0 0.48925206 0.49796352 0.91433895 1.         0.015891598537564278
38.0 0.8514137  0.01826978 1.         0.54659975 0.015684645622968674
2.0 0.48925206 0.49796352 0.91433895 1.         0.015619760379195213
36.0 0.42706653 0.17376447 0.9968276  1.         0.01559873204678297
9.0 0.8737426  0.07885367 0.99808824 0.45271033 0.015443225391209126
39.0 0.00076693 0.02478927 0.4632181  0.34346437 0.015267479233443737
10.0 0. 0. 1. 1. 0.015260854735970497
21.0 0.00465623 0.         0.46077332 0.30604106 0.015247633680701256
40.0 0.84805375 0.02529144 0.99165076 0.42775688 0.014930699951946735
8.0 0.01478702 0.         0.29186642 0.30282688 0.014855622313916683
28.0 0. 0. 1. 1. 0.014585443772375584
20.0 0.45534143 0.23079973 0.9522134  1.         0.014380517415702343
39.0 0.01027167 0.         0.8955249  0.46076998 0.014322333969175816
8.0 0.0057441  0.         0.20663568 0.2082028  0.0142600666731596
10.0 0.73051435 0.05869687 1.         0.63716936 0.013997260481119156
29.0 0.07861108 0.         1.         0.8926161  0.013934983871877193
9.0 0.42939207 0.33948073 0.5381116  0.46222594 0.013807553797960281
25.0 0.45684135 0.7210681  0.82092285 1.         0.013694480992853642
6.0 0.45534143 0.23079973 0.9522134  1.         0.013443253003060818
9.0 0.48283923 0.12739742 1.         1.         0.013404011726379395
13.0 0.40586114 0.31130072 1.         1.         0.013158309273421764
28.0 0.4805723 0.6880661 0.8485497 1.        0.013128004036843777
30.0 0.00628805 0.69010603 0.17512816 1.         0.013000656850636005
10.0 0.3610467  0.39526328 1.         1.         0.012945784255862236
21.0 0.45684135 0.7210681  0.82092285 1.         0.012941439636051655
6.0 0.3946629  0.58668554 0.99759245 0.99517584 0.012845014221966267
3.0 0.02606811 0.02207926 0.2871765  0.4100363  0.012812712229788303
27.0 0.45684135 0.7210681  0.82092285 1.         0.012702036648988724
27.0 0.70233023 0.8042094  0.9986577  0.9993288  0.012588024139404297
19.0 0.4805723 0.6880661 0.8485497 1.        0.01247965358197689
41.0 0. 0. 1. 1. 0.012467253021895885
26.0 0.4651949  0.08654794 0.96623445 0.99126315 0.012419802136719227
3.0 0.01072555 0.0023273  0.16720799 0.12310499 0.012233349494636059
7.0 0.01519754 0.00705279 0.25971302 0.28672993 0.011933645233511925
20.0 0.00957316 0.         0.6787676  0.26516145 0.011856448836624622
5.0 0.46829444 0.0250729  0.97232443 0.9462594  0.011837436817586422
27.0 0.27202386 0.         0.98345274 0.9345121  0.01181526854634285
32.0 0.01682954 0.         0.24575585 0.30538142 0.011784693226218224
