37.0 0.23595014 0.12207958 0.95193636 0.7446302  0.57454913854599
5.0 0.22827801 0.08476347 0.96156037 0.83086723 0.22330567240715027
0.0 0.21998194 0.12723121 0.97477424 0.66578376 0.2020452916622162
37.0 0.2640074  0.21234609 0.566792   0.55087703 0.12828800082206726
34.0 0.25492686 0.15005928 0.9646507  0.5980867  0.1049332544207573
24.0 0.23430046 0.10944551 0.9529511  0.71326333 0.09748079627752304
28.0 0.23128179 0.13801363 0.9667876  0.72346675 0.09607619047164917
37.0 0.27238083 0.15215099 0.72853065 0.45817864 0.09049151837825775
29.0 0.23546681 0.06298846 0.9883083  1.         0.08657889813184738
0.0 0.27927926 0.06576453 0.96710813 0.44343144 0.07498292624950409
7.0 0.24528548 0.09750161 0.93848395 0.8058424  0.07337594032287598
37.0 0.27927926 0.06576453 0.96710813 0.44343144 0.07133875787258148
23.0 0.27316055 0.23996866 0.47428253 0.6882292  0.07001651078462601
24.0 0.27711755 0.20039473 0.60287553 0.51195866 0.06848671287298203
37.0 0.2920527  0.23205915 0.5788811  0.42230687 0.06390655040740967
37.0 0.27354622 0.25470585 0.4587267  0.67537135 0.06212601065635681
41.0 0.23148373 0.0514802  0.9690778  0.8560147  0.05504797026515007
1.0 0.23808801 0.06014121 0.9485049  0.82602453 0.0504266582429409
5.0 0.27927926 0.06576453 0.96710813 0.44343144 0.05028919130563736
37.0 0.13831368 0.06039989 0.9589571  1.         0.04905691742897034
24.0 0.27196246 0.1245942  0.839588   0.45578945 0.048629142343997955
26.0 0.23531651 0.12018749 0.9449768  0.79532504 0.04298710450530052
15.0 0.24051586 0.10117513 0.9659215  0.71268207 0.042047202587127686
1.0 0.26897475 0.25976735 0.46755007 0.68887395 0.04185115918517113
13.0 0.27316055 0.23996866 0.47428253 0.6882292  0.040815360844135284
40.0 0.26538393 0.29699424 0.43899128 0.66604733 0.04033857211470604
0.0 0.27238083 0.15215099 0.72853065 0.45817864 0.03964170068502426
24.0 0.4569743  0.02090496 0.99481463 0.32161897 0.039398156106472015
0.0 0.23546681 0.06298846 0.9883083  1.         0.03938937559723854
32.0 0.2559029  0.03617343 0.9754034  1.         0.037696078419685364
11.0 0.23595014 0.12207958 0.95193636 0.7446302  0.037212468683719635
4.0 0.24051586 0.10117513 0.9659215  0.71268207 0.03706321120262146
0.0 0.6353815  0.04579067 0.97482556 0.224464   0.03705083951354027
10.0 0.23927355 0.17171264 0.9333644  0.67894566 0.037008460611104965
24.0 0.6504307  0.         1.         0.17566366 0.03463997319340706
19.0 0.267861   0.16701177 0.5340389  0.6677338  0.03459671139717102
0.0 0.26725864 0.24222448 0.5479598  0.43966606 0.033548835664987564
23.0 0.26753187 0.14945263 0.7686137  0.72867256 0.032456930726766586
32.0 0.23141849 0.14594787 0.93192005 0.6115612  0.031827088445425034
0.0 0.25793117 0.30048245 0.47181237 0.64219916 0.03158922865986824
15.0 0.529086   0.00523075 0.98869956 0.21120676 0.03129615634679794
28.0 0.27354622 0.25470585 0.4587267  0.67537135 0.030781695619225502
29.0 0.27354622 0.25470585 0.4587267  0.67537135 0.02988298423588276
29.0 0.19021818 0.         1.         0.70272243 0.029452204704284668
7.0 0.27927926 0.06576453 0.96710813 0.44343144 0.029179170727729797
23.0 0.2640074  0.21234609 0.566792   0.55087703 0.027999479323625565
37.0 0.23511027 0.17377925 0.6699352  0.6830227  0.027875522151589394
15.0 0.21884015 0.         1.         1.         0.027205614373087883
40.0 0.2559029  0.03617343 0.9754034  1.         0.027182620018720627
0.0 0.4569743  0.02090496 0.99481463 0.32161897 0.026817556470632553
37.0 0.30557746 0.18214843 1.         0.98374057 0.025756683200597763
40.0 0.2524991  0.18335158 0.5075261  0.6937232  0.024766728281974792
32.0 0.2824803  0.20188795 0.5180571  0.6424736  0.024721303954720497
5.0 0.5713136  0.00899696 0.9771178  0.18624352 0.024658070877194405
34.0 0.21500975 0.09325159 0.9518505  0.98423994 0.024574657902121544
30.0 0.267861   0.16701177 0.5340389  0.6677338  0.023359382525086403
24.0 0.31480512 0.23199315 0.6497165  0.41656995 0.02326958253979683
15.0 0.27238083 0.15215099 0.72853065 0.45817864 0.023214612156152725
5.0 0.4569743  0.02090496 0.99481463 0.32161897 0.02289058081805706
20.0 0.23546681 0.06298846 0.9883083  1.         0.02233509160578251
18.0 0.24051586 0.10117513 0.9659215  0.71268207 0.022136669605970383
0.0 0.3246193  0.2742479  0.92899275 0.9008156  0.02173135243356228
24.0 0.56630796 0.04935347 0.9587603  0.22732876 0.021084142848849297
19.0 0.28212935 0.23470706 0.54241127 0.48626894 0.020769882947206497
15.0 0.6725621  0.04205108 0.9707099  0.25533056 0.020622793585062027
5.0 0.24752623 0.15053578 0.8615226  0.57506245 0.0203890148550272
15.0 0.2640074  0.21234609 0.566792   0.55087703 0.02022376097738743
24.0 0.17626351 0.01048422 1.         1.         0.020085608586668968
35.0 0.2559029  0.03617343 0.9754034  1.         0.019910356029868126
34.0 0.23457432 0.2637489  0.8531604  0.7304317  0.01985207386314869
7.0 0.10830635 0.         1.         0.6248841  0.01974269188940525
29.0 0.33351135 0.13929898 0.91243005 0.80406785 0.019383504986763
10.0 0.17823672 0.14043194 1.         0.98928815 0.018848177045583725
30.0 0.23148373 0.0514802  0.9690778  0.8560147  0.018702251836657524
33.0 0.23531651 0.12018749 0.9449768  0.79532504 0.01838321052491665
35.0 0.27354622 0.25470585 0.4587267  0.67537135 0.01819179765880108
28.0 0.38409045 0.189251   0.89409864 0.9583587  0.01808665692806244
7.0 0.33461025 0.00662327 1.         1.         0.018016260117292404
24.0 0.2972601  0.251341   0.7396621  0.62774086 0.018015079200267792
37.0 0.24609509 0.31459177 0.49172208 0.5338526  0.017962440848350525
26.0 0.25685352 0.2125785  0.49227756 0.6996844  0.017845403403043747
26.0 0.23511027 0.17377925 0.6699352  0.6830227  0.01775817759335041
0.0 0.25138968 0.25020874 0.615037   0.5370183  0.01731806807219982
34.0 0.28212935 0.23470706 0.54241127 0.48626894 0.017300095409154892
15.0 0.3673023  0.03003627 0.98247993 0.33387685 0.017154481261968613
37.0 0.26566222 0.34936124 0.89721847 0.8404507  0.01697666570544243
24.0 0.25309068 0.25146487 0.5135824  0.45042744 0.016915833577513695
34.0 0.26282746 0.18082747 0.72063774 0.5002159  0.01681252010166645
34.0 0.38187551 0.0273128  1.         0.40506774 0.01666547730565071
4.0 0.27316055 0.23996866 0.47428253 0.6882292  0.016650957986712456
24.0 0.5429459  0.07564954 0.94302565 0.447878   0.01662430725991726
24.0 0.23493344 0.20890513 0.5381625  0.6653714  0.016542335972189903
0.0 0.5565244  0.10077484 1.         0.51944727 0.0163661390542984
23.0 0.24609509 0.31459177 0.49172208 0.5338526  0.01635468192398548
19.0 0.23141849 0.14594787 0.93192005 0.6115612  0.01630546897649765
12.0 0.23148373 0.0514802  0.9690778  0.8560147  0.016287626698613167
5.0 0.5136097  0.06155655 0.9562505  0.7122568  0.01624206453561783
0.0 0.70172286 0.10714419 0.9526694  0.36632842 0.01610598713159561
28.0 0.74174374 0.15716982 0.9309178  0.7242194  0.015690786764025688
36.0 0.23546681 0.06298846 0.9883083  1.         0.015384117141366005
