18.0 0.3759928  0.28399628 0.96136546 0.5922143  0.4257429838180542
40.0 0.30301097 0.27071372 0.95358956 0.5972148  0.33033785223960876
13.0 0.2628658  0.2629197  0.97250545 0.6059568  0.23115144670009613
0.0 0.2628658  0.2629197  0.97250545 0.6059568  0.1910761147737503
15.0 0.17888841 0.25292963 0.9892101  0.6134648  0.19063866138458252
2.0 0.3428755  0.28442663 0.95829964 0.5953705  0.12757077813148499
14.0 0.2968237  0.25454366 0.980577   0.622462   0.11934566497802734
37.0 0.09227693 0.22684358 0.9896307  0.6420774  0.11841803044080734
32.0 0.09227693 0.22684358 0.9896307  0.6420774  0.10738895833492279
35.0 0.2810158  0.26449832 0.9455263  0.6030624  0.08426317572593689
9.0 0.3428755  0.28442663 0.95829964 0.5953705  0.05891546234488487
7.0 0.17888841 0.25292963 0.9892101  0.6134648  0.05558931455016136
18.0 0.54137796 0.30874175 0.98198634 0.5286767  0.053733546286821365
24.0 0.17888841 0.25292963 0.9892101  0.6134648  0.05197747424244881
38.0 0.3428755  0.28442663 0.95829964 0.5953705  0.05026273429393768
11.0 0.09227693 0.22684358 0.9896307  0.6420774  0.0477781780064106
25.0 0.7316756  0.51153255 1.         1.         0.04721100255846977
16.0 0.6700129 0.5253364 1.        1.        0.04141702875494957
23.0 0.2628658  0.2629197  0.97250545 0.6059568  0.038879647850990295
37.0 0.         0.2170406  1.         0.97311443 0.03862389549612999
18.0 0.09227693 0.22684358 0.9896307  0.6420774  0.038495585322380066
40.0 0.06216958 0.1921311  1.         0.6714661  0.0367034450173378
31.0 0.2628658  0.2629197  0.97250545 0.6059568  0.03393634408712387
5.0 0.17888841 0.25292963 0.9892101  0.6134648  0.03383854776620865
33.0 0.2628658  0.2629197  0.97250545 0.6059568  0.029094886034727097
0.0 0.08268613 0.307155   0.98157865 0.9534502  0.028761107474565506
29.0 0.02565831 0.21422786 1.         0.9766919  0.027399634942412376
17.0 0.3428755  0.28442663 0.95829964 0.5953705  0.02644573152065277
32.0 0.         0.2170406  1.         0.97311443 0.025205416604876518
40.0 0.470338   0.2971342  0.8809209  0.54595053 0.024856043979525566
13.0 0.49468186 0.29282713 0.92059755 0.55180913 0.02484864927828312
31.0 0.6700129 0.5253364 1.        1.        0.02449638769030571
18.0 0.6884115  0.31210303 0.9226705  0.5790357  0.022750619798898697
4.0 0.09868306 0.24247384 1.         0.62031543 0.022233963012695312
19.0 0.17888841 0.25292963 0.9892101  0.6134648  0.02169245108962059
7.0 0.         0.2170406  1.         0.97311443 0.021627256646752357
26.0 0.17888841 0.25292963 0.9892101  0.6134648  0.021058643236756325
27.0 0.09227693 0.22684358 0.9896307  0.6420774  0.020812466740608215
17.0 0.74729484 0.5663569  0.9991234  1.         0.020238297060132027
1.0 0.17888841 0.25292963 0.9892101  0.6134648  0.01970592327415943
34.0 0.17888841 0.25292963 0.9892101  0.6134648  0.01882283203303814
10.0 0.2628658  0.2629197  0.97250545 0.6059568  0.018165025860071182
29.0 0.10503837 0.22081181 0.9582583  0.6546116  0.01800531893968582
15.0 0.        0.1623877 1.        1.        0.01789979077875614
9.0 0.6830738  0.29708606 0.92930084 0.5622442  0.017380420118570328
40.0 0.12332574 0.2497994  0.9556562  0.99601495 0.017333777621388435
40.0 0.639124   0.         1.         0.28502566 0.01708124205470085
32.0 0.33872226 0.28734237 0.95860565 0.58427787 0.017081018537282944
15.0 0.48042083 0.26142034 0.85091496 0.5949563  0.01658676750957966
16.0 0.31185025 0.27817476 0.9519966  0.5999772  0.01657717302441597
0.0 0.56693965 0.2432498  1.         0.6206814  0.016568265855312347
17.0 0.8180241  0.         0.9993287  0.22841838 0.016247009858489037
24.0 0.         0.12592113 1.         1.         0.016021469607949257
17.0 0.8329165  0.00310561 0.9945979  0.11228372 0.014551837928593159
0.0 0.4662197  0.31444404 0.9607886  0.5596811  0.014506824314594269
2.0 0.6031281  0.31234616 0.95610285 0.57492757 0.014187511056661606
0.0 0.5241681 0.6103208 1.        1.        0.014150012284517288
3.0 0.2628658  0.2629197  0.97250545 0.6059568  0.013950147666037083
14.0 0.52709794 0.29056305 0.943931   0.5557247  0.013404982164502144
15.0 0.04230076 0.13528296 1.         0.7387613  0.013301188126206398
42.0 0.38154215 0.2810526  0.9675613  0.59683603 0.013169853948056698
37.0 0.31043482 0.29130286 0.9475     0.5791598  0.013049936853349209
18.0 0.56693965 0.2432498  1.         0.6206814  0.012943493202328682
35.0 0.41736597 0.31486738 0.8190183  0.567799   0.012880063615739346
13.0 0.53418624 0.13926166 0.95799124 0.6222961  0.012682228349149227
38.0 0.6136404  0.27048877 0.9364643  0.6128247  0.012673013843595982
40.0 0.         0.2231991  0.55272675 0.6170578  0.012632208876311779
40.0 0.53418624 0.13926166 0.95799124 0.6222961  0.012599248439073563
5.0 0.         0.2170406  1.         0.97311443 0.012589321471750736
35.0 0.06216958 0.1921311  1.         0.6714661  0.01248350739479065
0.0 0.45679164 0.36785078 0.9059204  0.8965852  0.012180211953818798
18.0 0.59094286 0.32123804 0.8327352  0.56405675 0.012150661088526249
24.0 0.08268613 0.307155   0.98157865 0.9534502  0.012145545333623886
2.0 0.44219726 0.15388888 0.97881716 0.7194943  0.011743969283998013
28.0 0.17888841 0.25292963 0.9892101  0.6134648  0.01126244105398655
36.0 0.40838945 0.23621885 0.93808734 0.6513429  0.011223268695175648
35.0 0.14218882 0.00806463 0.9966353  0.9860361  0.011028335429728031
0.0 0.04230076 0.13528296 1.         0.7387613  0.010551823303103447
37.0 0.45679164 0.36785078 0.9059204  0.8965852  0.010359162464737892
24.0 0.26915622 0.11550254 0.9637954  0.78230524 0.010204117745161057
13.0 0.17573524 0.11903593 0.94817877 0.7787981  0.010055486112833023
38.0 0.7316756  0.51153255 1.         1.         0.009966726414859295
37.0 0.51247865 0.22027963 0.9717534  0.66828483 0.009944428689777851
25.0 0.31185025 0.27817476 0.9519966  0.5999772  0.009883741848170757
17.0 0.7992575  0.77547413 0.99643517 0.9967279  0.00942558515816927
0.0 0.6830738  0.29708606 0.92930084 0.5622442  0.009419349022209644
12.0 0.17888841 0.25292963 0.9892101  0.6134648  0.009218634106218815
31.0 0.80065477 0.         0.99464786 0.2553834  0.00914512574672699
13.0 0.6884115  0.31210303 0.9226705  0.5790357  0.00911275390535593
38.0 0.72024405 0.         0.996995   0.19686821 0.00900353118777275
17.0 0.9191222  0.00188778 0.9970627  0.05702339 0.008980857208371162
7.0 0.51247865 0.22027963 0.9717534  0.66828483 0.00890404637902975
15.0 0.551211   0.30739206 0.79357934 0.5433415  0.008878178894519806
34.0 0.         0.16796142 1.         1.         0.008860916830599308
37.0 0.15191525 0.         1.         0.75235546 0.00884242169559002
13.0 0.54679394 0.31886214 0.78290296 0.55538    0.008772040717303753
36.0 0.12332574 0.2497994  0.9556562  0.99601495 0.008721296675503254
30.0 0.17888841 0.25292963 0.9892101  0.6134648  0.008648542687296867
9.0 0.71808034 0.0024114  0.99976355 0.17820057 0.008555958978831768
29.0 0.         0.         0.98095316 0.6058041  0.008542570285499096
