28.0 0.2344     0.16241917 0.9097079  0.7095394  0.4716345965862274
34.0 0.2344     0.16241917 0.9097079  0.7095394  0.1815236657857895
30.0 0.4783047  0.20089786 0.8699914  0.65118086 0.17917490005493164
29.0 0.22948045 0.15193525 0.90775687 0.7107017  0.14505267143249512
37.0 0.2344     0.16241917 0.9097079  0.7095394  0.14144764840602875
30.0 0.23918116 0.12267068 0.91266525 0.7646675  0.13551099598407745
1.0 0.24867296 0.12583283 0.9078232  0.869069   0.11318038403987885
28.0 0.49741387 0.1941237  0.8637577  0.6806613  0.10234537720680237
26.0 0.2344     0.16241917 0.9097079  0.7095394  0.0923585593700409
29.0 0.47845376 0.18038698 0.85461724 0.67593044 0.08194243907928467
28.0 0.25775123 0.1095241  0.5261482  0.72132564 0.08042740821838379
18.0 0.73105407 0.29128826 0.836488   0.34961188 0.07757697254419327
0.0 0.22958374 0.1626859  0.9169586  0.713722   0.05647779628634453
34.0 0.43317413 0.20291819 0.8783419  0.61436945 0.05576590448617935
5.0 0.22958374 0.1626859  0.9169586  0.713722   0.05203060433268547
4.0 0.2344     0.16241917 0.9097079  0.7095394  0.048825811594724655
10.0 0.22275269 0.15591118 0.9203849  0.72630227 0.048596013337373734
1.0 0.24511155 0.22526243 0.52336407 0.70578635 0.044011190533638
30.0 0.44788033 0.15169373 0.5850758  0.3831949  0.04394567012786865
23.0 0.25069538 0.17734548 0.9027231  0.70315564 0.038593217730522156
30.0 0.49543768 0.21075511 0.58869    0.37323457 0.03659629076719284
30.0 0.39571363 0.1137771  0.7695647  0.69874424 0.03469780087471008
0.0 0.4933745  0.23712844 0.8750336  0.5384531  0.034180741757154465
24.0 0.21417141 0.15880346 0.92928636 0.7184711  0.031856782734394073
29.0 0.16788799 0.03781396 1.         0.9295338  0.0314127653837204
21.0 0.4192378  0.14360937 0.8438906  0.70125926 0.02989140711724758
11.0 0.23724382 0.15103841 0.34529364 0.18648124 0.028843900188803673
32.0 0.22958374 0.1626859  0.9169586  0.713722   0.02825060859322548
4.0 0.47583753 0.17531666 0.7980637  0.6695411  0.027469564229249954
11.0 0.2299554  0.14238128 0.36604223 0.19977611 0.02616533264517784
28.0 0.16788799 0.03781396 1.         0.9295338  0.025968151167035103
30.0 0.52595    0.22403687 0.74143416 0.59182256 0.025079073384404182
33.0 0.23128584 0.14614649 0.35223094 0.19052805 0.024044744670391083
23.0 0.23196228 0.14277014 0.33793294 0.18879834 0.02311374619603157
34.0 0.25158778 0.1494941  0.69576526 0.55460715 0.02197578176856041
26.0 0.25775123 0.1095241  0.5261482  0.72132564 0.021872328594326973
19.0 0.22958374 0.1626859  0.9169586  0.713722   0.02156834490597248
29.0 0.05976433 0.         0.95764285 0.6697111  0.020937716588377953
24.0 0.2299554  0.14238128 0.36604223 0.19977611 0.020794831216335297
38.0 0.73510957 0.2894017  0.8402189  0.3507154  0.0207231268286705
9.0 0.7410335  0.2977266  0.830877   0.34551373 0.020528968423604965
4.0 0.22714153 0.15075183 0.3868815  0.20815948 0.02047973871231079
4.0 0.23962648 0.15266617 0.35438356 0.18837784 0.020346244797110558
4.0 0.25775123 0.1095241  0.5261482  0.72132564 0.020227985456585884
41.0 0.25962514 0.09340328 0.621742   0.7231641  0.02012605220079422
26.0 0.22623363 0.14183463 0.3754386  0.20164333 0.020113810896873474
28.0 0.38566053 0.253698   0.86809695 0.87301636 0.020082421600818634
30.0 0.46840578 0.20000482 0.6320774  0.5839396  0.019192179664969444
14.0 0.71923006 0.2917508  0.83685386 0.3508036  0.019030362367630005
28.0 0.12168261 0.         0.8301717  0.76697284 0.018870869651436806
4.0 0.24994195 0.1625085  0.37073326 0.19585513 0.018596280366182327
37.0 0.5008668  0.19273357 0.869051   0.6694562  0.018454529345035553
28.0 0.4156824  0.15230227 0.71143174 0.6425683  0.017786270007491112
24.0 0.41774046 0.05454333 0.54878324 0.11650066 0.01755484566092491
1.0 0.23492439 0.11417137 0.32014203 0.20529474 0.01731599122285843
33.0 0.25626966 0.13440362 0.8909317  0.7352953  0.017282091081142426
32.0 0.22902945 0.1392952  0.35639092 0.19668658 0.017242098227143288
1.0 0.23530003 0.14706361 0.3335313  0.18518248 0.01674538664519787
11.0 0.22948045 0.15193525 0.90775687 0.7107017  0.016543252393603325
7.0 0.20767012 0.12930298 0.90602446 0.7308151  0.016454564407467842
37.0 0.23724382 0.15103841 0.34529364 0.18648124 0.016337936744093895
38.0 0.6694304 0.639742  1.        1.        0.016184009611606598
5.0 0.43317413 0.20291819 0.8783419  0.61436945 0.015973558649420738
29.0 0.26703686 0.08666444 0.63028467 0.7283096  0.015866568312048912
28.0 0.21828458 0.16771483 0.59778655 0.45610398 0.015866165980696678
41.0 0.22948045 0.15193525 0.90775687 0.7107017  0.015834085643291473
10.0 0.25775123 0.1095241  0.5261482  0.72132564 0.015798257663846016
20.0 0.24867296 0.12583283 0.9078232  0.869069   0.015731513500213623
26.0 0.49058768 0.18391918 0.8632221  0.6710661  0.015601060353219509
28.0 0.25123373 0.31846976 0.472127   0.6773977  0.015324742533266544
34.0 0.16227344 0.         0.80652523 0.8366814  0.015037980861961842
15.0 0.25626966 0.13440362 0.8909317  0.7352953  0.01497179176658392
33.0 0.23837893 0.13794605 0.4033668  0.21154447 0.014929397031664848
28.0 0.6239292  0.23290238 0.85914785 0.5999944  0.014766810461878777
40.0 0.24489018 0.6683859  0.6686499  1.         0.014658316969871521
34.0 0.51644725 0.24258795 0.8440352  0.47825405 0.014598269946873188
26.0 0.23962648 0.15266617 0.35438356 0.18837784 0.014537368901073933
40.0 0.24867296 0.12583283 0.9078232  0.869069   0.014524845406413078
40.0 0.22625342 0.17986453 0.5677614  0.7264208  0.014419885352253914
24.0 0.23724382 0.15103841 0.34529364 0.18648124 0.014258296228945255
13.0 0.23530003 0.14706361 0.3335313  0.18518248 0.014207558706402779
28.0 0.32926783 0.13184911 0.6059147  0.63066524 0.014156571589410305
30.0 0.51644725 0.24258795 0.8440352  0.47825405 0.014115558005869389
1.0 0.4192378  0.14360937 0.8438906  0.70125926 0.01383241731673479
28.0 0.2659419  0.17944103 0.5500766  0.3705449  0.013787762261927128
6.0 0.22406968 0.08614761 1.         0.9884626  0.01375376433134079
14.0 0.24867296 0.12583283 0.9078232  0.869069   0.013546924106776714
1.0 0.25501376 0.41704524 0.50111455 0.6333531  0.013515722006559372
28.0 0.44788033 0.15169373 0.5850758  0.3831949  0.013413031585514545
4.0 0.24010052 0.1597642  0.4404872  0.23457906 0.013203120790421963
21.0 0.19455197 0.07558152 0.8775059  0.7773304  0.013180059380829334
35.0 0.23757952 0.14514619 0.31611896 0.1830231  0.012875808402895927
28.0 0.5341177 0.2184757 0.7361301 0.6369881 0.01278900820761919
23.0 0.23492439 0.11417137 0.32014203 0.20529474 0.01277135033160448
29.0 0.2060768 0.        1.        0.7827214 0.012746231630444527
34.0 0.2659419  0.17944103 0.5500766  0.3705449  0.012616457417607307
29.0 0.5007735  0.20472327 0.583551   0.37753245 0.012584635987877846
23.0 0.23518768 0.13445523 0.28941086 0.19375208 0.012509805150330067
4.0 0.19534779 0.         1.         1.         0.012503416277468204
30.0 0.17344266 0.         1.         0.6892153  0.012502397410571575
