28.0 0.1290631  0.20381117 0.45021453 0.9819069  0.24064797163009644
23.0 0.13994825 0.30421847 0.34490952 0.7913628  0.1524876207113266
1.0 0.11847928 0.20371515 0.45936403 1.         0.15001000463962555
4.0 0.1290631  0.20381117 0.45021453 0.9819069  0.13838109374046326
26.0 0.13503183 0.27019298 0.3913204  0.90104115 0.1243026927113533
23.0 0.1290631  0.20381117 0.45021453 0.9819069  0.11869273334741592
23.0 0.1199825  0.33999985 0.33632132 0.59783715 0.11671747267246246
34.0 0.1290631  0.20381117 0.45021453 0.9819069  0.09174446016550064
1.0 0.13683295 0.31082523 0.33048972 0.7510598  0.08773297071456909
28.0 0.13683295 0.31082523 0.33048972 0.7510598  0.0874796211719513
29.0 0.1290631  0.20381117 0.45021453 0.9819069  0.08413673937320709
4.0 0.12190279 0.2872802  0.36463767 0.8248881  0.07802863419055939
30.0 0.1290631  0.20381117 0.45021453 0.9819069  0.07599564641714096
26.0 0.11583869 0.08458567 0.52199554 1.         0.07220865041017532
34.0 0.13683295 0.31082523 0.33048972 0.7510598  0.05883011594414711
13.0 0.13060722 0.28186566 0.36954138 0.87801677 0.0516589879989624
19.0 0.13503183 0.27019298 0.3913204  0.90104115 0.04814905300736427
29.0 0.13683295 0.31082523 0.33048972 0.7510598  0.046489931643009186
21.0 0.14075792 0.1591393  0.47775817 0.9702796  0.04214625433087349
37.0 0.13683295 0.31082523 0.33048972 0.7510598  0.04026765748858452
30.0 0.13683295 0.31082523 0.33048972 0.7510598  0.03941716253757477
33.0 0.14986734 0.18408811 0.44914836 0.93157446 0.038582902401685715
40.0 0.1290631  0.20381117 0.45021453 0.9819069  0.03842370957136154
29.0 0.13010693 0.20398408 1.         1.         0.032836467027664185
37.0 0.1290631  0.20381117 0.45021453 0.9819069  0.03271499648690224
28.0 0.16000494 0.04858264 0.64010537 1.         0.03064354881644249
33.0 0.13683295 0.31082523 0.33048972 0.7510598  0.030440369620919228
26.0 0.09802438 0.15650037 0.35691714 0.6945889  0.030137136578559875
13.0 0.11025    0.19258854 0.47897983 1.         0.02933211624622345
13.0 0.12466913 0.33575404 0.33823174 0.6605522  0.028371671214699745
4.0 0.16000494 0.04858264 0.64010537 1.         0.0280038733035326
1.0 0.1032593  0.33691043 0.33403277 0.53777236 0.025865647941827774
10.0 0.1290631  0.20381117 0.45021453 0.9819069  0.025862354785203934
26.0 0.1307512  0.30850935 0.32544732 0.633659   0.02509538270533085
1.0 0.         0.20625693 0.61081076 1.         0.024611152708530426
29.0 0.03409943 0.04248893 0.7763392  1.         0.024432634934782982
11.0 0.1199825  0.33999985 0.33632132 0.59783715 0.024317288771271706
37.0 0.1032593  0.33691043 0.33403277 0.53777236 0.02393440343439579
25.0 0.69377047 0.4860444  1.         1.         0.02391200140118599
26.0 0.17921431 0.         0.67818296 0.88324034 0.02346818707883358
4.0 0.12317343 0.207166   0.3292355  0.63303155 0.02268063835799694
1.0 0.09802438 0.15650037 0.35691714 0.6945889  0.02197774313390255
32.0 0.13994825 0.30421847 0.34490952 0.7913628  0.021855860948562622
34.0 0.16000494 0.04858264 0.64010537 1.         0.021153060719370842
34.0 0.09802438 0.15650037 0.35691714 0.6945889  0.02103596180677414
8.0 0.14986734 0.18408811 0.44914836 0.93157446 0.021011000499129295
28.0 0.09802438 0.15650037 0.35691714 0.6945889  0.02079666219651699
23.0 0.09180823 0.05640388 0.5515169  0.80986416 0.020794350653886795
12.0 0.14986734 0.18408811 0.44914836 0.93157446 0.02053200639784336
26.0 0.16316131 0.         0.3854443  0.6414648  0.02029285579919815
0.0 0.1290631  0.20381117 0.45021453 0.9819069  0.01947442814707756
21.0 0.26298732 0.07730463 0.96661645 1.         0.019023437052965164
33.0 0.12074181 0.         0.74634707 0.8219948  0.018863897770643234
0.0 0.13683295 0.31082523 0.33048972 0.7510598  0.018746843561530113
10.0 0.26298732 0.07730463 0.96661645 1.         0.0180526040494442
32.0 0.1290631  0.20381117 0.45021453 0.9819069  0.017968591302633286
11.0 0.00169756 0.90980077 0.12501839 0.9967555  0.016006458550691605
19.0 0.11583869 0.08458567 0.52199554 1.         0.01597202941775322
4.0 0.16316131 0.         0.3854443  0.6414648  0.015759911388158798
23.0 0.1577514  0.17208087 0.36418146 0.6521738  0.015741262584924698
0.0 0.1032593  0.33691043 0.33403277 0.53777236 0.01573624648153782
2.0 0.14986734 0.18408811 0.44914836 0.93157446 0.015598680824041367
30.0 0.16000494 0.04858264 0.64010537 1.         0.01556228008121252
40.0 0.1485602  0.29062107 0.35342792 0.84952986 0.015222202055156231
3.0 0.13994825 0.30421847 0.34490952 0.7913628  0.015114501118659973
37.0 0.12256906 0.34424105 0.28113416 0.46244428 0.014982574619352818
34.0 0.19129649 0.28823367 0.4046543  0.79994977 0.014615093357861042
31.0 0.14986734 0.18408811 0.44914836 0.93157446 0.014587176963686943
42.0 0.1290631  0.20381117 0.45021453 0.9819069  0.014509237371385098
1.0 0.00169756 0.90980077 0.12501839 0.9967555  0.014495708979666233
35.0 0.13683295 0.31082523 0.33048972 0.7510598  0.014226356521248817
40.0 0.1199825  0.33999985 0.33632132 0.59783715 0.014153244905173779
29.0 0.        0.4273521 1.        1.        0.01409581582993269
8.0 0.13994825 0.30421847 0.34490952 0.7913628  0.014015140011906624
2.0 0.13171025 0.31388158 0.3235761  0.6795265  0.013966495171189308
26.0 0.04787886 0.2274059  0.7346676  1.         0.013926553539931774
20.0 0.1290631  0.20381117 0.45021453 0.9819069  0.013797597028315067
3.0 0.12941551 0.19212863 0.46929973 1.         0.013636982999742031
28.0 0.10760318 0.35369095 0.33970815 0.58577836 0.013576114550232887
29.0 0. 0. 1. 1. 0.013242227956652641
34.0 0.16316131 0.         0.3854443  0.6414648  0.013189117424190044
10.0 0.49842834 0.         1.         0.8965093  0.012597641907632351
23.0 0.21535763 0.         0.5208031  0.38606805 0.012549747712910175
33.0 0.24041113 0.         0.7135484  0.27413493 0.01250169612467289
29.0 0.12437906 0.31997496 0.30726373 0.57566136 0.012267444282770157
28.0 0.03910619 0.         1.         1.         0.012215442955493927
26.0 0.23865059 0.         0.45681956 0.4907902  0.012209346517920494
6.0 0.1290631  0.20381117 0.45021453 0.9819069  0.012145676650106907
9.0 0.1290631  0.20381117 0.45021453 0.9819069  0.012054523453116417
19.0 0.13621718 0.30179995 0.3266863  0.653895   0.011812468059360981
33.0 0.26960385 0.         0.55908895 0.3892572  0.011698962189257145
7.0 0.11847928 0.20371515 0.45936403 1.         0.011637446470558643
23.0 0.12256906 0.34424105 0.28113416 0.46244428 0.011620796285569668
26.0 0.19059686 0.22945556 0.4934464  0.83629715 0.011526292189955711
1.0 0.1228719  0.03499949 0.32346207 0.56177497 0.011526074260473251
29.0 0.19308989 0.12977439 0.5752152  0.9139125  0.011481139808893204
11.0 0.12941551 0.19212863 0.46929973 1.         0.011435359716415405
35.0 0.1290631  0.20381117 0.45021453 0.9819069  0.011356133967638016
42.0 0.13683295 0.31082523 0.33048972 0.7510598  0.011202258989214897
11.0 0.01200277 0.91217834 0.10590415 0.9548978  0.011082503013312817
