6.0 0.12901717 0.23572773 0.85955256 0.7600842  0.8634396195411682
9.0 0.12386307 0.24588779 0.76993024 0.7438772  0.4716702401638031
14.0 0.12573111 0.23638162 0.8639604  0.7587141  0.08515201508998871
13.0 0.12573111 0.23638162 0.8639604  0.7587141  0.08008717745542526
1.0 0.13095012 0.23131713 0.86407423 0.76526546 0.07501290738582611
9.0 0.14302847 0.27911043 0.4919578  0.70659506 0.07429388165473938
20.0 0.16361344 0.22880813 0.786388   0.76309943 0.07075923681259155
22.0 0.16361344 0.22880813 0.786388   0.76309943 0.0511762909591198
36.0 0.12186319 0.23924473 0.86698073 0.76952326 0.03997902199625969
29.0 0.12102291 0.23549137 0.85977674 0.759071   0.038200195878744125
3.0 0.08239818 0.24534409 0.8607794  0.7434936  0.033849842846393585
40.0 0.08239818 0.24534409 0.8607794  0.7434936  0.032914627343416214
19.0 0.15231836 0.16319695 0.84188914 0.7747928  0.032104603946208954
2.0 0.16361344 0.22880813 0.786388   0.76309943 0.028838546946644783
11.0 0.08239818 0.24534409 0.8607794  0.7434936  0.02781282737851143
6.0 0.         0.01542681 1.         0.82571286 0.02705085277557373
23.0 0.13971257 0.13465554 0.9285507  0.8974393  0.026658495888113976
37.0 0.16361344 0.22880813 0.786388   0.76309943 0.02614808827638626
8.0 0.11099809 0.22106665 0.85396236 0.7597206  0.024968557059764862
23.0 0.        0.        1.        0.8652981 0.024565184488892555
33.0 0.16083455 0.206783   0.80567545 0.7613005  0.022930866107344627
32.0 0.16361344 0.22880813 0.786388   0.76309943 0.019732534885406494
25.0 0.19005153 0.2296524  0.80500627 0.752564   0.019108107313513756
9.0 0.         0.01542681 1.         0.82571286 0.019017916172742844
23.0 0. 0. 1. 1. 0.01724548451602459
41.0 0.16361344 0.22880813 0.786388   0.76309943 0.01679600030183792
6.0 0.20898817 0.27548864 0.58766013 0.71480715 0.016691550612449646
17.0 0.14857149 0.25857723 0.63930625 0.7378946  0.016107430681586266
42.0 0.14511463 0.2597633  0.6484767  0.7532838  0.015824798494577408
38.0 0.7099587  0.82094055 1.         1.         0.015215706080198288
13.0 0.14450786 0.29218397 0.51488566 0.7333293  0.015093609690666199
26.0 0.12419993 0.         0.838181   0.7114177  0.014889393001794815
31.0 0.0849362 0.2641334 0.8475546 0.7322426 0.013778863474726677
18.0 0.17077804 0.22224122 0.7929845  0.7597921  0.012786437757313251
36.0 0.1602941  0.29394186 0.5687238  0.73605    0.012535495683550835
13.0 0.        0.        1.        0.8652981 0.012393767945468426
9.0 0.        0.        1.        0.7994208 0.01232697069644928
28.0 0.12419993 0.         0.838181   0.7114177  0.012250365689396858
13.0 0.05912188 0.         1.         0.700687   0.012182546779513359
27.0 0.16361344 0.22880813 0.786388   0.76309943 0.012176397256553173
4.0 0.05730486 0.         1.         0.8486467  0.011995652690529823
9.0 0.21852073 0.24156478 1.         0.878873   0.011941637843847275
19.0 0.12410706 0.         1.         1.         0.011372532695531845
8.0 0.1013782 0.        1.        0.7966005 0.011205877177417278
1.0 0.         0.         0.923841   0.70491546 0.01118389330804348
24.0 0.16186032 0.19472408 0.8294755  0.8124367  0.01102998573333025
34.0 0.16361344 0.22880813 0.786388   0.76309943 0.010529597289860249
15.0 0.16361344 0.22880813 0.786388   0.76309943 0.010169201530516148
10.0 0.12419993 0.         0.838181   0.7114177  0.010092530399560928
35.0 0.08239818 0.24534409 0.8607794  0.7434936  0.01004398800432682
33.0 0.        0.        1.        0.8652981 0.010000853799283504
17.0 0.92814076 0.00181912 0.9961488  0.05579489 0.009724130854010582
2.0 0.        0.        1.        0.8652981 0.009683476760983467
13.0 0.18517816 0.22431278 0.956246   1.         0.00952140986919403
34.0 0.14615029 0.         0.9680534  0.77817464 0.009333739057183266
9.0 0.12554914 0.27179068 0.65115064 0.5177333  0.00930132158100605
12.0 0.12901717 0.23572773 0.85955256 0.7600842  0.009168539196252823
38.0 0.16361344 0.22880813 0.786388   0.76309943 0.008940658532083035
16.0 0.16361344 0.22880813 0.786388   0.76309943 0.008886368945240974
17.0 0.         0.01542681 1.         0.82571286 0.008884723298251629
33.0 0.         0.01542681 1.         0.82571286 0.008842338807880878
2.0 0.04003707 0.03682676 0.8972446  0.9801476  0.008837107568979263
11.0 0.         0.01542681 1.         0.82571286 0.008803537115454674
42.0 0.11186367 0.13233474 0.8764938  0.8354262  0.008759470656514168
1.0 0.5283286 0.2788633 0.805172  0.7199117 0.00855737179517746
8.0 0.         0.01542681 1.         0.82571286 0.00853915698826313
30.0 0.11364618 0.25603354 0.8313042  0.7279856  0.008442968130111694
1.0 0.12410706 0.         1.         1.         0.00839664414525032
6.0 0.1013782 0.        1.        0.7966005 0.008316135965287685
29.0 0.1013782 0.        1.        0.7966005 0.008123951964080334
14.0 0.16369395 0.28085595 0.5486124  0.71235067 0.00800990965217352
17.0 0.13971257 0.13465554 0.9285507  0.8974393  0.008000814355909824
26.0 0.12410706 0.         1.         1.         0.007975226268172264
29.0 0.         0.         0.923841   0.70491546 0.007907073944807053
1.0 0.11772862 0.11111432 0.99752724 1.         0.00790199264883995
0.0 0.16361344 0.22880813 0.786388   0.76309943 0.007842746563255787
3.0 0.04003707 0.03682676 0.8972446  0.9801476  0.007825098000466824
9.0 0.1924966  0.46997744 0.6395929  0.68192905 0.0076797762885689735
9.0 0.0485279  0.22702587 0.84345466 1.         0.0073174601420760155
39.0 0.16361344 0.22880813 0.786388   0.76309943 0.0072286976501345634
6.0 0.11294425 0.28717425 0.99542844 1.         0.007181738503277302
17.0 0.1013782 0.        1.        0.7966005 0.0069935922510921955
33.0 0.1158098 0.        1.        0.5712846 0.006949236150830984
21.0 0.12419993 0.         0.838181   0.7114177  0.006943900603801012
1.0 0.14302847 0.27911043 0.4919578  0.70659506 0.006876667961478233
32.0 0.12410706 0.         1.         1.         0.006874681916087866
6.0 0.         0.         0.9069428  0.60120463 0.00684443861246109
19.0 0.30970034 0.27024108 0.6931684  0.7080808  0.006809249985963106
9.0 0.1158098 0.        1.        0.5712846 0.006747263949364424
35.0 0.        0.        1.        0.8652981 0.00668118242174387
34.0 0. 0. 1. 1. 0.006642241962254047
24.0 0.04383528 0.02206084 0.9880053  1.         0.006589546799659729
6.0 0.34414423 0.27690756 1.         0.7914579  0.0065886229276657104
26.0 0.26356122 0.2731916  0.6314088  0.7077755  0.006565900519490242
23.0 0.3044188  0.         1.         0.67572486 0.006547817029058933
35.0 0.40652487 0.         1.         0.78869635 0.0065423171035945415
40.0 0.14615029 0.         0.9680534  0.77817464 0.006504288408905268
4.0 0.12410706 0.         1.         1.         0.006502658128738403
14.0 0.         0.         1.         0.79702675 0.006499704904854298
34.0 0.26356122 0.2731916  0.6314088  0.7077755  0.0064889672212302685
