15.0 0.43671322 0.78855604 0.72885656 0.90357727 0.46546196937561035
14.0 0.3170544  0.16859488 0.6542517  0.32759452 0.41071784496307373
38.0 0.48026794 0.35466203 0.7209119  0.5589018  0.23221836984157562
35.0 0.44715443 0.7970902  0.7026267  0.90188074 0.2164275199174881
14.0 0.48026794 0.35466203 0.7209119  0.5589018  0.20499436557292938
18.0 0.31559625 0.16423923 0.6725004  0.32913768 0.1974630504846573
14.0 0.3349394 0.1965277 0.7053546 0.5036967 0.19625794887542725
40.0 0.44715267 0.78755546 0.701402   0.9052844  0.18530425429344177
10.0 0.31034327 0.11477399 0.7477701  0.923759   0.18431708216667175
40.0 0.4811944  0.35590336 0.7129369  0.5584498  0.17850956320762634
20.0 0.32083747 0.11031568 0.74144983 0.94084656 0.17582227289676666
1.0 0.31034327 0.11477399 0.7477701  0.923759   0.17464587092399597
7.0 0.3101599  0.16868731 0.65400445 0.3247405  0.1695653200149536
24.0 0.43955266 0.79285115 0.7306018  0.89741975 0.16941885650157928
20.0 0.3170544  0.16859488 0.6542517  0.32759452 0.1493605375289917
14.0 0.31034327 0.11477399 0.7477701  0.923759   0.14254702627658844
7.0 0.4788292  0.35427096 0.71794325 0.55882835 0.14247830212116241
18.0 0.48026794 0.35466203 0.7209119  0.5589018  0.12122994661331177
2.0 0.44715443 0.7970902  0.7026267  0.90188074 0.11584220081567764
40.0 0.32410637 0.13805938 0.75867224 0.95493853 0.1133626326918602
36.0 0.314601   0.16125476 0.64814574 0.33307406 0.1028490737080574
7.0 0.31322518 0.10973987 0.74677575 0.9421482  0.09892164915800095
15.0 0.44641012 0.7422614  0.75938314 0.95596254 0.09278614819049835
14.0 0.36867505 0.30244386 0.7328034  0.736439   0.09262571483850479
32.0 0.442577   0.7935971  0.72447133 0.8999212  0.09200744330883026
5.0 0.43671322 0.78855604 0.72885656 0.90357727 0.08672219514846802
40.0 0.4354743  0.30831116 0.72226346 0.73153037 0.08542902022600174
36.0 0.31322518 0.10973987 0.74677575 0.9421482  0.08306557685136795
0.0 0.44877362 0.77876055 0.7336817  0.9243138  0.08124713599681854
11.0 0.3101599  0.16868731 0.65400445 0.3247405  0.07804698497056961
27.0 0.32083747 0.11031568 0.74144983 0.94084656 0.07240129262208939
29.0 0.32410637 0.13805938 0.75867224 0.95493853 0.06863338500261307
32.0 0.32083747 0.11031568 0.74144983 0.94084656 0.06489203870296478
3.0 0.3170544  0.16859488 0.6542517  0.32759452 0.0630408450961113
6.0 0.32085955 0.16692132 0.6461143  0.32727465 0.06148041412234306
20.0 0.27287316 0.14078718 0.7587341  0.57610977 0.05862138047814369
38.0 0.3247962  0.11552057 0.73463476 0.9097091  0.05596590042114258
38.0 0.4184869  0.29679903 0.73731226 0.66538393 0.05142040550708771
12.0 0.31322518 0.10973987 0.74677575 0.9421482  0.05085434764623642
18.0 0.44877362 0.77876055 0.7336817  0.9243138  0.0507158562541008
42.0 0.4788292  0.35427096 0.71794325 0.55882835 0.05047839134931564
9.0 0.31770107 0.16468216 0.6711632  0.328548   0.047924239188432693
24.0 0.3101599  0.16868731 0.65400445 0.3247405  0.047672338783741
42.0 0.3247962  0.11552057 0.73463476 0.9097091  0.04637125879526138
42.0 0.31770107 0.16468216 0.6711632  0.328548   0.045738108456134796
7.0 0.27287316 0.14078718 0.7587341  0.57610977 0.04523656144738197
42.0 0.4184869  0.29679903 0.73731226 0.66538393 0.04474320635199547
1.0 0.36867505 0.30244386 0.7328034  0.736439   0.04461155831813812
32.0 0.3101599  0.16868731 0.65400445 0.3247405  0.044534292072057724
37.0 0.44293448 0.7901523  0.72146916 0.90388834 0.04390491545200348
10.0 0.3101599  0.16868731 0.65400445 0.3247405  0.043612971901893616
18.0 0.3349394 0.1965277 0.7053546 0.5036967 0.04357447847723961
18.0 0.4184869  0.29679903 0.73731226 0.66538393 0.03940325602889061
40.0 0.416159   0.72375274 0.7571362  0.9549087  0.03887677937746048
40.0 0.31770107 0.16468216 0.6711632  0.328548   0.03866928443312645
28.0 0.3091816  0.16803882 0.65425813 0.32106832 0.03832390531897545
27.0 0.29379922 0.16287827 1.         0.92574716 0.03825933858752251
35.0 0.44208962 0.74649787 0.7380374  0.9450358  0.037156056612730026
1.0 0.48909044 0.34670746 0.70412123 0.6877947  0.037125226110219955
10.0 0.21073332 0.06602004 0.9606068  0.73350465 0.03644326329231262
39.0 0.25986084 0.         0.9478867  0.9854406  0.03632117807865143
20.0 0.2877849  0.5869654  0.46545395 0.6959849  0.03586160019040108
2.0 0.44208962 0.74649787 0.7380374  0.9450358  0.03572624921798706
38.0 0.31702235 0.16582939 0.6753458  0.3408142  0.034729860723018646
7.0 0.4184869  0.29679903 0.73731226 0.66538393 0.03457042574882507
37.0 0.32410637 0.13805938 0.75867224 0.95493853 0.03441344574093819
9.0 0.48026794 0.35466203 0.7209119  0.5589018  0.03388843685388565
36.0 0.32825232 0.19242099 0.5897504  0.29481414 0.03381337970495224
22.0 0.31034327 0.11477399 0.7477701  0.923759   0.033592887222766876
5.0 0.32410637 0.13805938 0.75867224 0.95493853 0.03300720453262329
20.0 0.19536895 0.         1.         1.         0.03256648778915405
40.0 0.39374667 0.3981529  0.70145375 0.93786496 0.031607549637556076
36.0 0.48487815 0.3498834  0.71454173 0.56383824 0.03123691864311695
3.0 0.31034327 0.11477399 0.7477701  0.923759   0.03059505857527256
27.0 0.4788292  0.35427096 0.71794325 0.55882835 0.030323732644319534
24.0 0.44641012 0.7422614  0.75938314 0.95596254 0.03029794432222843
41.0 0.3101599  0.16868731 0.65400445 0.3247405  0.030152957886457443
0.0 0.48737645 0.350827   0.71147907 0.63604236 0.03002522513270378
28.0 0.32410637 0.13805938 0.75867224 0.95493853 0.029474331066012383
14.0 0.32825232 0.19242099 0.5897504  0.29481414 0.02933952584862709
6.0 0.31034327 0.11477399 0.7477701  0.923759   0.029158251360058784
13.0 0.44877362 0.77876055 0.7336817  0.9243138  0.028525738045573235
42.0 0.35981488 0.17790572 0.6946106  0.53527975 0.028317749500274658
11.0 0.3069921  0.13594198 0.75602573 0.66972494 0.028256438672542572
40.0 0.44518742 0.80453247 0.58879125 0.9042726  0.027173113077878952
5.0 0.3101599  0.16868731 0.65400445 0.3247405  0.027115359902381897
31.0 0.44877362 0.77876055 0.7336817  0.9243138  0.026845939457416534
8.0 0.31322518 0.10973987 0.74677575 0.9421482  0.02668820321559906
10.0 0.47415152 0.3595719  0.72111845 0.55910444 0.026346029713749886
21.0 0.3170544  0.16859488 0.6542517  0.32759452 0.025634534657001495
18.0 0.3247962  0.11552057 0.73463476 0.9097091  0.025633638724684715
9.0 0.3247962  0.11552057 0.73463476 0.9097091  0.025550037622451782
27.0 0.442577   0.7935971  0.72447133 0.8999212  0.025484438985586166
41.0 0.31034327 0.11477399 0.7477701  0.923759   0.025479240342974663
1.0 0.3170544  0.16859488 0.6542517  0.32759452 0.025261452421545982
36.0 0.4354743  0.30831116 0.72226346 0.73153037 0.025220248848199844
13.0 0.44518742 0.80453247 0.58879125 0.9042726  0.025005130097270012
0.0 0.3247962  0.11552057 0.73463476 0.9097091  0.02497061900794506
35.0 0.45926544 0.79229814 0.5909611  0.91235226 0.02463899552822113
20.0 0.4744498  0.35825422 0.7212722  0.55949646 0.02460968866944313
