23.0 0.577672   0.5460893  0.7982029  0.95287573 0.09441159665584564
1.0 0.3937539  0.40332785 0.9259136  1.         0.07817491888999939
1.0 0.52224237 0.42979413 0.8020666  0.9178466  0.05683749169111252
23.0 0.5627267  0.6325381  0.79471344 0.8351102  0.05512875318527222
6.0 0.16880631 0.3982772  0.66811085 0.67842734 0.04463668167591095
7.0 0.5593259  0.38382584 0.8029253  0.5473932  0.04388519376516342
1.0 0.5982377  0.552177   0.821814   0.98394495 0.04264692962169647
1.0 0.5634271  0.61291075 0.7931615  0.8671521  0.03880256414413452
23.0 0.4396864 0.4535058 0.9020735 0.9544881 0.03871457651257515
26.0 0.3937539  0.40332785 0.9259136  1.         0.03775373846292496
6.0 0.11779669 0.19992715 1.         1.         0.03577682003378868
26.0 0.5767878 0.5051178 0.8363123 1.        0.027917418628931046
14.0 0.43577883 0.3728061  0.8307668  0.7943672  0.02596401423215866
14.0 0.19502282 0.39060187 0.7617866  0.6972163  0.02478637732565403
1.0 0.0326457  0.08420068 1.         1.         0.020858313888311386
23.0 0.5798243  0.54123414 0.94514763 1.         0.01979231834411621
38.0 0.574229   0.38243654 0.8093848  0.5453759  0.018262581899762154
26.0 0.22497457 0.31152526 0.87883276 1.         0.018040740862488747
33.0 0.48730212 0.40789023 0.87817043 1.         0.0175275057554245
13.0 0.5634271  0.61291075 0.7931615  0.8671521  0.017140746116638184
23.0 0.33132684 0.33837888 0.982404   1.         0.016855042427778244
40.0 0.56927764 0.42688048 0.8387053  0.9486996  0.01683487929403782
14.0 0.5440316  0.38682365 0.9908172  0.80032635 0.015755748376250267
11.0 0.5634271  0.61291075 0.7931615  0.8671521  0.015554283745586872
20.0 0.11608644 0.41009986 0.5407999  0.66904366 0.015219529159367085
1.0 0.34123772 0.44770217 0.8265614  0.79359746 0.015026344917714596
1.0 0.6244986  0.47093737 0.9780662  1.         0.014723182655870914
13.0 0.569115   0.47423905 0.8361184  1.         0.014713307842612267
14.0 0.48387796 0.379654   0.80315465 0.57289153 0.0145349632948637
28.0 0.48730212 0.40789023 0.87817043 1.         0.014360059052705765
33.0 0.20843062 0.8554269  0.45514432 1.         0.014051408506929874
1.0 0.5080143  0.29632396 1.         1.         0.014009356498718262
31.0 0.8985016  0.         0.9963283  0.18183607 0.01398519054055214
1.0 0.5685386  0.40720826 0.7687095  0.7435079  0.013115283101797104
1.0 0.01678525 0.8069141  0.18011726 1.         0.012913651764392853
17.0 0.93741584 0.4085127  1.         0.5695887  0.012844204902648926
6.0 0.03469388 0.71364653 0.52307636 1.         0.012622762471437454
14.0 0.5364164  0.41704485 0.7931485  0.6845144  0.012613968923687935
26.0 0.         0.25805804 0.25741684 0.39903906 0.012599659152328968
40.0 0.6991991  0.         1.         0.30066156 0.012505925260484219
40.0 0.8356133 0.        1.        0.1929391 0.012491823174059391
1.0 0.592548   0.49791765 0.82134306 0.78531516 0.012197211384773254
11.0 0.19502282 0.39060187 0.7617866  0.6972163  0.012136178091168404
23.0 0.5645944  0.6526735  0.6529778  0.78272235 0.011978800408542156
32.0 0.5983395 0.5090759 0.8121763 0.9535204 0.011867353692650795
37.0 0.57877636 0.5782471  0.78285146 0.92032444 0.011732270941138268
8.0 0.11608644 0.41009986 0.5407999  0.66904366 0.011553754098713398
1.0 0.14107257 0.         1.         1.         0.011522538028657436
22.0 0.14097308 0.41924322 0.5229284  0.6495236  0.011484116315841675
14.0 0.56927764 0.42688048 0.8387053  0.9486996  0.01147585827857256
34.0 0.48730212 0.40789023 0.87817043 1.         0.01143610943108797
34.0 0.6036578  0.5710406  0.79215604 0.938865   0.011137347668409348
33.0 0.11779669 0.19992715 1.         1.         0.011097334325313568
24.0 0.12934679 0.2962696  0.29907298 0.34826374 0.010857212357223034
26.0 0.5080143  0.29632396 1.         1.         0.010829915292561054
7.0 0.51246035 0.37227088 0.8843365  0.8279188  0.010671381838619709
13.0 0.3937539  0.40332785 0.9259136  1.         0.010345387272536755
6.0 0.21164641 0.8716193  0.41413686 0.9978258  0.010280094109475613
17.0 0.9116944  0.         1.         0.14516968 0.010233387351036072
6.0 0.18701148 0.02476662 1.         1.         0.01008741557598114
37.0 0.48730212 0.40789023 0.87817043 1.         0.009944354183971882
6.0 0.         0.15713632 0.7679383  1.         0.009866057895123959
11.0 0.2449694  0.77593553 0.37328342 0.8388891  0.009811392053961754
4.0 0.5767878 0.5051178 0.8363123 1.        0.00977402739226818
1.0 0.49033597 0.41588    0.80006313 0.63730276 0.009670965373516083
33.0 0.6036578  0.5710406  0.79215604 0.938865   0.009620659053325653
23.0 0.4718588  0.56641865 0.80164987 0.813051   0.00960853137075901
1.0 0.24217755 0.25249767 1.         1.         0.00947137363255024
6.0 0.4396864 0.4535058 0.9020735 0.9544881 0.00937017984688282
26.0 0.00681673 0.         0.18315792 0.21432573 0.009369658306241035
1.0 0.5650004  0.43642855 1.         0.9563376  0.009336670860648155
26.0 0.5634271  0.61291075 0.7931615  0.8671521  0.009316004812717438
20.0 0.16557956 0.         0.9808159  0.9979907  0.009191052988171577
40.0 0.7683575  0.         1.         0.23337463 0.009112134575843811
6.0 0.09953855 0.8280367  0.4773783  0.99524707 0.009100752882659435
11.0 0.43577883 0.3728061  0.8307668  0.7943672  0.009064571000635624
33.0 0.03163488 0.77252    0.51952547 1.         0.008954810909926891
20.0 0.1959402  0.35987902 0.7654954  0.65308654 0.008883186616003513
26.0 0.00961667 0.17253156 0.1764117  0.41710055 0.008866128511726856
4.0 0.         0.26447764 0.29508895 0.39643016 0.008765770122408867
29.0 0.06410557 0.02637279 1.         0.8410174  0.008750619366765022
7.0 0.60503125 0.3803793  0.90806305 0.58137345 0.008661794476211071
12.0 0.03409904 0.12680197 0.87188387 1.         0.008555321022868156
26.0 0.0326457  0.08420068 1.         1.         0.008518299087882042
3.0 0.16880631 0.3982772  0.66811085 0.67842734 0.008437332697212696
24.0 0.47625947 0.44333518 0.83497095 0.8676435  0.008401087485253811
1.0 0.19502282 0.39060187 0.7617866  0.6972163  0.008333283476531506
6.0 0.08535755 0.         1.         0.67718387 0.008318889886140823
4.0 0.08813602 0.29485428 0.24830785 0.34713393 0.008274747058749199
17.0 0.93909353 0.42440873 0.99634653 0.47475225 0.008268719539046288
26.0 0.01368894 0.7530824  0.18826771 1.         0.008266279473900795
1.0 0.33286336 0.21841225 0.9455708  0.78672254 0.008258484303951263
35.0 0.57877636 0.5782471  0.78285146 0.92032444 0.008247010409832
3.0 0.45018056 0.3553593  0.9059355  1.         0.00824014563113451
1.0 0.4718588  0.56641865 0.80164987 0.813051   0.008217602036893368
7.0 0.5460515  0.41730684 0.8361846  0.63938767 0.008174862712621689
32.0 0.48730212 0.40789023 0.87817043 1.         0.008140270598232746
6.0 0. 0. 1. 1. 0.008058899082243443
34.0 0.38491103 0.30568534 0.94669735 1.         0.008050830103456974
38.0 0.6452618 0.4164997 0.8013961 0.5215732 0.00802698079496622
