36.0 0.5046935  0.4519192  0.74259806 0.6314964  0.637005090713501
25.0 0.3315884  0.08992665 0.53408635 0.37684673 0.6266108155250549
9.0 0.5124046  0.4548322  0.750658   0.62959003 0.5531166195869446
21.0 0.3338786  0.08127643 0.52899295 0.3771202  0.4872681200504303
15.0 0.525405  0.7213139 0.7403868 0.8853349 0.4538615047931671
30.0 0.3315884  0.08992665 0.53408635 0.37684673 0.41398778557777405
16.0 0.525405  0.7213139 0.7403868 0.8853349 0.295642614364624
7.0 0.525405  0.7213139 0.7403868 0.8853349 0.28243228793144226
27.0 0.525405  0.7213139 0.7403868 0.8853349 0.2177761346101761
5.0 0.5251117 0.7248141 0.738552  0.8828437 0.21490055322647095
32.0 0.525405  0.7213139 0.7403868 0.8853349 0.18443630635738373
40.0 0.5230925 0.7234548 0.7383379 0.8830369 0.184061199426651
14.0 0.50730085 0.44845885 0.75177383 0.6322089  0.16749826073646545
29.0 0.3315884  0.08992665 0.53408635 0.37684673 0.12057217955589294
10.0 0.33877945 0.06078301 0.72994924 0.48793584 0.11256659030914307
42.0 0.5036764  0.45197502 0.7435162  0.6317544  0.11241179704666138
9.0 0.5135468  0.45650598 0.7371485  0.7959864  0.1085662692785263
38.0 0.5138693  0.45342493 0.74914336 0.623947   0.10255015641450882
20.0 0.525405  0.7213139 0.7403868 0.8853349 0.10125280916690826
28.0 0.3315884  0.08992665 0.53408635 0.37684673 0.10028736293315887
18.0 0.50730085 0.44845885 0.75177383 0.6322089  0.0932038277387619
17.0 0.5124046  0.4548322  0.750658   0.62959003 0.0894014835357666
38.0 0.525405  0.7213139 0.7403868 0.8853349 0.07943504303693771
38.0 0.5224718  0.46106777 0.743281   0.7907381  0.07866472005844116
4.0 0.3274535  0.08574118 0.53100014 0.37591434 0.0766797661781311
18.0 0.5217543  0.72220325 0.7381322  0.8814393  0.07317773252725601
29.0 0.354706   0.01477024 0.72192806 0.5269034  0.06787464767694473
5.0 0.3315884  0.08992665 0.53408635 0.37684673 0.06749500334262848
21.0 0.31770104 0.         0.6324352  0.4849772  0.062220681458711624
6.0 0.5054555  0.45520368 0.738745   0.63065386 0.061965133994817734
40.0 0.5104578 0.5433599 0.7661659 0.918944  0.05747393146157265
25.0 0.32682037 0.03652641 0.72628784 0.44182378 0.05656372755765915
24.0 0.5246219  0.72419125 0.74032646 0.8828942  0.05553135275840759
0.0 0.525405  0.7213139 0.7403868 0.8853349 0.05364169180393219
38.0 0.5104578 0.5433599 0.7661659 0.918944  0.0534842349588871
40.0 0.5224718  0.46106777 0.743281   0.7907381  0.05340905487537384
14.0 0.5258117 0.7243365 0.737223  0.8846996 0.05098726600408554
16.0 0.3315884  0.08992665 0.53408635 0.37684673 0.0509343147277832
31.0 0.5224718  0.46106777 0.743281   0.7907381  0.050096020102500916
34.0 0.33810616 0.07795605 0.523925   0.37902597 0.04863468557596207
31.0 0.5313603 0.6960974 0.7505391 0.9332788 0.04837055504322052
28.0 0.31770104 0.         0.6324352  0.4849772  0.047487955540418625
30.0 0.31770104 0.         0.6324352  0.4849772  0.045158520340919495
31.0 0.3265797  0.08578865 0.5267058  0.3762498  0.04019949212670326
42.0 0.50261706 0.43165672 0.7476528  0.81611574 0.040076661854982376
17.0 0.5224718  0.46106777 0.743281   0.7907381  0.039391424506902695
36.0 0.50261706 0.43165672 0.7476528  0.81611574 0.037784967571496964
39.0 0.329796   0.09270242 0.5244138  0.39005306 0.03746284544467926
17.0 0.5217543  0.72220325 0.7381322  0.8814393  0.03459492698311806
20.0 0.5046101  0.4546016  0.7400233  0.63206536 0.03428954258561134
17.0 0.3315884  0.08992665 0.53408635 0.37684673 0.03342840075492859
40.0 0.5138693  0.45342493 0.74914336 0.623947   0.03306787461042404
2.0 0.5124046  0.4548322  0.750658   0.62959003 0.032397013157606125
14.0 0.5224718  0.46106777 0.743281   0.7907381  0.032180435955524445
9.0 0.47974104 0.40034717 0.7703629  0.6883277  0.032040633261203766
1.0 0.30682892 0.02459429 0.6498255  0.42507583 0.03203383833169937
10.0 0.35704    0.         0.85741645 0.6243657  0.031169148162007332
13.0 0.5224718  0.46106777 0.743281   0.7907381  0.03109627217054367
4.0 0.31075364 0.         0.6806083  0.5718287  0.029923200607299805
27.0 0.51001716 0.4543391  0.7406317  0.62951654 0.029881618916988373
36.0 0.5230925 0.7234548 0.7383379 0.8830369 0.02985186129808426
22.0 0.5046101  0.4546016  0.7400233  0.63206536 0.02981692925095558
8.0 0.5217543  0.72220325 0.7381322  0.8814393  0.028818905353546143
9.0 0.3303179  0.08869174 0.5358992  0.37596595 0.02798794023692608
38.0 0.6437634  0.0026909  1.         0.30821514 0.027943814173340797
10.0 0.3315884  0.08992665 0.53408635 0.37684673 0.0279142614454031
10.0 0.42798436 0.06865686 0.8976363  0.9558191  0.027318360283970833
25.0 0.38538277 0.15737346 0.51838136 0.36295578 0.027266301214694977
25.0 0.33637238 0.11385818 0.46801358 0.28568465 0.027256084606051445
17.0 0.5104578 0.5433599 0.7661659 0.918944  0.0272440817207098
18.0 0.5224718  0.46106777 0.743281   0.7907381  0.027226801961660385
27.0 0.3311496  0.08460543 0.5275395  0.3819868  0.026920074597001076
11.0 0.52748233 0.7120058  0.7348048  0.89802927 0.026749368757009506
40.0 0.31770104 0.         0.6324352  0.4849772  0.026059318333864212
38.0 0.33877945 0.06078301 0.72994924 0.48793584 0.02602485381066799
29.0 0.525405  0.7213139 0.7403868 0.8853349 0.025893552228808403
24.0 0.5231496  0.4565767  0.74163127 0.62452364 0.025828290730714798
27.0 0.5104578 0.5433599 0.7661659 0.918944  0.025325506925582886
38.0 0.7345487  0.0017986  1.         0.19074765 0.025304459035396576
9.0 0.5239037 0.3302297 0.8392993 1.        0.025210179388523102
2.0 0.5277473  0.7065599  0.74962795 0.89429927 0.025037169456481934
0.0 0.519809   0.5635866  0.7445277  0.89172375 0.025029059499502182
19.0 0.32210052 0.0874688  0.53426766 0.37631646 0.024843912571668625
27.0 0.354706   0.01477024 0.72192806 0.5269034  0.024829071015119553
39.0 0.354706   0.01477024 0.72192806 0.5269034  0.024157628417015076
38.0 0.5239037 0.3302297 0.8392993 1.        0.023912446573376656
26.0 0.31770104 0.         0.6324352  0.4849772  0.023710787296295166
21.0 0.34105718 0.11031272 0.4562431  0.33243516 0.023336319252848625
41.0 0.5258117 0.7243365 0.737223  0.8846996 0.022979650646448135
15.0 0.50775456 0.60001916 0.78035164 0.98923415 0.022900231182575226
25.0 0.53219724 0.7283795  0.7374264  0.87428164 0.022891514003276825
5.0 0.31770104 0.         0.6324352  0.4849772  0.02274523861706257
18.0 0.5248158 0.6401404 0.7543185 0.9364619 0.022557314485311508
42.0 0.5300481 0.5792344 0.7408659 0.8817498 0.022293513640761375
32.0 0.5231496  0.4565767  0.74163127 0.62452364 0.02224193699657917
17.0 0.354706   0.01477024 0.72192806 0.5269034  0.02172950655221939
37.0 0.529491   0.7203359  0.74187654 0.92637664 0.021326659247279167
20.0 0.354706   0.01477024 0.72192806 0.5269034  0.02126527763903141
9.0 0.5104578 0.5433599 0.7661659 0.918944  0.021237140521407127
17.0 0.5239037 0.3302297 0.8392993 1.        0.021027058362960815
