7.0 0.12401873 0.12052026 0.9844412  0.82359755 0.14523190259933472
17.0 0.5958183  0.63909304 0.69872105 0.7479862  0.10198498517274857
7.0 0.36005184 0.14879355 0.9747288  0.63580215 0.09961232542991638
38.0 0.51820415 0.15579858 0.964336   0.58442926 0.0937856063246727
40.0 0.5971122  0.12230805 0.9631944  0.7544849  0.0749640092253685
40.0 0.28357276 0.10179979 0.978107   0.7174863  0.05828969553112984
41.0 0.05876252 0.12850827 0.9662334  0.8600423  0.05631284788250923
10.0 0.42500925 0.1059888  0.94277096 0.86659294 0.055477723479270935
17.0 0.6064841  0.64614123 0.6868003  0.70675665 0.05165630206465721
10.0 0.00713468 0.11281964 0.9642002  1.         0.04698598384857178
18.0 0.41382232 0.16114232 0.97327733 0.5414332  0.04508494958281517
27.0 0.59632134 0.6252147  0.7021549  0.77474356 0.04469409957528114
31.0 0.59718597 0.6375047  0.6986996  0.7486383  0.044045355170965195
40.0 0.41382232 0.16114232 0.97327733 0.5414332  0.04351324588060379
5.0 0.0140247  0.02590716 0.9226248  1.         0.0416993573307991
28.0 0.34975353 0.05510962 0.9514954  1.         0.04116169735789299
8.0 0.59632134 0.6252147  0.7021549  0.77474356 0.03943946585059166
41.0 0.01636966 0.41411653 0.36502254 0.9293097  0.038052454590797424
38.0 0.30784872 0.11221027 0.97489893 0.7667553  0.036831244826316833
20.0 0.06970328 0.06840649 0.9809652  0.783864   0.03601184859871864
39.0 0.01636966 0.41411653 0.36502254 0.9293097  0.03569861873984337
27.0 0.05876252 0.12850827 0.9662334  0.8600423  0.03449629247188568
9.0 0.5958183  0.63909304 0.69872105 0.7479862  0.034348588436841965
0.0 0.5971122  0.12230805 0.9631944  0.7544849  0.033406686037778854
36.0 0.5954622  0.62011164 0.70466983 0.7807557  0.03288751840591431
20.0 0.58717316 0.55830467 0.86339194 0.7805265  0.032065968960523605
21.0 0.34975353 0.05510962 0.9514954  1.         0.031663767993450165
14.0 0.47529256 0.13300768 0.94039464 0.76480937 0.03111628256738186
16.0 0.6663483  0.15423642 0.9544696  0.5691654  0.03100312314927578
32.0 0.5971122  0.12230805 0.9631944  0.7544849  0.030150877311825752
31.0 0.5971122  0.12230805 0.9631944  0.7544849  0.02950146794319153
1.0 0.62513447 0.16722295 0.9560182  0.82959616 0.027805179357528687
27.0 0.5971122  0.12230805 0.9631944  0.7544849  0.027469759806990623
14.0 0.3324501  0.15693156 0.9634715  0.5176537  0.026704758405685425
40.0 0.5956236  0.614762   0.70410585 0.77968746 0.026563024148344994
0.0 0.28357276 0.10179979 0.978107   0.7174863  0.02603813447058201
7.0 0.6663483  0.15423642 0.9544696  0.5691654  0.02596893347799778
28.0 0.5260768  0.25166258 0.9023895  0.9741243  0.025789547711610794
38.0 0.5988352  0.622817   0.69895524 0.77281123 0.025553302839398384
29.0 0.5971122  0.12230805 0.9631944  0.7544849  0.024798274040222168
42.0 0.5971122  0.12230805 0.9631944  0.7544849  0.02468344010412693
20.0 0.51360184 0.16538635 0.91907924 0.82992506 0.024654917418956757
16.0 0.39507148 0.16671017 0.967729   0.6961973  0.023089025169610977
39.0 0.0140247  0.02590716 0.9226248  1.         0.022973988205194473
1.0 0.32713848 0.03635797 0.9576004  0.9233531  0.02276262268424034
17.0 0.58434033 0.5987186  0.7134279  0.79945344 0.022189771756529808
38.0 0.7151806  0.18065906 0.94716674 0.5419676  0.021993789821863174
5.0 0.30784872 0.11221027 0.97489893 0.7667553  0.021291891112923622
9.0 0.5971122  0.12230805 0.9631944  0.7544849  0.020664358511567116
38.0 0.61530924 0.1772938  0.9623735  0.35869548 0.020396221429109573
1.0 0.5260768  0.25166258 0.9023895  0.9741243  0.019943643361330032
29.0 0.12401873 0.12052026 0.9844412  0.82359755 0.019432272762060165
36.0 0.39226678 0.0746173  0.9534478  0.8034682  0.019236743450164795
18.0 0.59644306 0.18297744 0.9578805  0.41337436 0.019123060628771782
37.0 0.47529256 0.13300768 0.94039464 0.76480937 0.018809575587511063
40.0 0.45392463 0.16676813 0.9267336  1.         0.018751729279756546
10.0 0.02356651 0.4096717  0.3131856  0.97784626 0.018594615161418915
10.0 0.62076306 0.20427763 0.924845   0.7823255  0.018569465726614
10.0 0.3352037 0.1557828 0.991546  0.573543  0.01853059232234955
18.0 0.6663483  0.15423642 0.9544696  0.5691654  0.018435388803482056
14.0 0.06970328 0.06840649 0.9809652  0.783864   0.01824246346950531
16.0 0.59609485 0.63901645 0.6973566  0.7502255  0.01820955239236355
22.0 0.0140247  0.02590716 0.9226248  1.         0.01745951548218727
28.0 0.62513447 0.16722295 0.9560182  0.82959616 0.017377683892846107
15.0 0.3690581  0.05602792 0.95602167 0.7719904  0.017099937424063683
0.0 0.41382232 0.16114232 0.97327733 0.5414332  0.01699424535036087
32.0 0.3352037 0.1557828 0.991546  0.573543  0.01683395728468895
27.0 0.3352037 0.1557828 0.991546  0.573543  0.01675492897629738
7.0 0.00716001 0.         0.9550043  1.         0.016744766384363174
9.0 0.41382232 0.16114232 0.97327733 0.5414332  0.01660255715250969
29.0 0.45392463 0.16676813 0.9267336  1.         0.01652374491095543
14.0 0.6136341  0.17902157 0.95955634 0.3390567  0.016457583755254745
20.0 0.5722156  0.5250269  0.8966641  0.91376483 0.016408534720540047
25.0 0.5988177  0.63765174 0.6951175  0.7504783  0.016346098855137825
41.0 0. 0. 1. 1. 0.016205700114369392
1.0 0.37019244 0.19747984 0.98447716 0.63976073 0.016194870695471764
0.0 0.7151806  0.18065906 0.94716674 0.5419676  0.016091585159301758
24.0 0.3324501  0.15693156 0.9634715  0.5176537  0.015922149643301964
10.0 0.59008956 0.492214   0.8819926  0.9409077  0.01592058688402176
12.0 0.42500925 0.1059888  0.94277096 0.86659294 0.015625962987542152
42.0 0.30619663 0.01887754 0.9657474  0.8676059  0.015526095405220985
41.0 0.         0.30197707 0.7937279  1.         0.015512879937887192
40.0 0.6769148  0.15036233 0.9551904  0.5377076  0.015486140735447407
18.0 0.28357276 0.10179979 0.978107   0.7174863  0.015456984750926495
11.0 0.27655482 0.00505334 0.9773662  0.84645385 0.015364345163106918
4.0 0.34975353 0.05510962 0.9514954  1.         0.015360631048679352
26.0 0.45392463 0.16676813 0.9267336  1.         0.015017074532806873
7.0 0.2963699  0.05591662 1.         0.4660474  0.014918985776603222
31.0 0.58434033 0.5987186  0.7134279  0.79945344 0.01467624120414257
17.0 0.6214116  0.1353557  0.95941645 0.5928404  0.014595500193536282
7.0 0.         0.22760332 0.8692844  0.97899187 0.014582064934074879
20.0 0.5988352  0.622817   0.69895524 0.77281123 0.01452036201953888
7.0 0.5620692  0.56392866 0.9046943  0.97010714 0.014498359523713589
15.0 0.6214116  0.1353557  0.95941645 0.5928404  0.014033653773367405
30.0 0.34975353 0.05510962 0.9514954  1.         0.013905549421906471
32.0 0.32713848 0.03635797 0.9576004  0.9233531  0.01381764654070139
29.0 0.37019244 0.19747984 0.98447716 0.63976073 0.013757619075477123
21.0 0.01916376 0.4052888  0.30753285 0.99630404 0.013711114414036274
7.0 0.45392463 0.16676813 0.9267336  1.         0.013608253560960293
40.0 0.26279712 0.8378348  0.5405293  1.         0.013447706587612629
