42.0 0.356583   0.23715755 0.5950413  0.41332844 0.7085523009300232
7.0 0.3628767  0.23956192 0.605386   0.41780382 0.3816857933998108
18.0 0.3628767  0.23956192 0.605386   0.41780382 0.205346941947937
12.0 0.07006636 0.06099647 1.         1.         0.2045314460992813
6.0 0.13515624 0.11782187 1.         1.         0.20450043678283691
41.0 0.35890692 0.23782587 0.5928141  0.41101444 0.17778004705905914
0.0 0.3628767  0.23956192 0.605386   0.41780382 0.14497746527194977
38.0 0.3628767  0.23956192 0.605386   0.41780382 0.13098783791065216
14.0 0.36017138 0.23862207 0.5894653  0.41473502 0.08250436931848526
10.0 0.3628767  0.23956192 0.605386   0.41780382 0.07995398342609406
3.0 0.14462048 0.06713262 1.         1.         0.06029961258172989
20.0 0.35340106 0.08971968 0.97950757 1.         0.055806856602430344
11.0 0.3628767  0.23956192 0.605386   0.41780382 0.04963649809360504
20.0 0.3371647  0.17445052 0.8196375  0.5145773  0.04888347536325455
9.0 0.84079605 0.6945665  0.9974497  1.         0.041830796748399734
28.0 0.35484076 0.13326345 0.62090325 0.45749962 0.04119940847158432
28.0 0.08892345 0.14893359 1.         1.         0.04094356670975685
3.0 0.3551771  0.24136162 0.59514326 0.41542608 0.04087540879845619
27.0 0.35970473 0.23920563 0.5937624  0.41213277 0.040450405329465866
22.0 0.14462048 0.06713262 1.         1.         0.03886707127094269
22.0 0.3603867  0.24078667 0.591728   0.40994048 0.0347873829305172
1.0 0.14462048 0.06713262 1.         1.         0.0345575213432312
1.0 0.37103224 0.23451978 0.5931086  0.47260714 0.03434921056032181
26.0 0.07064611 0.11111975 1.         1.         0.03372497484087944
28.0 0.35970473 0.23920563 0.5937624  0.41213277 0.031954873353242874
12.0 0.3593425  0.11484385 0.8869858  0.9615464  0.031313296407461166
33.0 0.14462048 0.06713262 1.         1.         0.031259164214134216
1.0 0.41668957 0.14187689 0.61239487 0.41207898 0.03118850849568844
5.0 0.3628767  0.23956192 0.605386   0.41780382 0.030590081587433815
40.0 0.3628767  0.23956192 0.605386   0.41780382 0.030290799215435982
36.0 0.35795224 0.2358907  0.5927677  0.41317695 0.029722873121500015
4.0 0.37329116 0.18804504 0.6171349  0.45843285 0.028924405574798584
9.0 0.3544987  0.23338503 0.5959554  0.4182607  0.0287612397223711
24.0 0.63004315 0.7141366  0.79751194 0.7707517  0.028015580028295517
4.0 0.50726855 0.85989    0.8392253  0.989769   0.027624543756246567
34.0 0.3603867  0.24078667 0.591728   0.40994048 0.025795897468924522
25.0 0.3603867  0.24078667 0.591728   0.40994048 0.02564668469130993
21.0 0.23346975 0.04697409 0.8546485  0.980448   0.02561008185148239
12.0 0.24262133 0.         0.78237903 0.88903767 0.025511054322123528
26.0 0.3593425  0.11484385 0.8869858  0.9615464  0.025302719324827194
24.0 0.3603867  0.24078667 0.591728   0.40994048 0.02424153871834278
34.0 0.50726855 0.85989    0.8392253  0.989769   0.024121064692735672
26.0 0.3603867  0.24078667 0.591728   0.40994048 0.02360677719116211
26.0 0.50726855 0.85989    0.8392253  0.989769   0.023565474897623062
23.0 0.3603867  0.24078667 0.591728   0.40994048 0.02341768704354763
11.0 0.3371647  0.17445052 0.8196375  0.5145773  0.02310481108725071
2.0 0.35811257 0.24341549 0.59657055 0.4228096  0.022602317854762077
26.0 0.32378113 0.08520573 0.6452467  0.6725176  0.02243869937956333
34.0 0.23346975 0.04697409 0.8546485  0.980448   0.022432895377278328
10.0 0.35340106 0.08971968 0.97950757 1.         0.021827835589647293
8.0 0.15262404 0.08064863 0.9998739  1.         0.02165345288813114
16.0 0.3603867  0.24078667 0.591728   0.40994048 0.02111644856631756
37.0 0.3628767  0.23956192 0.605386   0.41780382 0.021012168377637863
4.0 0.24262133 0.         0.78237903 0.88903767 0.02069692313671112
4.0 0.32378113 0.08520573 0.6452467  0.6725176  0.020608868449926376
7.0 0.41118145 0.25090167 0.55510503 0.39916053 0.020313367247581482
42.0 0.41389406 0.26122588 0.5450568  0.4067735  0.020291348919272423
33.0 0.3371647  0.17445052 0.8196375  0.5145773  0.02004893496632576
41.0 0.35484076 0.13326345 0.62090325 0.45749962 0.01996174082159996
38.0 0.46687979 0.24244066 0.5855183  0.380812   0.019806699827313423
38.0 0.35619897 0.28689814 0.54155874 0.40045387 0.019235840067267418
41.0 0.45346147 0.24275728 0.5720387  0.40481812 0.01915849559009075
4.0 0.63004315 0.7141366  0.79751194 0.7707517  0.019112572073936462
41.0 0.13515624 0.11782187 1.         1.         0.018762484192848206
1.0 0.35727432 0.1470853  0.8064947  0.612584   0.018506035208702087
24.0 0.4827523 0.8556508 0.8289561 0.9907913 0.018488910049200058
2.0 0.3128687  0.17431211 0.71660924 0.4659478  0.018283778801560402
17.0 0.50757957 0.2411141  0.60099757 0.39878488 0.01822945661842823
42.0 0.4595152  0.24332124 0.5857713  0.40192884 0.018175212666392326
24.0 0.65818304 0.7248035  0.77739316 0.7547136  0.018050841987133026
31.0 0.3603867  0.24078667 0.591728   0.40994048 0.01795438677072525
0.0 0.3354623  0.18099827 0.6282146  0.50791806 0.017611507326364517
4.0 0.46609217 0.22906467 0.603854   0.41898134 0.017287518829107285
23.0 0.3371647  0.17445052 0.8196375  0.5145773  0.01715703122317791
17.0 0.3597357 0.2311719 0.6014099 0.4191699 0.017156265676021576
6.0 0.35795224 0.2358907  0.5927677  0.41317695 0.0170175451785326
3.0 0.29117134 0.13415869 0.68673146 0.53777605 0.016814276576042175
34.0 0.32378113 0.08520573 0.6452467  0.6725176  0.01631346344947815
34.0 0.63004315 0.7141366  0.79751194 0.7707517  0.016217617318034172
10.0 0.35727432 0.1470853  0.8064947  0.612584   0.016069991514086723
20.0 0.35811257 0.24341549 0.59657055 0.4228096  0.0160541869699955
15.0 0.3632415  0.21971577 0.6008841  0.4327464  0.01563572883605957
21.0 0.30156013 0.         0.7059555  0.75300753 0.01561646070331335
36.0 0.9101068  0.09337415 0.9977912  0.15231682 0.015352116897702217
28.0 0.32378113 0.08520573 0.6452467  0.6725176  0.015245677903294563
36.0 0.84079605 0.6945665  0.9974497  1.         0.015215426683425903
23.0 0.39873958 0.09058079 0.7683437  0.7439194  0.015139719471335411
33.0 0.3603867  0.24078667 0.591728   0.40994048 0.015086778439581394
13.0 0.36892265 0.23006871 0.595953   0.43807694 0.015023000538349152
39.0 0.3792744  0.10726416 0.96716607 0.9906434  0.014991247095167637
41.0 0.3343742  0.23419124 0.5641753  0.5230411  0.01495024561882019
21.0 0.3128687  0.17431211 0.71660924 0.4659478  0.01493948232382536
12.0 0.37406194 0.14211476 1.         1.         0.014924130402505398
20.0 0.4250203  0.14473972 1.         0.58681524 0.014870543032884598
18.0 0.3354623  0.18099827 0.6282146  0.50791806 0.01486934907734394
26.0 0.63004315 0.7141366  0.79751194 0.7707517  0.014849684201180935
28.0 0.36796814 0.02359638 0.81384736 0.82617843 0.01480015367269516
26.0 0.35484076 0.13326345 0.62090325 0.45749962 0.014781039208173752
24.0 0.3396737  0.16381985 0.6200101  0.490916   0.014757406897842884
20.0 0.39873958 0.09058079 0.7683437  0.7439194  0.014748728834092617
