8.0 0.24952006 0.         0.79973817 0.20481569 0.06052802503108978
33.0 0.32935762 0.         0.84959745 0.20854235 0.049681808799505234
32.0 0.35932362 0.00801763 0.8407521  0.19179079 0.044423848390579224
23.0 0.32935762 0.         0.84959745 0.20854235 0.0377960130572319
35.0 0.31051168 0.01003387 0.8122901  0.19160724 0.035591766238212585
9.0 0.9271803  0.11348666 1.         0.27072898 0.030418744310736656
14.0 0.518551   0.55154395 0.5987277  0.5991273  0.028817052021622658
1.0 0.51587045 0.54857576 0.6009302  0.6073382  0.02711140550673008
17.0 0.9271803  0.11348666 1.         0.27072898 0.026382077485322952
8.0 0.71927726 0.01184539 0.83156466 0.17745683 0.024011965841054916
9.0 0.9267957  0.         1.         0.13375016 0.023784661665558815
17.0 0.9267957  0.         1.         0.13375016 0.02357609011232853
6.0 0.3877851  0.         0.9072614  0.21230137 0.023488987237215042
8.0 0.41871732 0.         0.8368909  0.17574921 0.022362319752573967
32.0 0.40325147 0.69509566 0.8999286  1.         0.021072812378406525
24.0 0.40325147 0.69509566 0.8999286  1.         0.019109372049570084
21.0 0.01268958 0.24175376 0.2689383  0.93429714 0.01810344122350216
19.0 0.27733153 0.         0.8198351  0.20581657 0.017914626747369766
12.0 0.00461155 0.02997616 0.97331107 0.6686833  0.017669979482889175
12.0 0.21339476 0.         0.7835187  0.20746523 0.017166955396533012
20.0 0.3027596  0.00750616 0.79448134 0.17933095 0.016938311979174614
40.0 0.3877851  0.         0.9072614  0.21230137 0.016209205612540245
11.0 0.5046756  0.54238594 0.5979506  0.61574984 0.01603594794869423
21.0 0.         0.36756474 0.39763957 0.8046816  0.014712789095938206
23.0 0.5622362 0.6781994 0.662632  0.7235764 0.014693046920001507
11.0 0.5534169  0.6735656  0.668251   0.73381495 0.014189730398356915
21.0 0.00804528 0.46115273 0.15525135 0.74998826 0.014051303267478943
23.0 0.40325147 0.69509566 0.8999286  1.         0.013947340659797192
23.0 0.5410919  0.0072766  0.9447681  0.19595349 0.013825550675392151
6.0 0.5791156  0.00816109 0.92710316 0.18431869 0.013626660220324993
12.0 0.00581811 0.57263553 0.15321122 0.7585454  0.013469314202666283
23.0 0.5135618  0.55017763 0.60340935 0.603478   0.013392142951488495
11.0 0.57050204 0.6809059  0.652792   0.7176036  0.01310956384986639
19.0 0.3340662 0.7199962 0.8749822 1.        0.012991157360374928
38.0 0.8024634  0.32578436 1.         0.5306952  0.012890605255961418
11.0 0.51449525 0.5534447  0.5896162  0.59883744 0.012867907993495464
26.0 0.01124306 0.49652544 0.28092408 1.         0.012754342518746853
6.0 0.7124361  0.01852702 0.8364326  0.17431083 0.012731119990348816
38.0 0.8334603  0.25331265 0.994479   0.6394916  0.012613785453140736
32.0 0.38531765 0.         0.76499975 0.26799673 0.01258447952568531
1.0 0.5622362 0.6781994 0.662632  0.7235764 0.012435749173164368
9.0 0.518551   0.55154395 0.5987277  0.5991273  0.012316135689616203
4.0 0.3027596  0.00750616 0.79448134 0.17933095 0.01221849862486124
21.0 0.16711831 0.62037903 0.35126948 0.72435254 0.012185560539364815
26.0 0.04700661 0.3035312  0.9505414  1.         0.012025278061628342
23.0 0.48804057 0.         0.77444696 0.21122435 0.012023895978927612
26.0 0.03532973 0.64067906 0.14014187 0.7163543  0.011912484653294086
12.0 0.17813367 0.01189572 1.         1.         0.011877692304551601
27.0 0.7970499  0.32208815 1.         0.5484839  0.011844689957797527
23.0 0.69549525 0.00106071 0.8471972  0.18649346 0.011730872094631195
9.0 0.9366354  0.00472768 0.9954257  0.09486552 0.01170860230922699
1.0 0.6735178  0.011724   0.98192847 0.2654207  0.011633070185780525
26.0 0.01554734 0.62317085 0.1214608  0.701082   0.01141856424510479
27.0 0.8345848  0.27341422 0.9937267  0.6904918  0.011242599226534367
32.0 0.45732665 0.         0.9091071  0.16395104 0.011061681434512138
13.0 0.52682346 0.5512978  0.60659677 0.5971246  0.010765716433525085
8.0 0.4752383  0.         0.70620215 0.18506551 0.010249714367091656
12.0 0.         0.17605367 0.86454606 0.9480802  0.010155080817639828
23.0 0.601445   0.00109542 0.80835456 0.2105189  0.010144134983420372
4.0 0.18993598 0.01831065 0.92477685 0.3198527  0.010049175471067429
26.0 0.00706013 0.5447519  0.12347028 0.6206995  0.009514456614851952
8.0 0.9267957  0.         1.         0.13375016 0.00951156672090292
21.0 0.02358724 0.5566619  0.26268578 0.75039715 0.009401174262166023
35.0 0.49251908 0.         0.887593   0.17481275 0.009379359893500805
21.0 0.07765663 0.515962   0.41014704 0.7896223  0.009368976578116417
17.0 0.34430677 0.00462331 0.80734915 0.18060316 0.009267383255064487
33.0 0.41163898 0.         0.760232   0.16474998 0.00924687646329403
36.0 0.23522103 0.00061033 0.32427168 0.05516993 0.009162641130387783
1.0 0.4321255  0.00826705 0.8902294  0.19213784 0.009142679162323475
23.0 0.00600614 0.79115945 0.25604266 1.         0.009138352237641811
11.0 0.5476166 0.6820157 0.6230916 0.715048  0.009126560762524605
36.0 0.9271803  0.11348666 1.         0.27072898 0.008967040106654167
32.0 0.4752383  0.         0.70620215 0.18506551 0.008926068432629108
4.0 0.18167704 0.6278685  0.34525698 0.7144076  0.008871451020240784
12.0 0.         0.         0.93852067 0.3217846  0.008799010887742043
21.0 0.0477701  0.43043512 0.33141035 1.         0.008783197030425072
34.0 0.01124306 0.49652544 0.28092408 1.         0.008755666203796864
21.0 0.         0.51181674 0.21533646 0.70777214 0.008737294934689999
1.0 0.52427965 0.54060864 0.59379715 0.58835685 0.00872645154595375
2.0 0.34430677 0.00462331 0.80734915 0.18060316 0.008694110438227654
36.0 0.34430677 0.00462331 0.80734915 0.18060316 0.008579978719353676
21.0 0.         0.17605367 0.86454606 0.9480802  0.008562506176531315
36.0 0.9267957  0.         1.         0.13375016 0.00848524272441864
26.0 0.        0.5105057 0.1122684 0.5961174 0.008477896451950073
16.0 0.8345848  0.27341422 0.9937267  0.6904918  0.00846000574529171
1.0 0.7864301  0.02396797 1.         0.27825576 0.008407541550695896
4.0 0.58131707 0.6805792  0.66741824 0.72009563 0.008275870233774185
26.0 0.0189608  0.585837   0.08892238 0.6197883  0.008274860680103302
26.0 0.01238444 0.59517497 0.11990674 0.6777298  0.008246027864515781
4.0 0.0253776  0.74559027 0.7357824  1.         0.008205954916775227
33.0 0.71927726 0.01184539 0.83156466 0.17745683 0.008182289078831673
13.0 0.57050204 0.6809059  0.652792   0.7176036  0.008170313201844692
33.0 0.5116312  0.         0.9965021  0.18130495 0.008010732010006905
21.0 0.06653099 0.48940778 0.32217515 0.69662976 0.007948762737214565
35.0 0.4696981  0.73997694 0.89701986 1.         0.007934100925922394
4.0 0.0189608  0.585837   0.08892238 0.6197883  0.007907182909548283
26.0 0.00428405 0.19800559 0.2757255  0.82982695 0.0079059898853302
21.0 0.         0.59606975 0.16240478 0.735763   0.007899140939116478
24.0 0.33043563 0.         0.80784845 0.2036016  0.007875860668718815
19.0 0.41163898 0.         0.760232   0.16474998 0.007837599143385887
