1.0 0.12135969 0.16523063 0.54396516 0.568601   0.8019065260887146
37.0 0.12634282 0.1813177  0.5516033  0.5811796  0.30006304383277893
28.0 0.12634282 0.1813177  0.5516033  0.5811796  0.24825364351272583
23.0 0.12634282 0.1813177  0.5516033  0.5811796  0.19682078063488007
0.0 0.12634282 0.1813177  0.5516033  0.5811796  0.1708555966615677
11.0 0.12634282 0.1813177  0.5516033  0.5811796  0.16387182474136353
10.0 0.12634282 0.1813177  0.5516033  0.5811796  0.13419952988624573
13.0 0.12634282 0.1813177  0.5516033  0.5811796  0.10434961318969727
37.0 0.         0.07063165 0.5658677  0.6239159  0.08713208884000778
26.0 0.12634282 0.1813177  0.5516033  0.5811796  0.08410249650478363
14.0 0.12634282 0.1813177  0.5516033  0.5811796  0.060980357229709625
7.0 0.12271489 0.16606285 0.5518805  0.573983   0.059559568762779236
32.0 0.12634282 0.1813177  0.5516033  0.5811796  0.05429219454526901
11.0 0.17232803 0.36523765 0.49904725 0.5795967  0.05396384373307228
33.0 0.12634282 0.1813177  0.5516033  0.5811796  0.05104731768369675
18.0 0.12271489 0.16606285 0.5518805  0.573983   0.036084309220314026
25.0 0.74528  0.361111 1.       1.       0.03546080365777016
40.0 0.12634282 0.1813177  0.5516033  0.5811796  0.03510666638612747
1.0 0.06235677 0.07358855 0.6056741  0.7263542  0.031197339296340942
28.0 0.14201625 0.3700591  0.29952955 0.43769565 0.02981063909828663
11.0 0.12552162 0.14843312 0.482006   0.3625503  0.029551522806286812
41.0 0.12438551 0.15581927 0.5416379  0.573323   0.029097190126776695
4.0 0.11392935 0.12918913 0.54710966 0.6378735  0.02875310368835926
34.0 0.12634282 0.1813177  0.5516033  0.5811796  0.02762390486896038
24.0 0.11748876 0.16130814 0.5534971  0.5777633  0.026974836364388466
0.0 0.         0.07063165 0.5658677  0.6239159  0.02644597738981247
1.0 0.17928539 0.2154135  0.41434544 0.56330186 0.02548552118241787
0.0 0.15658064 0.3752438  0.29316878 0.42892483 0.02464958466589451
18.0 0.14201625 0.3700591  0.29952955 0.43769565 0.02434118464589119
11.0 0.         0.07063165 0.5658677  0.6239159  0.023847024887800217
29.0 0.12271489 0.16606285 0.5518805  0.573983   0.023176727816462517
1.0 0.12081222 0.         0.5071361  0.5192058  0.022022372111678123
6.0 0.12634282 0.1813177  0.5516033  0.5811796  0.02200021594762802
18.0 0.13018239 0.24619836 0.26746863 0.33326703 0.019603442400693893
37.0 0.14201625 0.3700591  0.29952955 0.43769565 0.019325274974107742
0.0 0.22088698 0.36413547 0.30840167 0.40241888 0.018526481464505196
5.0 0.1296408  0.16677812 0.541972   0.5975349  0.017971282824873924
28.0 0.06235677 0.07358855 0.6056741  0.7263542  0.017841175198554993
11.0 0.14254087 0.2730643  0.4622997  0.50660455 0.017796844244003296
12.0 0.11365926 0.15798272 0.5395765  0.5882096  0.017238358035683632
2.0 0.1296408  0.16677812 0.541972   0.5975349  0.017046499997377396
19.0 0.11091223 0.16400078 0.5660634  0.58506954 0.016198502853512764
18.0 0.19537054 0.37649435 0.29777676 0.41827083 0.015902390703558922
1.0 0.13087341 0.18333638 0.3390344  0.39552593 0.015876101329922676
0.0 0.21403389 0.3766568  0.30717498 0.4177355  0.015738580375909805
13.0 0.17006168 0.36333334 0.30468622 0.44137174 0.015587707981467247
3.0 0.09860273 0.1409048  0.5489875  0.60977334 0.01524124015122652
23.0 0.17928539 0.2154135  0.41434544 0.56330186 0.015001488849520683
18.0 0.20281425 0.3637834  0.30070028 0.40276745 0.014882889576256275
26.0 0.06235677 0.07358855 0.6056741  0.7263542  0.014737722463905811
1.0 0.25648832 0.22296786 0.49782038 0.5849635  0.014456763863563538
13.0 0.12875853 0.24586156 0.255145   0.33313033 0.01441107876598835
0.0 0.1188904  0.370232   0.2574396  0.43850034 0.01439879834651947
30.0 0.12271489 0.16606285 0.5518805  0.573983   0.013990319333970547
28.0 0.17928539 0.2154135  0.41434544 0.56330186 0.013933536596596241
16.0 0.65136194 0.43167502 0.99184597 1.         0.013831409625709057
11.0 0.14201625 0.3700591  0.29952955 0.43769565 0.01362297497689724
7.0 0.         0.07063165 0.5658677  0.6239159  0.013380002230405807
28.0 0.12081222 0.         0.5071361  0.5192058  0.013196529820561409
25.0 0.8004947  0.         1.         0.59619343 0.01314249262213707
42.0 0.1296346  0.1556884  0.54247034 0.58583605 0.01308846939355135
24.0 0.17232803 0.36523765 0.49904725 0.5795967  0.0129451435059309
10.0 0.         0.07063165 0.5658677  0.6239159  0.012844638898968697
15.0 0.1296408  0.16677812 0.541972   0.5975349  0.012831670232117176
0.0 0.15997487 0.4100035  0.3740158  0.5098538  0.012811736203730106
4.0 0.17232803 0.36523765 0.49904725 0.5795967  0.012447554618120193
28.0 0.19115648 0.35745427 0.31835297 0.418242   0.012446059845387936
11.0 0.15243548 0.446158   0.30292687 0.5317866  0.012374608777463436
18.0 0.14656952 0.14628853 0.5118072  0.3835225  0.012349731288850307
0.0 0.15111212 0.38818222 0.34006912 0.46898323 0.012222384102642536
0.0 0.13018239 0.24619836 0.26746863 0.33326703 0.011889471672475338
14.0 0.15243548 0.446158   0.30292687 0.5317866  0.011831307783722878
11.0 0.19537054 0.37649435 0.29777676 0.41827083 0.011760926805436611
0.0 0.360062   0.50481653 1.         1.         0.011756626889109612
33.0 0.         0.07063165 0.5658677  0.6239159  0.011726797558367252
34.0 0.         0.07063165 0.5658677  0.6239159  0.011679521761834621
18.0 0.15243548 0.446158   0.30292687 0.5317866  0.011625824496150017
0.0 0.2262705  0.35023913 0.30817628 0.3894373  0.011389916762709618
0.0 0.61797106 0.5611687  1.         1.         0.011303038336336613
38.0 0.5694873  0.123995   0.8008526  0.29343733 0.01122690923511982
11.0 0.12527189 0.19658273 0.33661395 0.35398424 0.010983766987919807
35.0 0.1296408  0.16677812 0.541972   0.5975349  0.010932325385510921
18.0 0.14706379 0.38503635 0.45486933 0.5852425  0.010834590531885624
26.0 0.17232803 0.36523765 0.49904725 0.5795967  0.010812587104737759
1.0 0.1509705  0.38348794 0.3866496  0.54944766 0.010651214979588985
0.0 0.14032082 0.36104357 0.40931427 0.49905008 0.010533617809414864
11.0 0.20281425 0.3637834  0.30070028 0.40276745 0.01052809227257967
14.0 0.12680134 0.25222465 0.2537074  0.33463648 0.010389730334281921
31.0 0.8379739  0.         0.99986523 0.28875726 0.010355619713664055
10.0 0.17232803 0.36523765 0.49904725 0.5795967  0.010340004228055477
1.0 0.12875853 0.24586156 0.255145   0.33313033 0.010290650650858879
23.0 0.06235677 0.07358855 0.6056741  0.7263542  0.010179498232901096
6.0 0.         0.00546459 0.21421406 0.10425809 0.010137117467820644
0.0 0.11350864 0.67364156 0.29402116 0.8221841  0.009657667018473148
37.0 0.17232803 0.36523765 0.49904725 0.5795967  0.009559977799654007
1.0 0.15243548 0.446158   0.30292687 0.5317866  0.009469150565564632
26.0 0.12081222 0.         0.5071361  0.5192058  0.009288763627409935
26.0 0.14201625 0.3700591  0.29952955 0.43769565 0.009157945401966572
13.0 0.21299624 0.37359145 0.29082465 0.42302802 0.009155877865850925
10.0 0.14254087 0.2730643  0.4622997  0.50660455 0.009128469973802567
