17.0 0.7847192  0.5180729  0.8833859  0.58699864 0.27279576659202576
10.0 0.7718023  0.39979774 0.9684676  0.83546513 0.20118726789951324
41.0 0.23026997 0.41189605 0.6535126  0.7731467  0.18676578998565674
41.0 0.09490263 0.11070588 0.8838301  0.8413068  0.07477238774299622
27.0 0.7847192  0.5180729  0.8833859  0.58699864 0.07431093603372574
21.0 0.09513095 0.19153607 0.87100255 0.7837861  0.0628434270620346
38.0 0.7718023  0.39979774 0.9684676  0.83546513 0.058810267597436905
32.0 0.32719418 0.23580602 0.45707503 0.37520054 0.05451815202832222
36.0 0.7862664  0.51826745 0.8828923  0.58366185 0.04182032123208046
39.0 0.24079525 0.42438668 0.6696781  0.772518   0.041753314435482025
9.0 0.7718023  0.39979774 0.9684676  0.83546513 0.04094682261347771
27.0 0.7738819  0.42217028 0.9505081  0.82313716 0.04051573574542999
10.0 0.6757575  0.31627053 0.9464214  0.81150573 0.040510646998882294
40.0 0.3336737  0.26049912 0.44535133 0.36640108 0.03576149418950081
21.0 0.24844901 0.45258784 0.66295093 0.7535095  0.03399882838129997
42.0 0.7738819  0.42217028 0.9505081  0.82313716 0.03172982111573219
9.0 0.7843744  0.51822615 0.883467   0.58690333 0.03012492135167122
17.0 0.7858377  0.53195375 0.88032156 0.6366206  0.030027057975530624
0.0 7.7271688e-01 8.3975494e-05 1.0000000e+00 1.9717228e-01 0.02976999804377556
17.0 0.7738819  0.42217028 0.9505081  0.82313716 0.029172278940677643
40.0 0.7718023  0.39979774 0.9684676  0.83546513 0.028244419023394585
38.0 0.7864996  0.51667255 0.8817698  0.58670765 0.028117716312408447
8.0 0.7833215  0.51763225 0.8866904  0.5905554  0.02789626270532608
38.0 0.7052383  0.47071606 0.99177176 0.9392001  0.027525482699275017
39.0 0.09490263 0.11070588 0.8838301  0.8413068  0.026312559843063354
16.0 0.7851387  0.5175899  0.882123   0.58568597 0.025990979745984077
21.0 0.7718023  0.39979774 0.9684676  0.83546513 0.025671733543276787
0.0 0.         0.67908454 0.45276755 0.99645436 0.025657445192337036
8.0 0.33568054 0.2435785  0.45622808 0.37219632 0.025471627712249756
28.0 0.31427833 0.         0.9540943  0.79562354 0.02540707029402256
20.0 0.10530087 0.21067765 0.2603247  0.3063785  0.024787604808807373
35.0 0.33568054 0.2435785  0.45622808 0.37219632 0.02440076507627964
5.0 0.0820244 0.186618  0.7433888 0.8755095 0.023953137919306755
21.0 0.31427833 0.         0.9540943  0.79562354 0.022818373516201973
1.0 0.7718023  0.39979774 0.9684676  0.83546513 0.022032588720321655
12.0 0.0852569  0.14888412 0.75683904 0.8229889  0.02151891589164734
42.0 0.7862664  0.51826745 0.8828923  0.58366185 0.020881475880742073
28.0 0.65048635 0.         0.9735209  0.6723168  0.02083146758377552
0.0 0.67037284 0.         1.         0.26966137 0.020279834046959877
38.0 0.74940026 0.5772201  0.99251175 0.8021344  0.019362259656190872
23.0 0.32719418 0.23580602 0.45707503 0.37520054 0.019346579909324646
20.0 0.32923847 0.2589274  0.45752674 0.37247008 0.0189787819981575
10.0 0.6085363  0.03872183 0.9814233  0.8638754  0.01885278709232807
40.0 0.7864996  0.51667255 0.8817698  0.58670765 0.018830036744475365
25.0 0.7718023  0.39979774 0.9684676  0.83546513 0.01842244155704975
4.0 0.7467311  0.31854466 0.98160666 0.83460367 0.018405519425868988
21.0 0.01777425 0.01840249 0.5883318  0.910777   0.018274592235684395
38.0 0.85984844 0.7556111  0.99807173 0.8525781  0.01800130121409893
40.0 0.31105128 0.22295174 0.4658964  0.38497606 0.01795511692762375
21.0 0.22072938 0.14375897 0.9004562  0.5125888  0.017673945054411888
10.0 0.12855849 0.         0.9500344  0.73410594 0.017491430044174194
21.0 0.05545305 0.1397582  0.4190132  0.81085837 0.017373425886034966
21.0 0.04028362 0.25807247 0.5617364  0.67444944 0.01724519394338131
28.0 0.09205717 0.23967355 0.6617463  0.83151275 0.017219707369804382
38.0 0.7858377  0.53195375 0.88032156 0.6366206  0.017201680690050125
39.0 0.10530087 0.21067765 0.2603247  0.3063785  0.017200004309415817
34.0 0.13600165 0.09557244 0.94928414 0.60054827 0.01714669167995453
34.0 0.0820244 0.186618  0.7433888 0.8755095 0.016677070409059525
29.0 0.33854896 0.23645698 0.44989425 0.3766405  0.01659911684691906
5.0 0.23026997 0.41189605 0.6535126  0.7731467  0.01641283556818962
0.0 0.00214612 0.67665964 0.12404088 0.7623821  0.016220197081565857
41.0 0.35543367 0.19437969 0.9326136  0.7282096  0.01617336831986904
26.0 0.31427833 0.         0.9540943  0.79562354 0.016160551458597183
7.0 0.7508728  0.3646853  0.9850183  0.85179424 0.016072804108262062
31.0 0.33743706 0.2662389  0.41177824 0.36620393 0.0159467700868845
20.0 0.7718023  0.39979774 0.9684676  0.83546513 0.015801141038537025
9.0 0.7858377  0.53195375 0.88032156 0.6366206  0.015786442905664444
36.0 0.7508728  0.3646853  0.9850183  0.85179424 0.0157138891518116
28.0 0.13600165 0.09557244 0.94928414 0.60054827 0.015690550208091736
31.0 0.33854896 0.23645698 0.44989425 0.3766405  0.015611555427312851
10.0 0.7465555 0.3661315 0.9579157 0.6312748 0.015581613406538963
41.0 0.09883606 0.25014436 0.7234363  0.704314   0.015462318435311317
8.0 0.10530087 0.21067765 0.2603247  0.3063785  0.015239322558045387
28.0 0.4913026  0.01383427 0.8989042  0.6568186  0.015117558650672436
10.0 0.24874443 0.35344866 0.62652117 0.8052329  0.015060463920235634
28.0 0.10458857 0.08742893 1.         1.         0.015044826082885265
5.0 0.16546983 0.         0.9773907  0.9063457  0.014992247335612774
16.0 0.8094814  0.         0.99969625 0.23356983 0.01497974619269371
41.0 0.265442   0.417445   0.48489553 0.76143223 0.014884429052472115
40.0 0.7052383  0.47071606 0.99177176 0.9392001  0.014546962454915047
28.0 0.7718023  0.39979774 0.9684676  0.83546513 0.01451030746102333
29.0 0.6797575 0.        1.        0.2897891 0.014506557956337929
0.0 0.13385609 0.4335453  0.22624299 0.49114424 0.014332893304526806
27.0 0.7858377  0.53195375 0.88032156 0.6366206  0.014044235460460186
33.0 0.33492333 0.2516396  0.4540636  0.37414235 0.013975554145872593
21.0 0.34180582 0.256352   0.95795715 0.6609195  0.013848735019564629
17.0 0.8287437  0.35953298 0.97801447 0.79273224 0.013835214078426361
9.0 0.7929345  0.52568734 0.995338   0.93955183 0.013757950626313686
21.0 0.6085363  0.03872183 0.9814233  0.8638754  0.013215512968599796
24.0 0.1386945  0.75330555 0.7283299  1.         0.013215153478085995
28.0 0.36710116 0.13591324 0.96744716 0.49326885 0.013212870806455612
26.0 0.13967198 0.         0.9536484  0.44320875 0.013152265921235085
12.0 0.16392714 0.03498155 0.9307161  0.6753365  0.013047282584011555
0.0 0.12251803 0.42694336 0.23939124 0.51809275 0.013001905754208565
0.0 0.829594   0.01838283 0.9978074  0.13533106 0.012986243702471256
8.0 0.7718023  0.39979774 0.9684676  0.83546513 0.012972534634172916
38.0 0.47551015 0.6830217  1.         1.         0.01283922977745533
0.0 0.7228163  0.2244047  0.8635165  0.30616337 0.012741420418024063
13.0 0.33743706 0.2662389  0.41177824 0.36620393 0.012412218376994133
34.0 0.36710116 0.13591324 0.96744716 0.49326885 0.012386362999677658
