0.0 0.08986235 0.6381291  0.3283416  0.9947623  0.4973401129245758
27.0 0.3033161  0.17399004 0.5235599  0.40265402 0.39935848116874695
22.0 0.29747897 0.16396485 0.515875   0.39716053 0.33837875723838806
39.0 0.30202514 0.         0.9871679  0.7200022  0.2224215418100357
31.0 0.0920109  0.6413666  0.32647413 0.98749816 0.19578757882118225
17.0 0.3033161  0.17399004 0.5235599  0.40265402 0.1812388002872467
5.0 0.0920109  0.6413666  0.32647413 0.98749816 0.1701393872499466
16.0 0.0920109  0.6413666  0.32647413 0.98749816 0.1553374081850052
5.0 0.16192421 0.22174335 0.98617053 1.         0.1496502012014389
25.0 0.0930816  0.6466232  0.32300094 0.9814885  0.14578238129615784
8.0 0.29747897 0.16396485 0.515875   0.39716053 0.1430438756942749
37.0 0.0920109  0.6413666  0.32647413 0.98749816 0.10312157869338989
36.0 0.29747897 0.16396485 0.515875   0.39716053 0.09844426065683365
15.0 0.09278525 0.6464573  0.32387853 0.9804013  0.09484677761793137
5.0 0.10173637 0.58173007 0.9007403  1.         0.08977276086807251
15.0 0.08656135 0.6603756  0.3093366  0.82929933 0.08950893580913544
39.0 0.299977   0.16294238 0.5121969  0.3967854  0.0834972932934761
38.0 0.3069005  0.16248354 0.5175034  0.42582986 0.07379575818777084
9.0 0.3015345  0.16290313 0.5107044  0.3984831  0.07075679302215576
16.0 0.30440938 0.16145849 0.518213   0.41895813 0.06917822360992432
34.0 0.05807281 0.6529203  0.50556856 0.9867149  0.05287914350628853
29.0 0.08217537 0.626613   0.33882794 1.         0.052359748631715775
24.0 0.07415311 0.6492578  0.32553965 0.8777267  0.05154731124639511
42.0 0.30440938 0.16145849 0.518213   0.41895813 0.05127882957458496
5.0 0.01375988 0.6128666  0.5519506  1.         0.05125970393419266
30.0 0.08217537 0.626613   0.33882794 1.         0.050323180854320526
15.0 0.09714899 0.6606548  0.27672565 0.76399076 0.048976752907037735
20.0 0.299977   0.16294238 0.5121969  0.3967854  0.04860369861125946
25.0 0.3069005  0.16248354 0.5175034  0.42582986 0.048123642802238464
5.0 0.11014371 0.65973467 0.29066193 0.77138287 0.04787250980734825
39.0 0.31847078 0.07971269 0.82350427 0.5952061  0.04782593995332718
10.0 0.3069005  0.16248354 0.5175034  0.42582986 0.046987224370241165
0.0 0.08656135 0.6603756  0.3093366  0.82929933 0.04544517397880554
35.0 0.0920109  0.6413666  0.32647413 0.98749816 0.04229298233985901
31.0 0.3034277  0.15974133 0.5191817  0.43439817 0.040277257561683655
0.0 0.08654351 0.71683854 0.29230806 0.9237487  0.03962824121117592
7.0 0.0920109  0.6413666  0.32647413 0.98749816 0.03817708417773247
0.0 0.         0.5993131  0.41088498 1.         0.03796447813510895
5.0 0.4045889  0.64698464 0.97255826 1.         0.037507664412260056
34.0 0.0023441 0.5373424 0.793514  1.        0.03741900622844696
28.0 0.05110566 0.55434793 0.3637985  1.         0.0368361696600914
39.0 0.19371313 0.1111314  0.914627   0.9580095  0.036080989986658096
5.0 0.04802899 0.4573963  0.35911173 0.99701285 0.03458733111619949
27.0 0.30575997 0.1107278  0.8318519  0.51931065 0.030969588086009026
27.0 0.07612671 0.64103305 0.35092145 1.         0.03018292598426342
38.0 0.09561186 0.6476591  0.3223889  0.98187333 0.02960502915084362
2.0 0.0930816  0.6466232  0.32300094 0.9814885  0.028149086982011795
27.0 0.25463745 0.         1.         0.6772496  0.027393406257033348
16.0 0.18832886 0.19797078 0.8647499  1.         0.026697471737861633
19.0 0.0920109  0.6413666  0.32647413 0.98749816 0.026668699458241463
30.0 0.09237243 0.42445    0.4579438  0.999025   0.026382872834801674
24.0 0.11014371 0.65973467 0.29066193 0.77138287 0.024603085592389107
4.0 0.05110566 0.55434793 0.3637985  1.         0.024501658976078033
40.0 0.04095367 0.60524523 0.38283044 0.9964254  0.024272048845887184
24.0 0.05807281 0.6529203  0.50556856 0.9867149  0.024133505299687386
37.0 0.04802899 0.4573963  0.35911173 0.99701285 0.02377689629793167
18.0 0.0930816  0.6466232  0.32300094 0.9814885  0.023595480248332024
37.0 0.         0.5993131  0.41088498 1.         0.02357305958867073
22.0 0.31169516 0.1874923  0.4918524  0.31687474 0.023562701418995857
40.0 0.3069005  0.16248354 0.5175034  0.42582986 0.022605029866099358
36.0 0.3500502  0.18002394 0.4852693  0.36687848 0.022584622725844383
30.0 0.01375988 0.6128666  0.5519506  1.         0.02249273657798767
34.0 0.12554464 0.27842236 0.91529787 1.         0.022488363087177277
18.0 0.11014371 0.65973467 0.29066193 0.77138287 0.02248777635395527
0.0 0.10391667 0.7814114  0.31232163 0.97538745 0.02246868796646595
0.0 0.06806791 0.6835009  0.49279732 1.         0.022108277305960655
0.0 0.09817873 0.6565495  0.25994694 0.73947805 0.021648768335580826
27.0 0.2165487  0.1370533  0.5355598  0.47095448 0.021604442968964577
4.0 0.09024291 0.3863834  0.48857266 1.         0.02120327018201351
39.0 0.00455123 0.         1.         1.         0.020565800368785858
32.0 0.3069005  0.16248354 0.5175034  0.42582986 0.02041867934167385
24.0 0.06486858 0.71087474 0.36777675 1.         0.020290112122893333
17.0 0.08217537 0.626613   0.33882794 1.         0.018918607383966446
34.0 0.09487432 0.7404369  0.75449306 1.         0.01877010241150856
6.0 0.31356168 0.16745012 0.50435877 0.3919357  0.018582753837108612
15.0 0.10174742 0.8283062  0.30930442 0.9926102  0.018435116857290268
17.0 0.29792482 0.09195125 0.57213104 0.46230745 0.018366113305091858
0.0 0.         0.6956741  0.42267266 1.         0.017976006492972374
5.0 0.11163089 0.35416096 0.7464837  1.         0.017568141222000122
7.0 0.        0.5757425 0.3353089 1.        0.017462575808167458
27.0 0.00455123 0.         1.         1.         0.017187781631946564
21.0 0.30157623 0.14760405 0.5288066  0.42189986 0.017107345163822174
0.0 0.0674265 0.6073748 0.7549511 1.        0.017074663192033768
34.0 0.04802899 0.4573963  0.35911173 0.99701285 0.01685619354248047
10.0 0.04095367 0.60524523 0.38283044 0.9964254  0.016802646219730377
25.0 0.04802899 0.4573963  0.35911173 0.99701285 0.01669827476143837
8.0 0.3500502  0.18002394 0.4852693  0.36687848 0.016686666756868362
2.0 0.12360053 0.66087556 0.3055485  0.76967    0.016560878604650497
8.0 0.25490934 0.07309139 0.8995752  0.60216033 0.016546044498682022
16.0 0.11766291 0.         1.         1.         0.016458161175251007
2.0 0.30440938 0.16145849 0.518213   0.41895813 0.01617732271552086
39.0 0.48015204 0.00957768 0.9575461  0.39267784 0.01613844372332096
34.0 0.38435596 0.6482027  0.9111138  1.         0.01604597270488739
32.0 0.04095367 0.60524523 0.38283044 0.9964254  0.015993891283869743
34.0 0.11014371 0.65973467 0.29066193 0.77138287 0.01598864607512951
16.0 0.30959073 0.         0.9523907  0.8751085  0.015933673828840256
24.0 0.09870325 0.7698001  0.31506628 0.9973671  0.015930645167827606
16.0 0.09392229 0.55012554 0.44343105 1.         0.015406742691993713
5.0 0.36636192 0.56810784 0.7156722  0.9914118  0.015328260138630867
15.0 0.        0.6274998 0.275068  0.9810481 0.015303832478821278
