32.0 0.5166517  0.35280985 0.79912883 0.6354464  0.20470060408115387
37.0 0.14524293 0.3309353  0.9628843  1.         0.09670738130807877
28.0 0.12165606 0.35997754 0.9833492  1.         0.07832600921392441
40.0 0.51435393 0.3546185  0.7952147  0.64061743 0.07374227792024612
37.0 0.52933717 0.36123145 0.7813324  0.6245225  0.06531255692243576
1.0 0.20615554 0.31065077 0.3785954  0.6230773  0.060217153280973434
37.0 0.3765176  0.33648348 0.95638794 0.78938997 0.05846584960818291
29.0 0.5493949  0.37020266 0.7401388  0.63363755 0.053999416530132294
24.0 0.49238482 0.33592135 0.8252547  0.65188783 0.052541159093379974
28.0 0.45342347 0.29439571 0.92658436 0.8538035  0.05211465805768967
26.0 0.17791077 0.24796766 0.9565964  0.90306896 0.051093704998493195
5.0 0.00491054 0.6089899  0.20744854 0.7931128  0.05073172226548195
0.0 0.00446274 0.6373278  0.20657235 0.7783493  0.04989270493388176
23.0 0.52751184 0.38117284 0.74163973 0.61917156 0.04745194688439369
0.0 0.2768215  0.35444945 0.9818647  0.9954608  0.047273825854063034
1.0 0.51555777 0.36823273 0.744488   0.628498   0.04634217545390129
26.0 0.39985582 0.2755697  0.95121324 0.68073297 0.04544543847441673
1.0 0.14524293 0.3309353  0.9628843  1.         0.04351506009697914
34.0 0.15920365 0.2446447  1.         1.         0.043170440942049026
34.0 0.3765176  0.33648348 0.95638794 0.78938997 0.041421033442020416
20.0 0.07535651 0.06027791 0.30507892 0.32933372 0.040159862488508224
7.0 0.3765176  0.33648348 0.95638794 0.78938997 0.03884993866086006
5.0 0.02053405 0.6697763  0.19555268 0.7720791  0.03874189779162407
32.0 0.39985582 0.2755697  0.95121324 0.68073297 0.03735124319791794
37.0 5.8665872e-04 6.2087083e-01 2.1437094e-01 7.8624249e-01 0.032798707485198975
10.0 0.15432596 0.28798792 0.98245263 0.8758688  0.032212067395448685
15.0 0.53085154 0.3485207  0.86276037 0.6436093  0.03179756924510002
29.0 0.11910644 0.27633244 1.         1.         0.03178311139345169
7.0 0.22057644 0.30890512 0.99327576 1.         0.03094993159174919
24.0 0.37593722 0.2974643  0.96498513 0.64407414 0.030804961919784546
10.0 0.3492132  0.36010128 0.97232413 0.74665457 0.03042973391711712
11.0 0.20811811 0.28496423 0.94894266 0.8591213  0.030151790007948875
26.0 0.20098966 0.02100787 0.9461568  0.65149426 0.02934795431792736
20.0 0.39985582 0.2755697  0.95121324 0.68073297 0.028155701234936714
24.0 0.00554429 0.62024355 0.20862873 0.8080212  0.02754281461238861
5.0 0.31930062 0.2888948  0.972504   0.8524506  0.02752215415239334
1.0 0.3765176  0.33648348 0.95638794 0.78938997 0.02732197567820549
24.0 0.14524293 0.3309353  0.9628843  1.         0.025501515716314316
29.0 0.5182959  0.35238683 0.8743148  0.63515913 0.024798262864351273
0.0 0.4941765  0.32861513 0.99020576 0.8070263  0.024670207872986794
4.0 0.25073126 0.34750295 0.9348476  0.74387085 0.02433835342526436
23.0 0.45342347 0.29439571 0.92658436 0.8538035  0.023337170481681824
32.0 0.53752184 0.38712877 0.71832776 0.5939219  0.022843779996037483
0.0 0.5182959  0.35238683 0.8743148  0.63515913 0.022499287500977516
1.0 0.35741502 0.32443783 0.77364904 0.64863014 0.022305939346551895
26.0 0.40718254 0.11608604 0.956426   0.544412   0.02221943438053131
14.0 0.51555777 0.36823273 0.744488   0.628498   0.02142341062426567
19.0 0.5182959  0.35238683 0.8743148  0.63515913 0.021037492901086807
24.0 0.2816429  0.14195922 0.9978895  0.8049581  0.021004023030400276
37.0 0.540919   0.30157068 0.8672916  0.7077017  0.02089579775929451
37.0 0.42209026 0.4492453  0.90774524 1.         0.020463071763515472
38.0 0.76034194 0.83413225 1.         1.         0.020423009991645813
33.0 0.39985582 0.2755697  0.95121324 0.68073297 0.02028384618461132
28.0 0.22483039 0.26328933 0.94679177 0.6999991  0.020204797387123108
24.0 0.5273433 0.3794037 0.7365905 0.6103897 0.020144877955317497
23.0 0.5163164  0.4156204  0.60760105 0.53404635 0.019302191212773323
29.0 0.45342347 0.29439571 0.92658436 0.8538035  0.018596669659018517
0.0 0.40862292 0.6300783  0.98837    1.         0.018491018563508987
35.0 0.5440745 0.3558464 0.7616456 0.6356188 0.018180537968873978
1.0 0.60414666 0.11426992 0.6354421  0.24303338 0.01803375966846943
26.0 0.6022814  0.10557045 0.6407226  0.24519606 0.017844602465629578
15.0 0.01231904 0.67254597 0.17698173 0.7716157  0.017729030922055244
20.0 0.5293454  0.36959404 0.7729986  0.6273164  0.01764645427465439
37.0 0.27723038 0.4745979  1.         1.         0.01763753779232502
26.0 0.51555777 0.36823273 0.744488   0.628498   0.017636330798268318
23.0 0.43492055 0.33684087 0.82028246 0.6411959  0.017597761005163193
7.0 0.0614991  0.08008019 0.31215674 0.31324258 0.017589444294571877
34.0 0.01509016 0.652846   0.1985231  0.76531315 0.01752524822950363
33.0 0.5493949  0.37020266 0.7401388  0.63363755 0.017503438517451286
1.0 0.07535651 0.06027791 0.30507892 0.32933372 0.017503011971712112
24.0 0.02053405 0.6697763  0.19555268 0.7720791  0.017478657886385918
11.0 0.5181131  0.2984836  0.80009764 0.67998284 0.017448140308260918
40.0 0.34663996 0.31328487 0.95363736 1.         0.017412371933460236
7.0 0.5293454  0.36959404 0.7729986  0.6273164  0.017267974093556404
20.0 0.34769872 0.0724197  0.9701983  0.89424217 0.017143286764621735
1.0 0.1875832  0.2696727  0.47588414 0.6884573  0.017093047499656677
15.0 0.34663996 0.31328487 0.95363736 1.         0.01707746461033821
12.0 0.34765896 0.22027233 0.96561396 0.737648   0.01683264598250389
41.0 0.2730825  0.25454184 0.97049487 1.         0.016813529655337334
32.0 0.194864   0.32149976 0.957911   0.8139487  0.01671188697218895
30.0 0.00935769 0.7433256  0.1393706  1.         0.016669580712914467
0.0 0.01341815 0.68293166 0.15317334 0.7696233  0.016313347965478897
40.0 0.5343817  0.33851874 0.94175607 0.71875966 0.016181185841560364
11.0 0.26017874 0.30257148 0.71065736 0.6619239  0.01595844142138958
34.0 0.6022814  0.10557045 0.6407226  0.24519606 0.015894006937742233
40.0 0.20712227 0.31591478 0.3695119  0.6292341  0.015876272693276405
14.0 0.3765176  0.33648348 0.95638794 0.78938997 0.015694404020905495
12.0 0.23471513 0.06780872 0.9378867  0.6015823  0.015599073842167854
33.0 0.21108305 0.03573757 0.98824227 1.         0.015508757904171944
12.0 0.60414666 0.11426992 0.6354421  0.24303338 0.015411977656185627
37.0 0.01231904 0.67254597 0.17698173 0.7716157  0.0153878228738904
31.0 0.5098059  0.3632877  0.79901433 0.6132375  0.015368897467851639
4.0 0.5966807  0.09071414 0.6454647  0.25823748 0.015248572453856468
12.0 0.43170747 0.         0.9233233  0.35562342 0.015194900333881378
37.0 0.02795619 0.25790375 1.         1.         0.015072004869580269
7.0 0.01509016 0.652846   0.1985231  0.76531315 0.014984856359660625
26.0 0.07473999 0.17178917 1.         1.         0.01495733205229044
19.0 0.37593722 0.2974643  0.96498513 0.64407414 0.014896768145263195
28.0 0.42209026 0.4492453  0.90774524 1.         0.014776561409235
30.0 0.31930062 0.2888948  0.972504   0.8524506  0.014758813194930553
