29.0 0.11126888 0.19165501 1.         0.9539641  0.32231605052948
1.0 0.09960502 0.21044013 0.97085637 0.922418   0.25987011194229126
40.0 0.1361163  0.20955539 0.9687152  0.9279547  0.22242198884487152
32.0 0.10813093 0.19588172 1.         0.96298647 0.18724662065505981
37.0 0.11126888 0.19165501 1.         0.9539641  0.17005442082881927
0.0 0.11825511 0.2163639  0.98074675 0.9236555  0.09136662632226944
7.0 0.09029213 0.21008906 0.97438204 0.9245491  0.08487297594547272
20.0 0.1211361  0.12501723 1.         1.         0.0730091780424118
28.0 0.09960502 0.21044013 0.97085637 0.922418   0.06969713419675827
13.0 0.11373365 0.21648186 0.97751236 0.9293564  0.057955384254455566
26.0 0.0900012  0.19571427 0.9924042  0.9567385  0.056376636028289795
14.0 0.5654136  0.19069079 0.8071562  0.351625   0.052118804305791855
6.0 0.09029213 0.21008906 0.97438204 0.9245491  0.041654374450445175
10.0 0.0764761  0.21772054 0.96667516 0.9315593  0.038301996886730194
11.0 0.09029213 0.21008906 0.97438204 0.9245491  0.0378502681851387
14.0 0.09029213 0.21008906 0.97438204 0.9245491  0.037119489163160324
23.0 0.0900012  0.19571427 0.9924042  0.9567385  0.03679382801055908
15.0 0.18423173 0.18260226 0.92830443 0.93750656 0.03645363822579384
5.0 0.10813093 0.19588172 1.         0.96298647 0.03621706739068031
1.0 0.5359863  0.28600618 0.95149326 0.95810866 0.031105607748031616
24.0 0.09960502 0.21044013 0.97085637 0.922418   0.03039582632482052
38.0 0.72521764 0.47708598 0.8895063  0.58089685 0.03013768047094345
33.0 0.09960502 0.21044013 0.97085637 0.922418   0.030078493058681488
29.0 0.        0.        1.        0.9259686 0.029058033600449562
12.0 0.09960502 0.21044013 0.97085637 0.922418   0.02856903336942196
34.0 0.07775602 0.17844301 1.         0.97767884 0.027662787586450577
29.0 0.1270088  0.34470052 0.8708855  0.80551964 0.0271564032882452
23.0 0.5359863  0.28600618 0.95149326 0.95810866 0.026687970384955406
29.0 0.2868912  0.32206115 1.         1.         0.026577485725283623
35.0 0.1211361  0.12501723 1.         1.         0.026560168713331223
36.0 0.10587826 0.18787986 0.9724226  0.95903224 0.024962179362773895
16.0 0.11825511 0.2163639  0.98074675 0.9236555  0.02396414801478386
31.0 0.11373365 0.21648186 0.97751236 0.9293564  0.022966990247368813
1.0 0.69592726 0.43430445 0.9751116  0.9668455  0.02277667261660099
11.0 0.01930207 0.         1.         1.         0.02177261747419834
40.0 0.04261816 0.3827958  0.41081092 0.90609837 0.021140441298484802
0.0 0.69454604 0.7536535  1.         1.         0.02075807936489582
32.0 0.         0.06814909 1.         1.         0.020742319524288177
31.0 0.8272993 0.7637339 0.9998645 1.        0.02051358111202717
32.0 0.1270088  0.34470052 0.8708855  0.80551964 0.02031230367720127
42.0 0.1211361  0.12501723 1.         1.         0.019834740087389946
37.0 0.2868912  0.32206115 1.         1.         0.019707433879375458
41.0 0.09029213 0.21008906 0.97438204 0.9245491  0.019498109817504883
18.0 0.11825511 0.2163639  0.98074675 0.9236555  0.018426693975925446
29.0 0.49440083 0.21969953 0.9543067  0.9038707  0.018061375245451927
0.0 0.03907688 0.57691514 0.38276696 0.89807427 0.018010932952165604
30.0 0.09750617 0.21086153 0.9689853  0.93525064 0.017995622009038925
37.0 0.12186798 0.28341484 0.65749    0.9181254  0.0179668590426445
27.0 0.11373365 0.21648186 0.97751236 0.9293564  0.017699966207146645
40.0 0.0000000e+00 8.1795454e-04 1.0000000e+00 1.0000000e+00 0.01761566661298275
37.0 0.5359863  0.28600618 0.95149326 0.95810866 0.016994867473840714
19.0 0.10813093 0.19588172 1.         0.96298647 0.01646452397108078
40.0 0.52250344 0.16266012 0.96137244 0.8623917  0.015948260203003883
32.0 0.23364484 0.3850516  1.         1.         0.015483122318983078
32.0 0.49440083 0.21969953 0.9543067  0.9038707  0.014991113916039467
1.0 0.23364484 0.3850516  1.         1.         0.014892498962581158
23.0 0.12186798 0.28341484 0.65749    0.9181254  0.014698004350066185
23.0 0.32086858 0.40212023 1.         0.8720143  0.014671290293335915
20.0 0.12186798 0.28341484 0.65749    0.9181254  0.014355085790157318
20.0 0.34882188 0.27287868 0.90927446 0.9411211  0.014085568487644196
28.0 0.5359863  0.28600618 0.95149326 0.95810866 0.013926482759416103
38.0 0.11825511 0.2163639  0.98074675 0.9236555  0.013846083544194698
0.0 0.8187558 0.8095863 1.        0.9954072 0.013779777102172375
26.0 0.30421934 0.42306167 0.93477225 0.98787147 0.013660767115652561
10.0 0.23364484 0.3850516  1.         1.         0.0128970080986619
0.0 0.20604974 0.30218673 0.8082947  0.7188755  0.012834908440709114
40.0 0.1868476  0.1581452  0.9304147  0.62111604 0.012801079079508781
7.0 0.26497084 0.05428749 1.         1.         0.012778235599398613
8.0 0.11307797 0.18052098 1.         0.96097744 0.012686624191701412
36.0 0.02469069 0.         1.         1.         0.012462005950510502
33.0 0.5359863  0.28600618 0.95149326 0.95810866 0.012459770776331425
38.0 0.69600284 0.4471587  0.9366727  0.6322099  0.012360612861812115
1.0 0.708626   0.21619675 1.         0.8809378  0.012110416777431965
16.0 0.8272993 0.7637339 0.9998645 1.        0.012037924490869045
35.0 0.26568955 0.22684929 0.865032   0.8817804  0.011981599032878876
2.0 0.1211361  0.12501723 1.         1.         0.011904023587703705
28.0 0.23364484 0.3850516  1.         1.         0.011709310114383698
4.0 0.17263386 0.24707884 0.9674753  0.8815424  0.011626634746789932
4.0 0.20956457 0.70581096 0.8981477  1.         0.01162480004131794
6.0 0.26497084 0.05428749 1.         1.         0.011485074646770954
7.0 0.49440083 0.21969953 0.9543067  0.9038707  0.01134774275124073
0.0 0.75057894 0.6824138  1.         1.         0.011065744794905186
29.0 0.11108059 0.06937295 1.         1.         0.01103363186120987
20.0 0.35114923 0.20668256 1.         1.         0.011019078083336353
11.0 0.25150666 0.51231396 0.96677697 0.9519291  0.010845864191651344
40.0 0.03689909 0.         1.         0.96461505 0.010753053240478039
18.0 0.03907688 0.57691514 0.38276696 0.89807427 0.010751718655228615
7.0 0.         0.40568268 0.89459074 1.         0.010728418827056885
14.0 0.5483142  0.08225778 0.95222235 0.392762   0.010712211951613426
24.0 0.19673008 0.20527351 1.         1.         0.010456137359142303
4.0 0.05507156 0.42686036 1.         1.         0.010446170344948769
24.0 0.25150666 0.51231396 0.96677697 0.9519291  0.010403948836028576
14.0 0.25051966 0.12599218 1.         1.         0.010357105173170567
15.0 0.12186798 0.28341484 0.65749    0.9181254  0.010335860773921013
4.0 0.25150666 0.51231396 0.96677697 0.9519291  0.010267197154462337
5.0 0.         0.06814909 1.         1.         0.01024528406560421
1.0 0.        0.        1.        0.9259686 0.010212905704975128
32.0 0.03689909 0.         1.         0.96461505 0.01017915178090334
26.0 0.12186798 0.28341484 0.65749    0.9181254  0.010145168751478195
24.0 0.         0.03250247 0.9670231  1.         0.010028012096881866
