18.0 0.3326347  0.8308233  0.63147724 1.         0.7583867311477661
0.0 0.01572387 0.59760696 0.2790897  0.9764243  0.41159963607788086
5.0 0.01415615 0.57920045 0.27746576 0.9750814  0.21602147817611694
30.0 0.01415615 0.57920045 0.27746576 0.9750814  0.2067069113254547
14.0 0.33030033 0.83386403 0.6482277  0.9923243  0.1958090364933014
13.0 0.3392838  0.83642614 0.6543578  0.98971    0.18038299679756165
40.0 0.33030033 0.83386403 0.6482277  0.9923243  0.17369534075260162
9.0 0.33164924 0.8286353  0.63391227 1.         0.16560731828212738
0.0 0.3392838  0.83642614 0.6543578  0.98971    0.1310206800699234
25.0 0.01415615 0.57920045 0.27746576 0.9750814  0.1293657124042511
28.0 0.01102102 0.57944316 0.28358066 0.99267465 0.12777288258075714
2.0 0.33030033 0.83386403 0.6482277  0.9923243  0.11607038229703903
11.0 0.3392838  0.83642614 0.6543578  0.98971    0.09803122282028198
37.0 0.         0.6080239  0.27132958 0.96388865 0.09085340052843094
38.0 0.33030033 0.83386403 0.6482277  0.9923243  0.08601934462785721
32.0 0.41469762 0.41568676 0.5459224  0.47752473 0.06722122430801392
7.0 0.         0.6080239  0.27132958 0.96388865 0.06464055180549622
27.0 0.68694484 0.2303595  0.99176884 1.         0.06309252977371216
4.0 0.02483927 0.3763141  0.317096   1.         0.057432472705841064
5.0 0.80538106 0.32936448 1.         0.5711618  0.056461840867996216
42.0 0.33366346 0.83328223 0.6328939  1.         0.05455753207206726
0.0 0.02823418 0.63222647 0.5072283  0.9726454  0.05446665361523628
24.0 0.33030033 0.83386403 0.6482277  0.9923243  0.054111842066049576
7.0 0.33030033 0.83386403 0.6482277  0.9923243  0.053600434213876724
10.0 0.63088506 0.14057508 0.99357647 1.         0.049278371036052704
1.0 0. 0. 1. 1. 0.04744817316532135
0.0 0.         0.48063955 0.31086427 1.         0.04734404757618904
28.0 0.01743895 0.33353066 0.35238117 1.         0.046286217868328094
10.0 0.61167395 0.2865357  0.854687   1.         0.04243551567196846
29.0 0.01194111 0.5671544  0.28413773 0.99498403 0.04125465080142021
6.0 0.00308236 0.         0.890051   1.         0.04053008556365967
18.0 0.41217634 0.8445336  0.60274297 0.98063165 0.03945905342698097
34.0 0.         0.58891445 0.26311302 0.84042746 0.03923124074935913
28.0 0.        0.5901182 0.2449084 0.7771352 0.03878217190504074
41.0 0.         0.58151186 0.270135   0.9400922  0.038249436765909195
4.0 0.5866244  0.35313863 0.7608247  1.         0.03819293901324272
15.0 0.01415615 0.57920045 0.27746576 0.9750814  0.036844559013843536
7.0 0.02223636 0.47964033 0.3125608  1.         0.03675621375441551
10.0 0.3392838  0.83642614 0.6543578  0.98971    0.03617873042821884
37.0 0.02223636 0.47964033 0.3125608  1.         0.03611210733652115
31.0 0.02384382 0.5925108  0.26893276 0.96996534 0.034132905304431915
18.0 0.46233684 0.81388134 0.7465076  0.9846243  0.03411099687218666
18.0 0.23938596 0.8221726  0.66136336 1.         0.03339901939034462
33.0 0.07845291 0.02270404 0.8201091  0.96718943 0.03298260271549225
14.0 0.41469762 0.41568676 0.5459224  0.47752473 0.03292311355471611
15.0 0.33030033 0.83386403 0.6482277  0.9923243  0.032463714480400085
28.0 0.03490752 0.45931864 0.2497299  0.89617205 0.03144264966249466
1.0 0.02483927 0.3763141  0.317096   1.         0.03082544170320034
16.0 0.         0.6080239  0.27132958 0.96388865 0.030665170401334763
0.0 0.         0.57833594 0.25486028 0.82376176 0.030562520027160645
0.0 0.00772276 0.7676789  0.25421154 0.9601447  0.030059145763516426
10.0 9.211004e-04 5.538578e-01 3.327881e-01 1.000000e+00 0.029976999387145042
34.0 0.58608514 0.33263686 0.76801544 1.         0.029508864507079124
32.0 0.41237473 0.41448352 0.50516176 0.46064624 0.029464105144143105
34.0 0.02483927 0.3763141  0.317096   1.         0.029266566038131714
40.0 0.02223636 0.47964033 0.3125608  1.         0.029212817549705505
4.0 0.06419958 0.57251334 0.28033674 0.9834051  0.028930045664310455
11.0 0.41469762 0.41568676 0.5459224  0.47752473 0.028630143031477928
0.0 0.         0.71066964 0.24639362 1.         0.02819141000509262
5.0 0.         0.48063955 0.31086427 1.         0.028168469667434692
40.0 0.41469762 0.41568676 0.5459224  0.47752473 0.027983009815216064
33.0 0.33030033 0.83386403 0.6482277  0.9923243  0.027879761531949043
41.0 0.02223636 0.47964033 0.3125608  1.         0.027877280488610268
32.0 0.450451  0.4233083 0.5470672 0.4647661 0.027733299881219864
26.0 0.02483927 0.3763141  0.317096   1.         0.027729660272598267
23.0 0.3392838  0.83642614 0.6543578  0.98971    0.026926835998892784
37.0 0.3392838  0.83642614 0.6543578  0.98971    0.0262845978140831
4.0 0.        0.213745  0.4330394 1.        0.02609679475426674
0.0 0.         0.48199645 0.40998662 1.         0.02578701823949814
3.0 0.3381345  0.83404875 0.6342255  1.         0.025524524971842766
26.0 0.05891117 0.04623154 0.62162375 0.9969351  0.025271235033869743
28.0 0.60280293 0.3973573  0.73862094 1.         0.025220846757292747
7.0 0.02823418 0.63222647 0.5072283  0.9726454  0.024887118488550186
29.0 0.11857876 0.02831089 0.76212585 0.9755858  0.024790149182081223
18.0 9.211004e-04 5.538578e-01 3.327881e-01 1.000000e+00 0.024186814203858376
10.0 0.25031596 0.15073487 0.910315   1.         0.024112625047564507
38.0 0.16595362 0.76926845 0.6255498  1.         0.024104490876197815
1.0 0.3392838  0.83642614 0.6543578  0.98971    0.02402529865503311
18.0 0.02823418 0.63222647 0.5072283  0.9726454  0.023556437343358994
36.0 0.41205147 0.4190317  0.5269843  0.4659219  0.02352539636194706
14.0 0.450451  0.4233083 0.5470672 0.4647661 0.02346404455602169
11.0 0.4591527 0.5836778 0.5750587 0.6145753 0.023167051374912262
26.0 0.3381345  0.83404875 0.6342255  1.         0.023075897246599197
20.0 0.00308236 0.         0.890051   1.         0.022919535636901855
11.0 0.4517841 0.5740794 0.5963933 0.6257504 0.022668536752462387
28.0 0.         0.22126168 0.61073303 1.         0.022407451644539833
34.0 0.         0.6146501  0.37286615 0.97519606 0.022163303568959236
35.0 0.41272253 0.4209514  0.4893642  0.46303734 0.021807998418807983
20.0 0.41205147 0.4190317  0.5269843  0.4659219  0.021641630679368973
23.0 0.0916118 0.1605367 0.7982675 1.        0.021253040060400963
13.0 0.02223636 0.47964033 0.3125608  1.         0.021061351522803307
18.0 0.1437155  0.65450555 0.71752506 0.9683656  0.02089778333902359
39.0 0.6438302  0.25044936 0.9485959  1.         0.02088262140750885
34.0 0.01409672 0.59726566 0.19560085 0.6924158  0.0204424187541008
27.0 0.539246   0.32563353 1.         0.9040346  0.020197860896587372
40.0 0.41237473 0.41448352 0.50516176 0.46064624 0.020196685567498207
41.0 0.         0.39294967 0.34637627 1.         0.01968429796397686
21.0 0.58608514 0.33263686 0.76801544 1.         0.019678723067045212
28.0 0.03304425 0.59863204 0.21157204 0.6927524  0.019524838775396347
26.0 0.58608514 0.33263686 0.76801544 1.         0.01946832425892353
