32.0 0.46833912 0.03101891 0.97694814 0.5493289  0.38605615496635437
15.0 0.5335664  0.18871212 0.936681   0.5209332  0.2808838486671448
40.0 0.46833912 0.03101891 0.97694814 0.5493289  0.2480563223361969
37.0 0.46833912 0.03101891 0.97694814 0.5493289  0.22110246121883392
37.0 0.11156812 0.00920999 0.9793445  0.64425886 0.19523084163665771
40.0 0.5510195  0.23301095 0.92395097 0.5032995  0.18002066016197205
32.0 0.5510195  0.23301095 0.92395097 0.5032995  0.14738193154335022
37.0 0.         0.20324689 1.         0.93910486 0.14044351875782013
24.0 0.53745556 0.13931414 0.9491339  0.5196974  0.1292264759540558
29.0 0.46833912 0.03101891 0.97694814 0.5493289  0.1265266388654709
15.0 0.         0.16097471 1.         0.9811876  0.1080261692404747
0.0 0.06779456 0.15909365 0.9856005  0.96808636 0.10603398084640503
7.0 0.         0.20324689 1.         0.93910486 0.09772111475467682
5.0 0.         0.20324689 1.         0.93910486 0.09626902639865875
5.0 0.11156812 0.00920999 0.9793445  0.64425886 0.09163451939821243
15.0 0.26119518 0.00891948 0.9689008  0.5803177  0.0766557976603508
23.0 0.46833912 0.03101891 0.97694814 0.5493289  0.07423514127731323
1.0 0.51955974 0.04110092 0.9759284  0.5476191  0.06778212636709213
37.0 0.5447895  0.17063314 0.905482   0.5159083  0.06699615716934204
0.0 0.5335664  0.18871212 0.936681   0.5209332  0.06582342833280563
7.0 0.26119518 0.00891948 0.9689008  0.5803177  0.06139316037297249
32.0 0.0937109  0.00360775 0.97954416 0.5991704  0.0609268955886364
14.0 0.46833912 0.03101891 0.97694814 0.5493289  0.06050673872232437
0.0 0.01041161 0.26159567 0.29147035 0.45009947 0.05491933226585388
15.0 0.01468918 0.39605105 0.4383466  0.8258623  0.0521666556596756
19.0 0.45706126 0.04034582 0.98672473 0.53747153 0.05190755054354668
24.0 2.4826062e-01 5.3265691e-04 9.7136056e-01 6.0365081e-01 0.05144407972693443
7.0 0.5266933  0.10043433 0.96092373 0.5252085  0.04968486726284027
15.0 0.00118814 0.25646967 0.34456772 0.6478452  0.049038566648960114
29.0 0.04136562 0.06955492 0.9894711  0.7956928  0.04894421249628067
13.0 0.46833912 0.03101891 0.97694814 0.5493289  0.04891536757349968
35.0 0.5447895  0.17063314 0.905482   0.5159083  0.04858231917023659
24.0 0.         0.08625603 1.         1.         0.04828416928648949
37.0 0.         0.40723178 1.         1.         0.04486862197518349
0.0 0.         0.45208457 0.8354963  1.         0.043177343904972076
31.0 0.45706126 0.04034582 0.98672473 0.53747153 0.04243665561079979
24.0 0.01172352 0.45339668 0.6032456  0.8065429  0.04142708331346512
5.0 0.5266933  0.10043433 0.96092373 0.5252085  0.04105566442012787
35.0 0.4961357  0.02054128 0.9629655  0.56073785 0.04082733765244484
34.0 0.         0.20324689 1.         0.93910486 0.04015212506055832
40.0 0.39895752 0.         1.         0.5247714  0.03425660356879234
32.0 0.16034517 0.00686037 0.57439244 0.20253032 0.03396303206682205
0.0 0.11156812 0.00920999 0.9793445  0.64425886 0.033711813390254974
15.0 0.01041161 0.26159567 0.29147035 0.45009947 0.03359551355242729
20.0 0.51955974 0.04110092 0.9759284  0.5476191  0.03335688263177872
32.0 0.         0.20324689 1.         0.93910486 0.032877255231142044
0.0 0.         0.23441933 0.40429947 0.57195145 0.03234907612204552
32.0 0.59152865 0.         1.         0.45236695 0.03170490637421608
24.0 0.55611575 0.30252242 0.91713786 0.50788814 0.031086286529898643
30.0 0.26119518 0.00891948 0.9689008  0.5803177  0.03035345859825611
34.0 0.46833912 0.03101891 0.97694814 0.5493289  0.029460711404681206
11.0 0.4065967  0.         0.9797468  0.62789583 0.028887014836072922
32.0 0.30923453 0.         1.         0.47503942 0.028864050284028053
24.0 0.11882535 0.47292972 0.53893673 0.6199894  0.02840305119752884
29.0 0.5367876  0.         1.         0.44721752 0.02817722037434578
14.0 0.5510195  0.23301095 0.92395097 0.5032995  0.027751615270972252
40.0 0.06171307 0.         0.5562557  0.2275464  0.02687690034508705
37.0 0.37534586 0.12605053 0.9228171  0.82739353 0.02653036266565323
13.0 0.54363966 0.19495185 0.912748   0.50275433 0.02631830796599388
36.0 0.4662421 0.        0.9626514 0.5763663 0.02620239369571209
15.0 0.18948063 0.00621078 0.56040454 0.18797639 0.025885727256536484
10.0 0.0322209 0.1897411 1.        0.9439324 0.024452941492199898
0.0 0.00467962 0.44785833 0.5660731  0.79557776 0.02403198555111885
26.0 0.46833912 0.03101891 0.97694814 0.5493289  0.023738300427794456
33.0 0.46833912 0.03101891 0.97694814 0.5493289  0.0234112199395895
24.0 0.23623508 0.01080297 0.5696928  0.19895647 0.022999169304966927
18.0 0.5335664  0.18871212 0.936681   0.5209332  0.02234005369246006
40.0 0.6610164 0.        1.        0.5505687 0.0221764724701643
15.0 0.0453697  0.4451938  0.36604065 0.6120246  0.022001052275300026
34.0 0.11156812 0.00920999 0.9793445  0.64425886 0.021994004026055336
24.0 0.00785671 0.24741893 0.31226557 0.55915606 0.021736977621912956
28.0 0.26119518 0.00891948 0.9689008  0.5803177  0.0215409267693758
23.0 0.5447895  0.17063314 0.905482   0.5159083  0.021254224702715874
19.0 0.5510195  0.23301095 0.92395097 0.5032995  0.02081778272986412
24.0 0.02996375 0.37872022 0.3866213  0.68474835 0.020166616886854172
1.0 0.4647115  0.         1.         0.49145004 0.02010766603052616
29.0 0.1851871  0.         0.99106264 0.504137   0.02004135027527809
0.0 0.         0.36705565 0.4429276  0.69052017 0.01989853009581566
8.0 0.51955974 0.04110092 0.9759284  0.5476191  0.019774721935391426
11.0 0.5425122  0.11186454 0.9389925  0.54651797 0.01957382820546627
5.0 0.00662127 0.3801118  0.5380472  0.6936147  0.019528353586792946
24.0 0.04328823 0.49453878 0.41574904 0.8723067  0.01949412189424038
5.0 0.        0.0343492 1.        1.        0.01929248496890068
19.0 0.08025569 0.00481761 0.9818594  0.61511475 0.019269907847046852
28.0 1.3157219e-01 7.6022744e-04 9.7959131e-01 9.6491241e-01 0.019000820815563202
15.0 0.05665492 0.5082768  0.37308604 0.66933525 0.018909038975834846
27.0 0.26119518 0.00891948 0.9689008  0.5803177  0.018794391304254532
0.0 0.         0.30480665 1.         1.         0.018592162057757378
31.0 0.5501817  0.22928888 0.882199   0.4767804  0.018110234290361404
16.0 0.01390772 0.2286885  0.3227499  0.6816144  0.018046380952000618
37.0 0.32857552 0.         0.89271605 0.50660455 0.01789180561900139
0.0 0.         0.14199544 0.3644182  0.46206576 0.017832813784480095
37.0 0.6610164 0.        1.        0.5505687 0.017604053020477295
16.0 0.45706126 0.04034582 0.98672473 0.53747153 0.017515094950795174
7.0 0.07678559 0.         1.         0.7130729  0.017512526363134384
16.0 0.04136562 0.06955492 0.9894711  0.7956928  0.017508111894130707
10.0 0.45706126 0.04034582 0.98672473 0.53747153 0.01693350076675415
0.0 0.22772466 0.00109158 0.559576   0.20188642 0.016716424375772476
15.0 0.02423181 0.17213586 0.2863785  0.54882455 0.01659863255918026
34.0 0.         0.40723178 1.         1.         0.016510887071490288
