9.0 0.8761033  0.         0.9992281  0.35757738 0.2385006546974182
17.0 0.88868225 0.         1.         0.30744782 0.08429868519306183
34.0 0.02371292 0.14242737 0.4636382  0.42621654 0.08179190009832382
28.0 0.02371292 0.14242737 0.4636382  0.42621654 0.06481773406267166
2.0 0.26095822 0.12076378 0.3103201  0.14832476 0.053457122296094894
21.0 0.         0.10360855 0.7557101  0.536089   0.05016787350177765
35.0 0.26095822 0.12076378 0.3103201  0.14832476 0.04131513833999634
34.0 0.01260142 0.17315513 0.33803272 0.37209773 0.040279194712638855
28.0 0.         0.10360855 0.7557101  0.536089   0.03913076967000961
9.0 0.8888009  0.00870655 0.9978183  0.19878104 0.03252021223306656
41.0 0.         0.06219548 0.7876065  0.5882365  0.03238628804683685
34.0 0.00747129 0.12836874 0.7142117  0.4879588  0.031981248408555984
12.0 0.        0.0633083 0.7288815 0.5789051 0.030998611822724342
10.0 0.         0.06219548 0.7876065  0.5882365  0.028820812702178955
15.0 0.26095822 0.12076378 0.3103201  0.14832476 0.028588896617293358
1.0 0.6904159  0.33472788 0.79229325 0.58114016 0.02755250409245491
5.0 0.02371292 0.14242737 0.4636382  0.42621654 0.0266258604824543
4.0 0.         0.10360855 0.7557101  0.536089   0.02651837281882763
31.0 0.26082024 0.11255988 0.3120683  0.16001077 0.025361137464642525
8.0 0.00657592 0.90652424 0.12302464 1.         0.025169163942337036
28.0 0.01260142 0.17315513 0.33803272 0.37209773 0.02504054643213749
26.0 0.00747129 0.12836874 0.7142117  0.4879588  0.02285918779671192
17.0 0.91818446 0.         1.         0.16308832 0.022852275520563126
9.0 0.794417 0.       1.       0.348503 0.022394347935914993
21.0 0.05254045 0.13162974 0.5556178  0.4297814  0.021651968359947205
9.0 0.85716975 0.00459894 1.         0.24811098 0.01995186135172844
17.0 0.26095822 0.12076378 0.3103201  0.14832476 0.0198685135692358
34.0 0.10697056 0.1865627  0.49803185 0.3704211  0.019864071160554886
24.0 0.01189412 0.11301932 0.39154208 0.44409552 0.019314777106046677
4.0 0.02371292 0.14242737 0.4636382  0.42621654 0.01886315457522869
34.0 0.         0.16616172 0.24272965 0.3216927  0.018250996246933937
3.0 0.         0.05664232 0.8300178  0.562171   0.018060855567455292
11.0 0.        0.0633083 0.7288815 0.5789051 0.017859959974884987
0.0 0.00085886 0.1902745  0.13269897 0.29786247 0.01751588098704815
26.0 0.01920773 0.09390831 0.47007066 0.37442654 0.017002427950501442
5.0 0.01260142 0.17315513 0.33803272 0.37209773 0.016980644315481186
36.0 0.8761033  0.         0.9992281  0.35757738 0.01695443131029606
9.0 0.9272087  0.         0.99910337 0.14965135 0.0167295653373003
19.0 0.2583874  0.11924663 0.31346303 0.15322462 0.016635630279779434
1.0 0.6723738  0.3402813  0.7555411  0.60858744 0.01660972088575363
10.0 0.8761033  0.         0.9992281  0.35757738 0.016494665294885635
10.0 0.68253577 0.26383594 0.86992323 0.78579676 0.016480745747685432
10.0 0.6960678  0.49849823 0.7552476  0.64742714 0.016472406685352325
34.0 0.08920336 0.1245517  0.3873297  0.3406211  0.016237935051321983
37.0 0.01260142 0.17315513 0.33803272 0.37209773 0.016211844980716705
34.0 0.         0.19803128 0.44035488 0.56266856 0.016096558421850204
0.0 0.02371292 0.14242737 0.4636382  0.42621654 0.015944570302963257
19.0 0.2506768  0.09671544 0.32334936 0.18538393 0.015424110926687717
5.0 0.         0.06219548 0.7876065  0.5882365  0.015110972337424755
40.0 0.8761033  0.         0.9992281  0.35757738 0.015036576427519321
13.0 0.88868225 0.         1.         0.30744782 0.014881814830005169
26.0 0.         0.06026989 0.7462442  0.7223296  0.014763813465833664
24.0 0.00597924 0.23905674 0.40322223 0.6789774  0.014718230813741684
21.0 0.10492289 0.04281864 0.7519738  0.38578197 0.014622552320361137
6.0 0.794417 0.       1.       0.348503 0.014437968842685223
40.0 0.26095822 0.12076378 0.3103201  0.14832476 0.01433116290718317
35.0 0.2508947  0.11314455 0.31458673 0.16683789 0.014079333283007145
0.0 0.26095822 0.12076378 0.3103201  0.14832476 0.014036069624125957
2.0 0.25418612 0.11215072 0.31725135 0.16360362 0.013926134444773197
28.0 0.10697056 0.1865627  0.49803185 0.3704211  0.013795286417007446
4.0 0.         0.15664989 0.29178602 0.29089084 0.013653148896992207
31.0 0.2563761  0.11698751 0.31650436 0.18746011 0.013646343722939491
34.0 0.         0.06026989 0.7462442  0.7223296  0.013282464817166328
13.0 0.2583874  0.11924663 0.31346303 0.15322462 0.013262868858873844
9.0 0.8295498  0.         1.         0.16254967 0.013218137435615063
10.0 0.8868918 0.249943  1.        0.6331102 0.01310132909566164
9.0 0.89033544 0.0549069  1.         0.28536046 0.012995272874832153
8.0 0.8761033  0.         0.9992281  0.35757738 0.012940959073603153
34.0 0.01509154 0.02646179 0.49462336 0.31703627 0.012802272103726864
34.0 0.04554316 0.14631282 0.32921463 0.2884134  0.012712446972727776
37.0 0.02371292 0.14242737 0.4636382  0.42621654 0.012571925297379494
6.0 0.6785038  0.33198762 0.83024484 0.57503575 0.012261899188160896
10.0 0.67873794 0.3565719  0.78228    0.6486839  0.012193880043923855
6.0 0.85716975 0.00459894 1.         0.24811098 0.01219285186380148
10.0 0.71453327 0.47143897 0.77331036 0.6475891  0.012065159156918526
9.0 0.6904159  0.33472788 0.79229325 0.58114016 0.011940096504986286
24.0 0.05248132 0.43536896 0.29905015 0.6060088  0.011937611736357212
34.0 0.01463527 0.1944804  0.2360881  0.27596998 0.01191183365881443
0.0 0.01260142 0.17315513 0.33803272 0.37209773 0.011903228238224983
28.0 0.         0.18302673 0.2629301  0.30193156 0.01185703556984663
21.0 0.06742699 0.1852285  0.41032338 0.3714669  0.011840739287436008
39.0 0.         0.06219548 0.7876065  0.5882365  0.011803505942225456
17.0 0.90023035 0.00415715 1.         0.10580364 0.011762811802327633
12.0 0.         0.         0.8136448  0.38509727 0.011666967533528805
7.0 0.        0.0633083 0.7288815 0.5789051 0.011650824919342995
27.0 0.00433455 0.9066453  0.14018556 1.         0.011617493815720081
21.0 0.01097423 0.15406065 0.3181799  0.28965098 0.01158065814524889
23.0 0.26095822 0.12076378 0.3103201  0.14832476 0.011472856625914574
24.0 0.24132912 0.10727785 0.3262808  0.17190054 0.011448119767010212
26.0 0.         0.17552891 0.30477628 0.32966384 0.011445038951933384
4.0 0.01260142 0.17315513 0.33803272 0.37209773 0.011354556307196617
24.0 0.26095822 0.12076378 0.3103201  0.14832476 0.011317547410726547
24.0 0.06742699 0.1852285  0.41032338 0.3714669  0.011118494905531406
34.0 0.01700625 0.17527    0.2233111  0.24752621 0.011030135676264763
1.0 0.85521156 0.         1.         0.39055398 0.011026167310774326
10.0 0.6966109  0.30949354 0.8291751  0.5704893  0.010962673462927341
28.0 0.         0.19803128 0.44035488 0.56266856 0.010865849442780018
10.0 0.7465156 0.4990915 0.8478896 0.7704979 0.010818199254572392
10.0 0.75010127 0.24807033 0.9418438  0.8215331  0.010793845169246197
39.0 0.01255409 0.8973071  0.1090176  0.99757    0.010786947794258595
