34.0 0.02426159 0.0931223  0.86563313 0.99404794 0.6821323037147522
30.0 0.01514515 0.10672602 0.7336129  0.99186325 0.667580246925354
28.0 0.00957477 0.12264147 0.9106169  1.         0.20310258865356445
5.0 0.00957477 0.12264147 0.9106169  1.         0.15973523259162903
30.0 0.02880071 0.3426783  0.41562557 1.         0.10955320298671722
34.0 0.03625858 0.32113132 0.646101   0.91515756 0.10072221606969833
30.0 0. 0. 1. 1. 0.08549509942531586
0.0 0.01145133 0.76389223 0.40809792 1.         0.07718206197023392
30.0 0.34265572 0.1775136  0.6968171  0.75797755 0.07578418403863907
4.0 0.03063497 0.12305075 0.58804107 1.         0.07309094816446304
24.0 0.02426159 0.0931223  0.86563313 0.99404794 0.0684891864657402
21.0 0.00957477 0.12264147 0.9106169  1.         0.06535005569458008
34.0 0.        0.3734768 0.810478  1.        0.060352880507707596
0.0 0.         0.12574685 0.8275447  0.9901389  0.05787215754389763
30.0 0.45104468 0.18659    0.5980555  0.6056354  0.05620680749416351
37.0 0.00957477 0.12264147 0.9106169  1.         0.054801784455776215
34.0 0.07686242 0.1310142  0.6983696  0.66069865 0.04889180511236191
30.0 0.3755744  0.4234723  0.43824494 0.5923866  0.04401109740138054
5.0 0.         0.19045198 0.60883296 0.9299066  0.040563106536865234
34.0 0. 0. 1. 1. 0.04015221819281578
30.0 0.05279502 0.320356   0.5905031  0.82570374 0.03884835168719292
34.0 0.         0.12408677 0.6188309  0.85998344 0.03661336377263069
4.0 0. 0. 1. 1. 0.035980526357889175
30.0 0.3580307  0.44140252 0.42168579 0.60689795 0.03412935137748718
28.0 0.02565303 0.12441376 0.63641655 0.6705109  0.03351868316531181
30.0 0.         0.         1.         0.95288503 0.032095447182655334
5.0 0.        0.3734768 0.810478  1.        0.03172871097922325
41.0 0.         0.19045198 0.60883296 0.9299066  0.02962673269212246
9.0 0.8436567 0.6975529 0.9972643 1.        0.029369814321398735
19.0 0.00957477 0.12264147 0.9106169  1.         0.028824685141444206
37.0 0.        0.3734768 0.810478  1.        0.027615893632173538
34.0 0.03667703 0.67213255 0.61779225 1.         0.027256052941083908
15.0 0.03340766 0.09938499 0.68534636 0.9961724  0.026452410966157913
10.0 0.8515882  0.65625346 0.99773735 1.         0.025860032066702843
25.0 0.         0.12574685 0.8275447  0.9901389  0.02571279928088188
10.0 0.7955959  0.41326797 1.         1.         0.025060756132006645
30.0 0.10567877 0.2165632  0.7892072  0.7376399  0.02433379366993904
28.0 0.04212698 0.17338589 0.505512   1.         0.023155275732278824
34.0 0.16446447 0.3610548  1.         1.         0.023066913709044456
34.0 0.        0.5452925 0.4752041 0.9818082 0.021690821275115013
30.0 0.12394585 0.70817924 0.23905125 0.814922   0.021581396460533142
4.0 0.22894354 0.12819663 0.7156047  0.94479823 0.020571080967783928
37.0 0.         0.19045198 0.60883296 0.9299066  0.02052462287247181
17.0 0.8436567 0.6975529 0.9972643 1.        0.02051762491464615
26.0 0.02426159 0.0931223  0.86563313 0.99404794 0.01938912458717823
0.0 0.08338155 0.85207707 0.4302466  1.         0.019294410943984985
34.0 0.02467293 0.37944221 0.4876169  0.7823529  0.01917921006679535
28.0 0.        0.3734768 0.810478  1.        0.019112925976514816
24.0 0.01362199 0.27207667 0.55889755 0.952426   0.01836208999156952
24.0 0.        0.254664  0.7376463 1.        0.018331097438931465
15.0 0.01830937 0.8112872  0.3629306  0.99407    0.01701168157160282
5.0 0.         0.         1.         0.84872836 0.016972050070762634
0.0 0.         0.2534401  0.89466596 1.         0.01676567830145359
30.0 0.        0.        0.7657131 0.7621318 0.016688570380210876
28.0 0.08269644 0.2688747  0.79083395 0.8157769  0.016559800133109093
34.0 0.         0.04052532 1.         1.         0.016480907797813416
34.0 0.        0.        0.8657193 0.6749598 0.016205715015530586
30.0 0.         0.1516242  0.59196734 1.         0.016117364168167114
0.0 0.         0.27553803 0.5672463  0.8494672  0.015979038551449776
30.0 0.33849892 0.46207806 0.39962986 0.6254897  0.015798034146428108
7.0 0.         0.12408677 0.6188309  0.85998344 0.014805744402110577
4.0 0.37784004 0.15903461 0.6628916  0.7951499  0.014782712794840336
30.0 0.29649344 0.5305021  0.35513857 0.67763126 0.014664515852928162
0.0 0.        0.5452925 0.4752041 0.9818082 0.014567004516720772
37.0 0.03267485 0.8219511  0.3985275  1.         0.014424765482544899
5.0 0.07686242 0.1310142  0.6983696  0.66069865 0.014264275319874287
29.0 0.         0.12574685 0.8275447  0.9901389  0.013842517510056496
38.0 0.78831846 0.47557    0.99918514 1.         0.013643430545926094
34.0 0.12107979 0.7153388  0.24334098 0.80864966 0.013558967038989067
21.0 0.08269644 0.2688747  0.79083395 0.8157769  0.013540884479880333
0.0 0.07686242 0.1310142  0.6983696  0.66069865 0.01301464531570673
5.0 0.        0.1094141 1.        1.        0.012870457954704762
3.0 0.         0.12574685 0.8275447  0.9901389  0.012728920206427574
34.0 0.         0.         1.         0.91931164 0.012542929500341415
25.0 0.         0.27553803 0.5672463  0.8494672  0.012377755716443062
4.0 0.         0.23008072 0.37744755 1.         0.012142661958932877
19.0 0.        0.3734768 0.810478  1.        0.012136543169617653
10.0 0.00957477 0.12264147 0.9106169  1.         0.01201395969837904
28.0 0.        0.        0.9940207 0.8499329 0.011781007051467896
29.0 0.4566943  0.19400889 0.59620816 0.57458204 0.011714354157447815
4.0 0.12350562 0.68888223 0.7492378  1.         0.011681685224175453
4.0 0.00410217 0.5054523  0.8143506  1.         0.011409084312617779
16.0 0.49911386 0.21949546 0.584961   0.37120152 0.011388161219656467
21.0 0.02565303 0.12441376 0.63641655 0.6705109  0.011314409784972668
24.0 0.05754551 0.508869   0.572186   1.         0.01130094937980175
30.0 0.39835683 0.40087697 0.45539168 0.56638724 0.011300469748675823
10.0 0.850761   0.51098853 0.99392086 0.8609807  0.011268793605268002
34.0 0.         0.1536051  0.39436537 0.96400166 0.011233305558562279
30.0 0.32240364 0.4854302  0.38382706 0.6428927  0.011214641854166985
24.0 0.00256075 0.70247155 0.3764122  1.         0.011189625598490238
28.0 0.08198392 0.4564531  0.73075414 0.9718952  0.011073282919824123
30.0 0.26599377 0.56138295 0.33042586 0.7149294  0.010975601151585579
30.0 0.14714345 0.6795163  0.25546092 0.79703546 0.010922755114734173
28.0 0.16446447 0.3610548  1.         1.         0.01089648250490427
38.0 0.8436567 0.6975529 0.9972643 1.        0.010883837938308716
28.0 0.0000000e+00 4.3332577e-05 1.0000000e+00 1.0000000e+00 0.010818463750183582
15.0 0.        0.3734768 0.810478  1.        0.010805025696754456
30.0 0.38372383 0.44326773 0.4253833  0.5688467  0.010598383843898773
5.0 0.        0.        0.8657193 0.6749598 0.010507398284971714
30.0 0.23131453 0.12543198 0.6135751  0.93233085 0.010452565737068653
