40.0 0.284289   0.1883509  0.5225258  0.50710535 0.37328171730041504
38.0 0.284289   0.1883509  0.5225258  0.50710535 0.3326457738876343
18.0 0.2838947  0.1853698  0.52346426 0.5087607  0.22819529473781586
40.0 0.26151806 0.07985914 0.69127685 0.53659475 0.18705116212368011
31.0 0.28984421 0.17763563 0.5274556  0.5130992  0.13760776817798615
9.0 0.28984421 0.17763563 0.5274556  0.5130992  0.1372683048248291
13.0 0.2838947  0.1853698  0.52346426 0.5087607  0.1192045733332634
31.0 0.8474779  0.1977499  0.98795986 0.6112436  0.10236505419015884
40.0 0.2901951  0.06929818 0.9866148  0.5789981  0.10121350735425949
31.0 0.26151806 0.07985914 0.69127685 0.53659475 0.09519121050834656
0.0 0.2901951  0.06929818 0.9866148  0.5789981  0.08150593936443329
14.0 0.2869399  0.18509948 0.52283216 0.50888014 0.07853340357542038
38.0 0.26151806 0.07985914 0.69127685 0.53659475 0.0773826315999031
25.0 0.8474779  0.1977499  0.98795986 0.6112436  0.07704707235097885
31.0 0.58243287 0.01041916 0.98508704 0.67466414 0.07466369867324829
40.0 0.08281377 0.01772052 0.6202756  0.34313625 0.07018618285655975
0.0 0.2838947  0.1853698  0.52346426 0.5087607  0.06735695153474808
29.0 0.2568914  0.02227363 1.         0.61930156 0.059806883335113525
16.0 0.2901951  0.06929818 0.9866148  0.5789981  0.05663703382015228
38.0 0.2901951  0.06929818 0.9866148  0.5789981  0.05629221349954605
42.0 0.2869399  0.18509948 0.52283216 0.50888014 0.05391504988074303
36.0 0.2869399  0.18509948 0.52283216 0.50888014 0.05191747471690178
17.0 0.26020557 0.11114877 0.55344725 0.50189066 0.050430260598659515
40.0 0.1833971  0.03343821 0.5505273  0.5959002  0.04302015155553818
7.0 0.2869399  0.18509948 0.52283216 0.50888014 0.04225950315594673
13.0 0.21489719 0.0706078  0.8068646  0.5503741  0.04218771308660507
40.0 0.58243287 0.01041916 0.98508704 0.67466414 0.04116899147629738
31.0 0.7133914  0.04371628 1.         0.6016958  0.04068855941295624
31.0 0.7683801 0.4318643 0.994093  1.        0.04037674516439438
2.0 0.2869399  0.18509948 0.52283216 0.50888014 0.0402810201048851
18.0 0.26151806 0.07985914 0.69127685 0.53659475 0.038483843207359314
16.0 0.7235687  0.02852803 0.996048   0.5996013  0.03769934922456741
0.0 0.26151806 0.07985914 0.69127685 0.53659475 0.03670158237218857
13.0 0.22645067 0.10237075 0.5766559  0.4715864  0.03564506396651268
15.0 0.28723937 0.18679608 0.5207224  0.5075739  0.03555687144398689
25.0 0.7235687  0.02852803 0.996048   0.5996013  0.0355166420340538
16.0 0.26151806 0.07985914 0.69127685 0.53659475 0.035466019064188004
25.0 0.7833204  0.39762247 0.9965215  1.         0.035076916217803955
31.0 0.1833971  0.03343821 0.5505273  0.5959002  0.03454152122139931
16.0 0.8474779  0.1977499  0.98795986 0.6112436  0.03424173966050148
40.0 0.01044135 0.8979243  0.27552187 1.         0.03405987471342087
16.0 0.70600575 0.43984267 0.9959157  1.         0.03265934810042381
31.0 0.8120839  0.02581754 0.9934098  0.48601356 0.032438974827528
29.0 0.253219   0.10976431 0.743559   0.51249146 0.03238809108734131
0.0 0.5366134  0.01586658 0.9854047  0.7886464  0.031723737716674805
29.0 0.03258049 0.11881372 1.         1.         0.03163390979170799
18.0 0.15389255 0.04110831 0.88982654 0.6028154  0.030887626111507416
16.0 0.5366134  0.01586658 0.9854047  0.7886464  0.030475106090307236
1.0 0.2869399  0.18509948 0.52283216 0.50888014 0.030263913795351982
29.0 0.60119915 0.05826059 0.9867737  0.7469486  0.029010312631726265
31.0 0.29051057 0.         0.98999226 0.573898   0.028199495747685432
7.0 0.272239   0.09947824 0.87114155 0.53654796 0.027593905106186867
1.0 0.26151806 0.07985914 0.69127685 0.53659475 0.027180993929505348
29.0 0.82906383 0.20012863 0.9904862  0.5826458  0.026021422818303108
40.0 0.18496591 0.         0.954411   0.5052816  0.02601928450167179
25.0 0.8083985  0.18226859 1.         0.84496963 0.025489442050457
40.0 0.22965094 0.         0.7806053  0.7204839  0.02494976297020912
25.0 0.5195365  0.11956871 1.         0.6854139  0.024379068985581398
0.0 0.83989    0.18118687 0.9921949  0.62381107 0.024236610159277916
38.0 0.83989    0.18118687 0.9921949  0.62381107 0.024145392701029778
0.0 0.6893631  0.10555497 1.         0.53425324 0.023798702284693718
40.0 0.4334881  0.00381042 0.97783256 0.25198567 0.02371407486498356
29.0 0.7133914  0.04371628 1.         0.6016958  0.023544341325759888
24.0 0.05300047 0.8961637  0.3940835  1.         0.023314518854022026
8.0 0.         0.         0.26832226 0.18147582 0.022550072520971298
7.0 0.60119915 0.05826059 0.9867737  0.7469486  0.022436661645770073
14.0 0.28562206 0.06344354 0.64240944 0.58529645 0.022394707426428795
17.0 0.83987826 0.15147887 0.99576455 0.59760547 0.02204030565917492
9.0 0.28562206 0.06344354 0.64240944 0.58529645 0.021913111209869385
40.0 0.8474779  0.1977499  0.98795986 0.6112436  0.02185075357556343
16.0 0.28984421 0.17763563 0.5274556  0.5130992  0.021445924416184425
40.0 0.7133914  0.04371628 1.         0.6016958  0.02134401723742485
38.0 0.60119915 0.05826059 0.9867737  0.7469486  0.021100929006934166
17.0 0.9188289  0.00226381 0.9966329  0.05661494 0.020637627691030502
24.0 0.05295834 0.7995177  0.64355385 1.         0.020377561450004578
15.0 0.28562206 0.06344354 0.64240944 0.58529645 0.02028784528374672
35.0 0.28562206 0.06344354 0.64240944 0.58529645 0.019627770408988
25.0 0.28984421 0.17763563 0.5274556  0.5130992  0.019062530249357224
32.0 0.28562206 0.06344354 0.64240944 0.58529645 0.018721457570791245
7.0 0.11600435 0.         0.98234487 1.         0.018437478691339493
29.0 0.54590064 0.         1.         0.64020234 0.018362190574407578
42.0 0.28562206 0.06344354 0.64240944 0.58529645 0.018341567367315292
16.0 0.68291146 0.06892321 1.         0.7603961  0.018152810633182526
38.0 0.04419164 0.9087762  0.23297235 1.         0.017821766436100006
38.0 0.6893631  0.10555497 1.         0.53425324 0.01754344254732132
15.0 0.2901951  0.06929818 0.9866148  0.5789981  0.017351094633340836
31.0 0.8083985  0.18226859 1.         0.84496963 0.017306938767433167
27.0 0.2901951  0.06929818 0.9866148  0.5789981  0.017257649451494217
5.0 0.60119915 0.05826059 0.9867737  0.7469486  0.017233826220035553
17.0 0.272239   0.09947824 0.87114155 0.53654796 0.01702200435101986
36.0 2.7233917e-01 4.3058395e-04 7.0082790e-01 6.2690794e-01 0.01662435382604599
15.0 0.58243287 0.01041916 0.98508704 0.67466414 0.016346197575330734
16.0 0.7479758  0.17487368 0.99382246 0.8525591  0.01632355898618698
21.0 0.00852326 0.3389461  0.2862422  1.         0.016239969059824944
29.0 0.6983494 0.        1.        0.7988783 0.01619693636894226
2.0 0.83989    0.18118687 0.9921949  0.62381107 0.016172079369425774
24.0 0.2793057  0.17373313 0.5285711  0.51908916 0.016160739585757256
0.0 0.5979257  0.18917477 0.9935847  0.60654587 0.016044097021222115
40.0 0.13881415 0.         0.9748036  0.9769987  0.016025861725211143
2.0 0.28562206 0.06344354 0.64240944 0.58529645 0.0159477349370718
