20.0 0.36750156 0.54761314 0.81379336 0.9721223  0.6648848652839661
5.0 0.3020505  0.30243218 0.89757645 1.         0.2017025202512741
41.0 0.3726364  0.54608685 0.8184451  0.9688994  0.1354828178882599
7.0 0.3574661  0.5252651  0.8388703  0.97754335 0.1341310441493988
10.0 0.3726364  0.54608685 0.8184451  0.9688994  0.13296303153038025
10.0 0.3020505  0.30243218 0.89757645 1.         0.1271236091852188
20.0 0.3020505  0.30243218 0.89757645 1.         0.12126024067401886
12.0 0.3020505  0.30243218 0.89757645 1.         0.11972682178020477
5.0 0.2322129  0.04089183 0.9821352  0.87273747 0.11074519157409668
39.0 0.33378524 0.33059555 0.8608251  0.96164435 0.07944367080926895
27.0 0.36010152 0.5212655  0.84556943 0.9861443  0.07733006775379181
20.0 0.20225576 0.05862767 0.96001756 0.8583799  0.07614973932504654
40.0 0.3666839  0.5246359  0.8578883  0.98352194 0.07335297018289566
41.0 0.3020505  0.30243218 0.89757645 1.         0.06850434094667435
1.0 0.3726364  0.54608685 0.8184451  0.9688994  0.06739495694637299
20.0 0.07300079 0.02741182 0.9435836  0.4932353  0.06438279896974564
14.0 0.3764388  0.5342283  0.80243856 0.9736855  0.06395581364631653
32.0 0.34086043 0.52730596 0.8538547  0.98523974 0.05940524488687515
21.0 0.3020505  0.30243218 0.89757645 1.         0.057628050446510315
28.0 0.24177101 0.07925457 0.9319209  0.90907353 0.05762196332216263
32.0 0.16156057 0.02736396 0.9969617  0.51904494 0.052000388503074646
29.0 0.3574661  0.5252651  0.8388703  0.97754335 0.05197993293404579
7.0 0.20888066 0.00968456 0.9839065  0.71085966 0.048356056213378906
29.0 0.2789537  0.05791211 0.9486518  0.8987826  0.04724831134080887
37.0 0.24177101 0.07925457 0.9319209  0.90907353 0.046754222363233566
41.0 0.20225576 0.05862767 0.96001756 0.8583799  0.0464293509721756
38.0 0.3666839  0.5246359  0.8578883  0.98352194 0.04635325446724892
12.0 0.20225576 0.05862767 0.96001756 0.8583799  0.04565222188830376
39.0 0.054277   0.01792267 0.9770114  0.6840222  0.04456028714776039
1.0 0.3020505  0.30243218 0.89757645 1.         0.04355108365416527
24.0 0.47574413 0.00828105 0.8587408  0.14404133 0.04329800233244896
10.0 0.20225576 0.05862767 0.96001756 0.8583799  0.04267989844083786
26.0 0.24177101 0.07925457 0.9319209  0.90907353 0.04080142453312874
24.0 0.3220247  0.0128372  0.99053836 0.36676857 0.038127683103084564
7.0 0.30075178 0.27320045 0.947945   0.96772593 0.03614204376935959
34.0 0.17674789 0.01909369 0.9964671  0.6118231  0.03549765795469284
3.0 0.24177101 0.07925457 0.9319209  0.90907353 0.03473585471510887
20.0 0.3863045  0.57924455 0.7491039  0.81535333 0.03461705148220062
4.0 0.12446177 0.01475722 0.97629654 0.60938966 0.032642170786857605
5.0 0.3726364  0.54608685 0.8184451  0.9688994  0.03222871944308281
24.0 0.14679119 0.01133448 0.97169864 0.7537928  0.031533803790807724
11.0 0.36606473 0.5450782  0.8114523  0.9683314  0.029700128361582756
21.0 0.054277   0.01792267 0.9770114  0.6840222  0.02937033586204052
16.0 0.36010152 0.5212655  0.84556943 0.9861443  0.029250819236040115
37.0 0.16156057 0.02736396 0.9969617  0.51904494 0.029233749955892563
11.0 0.16379473 0.01490521 0.9691918  0.71442485 0.029104281216859818
28.0 0.25792128 0.0418234  0.9668341  0.50217813 0.026804933324456215
22.0 0.24177101 0.07925457 0.9319209  0.90907353 0.02661418542265892
8.0 0.36010152 0.5212655  0.84556943 0.9861443  0.025286931544542313
17.0 0.9616783  0.3278068  0.99798876 0.4178768  0.024842005223035812
24.0 0.3726364  0.54608685 0.8184451  0.9688994  0.024397050961852074
36.0 0.35849786 0.5011824  0.8222562  0.9848282  0.024291977286338806
32.0 0.24177101 0.07925457 0.9319209  0.90907353 0.023539941757917404
28.0 0.3574661  0.5252651  0.8388703  0.97754335 0.023202715441584587
33.0 0.3020505  0.30243218 0.89757645 1.         0.023109570145606995
5.0 0.2187402  0.02242121 0.9811988  0.43977702 0.02285057120025158
6.0 0.24177101 0.07925457 0.9319209  0.90907353 0.02193431183695793
21.0 0.00973324 0.47301614 0.13447076 0.8587148  0.02172904647886753
1.0 0.23983356 0.0046874  0.99215615 0.8963642  0.021705567836761475
30.0 0.2789537  0.05791211 0.9486518  0.8987826  0.021578162908554077
26.0 0.19811243 0.03496036 0.9358409  0.4938192  0.020714879035949707
24.0 0.21671575 0.0977051  0.83364874 0.4232758  0.02065543457865715
20.0 0.1267041  0.         1.         0.64303875 0.020510006695985794
37.0 0.3574661  0.5252651  0.8388703  0.97754335 0.020482776686549187
10.0 0.15594962 0.01939669 0.9454005  0.432814   0.019872939214110374
42.0 0.3020505  0.30243218 0.89757645 1.         0.019510362297296524
27.0 0.2789537  0.05791211 0.9486518  0.8987826  0.019481001421809196
39.0 0.36558974 0.55502015 0.8089262  0.9239287  0.019043246284127235
14.0 0.3020505  0.30243218 0.89757645 1.         0.018853874877095222
22.0 0.36622033 0.48493212 0.8235575  0.98913616 0.01854732073843479
18.0 0.37569627 0.49652025 0.86409223 0.9899019  0.01789907179772854
26.0 0.3538415 0.3624393 0.8261149 0.9329004 0.017832396551966667
12.0 0.07300079 0.02741182 0.9435836  0.4932353  0.017667321488261223
0.0 0.3020505  0.30243218 0.89757645 1.         0.017630096524953842
11.0 0.10749549 0.02182664 0.8993955  0.40757084 0.017146790400147438
33.0 0.20225576 0.05862767 0.96001756 0.8583799  0.017088305205106735
19.0 0.25792128 0.0418234  0.9668341  0.50217813 0.016829639673233032
7.0 0.3863045  0.57924455 0.7491039  0.81535333 0.016658486798405647
4.0 0.27157977 0.04147708 0.9522275  0.40710306 0.016422884538769722
29.0 0.1267041  0.         1.         0.64303875 0.016370266675949097
34.0 0.3127385  0.07627381 0.92153776 0.44349176 0.016301829367876053
21.0 0.01131023 0.32284504 0.14031541 0.7201306  0.01597084477543831
17.0 0.95100653 0.31156093 1.         0.44193387 0.015849363058805466
41.0 0.07300079 0.02741182 0.9435836  0.4932353  0.01584162935614586
34.0 0.26413745 0.09970495 0.95470685 1.         0.015707306563854218
10.0 0.3863045  0.57924455 0.7491039  0.81535333 0.015284075401723385
15.0 0.35849786 0.5011824  0.8222562  0.9848282  0.01518569141626358
21.0 0.3481862  0.54580355 0.8181061  0.95399237 0.0145734753459692
12.0 0.3741948  0.55029607 0.8094515  0.95938015 0.014511085115373135
3.0 0.36264986 0.4476267  0.8376121  1.         0.014368121512234211
6.0 0.35849786 0.5011824  0.8222562  0.9848282  0.014291851781308651
32.0 0.2429181  0.         1.         0.34956998 0.014257572591304779
34.0 0.3318884  0.48535818 0.8664324  0.97135407 0.013896751217544079
4.0 0.43788752 0.00745191 0.83546674 0.14673266 0.013863087631762028
7.0 0.23839054 0.         1.         0.42882803 0.013778973370790482
1.0 0.11088216 0.03254198 0.9731147  0.52217007 0.013758390210568905
14.0 0.15594962 0.01939669 0.9454005  0.432814   0.01369026955217123
11.0 0.34309095 0.34572104 0.9045473  1.         0.013665946200489998
40.0 0.26413745 0.09970495 0.95470685 1.         0.013563246466219425
24.0 0.17396125 0.         1.         0.47392845 0.013169916346669197
