9.0 0.00316463 0.4846712  0.33861947 0.8587277  0.3052065968513489
41.0 0.04000211 0.27096185 1.         1.         0.22744931280612946
27.0 0.         0.01100501 0.7636914  0.6835301  0.207070454955101
9.0 0.0784214  0.49833697 0.5055507  0.9142104  0.2018628567457199
20.0 0.         0.01100501 0.7636914  0.6835301  0.20057626068592072
36.0 0.03217754 0.07768297 0.60606205 0.9345176  0.18758122622966766
22.0 0.03217754 0.07768297 0.60606205 0.9345176  0.1778813600540161
9.0 4.8178434e-04 5.0679374e-01 2.9004046e-01 6.8917966e-01 0.17233365774154663
6.0 0.00681421 0.09245351 0.8023778  0.9755205  0.15481705963611603
41.0 0.         0.00950539 0.91158736 0.703377   0.13804970681667328
40.0 0.00832253 0.8458792  0.20519349 1.         0.1370275914669037
6.0 0.00820717 0.4721371  0.4088828  0.9385606  0.11664696782827377
9.0 0.03217754 0.07768297 0.60606205 0.9345176  0.11090283840894699
10.0 0.00421524 0.02043781 0.960506   0.8483654  0.10677288472652435
5.0 0.         0.00950539 0.91158736 0.703377   0.10490376502275467
39.0 0.         0.01100501 0.7636914  0.6835301  0.09891096502542496
32.0 0.00665929 0.84999675 0.20307535 1.         0.09382914006710052
20.0 0.         0.         0.52139163 0.5121359  0.0919414758682251
5.0 0.7752329  0.18565257 0.99736226 0.6168998  0.0898967832326889
27.0 0.         0.05445653 1.         0.9678747  0.08348310738801956
22.0 0.         0.         1.         0.97486544 0.083193339407444
27.0 0.01440665 0.         0.4348357  0.5395373  0.08182480186223984
40.0 0.03217754 0.07768297 0.60606205 0.9345176  0.07686346024274826
10.0 0.03473771 0.00231877 0.5525548  0.75750756 0.07646036148071289
25.0 0.30732176 0.5389578  0.5169599  0.8754862  0.07621385157108307
40.0 0.0784214  0.49833697 0.5055507  0.9142104  0.07498237490653992
40.0 0.01565097 0.47602725 0.31327033 0.9720379  0.07364408671855927
42.0 0.03217754 0.07768297 0.60606205 0.9345176  0.07031172513961792
14.0 0.03217754 0.07768297 0.60606205 0.9345176  0.061771564185619354
9.0 0.02089256 0.30044755 0.44113553 0.997664   0.06051468104124069
27.0 0.03673565 0.11727434 0.54432166 0.91394657 0.06032700464129448
39.0 0.         0.11004263 0.956926   1.         0.058588698506355286
38.0 0.0784214  0.49833697 0.5055507  0.9142104  0.057505104690790176
41.0 0.2574112  0.54696023 0.9810879  1.         0.057092223316431046
3.0 0.03217754 0.07768297 0.60606205 0.9345176  0.05178287252783775
1.0 0.03217754 0.07768297 0.60606205 0.9345176  0.047762952744960785
17.0 0.03217754 0.07768297 0.60606205 0.9345176  0.04649636521935463
8.0 0.03217754 0.07768297 0.60606205 0.9345176  0.04552511125802994
38.0 0.03217754 0.07768297 0.60606205 0.9345176  0.044446151703596115
16.0 0.80625623 0.19904217 0.9965115  0.6040771  0.043231405317783356
7.0 0.         0.00311568 0.59004754 0.5300677  0.042998895049095154
27.0 0.02002954 0.4244915  0.9768279  1.         0.04208805039525032
20.0 0.03673565 0.11727434 0.54432166 0.91394657 0.04169325530529022
25.0 0.18378565 0.49777088 0.5298332  0.9138175  0.04162733629345894
5.0 0.16802508 0.0037816  0.81310254 0.32306522 0.040954235941171646
27.0 0.80625623 0.19904217 0.9965115  0.6040771  0.03908158466219902
41.0 0.7318275  0.07794611 1.         0.575072   0.0382748544216156
25.0 0.80625623 0.19904217 0.9965115  0.6040771  0.037850845605134964
22.0 0.03320718 0.39280418 0.79507834 0.9952284  0.0372646301984787
7.0 0.        0.        0.9243797 0.9305983 0.036898866295814514
5.0 0.02184582 0.0016457  0.69264245 0.48645234 0.03619059547781944
20.0 0.00238436 0.         0.9576158  1.         0.0356995165348053
14.0 0.         0.01092657 0.57412815 0.4489401  0.035131726413965225
6.0 0.03473771 0.00231877 0.5525548  0.75750756 0.035104233771562576
17.0 0.01750042 0.4797417  0.2977109  0.8615595  0.034548524767160416
1.0 0.01565097 0.47602725 0.31327033 0.9720379  0.034464526921510696
27.0 0.        0.        0.6290287 0.403731  0.03442130610346794
24.0 0.28661472 0.         0.9847587  0.25685984 0.03439721837639809
37.0 0.         0.00950539 0.91158736 0.703377   0.03425908088684082
16.0 0.01682374 0.00393769 0.57981265 0.5764624  0.03374724090099335
36.0 0.02089256 0.30044755 0.44113553 0.997664   0.03374040126800537
29.0 0.00665929 0.84999675 0.20307535 1.         0.033663589507341385
29.0 0.03217754 0.07768297 0.60606205 0.9345176  0.03354422748088837
31.0 0.29415688 0.51934266 0.52641726 0.8878025  0.03173007816076279
36.0 0.01497827 0.47036225 0.3235703  0.9333002  0.0315510630607605
10.0 0.         0.38905638 0.89003515 1.         0.0315018892288208
31.0 0.03673565 0.11727434 0.54432166 0.91394657 0.031341686844825745
16.0 0.29415688 0.51934266 0.52641726 0.8878025  0.031152090057730675
17.0 0.29415688 0.51934266 0.52641726 0.8878025  0.030174151062965393
5.0 0.39310655 0.         0.991758   0.26289207 0.029790181666612625
7.0 0.6651261  0.03272544 0.9983094  0.24670164 0.029219646006822586
41.0 0.         0.         0.53715336 0.5463246  0.028540197759866714
16.0 0.00665929 0.84999675 0.20307535 1.         0.0280285831540823
5.0 0.6628672  0.00674027 0.9774742  0.67047095 0.02795301377773285
21.0 0.03217754 0.07768297 0.60606205 0.9345176  0.027883006259799004
20.0 0.06985597 0.47384882 0.49938786 0.9383192  0.027593007311224937
12.0 0.03673565 0.11727434 0.54432166 0.91394657 0.027356239035725594
27.0 0.30732176 0.5389578  0.5169599  0.8754862  0.027342544868588448
13.0 0.00820717 0.4721371  0.4088828  0.9385606  0.02727404795587063
32.0 0.03330764 0.         0.50831294 0.6705422  0.027093464508652687
36.0 0.04825993 0.00611705 0.54039204 0.6080173  0.02629937045276165
8.0 0.00887709 0.84662455 0.20347333 1.         0.025448834523558617
0.0 0.6000681  0.00152928 1.         0.25171605 0.02495342306792736
17.0 0.05227874 0.5036547  0.49224    0.8793007  0.024042166769504547
13.0 0.03673565 0.11727434 0.54432166 0.91394657 0.023994455114006996
24.0 0.27477145 0.00191473 0.64545095 0.1603103  0.023959435522556305
14.0 0.02089256 0.30044755 0.44113553 0.997664   0.023882362991571426
41.0 0.582302  0.3535133 0.9728991 1.        0.023867173120379448
15.0 0.00665929 0.84999675 0.20307535 1.         0.023446056991815567
41.0 0.44800407 0.02981061 0.9636131  1.         0.02339749038219452
1.0 0.0784214  0.49833697 0.5055507  0.9142104  0.022589795291423798
29.0 0.         0.00950539 0.91158736 0.703377   0.02252620831131935
2.0 0.04247941 0.15341806 0.49199486 0.89073384 0.02251693420112133
36.0 0.00238436 0.         0.9576158  1.         0.022492555901408195
25.0 0.7553934 0.        1.        0.6696732 0.021863559260964394
40.0 0.02089256 0.30044755 0.44113553 0.997664   0.021742818877100945
22.0 0.00302035 0.02082571 0.5723946  0.5605037  0.021353337913751602
24.0 0.10322505 0.00844492 0.7130445  0.3511327  0.021160833537578583
10.0 0.8028891  0.18031932 0.9972248  0.5997194  0.021016046404838562
17.0 0.02089256 0.30044755 0.44113553 0.997664   0.020859628915786743
