40.0 0.58011645 0.00792255 1.         0.2516466  0.5855752229690552
14.0 0.5025862  0.00384115 0.9884748  0.28108567 0.21151848137378693
15.0 0.75075626 0.         1.         0.21377131 0.20088143646717072
32.0 0.75075626 0.         1.         0.21377131 0.13956767320632935
7.0 0.7398237  0.         1.         0.21788123 0.12259269505739212
14.0 7.3915660e-01 3.6027282e-04 1.0000000e+00 2.1659666e-01 0.11213208734989166
9.0 0.6703274 0.        1.        0.2178917 0.11124016344547272
40.0 0.7608702  0.         1.         0.21404941 0.10797511041164398
32.0 0.5229244  0.01176319 0.99185824 0.2606969  0.08917989581823349
18.0 0.69357586 0.00401405 1.         0.21518163 0.08153849840164185
1.0 0.4959203  0.00153385 1.         0.34846163 0.08105535805225372
31.0 0.72924274 0.0078589  1.         0.23248053 0.08096588402986526
28.0 0.36165068 0.         0.9815725  0.6284059  0.08057275414466858
38.0 0.6703274 0.        1.        0.2178917 0.0776740312576294
35.0 0.59433955 0.00694725 0.99766034 0.23847072 0.07534170150756836
5.0 0.741094   0.         0.9990603  0.21842922 0.07519645988941193
36.0 0.7418908  0.         1.         0.21865222 0.07488789409399033
2.0 0.6703274 0.        1.        0.2178917 0.07344139367341995
13.0 0.56757045 0.         1.         0.25512123 0.07283877581357956
24.0 0.75075626 0.         1.         0.21377131 0.07024901360273361
7.0 0.4136428  0.00879784 0.998381   0.3236006  0.06917593628168106
28.0 0.14069882 0.03087443 1.         1.         0.06586586683988571
10.0 0.4959203  0.00153385 1.         0.34846163 0.06293611973524094
16.0 0.75075626 0.         1.         0.21377131 0.0626363679766655
20.0 0.4136428  0.00879784 0.998381   0.3236006  0.06056325510144234
27.0 0.7286927  0.         1.         0.21696027 0.059052519500255585
17.0 0.6703274 0.        1.        0.2178917 0.058236442506313324
15.0 0.58011645 0.00792255 1.         0.2516466  0.057847656309604645
37.0 0.75782305 0.         1.         0.21956442 0.05425018444657326
20.0 0.7286927  0.         1.         0.21696027 0.05118997022509575
40.0 0.4527016 0.        1.        0.4049523 0.048622094094753265
14.0 0.37636378 0.         1.         0.41463462 0.04272245988249779
11.0 0.5025862  0.00384115 0.9884748  0.28108567 0.04259291663765907
10.0 0.35314015 0.0056808  1.         0.55875254 0.039610493928194046
0.0 0.75075626 0.         1.         0.21377131 0.038905974477529526
40.0 0.73060924 0.         1.         0.19978565 0.03881683200597763
42.0 0.7286927  0.         1.         0.21696027 0.03871671482920647
8.0 0.6703274 0.        1.        0.2178917 0.03632994368672371
18.0 0.5025862  0.00384115 0.9884748  0.28108567 0.035202715545892715
23.0 0.46985862 0.00924432 1.         0.32755777 0.03501294553279877
2.0 0.31757012 0.72881556 0.38449773 0.7782471  0.03486071527004242
38.0 0.46985862 0.00924432 1.         0.32755777 0.03386053070425987
28.0 0.5554508  0.         1.         0.40838587 0.03351170942187309
37.0 0.5025862  0.00384115 0.9884748  0.28108567 0.03112989105284214
9.0 0.7862539  0.02993717 1.         0.23801643 0.030848128721117973
1.0 0.35314015 0.0056808  1.         0.55875254 0.030568232759833336
38.0 0.7862539  0.02993717 1.         0.23801643 0.030508005991578102
0.0 0.46985862 0.00924432 1.         0.32755777 0.030395466834306717
36.0 0.52322334 0.00704085 0.9994466  0.2453725  0.029785066843032837
29.0 0.4959203  0.00153385 1.         0.34846163 0.029554124921560287
24.0 0.5229244  0.01176319 0.99185824 0.2606969  0.02888682670891285
6.0 4.4247317e-01 9.8547339e-04 9.9869156e-01 2.9202190e-01 0.02876288630068302
32.0 0.35967338 0.00748116 1.         0.37079984 0.02819853089749813
20.0 1.4102459e-04 7.5184852e-03 5.5675799e-01 2.5173283e-01 0.02800917997956276
15.0 0.79252    0.06717148 0.9955537  0.18479553 0.027616510167717934
13.0 0.7653638  0.00405896 0.9977732  0.24164283 0.027601202949881554
40.0 0.5918158  0.         1.         0.34779635 0.026805121451616287
17.0 0.31757012 0.72881556 0.38449773 0.7782471  0.02677113749086857
29.0 0.6703274 0.        1.        0.2178917 0.02562357857823372
1.0 0.72924274 0.0078589  1.         0.23248053 0.024557707831263542
7.0 0.60189086 0.         1.         0.2670244  0.024449018761515617
35.0 0.7765184  0.00524771 1.         0.20066181 0.024401172995567322
29.0 0.07925224 0.07299268 1.         0.9949964  0.024179775267839432
0.0 0.17539592 0.7088849  0.5665565  1.         0.024061277508735657
14.0 0.6403508  0.         1.         0.29598403 0.02396199107170105
10.0 0.20574027 0.         1.         0.9831071  0.02393203042447567
24.0 0.79252    0.06717148 0.9955537  0.18479553 0.023565465584397316
40.0 0.07006441 0.69674903 0.4576671  1.         0.02354627288877964
11.0 0.7286927  0.         1.         0.21696027 0.023156728595495224
21.0 0.26540864 0.         0.98919535 0.95316094 0.022399108856916428
23.0 0.6964987 0.        0.9960676 0.2433553 0.021853862330317497
40.0 0.72612786 0.         0.99367356 0.3461281  0.021492596715688705
32.0 0.60189086 0.         1.         0.2670244  0.021073903888463974
1.0 0.6403508  0.         1.         0.29598403 0.020835602656006813
2.0 0.7862539  0.02993717 1.         0.23801643 0.0205302145332098
27.0 0.5229244  0.01176319 0.99185824 0.2606969  0.020505400374531746
40.0 0.4247385  0.         0.97297883 0.20105907 0.02031635493040085
20.0 0.60189086 0.         1.         0.2670244  0.02019472047686577
26.0 0.4959203  0.00153385 1.         0.34846163 0.019789932295680046
19.0 0.4136428  0.00879784 0.998381   0.3236006  0.019748859107494354
6.0 0.72725046 0.00276364 1.         0.21162061 0.019403133541345596
17.0 0.7862539  0.02993717 1.         0.23801643 0.019214099273085594
20.0 0.20487326 0.         1.         0.47636676 0.01915755867958069
0.0 0.60189086 0.         1.         0.2670244  0.01901579648256302
29.0 0.6403508  0.         1.         0.29598403 0.01865057833492756
40.0 0.81480134 0.         1.         0.16778934 0.0186101496219635
7.0 0.39575154 0.         1.         0.41360104 0.018509920686483383
38.0 0.6403508  0.         1.         0.29598403 0.01849011331796646
5.0 0.7862222  0.05687424 0.9792193  0.1854623  0.01848904974758625
5.0 0.4136428  0.00879784 0.998381   0.3236006  0.018423546105623245
41.0 0.73148525 0.         0.9969293  0.22239348 0.018368752673268318
34.0 0.11670527 0.18823856 1.         1.         0.018177365884184837
26.0 0.35314015 0.0056808  1.         0.55875254 0.018112868070602417
7.0 0.1632156  0.00831375 1.         0.6346036  0.018025651574134827
9.0 0.4136428  0.00879784 0.998381   0.3236006  0.01790616288781166
34.0 0.4136428  0.00879784 0.998381   0.3236006  0.017892802134156227
33.0 0.4959203  0.00153385 1.         0.34846163 0.01784771867096424
5.0 0.20574027 0.         1.         0.9831071  0.017688006162643433
16.0 0.46985862 0.00924432 1.         0.32755777 0.01742258109152317
11.0 0.37636378 0.         1.         0.41463462 0.017420532181859016
