22.0 0.03346145 0.08609724 1.         0.99719536 0.9422891139984131
8.0 0.02384043 0.05952013 1.         1.         0.13634292781352997
39.0 0.02384043 0.05952013 1.         1.         0.13470813632011414
3.0 0.01088125 0.05674869 1.         1.         0.12335649877786636
22.0 0.01562566 0.         1.         1.         0.0847453698515892
17.0 0.01418567 0.06513584 1.         0.99578774 0.0695735290646553
27.0 0.02384043 0.05952013 1.         1.         0.06954310089349747
36.0 0.02384043 0.05952013 1.         1.         0.057951219379901886
21.0 0.001414   0.06272489 1.         1.         0.04284641891717911
41.0 0.01418567 0.06513584 1.         0.99578774 0.0418003611266613
20.0 0.00222576 0.10279331 1.         0.9967629  0.039624739438295364
6.0 0.001414   0.06272489 1.         1.         0.03403126075863838
22.0 0.         0.23843038 0.9408183  1.         0.03322671726346016
38.0 0.28328288 0.39315835 0.4223104  0.48176923 0.02891600877046585
42.0 0. 0. 1. 1. 0.028361603617668152
22.0 0.         0.         1.         0.80020285 0.02508385293185711
22.0 0.1234625  0.3878953  0.87547565 0.89175063 0.02482062205672264
40.0 0.33015814 0.48135543 0.4379706  0.592608   0.021833740174770355
9.0 0.         0.09244734 1.         0.99252075 0.021790023893117905
9.0 0.8041419  0.28562832 0.9937577  0.8224338  0.020752720534801483
42.0 0.28592435 0.39366183 0.4275227  0.4799244  0.0204831101000309
10.0 0.         0.10887969 1.         0.99211204 0.019011512398719788
22.0 0.05977908 0.19326827 0.7586088  0.80138767 0.018425991758704185
22.0 0.15687913 0.3168379  1.         1.         0.01714693382382393
31.0 0.3324707  0.4795853  0.42561153 0.59678185 0.016819000244140625
22.0 0.         0.         1.         0.92381215 0.016792936250567436
12.0 0.001414   0.06272489 1.         1.         0.016554800793528557
38.0 0.53509885 0.43572706 0.67459863 0.5272977  0.016410473734140396
25.0 0.001414   0.06272489 1.         1.         0.016237592324614525
38.0 0.2829111  0.5959594  0.43405792 0.6791798  0.016122695058584213
6.0 0.00029216 0.         0.13676354 0.06835981 0.014880633912980556
34.0 0.001414   0.06272489 1.         1.         0.01399705745279789
3.0 0.07329291 0.         1.         1.         0.013488152995705605
39.0 0.         0.         1.         0.92381215 0.012726997956633568
36.0 0.77745676 0.24406898 0.9951587  0.8725171  0.012697642669081688
4.0 0.         0.08306959 1.         1.         0.012536494061350822
36.0 0.07329291 0.         1.         1.         0.012447760440409184
17.0 0.5397422  0.16990635 0.96066076 0.91016674 0.012143976986408234
22.0 0.3529392  0.17772809 0.915737   0.9210161  0.011934314854443073
38.0 0.4987521  0.4360807  0.6230017  0.52215195 0.011718517169356346
27.0 0.07329291 0.         1.         1.         0.011397769674658775
38.0 0.32709113 0.48262122 0.44341317 0.57942027 0.011224135756492615
14.0 0.28328288 0.39315835 0.4223104  0.48176923 0.010725170373916626
39.0 0.07329291 0.         1.         1.         0.010725166648626328
22.0 0.01545564 0.6173978  0.20892438 0.7779509  0.010389378294348717
17.0 0.11825782 0.         1.         0.67865926 0.009905258193612099
17.0 0.33467758 0.48406976 0.41617703 0.59255224 0.009815056808292866
1.0 0.04829225 0.02592403 1.         1.         0.00978096667677164
41.0 0.29805914 0.14282757 1.         1.         0.009569679386913776
17.0 0.3444181  0.48574856 0.4249001  0.5375096  0.00932434294372797
21.0 0.09049019 0.15021105 0.87940216 0.622472   0.009270934388041496
17.0 0.8041419  0.28562832 0.9937577  0.8224338  0.008906950242817402
9.0 0.28328288 0.39315835 0.4223104  0.48176923 0.008853226900100708
4.0 0.11098516 0.13402414 0.9674481  0.650398   0.008826538920402527
38.0 0.5078889 0.4017224 0.6247529 0.4988918 0.008552764542400837
9.0 0.5397422  0.16990635 0.96066076 0.91016674 0.008484304882586002
8.0 0.        0.        1.        0.9148853 0.008380940183997154
39.0 0.377574  0.        1.        0.9190303 0.008094215765595436
9.0 0.3444181  0.48574856 0.4249001  0.5375096  0.008078019134700298
42.0 0.06067123 0.64167494 0.19363971 0.74005026 0.008030395023524761
3.0 0.09039015 0.16320562 0.69539005 0.9411056  0.007895792834460735
36.0 0.09039015 0.16320562 0.69539005 0.9411056  0.007780454587191343
36.0 0.3529392  0.17772809 0.915737   0.9210161  0.007748296484351158
27.0 0.        0.        1.        0.9148853 0.007714437786489725
39.0 0.         0.00726193 0.95176065 1.         0.007596567738801241
42.0 0.05962536 0.09018317 0.80543303 0.9492022  0.007564855739474297
22.0 0.377574  0.        1.        0.9190303 0.007504526991397142
36.0 0.00558645 0.00328522 0.0955037  0.05877753 0.007496120873838663
42.0 0.2708634  0.5950997  0.42288125 0.6803614  0.007355080917477608
10.0 0.77745676 0.24406898 0.9951587  0.8725171  0.007202415727078915
27.0 0.         0.00726193 0.95176065 1.         0.007202396169304848
26.0 0.001414   0.06272489 1.         1.         0.007152426056563854
8.0 0.29805914 0.14282757 1.         1.         0.00706448731943965
3.0 0.39230338 0.12156311 0.9506589  0.97602034 0.006983753759413958
31.0 0.001414   0.06272489 1.         1.         0.006907222326844931
3.0 0.         0.         0.31106883 0.10573542 0.006876964587718248
17.0 0.377574  0.        1.        0.9190303 0.006853432860225439
28.0 0.         0.08064982 1.         0.975212   0.006801936775445938
17.0 0.        0.        0.9125556 1.        0.006742858327925205
41.0 0.09039015 0.16320562 0.69539005 0.9411056  0.0066567170433700085
14.0 0.0246233  0.05878228 0.9674736  0.99438256 0.00655912421643734
21.0 0.         0.         1.         0.92381215 0.006547875702381134
21.0 0.12667817 0.         1.         1.         0.006509775761514902
3.0 0.00605162 0.         0.17235845 0.09456609 0.00648927828297019
17.0 0.65940285 0.11663063 1.         0.5427557  0.006370037794113159
27.0 0.28328288 0.39315835 0.4223104  0.48176923 0.006309125106781721
36.0 0.377574  0.        1.        0.9190303 0.0062987543642520905
22.0 0.15806025 0.32558346 0.2727344  0.4208662  0.006274509243667126
3.0 0.        0.        0.9125556 1.        0.006269029341638088
14.0 0.50108874 0.4345302  0.6539029  0.5251802  0.006244788412004709
41.0 0.         0.02170312 0.80670846 1.         0.006203926168382168
38.0 0.2425646  0.5913556  0.4775895  0.74588674 0.0061777448281645775
17.0 0.09039015 0.16320562 0.69539005 0.9411056  0.006075722631067038
8.0 0.3529392  0.17772809 0.915737   0.9210161  0.006056617945432663
42.0 0.        0.        0.8911699 1.        0.006046069320291281
6.0 0.00546413 0.00404988 0.08427043 0.06260543 0.005942161660641432
13.0 0.02890408 0.10334525 0.8772701  0.9891859  0.0059356396086514
42.0 0.4933178  0.44457835 0.6602439  0.52848977 0.0058904229663312435
3.0 0.         0.02170312 0.80670846 1.         0.005883960053324699
22.0 0.05641922 0.6414892  0.18580997 0.73842055 0.005727006588131189
