9.0 0.23379567 0.21506321 0.67521966 0.4841326  0.6751333475112915
6.0 0.15871802 0.06020045 0.99380374 0.95556056 0.2923910617828369
13.0 0.2324031  0.21718456 0.6582237  0.48540378 0.253640741109848
38.0 0.09789878 0.5359127  0.48646522 0.79163367 0.24562376737594604
38.0 0.3095739  0.55341095 0.47705364 0.76947755 0.2315613478422165
18.0 0.23223497 0.22028437 0.6561246  0.48083135 0.18661676347255707
3.0 0.14674905 0.04622799 0.99800026 0.98827726 0.17195363342761993
6.0 0.23379567 0.21506321 0.67521966 0.4841326  0.15314899384975433
18.0 0.09789878 0.5359127  0.48646522 0.79163367 0.14137358963489532
6.0 0.2083832  0.15010694 0.9482764  0.6323341  0.1399471014738083
12.0 0.14354587 0.02565813 1.         1.         0.12744127213954926
18.0 0.31237054 0.5592378  0.47944003 0.77053016 0.12157958000898361
14.0 0.21888185 0.13518867 0.9206444  0.7593579  0.09762032330036163
9.0 0.24535236 0.16462998 0.9063035  0.54788244 0.08355254679918289
1.0 0.16632399 0.12922975 0.9842683  0.93646383 0.0789533257484436
11.0 0.2083832  0.15010694 0.9482764  0.6323341  0.07715797424316406
42.0 0.09789878 0.5359127  0.48646522 0.79163367 0.07273299992084503
14.0 0.04514408 0.51722246 0.47265446 0.8066787  0.06440412998199463
11.0 0.15871802 0.06020045 0.99380374 0.95556056 0.05994512885808945
2.0 0.2324031  0.21718456 0.6582237  0.48540378 0.05829346179962158
14.0 0.21844009 0.2127923  0.70638394 0.4922298  0.05674612522125244
9.0 0.31237054 0.5592378  0.47944003 0.77053016 0.05549298971891403
40.0 0.8035044  0.22595116 0.9860577  0.43230775 0.0552595891058445
13.0 0.2083832  0.15010694 0.9482764  0.6323341  0.05423596873879433
40.0 0.22346883 0.2119635  0.6571518  0.49113438 0.05367682874202728
38.0 0.87802166 0.54786575 0.9989038  0.64968574 0.052856188267469406
40.0 0.2753088  0.5543369  0.48428512 0.76747    0.05169591307640076
42.0 0.3095739  0.55341095 0.47705364 0.76947755 0.049730412662029266
22.0 0.14354587 0.02565813 1.         1.         0.048829853534698486
40.0 0.8192054  0.19935867 0.9861313  0.6332036  0.04830259084701538
38.0 0.3035214 0.640976  0.4687659 0.7536929 0.04562336206436157
14.0 0.2753088  0.5543369  0.48428512 0.76747    0.04422379657626152
28.0 0.14674905 0.04622799 0.99800026 0.98827726 0.04239126667380333
9.0 0.8454382  0.38562286 0.9979637  0.852635   0.04205213487148285
9.0 0.09789878 0.5359127  0.48646522 0.79163367 0.041785724461078644
40.0 0.86828786 0.5155152  0.9949239  0.78694534 0.04075292870402336
18.0 0.16632399 0.12922975 0.9842683  0.93646383 0.03773856163024902
33.0 0.15871802 0.06020045 0.99380374 0.95556056 0.036837249994277954
38.0 0.86880004 0.67697024 0.9901041  0.78226745 0.036451272666454315
0.0 0.2984024  0.5493899  0.4792607  0.78651625 0.0358937606215477
38.0 0.08955857 0.61987257 0.23736197 0.74991953 0.035257767885923386
38.0 0.8779706 0.5273046 0.9964529 0.7649705 0.03515799343585968
1.0 0.24535236 0.16462998 0.9063035  0.54788244 0.03425196558237076
34.0 0.16796005 0.04077974 0.99665296 1.         0.03342714533209801
26.0 0.12775892 0.04908416 1.         0.9855294  0.03281503543257713
7.0 0.2753088  0.5543369  0.48428512 0.76747    0.03176706284284592
10.0 0.16632399 0.12922975 0.9842683  0.93646383 0.03160383179783821
9.0 0.18686137 0.09125397 0.96480453 0.82400274 0.03133532404899597
17.0 0.2324031  0.21718456 0.6582237  0.48540378 0.03124328888952732
13.0 0.2753088  0.5543369  0.48428512 0.76747    0.02999928407371044
16.0 0.8046235  0.22429723 0.98629224 0.43308425 0.029968688264489174
31.0 0.80204713 0.22168773 0.9886693  0.43795842 0.029489656910300255
40.0 0.8348903  0.56183195 0.9966275  0.9924326  0.02873837947845459
38.0 0.31568238 0.5712165  0.445466   0.6746083  0.028002522885799408
17.0 0.2984024  0.5493899  0.4792607  0.78651625 0.027991896495223045
3.0 0.00731028 0.00285801 0.17905903 0.10515912 0.027887199074029922
10.0 0.2753088  0.5543369  0.48428512 0.76747    0.027790971100330353
14.0 0.8805569  0.5324472  0.99502057 0.7384794  0.02756400592625141
40.0 0.8454382  0.38562286 0.9979637  0.852635   0.02675827592611313
1.0 0.2753088  0.5543369  0.48428512 0.76747    0.026744559407234192
6.0 0.05506188 0.         1.         0.75651026 0.026434283703565598
14.0 0.85496175 0.41429436 0.9936222  0.8333168  0.026369059458374977
14.0 0.8718814  0.54920477 0.9974664  0.6439555  0.026186898350715637
7.0 0.04317705 0.5073108  0.47322375 0.83617526 0.026178017258644104
10.0 0.04514408 0.51722246 0.47265446 0.8066787  0.02472606487572193
18.0 0.87802166 0.54786575 0.9989038  0.64968574 0.024647293612360954
41.0 0.2510071  0.14284608 1.         0.9785626  0.024371087551116943
38.0 0.87384224 0.6010569  0.995476   0.6922589  0.024206455796957016
9.0 0.8357385  0.21235573 0.98293406 0.6130968  0.02398332767188549
26.0 0.         0.8196487  0.35970888 0.96888965 0.023606376722455025
15.0 0.80204713 0.22168773 0.9886693  0.43795842 0.023038450628519058
40.0 0.79263324 0.07792598 1.         0.5297525  0.022973056882619858
12.0 0.0141151  0.39033657 0.16981196 0.574415   0.02295883372426033
20.0 0.14354587 0.02565813 1.         1.         0.022941824048757553
9.0 0.2547362  0.20083326 0.4939659  0.46780133 0.02273537963628769
31.0 0.8357385  0.21235573 0.98293406 0.6130968  0.022589849308133125
9.0 0.8921701  0.52805674 0.99752736 0.7355     0.022178761661052704
0.0 0.8028024  0.22810978 0.9873772  0.43049967 0.022078029811382294
18.0 0.24535236 0.16462998 0.9063035  0.54788244 0.02196047455072403
38.0 0.7969044  0.23063794 0.9877905  0.42830715 0.021877260878682137
38.0 0.23223497 0.22028437 0.6561246  0.48083135 0.021601038053631783
31.0 0.8835595  0.52600414 0.9949785  0.7557047  0.0206783227622509
1.0 0.56072384 0.152311   0.9746048  0.9713402  0.020629864186048508
38.0 0.8454382  0.38562286 0.9979637  0.852635   0.02047007344663143
38.0 0.8192054  0.19935867 0.9861313  0.6332036  0.02029748633503914
40.0 0.04514408 0.51722246 0.47265446 0.8066787  0.020280776545405388
9.0 0.8348903  0.56183195 0.9966275  0.9924326  0.019947024062275887
42.0 0.17874828 0.07720199 0.9707495  0.96474814 0.019921576604247093
4.0 0.0570631  0.8285309  0.43547726 0.9691528  0.019713565707206726
26.0 0.0363322  0.48751804 0.19812268 0.5522861  0.019693396985530853
13.0 0.16796005 0.04077974 0.99665296 1.         0.019631091505289078
32.0 0.80224943 0.22663848 0.98684907 0.43005288 0.019503651186823845
18.0 0.8454382  0.38562286 0.9979637  0.852635   0.01929433085024357
2.0 0.13997388 0.         1.         1.         0.01911018416285515
18.0 0.8805569  0.5324472  0.99502057 0.7384794  0.01889396272599697
38.0 0.09086349 0.55679494 0.27272618 0.7737784  0.018881002441048622
4.0 0.28432193 0.5233425  0.48896322 0.8017067  0.018277792260050774
1.0 0.0524824  0.4937991  0.41037002 0.818853   0.01825903356075287
1.0 0.230753  0.2156472 0.6727344 0.4836954 0.018258221447467804
42.0 0.87802166 0.54786575 0.9989038  0.64968574 0.018101463094353676
