0.0 0.6884134  0.289573   1.         0.91156846 0.3094833195209503
5.0 0.80180025 0.78323245 1.         1.         0.17902520298957825
25.0 0.7074444  0.23618624 1.         0.9842919  0.17486637830734253
5.0 0.7074444  0.23618624 1.         0.9842919  0.1415107101202011
26.0 0.         0.30767176 0.6986754  1.         0.1186911091208458
16.0 0.67161167 0.26249605 0.99660504 0.9202562  0.10721524059772491
23.0 0.4111649  0.59682024 0.569212   0.8415675  0.10670195519924164
31.0 0.7074444  0.23618624 1.         0.9842919  0.10393258184194565
23.0 0.36171803 0.5714841  0.58304214 0.97737277 0.09415704011917114
26.0 0.3251379  0.55167556 0.589735   0.9995972  0.09084733575582504
0.0 0.48475742 0.18706238 1.         1.         0.08222551643848419
0.0 0.6303127  0.33787927 0.99707174 0.66925216 0.08019907027482986
37.0 0.7074444  0.23618624 1.         0.9842919  0.07866513729095459
5.0 0.63737935 0.35318848 1.         0.6777153  0.06983786076307297
1.0 0.3478517  0.5735441  0.5826488  0.97776765 0.06797792762517929
26.0 0.09819065 0.47479573 0.59360015 0.9471705  0.06727143377065659
20.0 0.80180025 0.78323245 1.         1.         0.06441904604434967
7.0 0.7074444  0.23618624 1.         0.9842919  0.06130537763237953
16.0 0.8109576 0.7476492 0.9958057 1.        0.05833519250154495
29.0 0.7074444  0.23618624 1.         0.9842919  0.05033411085605621
30.0 0.7074444  0.23618624 1.         0.9842919  0.05003685504198074
5.0 0.68566024 0.32572594 0.99615717 0.5570163  0.04598582535982132
27.0 0.8017536 0.777634  1.        1.        0.045345768332481384
40.0 0.8039376 0.6336119 0.9971188 1.        0.0447300523519516
15.0 0.70592374 0.21009463 1.         1.         0.043838780373334885
7.0 0.80180025 0.78323245 1.         1.         0.04365001618862152
28.0 0.3478517  0.5735441  0.5826488  0.97776765 0.03991127014160156
32.0 0.80180025 0.78323245 1.         1.         0.039750903844833374
31.0 0.8115808  0.66901493 0.99620366 1.         0.03960539773106575
0.0 0.804145   0.7857116  1.         0.99676853 0.039281126111745834
28.0 0.68652666 0.22499835 1.         1.         0.038739077746868134
29.0 0.794302   0.78753877 1.         1.         0.03782112896442413
38.0 0.7074444  0.23618624 1.         0.9842919  0.03778832033276558
41.0 0.7074444  0.23618624 1.         0.9842919  0.037631530314683914
28.0 0.05302939 0.3741257  0.8515167  0.9913211  0.036153119057416916
15.0 0.804145   0.7857116  1.         0.99676853 0.035322997719049454
26.0 0.26668867 0.26421618 0.9174286  1.         0.03365032747387886
27.0 0.67161167 0.26249605 0.99660504 0.9202562  0.032811813056468964
5.0 0.64413035 0.17453678 1.         0.59596866 0.03246258944272995
4.0 0.3251379  0.55167556 0.589735   0.9995972  0.03178786858916283
40.0 0.7074444  0.23618624 1.         0.9842919  0.031107785180211067
0.0 0.6365901  0.21223426 1.         0.7508194  0.030983302742242813
1.0 0.28396165 0.5966143  0.37365353 0.74401945 0.03024868853390217
4.0 0.70592374 0.21009463 1.         1.         0.030238782986998558
34.0 0.1437172  0.39059585 0.54356694 1.         0.030067499727010727
26.0 0.0315741  0.2487244  0.28442886 0.77574974 0.029300661757588387
37.0 0.8109576 0.7476492 0.9958057 1.        0.028768274933099747
15.0 0.6303127  0.33787927 0.99707174 0.66925216 0.028084339573979378
37.0 0.21603051 0.335469   0.9740335  1.         0.02796417661011219
0.0 0.79730535 0.32034343 0.98491037 0.8688926  0.02735983580350876
34.0 0.37575752 0.5928016  0.57130426 0.9460381  0.026928706094622612
28.0 0.09819065 0.47479573 0.59360015 0.9471705  0.02683161571621895
34.0 0.06140062 0.21972314 0.6512517  1.         0.026788271963596344
11.0 0.30037445 0.61242044 0.5686755  0.88821614 0.026647746562957764
39.0 0.8017536 0.777634  1.        1.        0.026185758411884308
24.0 0.6381974  0.31136972 1.         0.7835286  0.026125015690922737
0.0 0.2835672  0.30789438 0.94614124 0.89519393 0.025735218077898026
25.0 0.7821341  0.3141002  0.98785275 0.8149833  0.025635872036218643
25.0 0.8115808  0.66901493 0.99620366 1.         0.025550689548254013
34.0 0.21603051 0.335469   0.9740335  1.         0.02544291689991951
18.0 0.7074444  0.23618624 1.         0.9842919  0.025239920243620872
5.0 0.45246947 0.23211837 1.         1.         0.02493472211062908
1.0 0.28257114 0.38587224 0.571138   0.8836336  0.024529237300157547
42.0 0.707017   0.2236625  0.99931854 0.93099284 0.024324150756001472
28.0 0.05232862 0.29123968 0.26760876 0.7456562  0.024291902780532837
38.0 0.8115808  0.66901493 0.99620366 1.         0.02423044666647911
23.0 0.09819065 0.47479573 0.59360015 0.9471705  0.024070395156741142
1.0 0.05232862 0.29123968 0.26760876 0.7456562  0.02376147173345089
35.0 0.7074444  0.23618624 1.         0.9842919  0.023202477023005486
2.0 0.7074444  0.23618624 1.         0.9842919  0.02205072157084942
25.0 0.63737935 0.35318848 1.         0.6777153  0.021591568365693092
24.0 0.80180025 0.78323245 1.         1.         0.021304413676261902
10.0 0.6939783  0.23793209 0.99990165 1.         0.02123522199690342
4.0 0.19091451 0.51987183 0.7033554  0.91569245 0.021050436422228813
0.0 0.6771204  0.12955806 1.         0.5652975  0.02070929855108261
26.0 0.18631732 0.6122899  0.6851262  0.9777634  0.020567940548062325
0.0 0.8216916  0.48906648 0.9949619  0.99791753 0.02052421122789383
32.0 0.7074444  0.23618624 1.         0.9842919  0.020283997058868408
13.0 0.37575752 0.5928016  0.57130426 0.9460381  0.02014826610684395
16.0 0.6848596  0.34974194 0.9889813  0.6677079  0.020041873678565025
40.0 0.79894286 0.8070041  1.         0.9899746  0.019936608150601387
1.0 0.2974684 0.6263763 0.5740751 0.8465605 0.019679183140397072
30.0 0.773958   0.30399802 1.         0.79608715 0.01927339844405651
27.0 0.7797192 0.4016814 0.9953739 1.        0.01922721602022648
41.0 0.8003477 0.7714107 1.        1.        0.01922699809074402
28.0 0.23752533 0.30442956 0.6797637  1.         0.01921090856194496
11.0 0.09819065 0.47479573 0.59360015 0.9471705  0.019157886505126953
17.0 0.67161167 0.26249605 0.99660504 0.9202562  0.0187981054186821
1.0 0.20869511 0.5342715  0.5532786  1.         0.01874367706477642
4.0 0.05302939 0.3741257  0.8515167  0.9913211  0.01847703941166401
23.0 0.29529262 0.58143574 0.62449366 0.84460884 0.01807037927210331
40.0 0.3489272  0.35954872 0.5166348  0.5908368  0.017940936610102654
16.0 0.6771204  0.12955806 1.         0.5652975  0.017661241814494133
1.0 0.42056456 0.5974412  0.56578124 0.8297049  0.017586734145879745
0.0 0.7271689  0.36652395 1.         0.5908066  0.017389869317412376
15.0 0.77963126 0.65932226 1.         1.         0.017298206686973572
1.0 0.06379762 0.39590967 0.63636446 0.9883113  0.017297394573688507
23.0 0.41504952 0.6016121  0.55531985 0.7173853  0.01725892908871174
18.0 0.6842742  0.36746258 0.9900216  0.59540516 0.017185121774673462
34.0 0.19091451 0.51987183 0.7033554  0.91569245 0.017171073704957962
