21.0 0.15810576 0.17328203 0.28852317 0.7113046  0.5103234648704529
9.0 0.4923504 0.587854  0.5803167 0.6395488 0.09385653585195541
39.0 0.16324048 0.17025095 0.28017312 0.7100679  0.08869605511426926
10.0 0.1515676  0.18600053 0.27794522 0.58223975 0.0617639534175396
21.0 0.14872488 0.10084718 0.47126463 0.7864085  0.05996400862932205
21.0 0.16646914 0.1998074  0.25942996 0.53737074 0.05157264694571495
4.0 0.16324048 0.17025095 0.28017312 0.7100679  0.05148768797516823
39.0 0.16264826 0.20418292 0.2611426  0.50182354 0.04886883869767189
38.0 0.5437758  0.53218156 1.         0.9987406  0.04693915322422981
39.0 0.14872488 0.10084718 0.47126463 0.7864085  0.046539973467588425
21.0 0.09175143 0.19334622 0.35991263 0.680292   0.0461152084171772
24.0 0.691731   0.4936405  1.         0.61836416 0.04436669871211052
12.0 0.16324048 0.17025095 0.28017312 0.7100679  0.04163115844130516
26.0 0.00577056 0.73365766 0.3571789  1.         0.041583213955163956
25.0 0.16324048 0.17025095 0.28017312 0.7100679  0.04154396802186966
14.0 0.49095228 0.5884479  0.584052   0.6458769  0.04036371782422066
8.0 0.16324048 0.17025095 0.28017312 0.7100679  0.03986727446317673
34.0 0.00577056 0.73365766 0.3571789  1.         0.03916012868285179
17.0 0.15810576 0.17328203 0.28852317 0.7113046  0.038570914417505264
34.0 0.1439781  0.15508479 0.30889636 0.7383338  0.03800235688686371
26.0 0.1439781  0.15508479 0.30889636 0.7383338  0.03447289019823074
18.0 0.493156   0.5852152  0.58219767 0.64010954 0.033839933574199677
27.0 0.30354846 0.19730432 0.74161386 0.52527666 0.0337945818901062
27.0 0.13263628 0.01783249 0.8668914  0.7185011  0.032630834728479385
40.0 0.633597   0.45484552 0.9969896  1.         0.03132450580596924
20.0 0.2101838  0.02072555 1.         1.         0.026297621428966522
24.0 0.00592624 0.6915605  0.45241487 1.         0.026237299665808678
10.0 0.14158691 0.03577423 0.531772   0.75662637 0.025876794010400772
36.0 0.4923504 0.587854  0.5803167 0.6395488 0.025559494271874428
37.0 0.         0.7108961  0.46388364 1.         0.025180663913488388
12.0 0.14872488 0.10084718 0.47126463 0.7864085  0.024305040016770363
24.0 0.6412082  0.40428826 1.         0.85878396 0.023981710895895958
0.0 0.55051696 0.5035362  1.         0.9832907  0.023379668593406677
25.0 0.15070486 0.06002969 0.48567218 0.7211295  0.02329811453819275
28.0 0.         0.7108961  0.46388364 1.         0.022969534620642662
13.0 0.49245188 0.58745575 0.5827877  0.64489615 0.022606629878282547
3.0 0.1439781  0.15508479 0.30889636 0.7383338  0.022466110065579414
27.0 0.16324048 0.17025095 0.28017312 0.7100679  0.02239231765270233
38.0 0.33314362 0.         0.998163   0.24597473 0.022058922797441483
40.0 0.48877877 0.5867245  0.58447534 0.65225756 0.021330788731575012
7.0 0.2101838  0.02072555 1.         1.         0.020992739126086235
22.0 0.1301369  0.21732962 0.29668927 0.5978098  0.020632317289710045
9.0 0.15766032 0.19771394 0.28231484 0.6799289  0.020630646497011185
24.0 0.7924058  0.54214007 1.         0.5978953  0.02035154402256012
40.0 0.6770463  0.26594242 0.99841094 0.782462   0.02000245451927185
32.0 0.6169547  0.41650003 1.         0.8620364  0.019929304718971252
7.0 0.568954   0.4814691  1.         0.92569727 0.019730791449546814
41.0 0.16324048 0.17025095 0.28017312 0.7100679  0.01924869231879711
10.0 0.15333569 0.22830439 0.26656008 0.4317119  0.019224833697080612
34.0 0.08446434 0.27403843 0.86530924 1.         0.019057832658290863
5.0 0.14872488 0.10084718 0.47126463 0.7864085  0.018924497067928314
39.0 0.16023523 0.0087823  0.8033768  0.84801316 0.018183032050728798
21.0 0.11310536 0.28964946 0.3086194  0.53243643 0.018159406259655952
21.0 0.0989573  0.05358773 0.6707384  0.8406221  0.017381591722369194
17.0 0.4923504 0.587854  0.5803167 0.6395488 0.01725350320339203
4.0 0.         0.7108961  0.46388364 1.         0.017054347321391106
5.0 0.14692497 0.06300041 0.79543304 0.90509033 0.016587693244218826
40.0 0.4781773  0.5552863  0.6174848  0.73574793 0.016549505293369293
10.0 0.11130792 0.08053493 0.36758113 0.82264024 0.016418496146798134
27.0 0.2277092 0.        1.        1.        0.016157837584614754
29.0 0.13454965 0.16636923 1.         1.         0.015964198857545853
38.0 0.49095228 0.5884479  0.584052   0.6458769  0.015790162608027458
27.0 0.15070486 0.06002969 0.48567218 0.7211295  0.015390461310744286
40.0 0.2101838  0.02072555 1.         1.         0.015234229154884815
17.0 0.62120914 0.47273654 1.         1.         0.015116744674742222
39.0 0.15118718 0.2144792  0.35028815 0.5961459  0.015092787332832813
18.0 0.56062937 0.5599733  1.         1.         0.014989248476922512
26.0 0.14872488 0.10084718 0.47126463 0.7864085  0.014969900250434875
34.0 0.03065205 0.6548487  0.5664815  0.9870751  0.014938094653189182
24.0 0.6911796  0.51439387 0.9975403  0.70024973 0.01436623651534319
4.0 0.11130792 0.08053493 0.36758113 0.82264024 0.014203410595655441
12.0 0.16646914 0.1998074  0.25942996 0.53737074 0.01400451548397541
3.0 0.16308805 0.18745588 0.27255532 0.5901813  0.013839848339557648
37.0 0.6683184  0.36103323 0.9936944  0.9032614  0.013792769983410835
8.0 0.16646914 0.1998074  0.25942996 0.53737074 0.013753415085375309
27.0 0.16646914 0.1998074  0.25942996 0.53737074 0.01367125567048788
2.0 0.15810576 0.17328203 0.28852317 0.7113046  0.013602768070995808
4.0 0.691731   0.4936405  1.         0.61836416 0.013346963562071323
9.0 0.7274023  0.56525296 0.99149406 1.         0.013115924783051014
40.0 0.493457   0.14014694 1.         1.         0.013111167587339878
8.0 0.14872488 0.10084718 0.47126463 0.7864085  0.012954365462064743
0.0 0.09826469 0.51511943 0.99749494 1.         0.012939746491611004
34.0 0.14577228 0.08156374 0.5113756  0.82098734 0.0129246199503541
42.0 0.4908541  0.5899056  0.57918537 0.64004636 0.012879682704806328
33.0 0.14872488 0.10084718 0.47126463 0.7864085  0.01274976134300232
40.0 0.7389879  0.1370332  0.9937544  0.64742625 0.012718450278043747
41.0 0.13232468 0.14612532 0.5155627  0.7402289  0.012644156813621521
16.0 0.633597   0.45484552 0.9969896  1.         0.01259802095592022
39.0 0.11310536 0.28964946 0.3086194  0.53243643 0.012576649896800518
2.0 0.49224025 0.58712006 0.58117443 0.64164376 0.01256354060024023
27.0 0.16688564 0.1951519  0.621088   0.5741925  0.012512828223407269
4.0 0.02362536 0.7503199  0.36712855 0.90101975 0.012498542666435242
32.0 0.70409155 0.31002808 0.9842118  0.7409229  0.012433617375791073
14.0 0.1822069 0.        1.        1.        0.012395775876939297
32.0 0.69406474 0.5108707  0.9925375  0.68878734 0.012321015819907188
5.0 0.        0.7153254 0.324832  1.        0.012286385521292686
26.0 0.08446434 0.27403843 0.86530924 1.         0.012189372442662716
36.0 0.2101838  0.02072555 1.         1.         0.012091228738427162
22.0 0.15333569 0.22830439 0.26656008 0.4317119  0.012012057937681675
16.0 0.15070486 0.06002969 0.48567218 0.7211295  0.011953098699450493
