7.0 0.08130348 0.23276749 1.         0.64936936 0.35090184211730957
5.0 0.05808192 0.23061915 0.95392174 0.659303   0.27808934450149536
32.0 0.08130348 0.23276749 1.         0.64936936 0.2380605936050415
37.0 0.08130348 0.23276749 1.         0.64936936 0.22783243656158447
20.0 0.07865469 0.2506107  0.47647858 0.62444973 0.2227720022201538
20.0 0.05808192 0.23061915 0.95392174 0.659303   0.22231541574001312
10.0 0.08130348 0.23276749 1.         0.64936936 0.1466369479894638
7.0 0.5481219  0.24098593 0.9952276  0.61635035 0.1455446034669876
1.0 0.59679675 0.23455586 0.9904554  0.6140785  0.13678491115570068
41.0 0.05808192 0.23061915 0.95392174 0.659303   0.1343965381383896
39.0 0.05808192 0.23061915 0.95392174 0.659303   0.1249031126499176
11.0 0.08130348 0.23276749 1.         0.64936936 0.12374572455883026
14.0 0.4686394  0.23438872 1.         0.6435235  0.10337451845407486
27.0 0.06762938 0.25252175 0.5240844  0.622531   0.09479331225156784
28.0 0.08130348 0.23276749 1.         0.64936936 0.08313144743442535
40.0 0.2043474  0.24615072 1.         0.6267039  0.08288229256868362
27.0 0.05808192 0.23061915 0.95392174 0.659303   0.0817551389336586
34.0 0.08130348 0.23276749 1.         0.64936936 0.07959312945604324
1.0 0.2043474  0.24615072 1.         0.6267039  0.07896934449672699
24.0 0.08242023 0.24601887 1.         0.6345622  0.07295678555965424
15.0 0.08130348 0.23276749 1.         0.64936936 0.07261821627616882
29.0 0.5035198 0.2465213 0.9842775 0.6179912 0.06448785215616226
32.0 0.5481219  0.24098593 0.9952276  0.61635035 0.06430812925100327
16.0 0.43868077 0.23714569 0.9789549  0.61419237 0.05835375562310219
21.0 0.05808192 0.23061915 0.95392174 0.659303   0.053909771144390106
41.0 0.07865469 0.2506107  0.47647858 0.62444973 0.05314861238002777
0.0 0.2043474  0.24615072 1.         0.6267039  0.052233245223760605
20.0 0.4686394  0.23438872 1.         0.6435235  0.04991036280989647
40.0 0.58897185 0.23572315 0.9921906  0.6122724  0.048686880618333817
12.0 0.05808192 0.23061915 0.95392174 0.659303   0.04779918119311333
29.0 0.09105045 0.2275921  0.9818831  0.6600845  0.04746095836162567
5.0 0.5067006  0.23956567 1.         0.6208496  0.04727432131767273
5.0 0.0654224  0.26146814 0.5592925  0.6177943  0.04687166213989258
10.0 0.08316906 0.25299895 0.31182462 0.61863816 0.044037699699401855
14.0 0.05808192 0.23061915 0.95392174 0.659303   0.04196338728070259
4.0 0.08242023 0.24601887 1.         0.6345622  0.04030260816216469
37.0 0.57059526 0.22527008 0.9929023  0.6262421  0.039458394050598145
34.0 0.04619735 0.29325563 0.95669836 0.9696488  0.038474783301353455
30.0 0.36862877 0.24189398 0.887342   0.61207545 0.038403209298849106
28.0 0.5603887  0.21827592 0.9851887  0.67199266 0.037870727479457855
39.0 0.07500075 0.27433738 0.22997974 0.6235777  0.03743491321802139
7.0 0.06634675 0.26042098 0.52201766 0.61506766 0.035872433334589005
10.0 0.07195345 0.25852707 0.5267509  0.62103856 0.0340498723089695
24.0 0.55966246 0.23756246 0.9927896  0.6137647  0.03321729600429535
23.0 0.39472112 0.24613246 1.         0.6222944  0.032281164079904556
18.0 0.08130348 0.23276749 1.         0.64936936 0.03158362954854965
39.0 0.08291374 0.25499406 0.40119326 0.62185407 0.030728720128536224
29.0 0.07195345 0.25852707 0.5267509  0.62103856 0.030521560460329056
31.0 0.50460565 0.26839727 0.653829   0.5401183  0.029885828495025635
19.0 0.2043474  0.24615072 1.         0.6267039  0.0296244565397501
10.0 0.5825937  0.24293856 0.99793005 0.61568516 0.029459482058882713
5.0 0.07672319 0.26073515 0.9762752  1.         0.028953569009900093
37.0 0.05426583 0.30249146 0.99589586 0.962059   0.027818825095891953
26.0 0.4686394  0.23438872 1.         0.6435235  0.027704793959856033
20.0 0.06995593 0.29116625 0.31459063 0.6039932  0.02626195177435875
33.0 0.05808192 0.23061915 0.95392174 0.659303   0.025953151285648346
1.0 0.07195345 0.25852707 0.5267509  0.62103856 0.024931548163294792
11.0 0.6114957  0.2440579  0.9934183  0.60916007 0.024639371782541275
25.0 0.4265404  0.24662831 0.9740218  0.60827637 0.02438357099890709
36.0 0.05808192 0.23061915 0.95392174 0.659303   0.024356769397854805
28.0 0.19466689 0.24192181 0.9715507  0.99109006 0.024297714233398438
26.0 0.05027241 0.23650996 0.94899535 0.63806826 0.023468421772122383
30.0 0.49056387 0.23357895 0.7394551  0.5905988  0.023424578830599785
3.0 0.05808192 0.23061915 0.95392174 0.659303   0.023189285770058632
0.0 0.61100644 0.24742647 1.         0.63031834 0.022679796442389488
33.0 0.4686394  0.23438872 1.         0.6435235  0.021656671538949013
15.0 0.57059526 0.22527008 0.9929023  0.6262421  0.021431559696793556
7.0 0.05426583 0.30249146 0.99589586 0.962059   0.02070816233754158
22.0 0.05808192 0.23061915 0.95392174 0.659303   0.02070034109055996
29.0 0.07576632 0.15643552 1.         1.         0.020343497395515442
1.0 0.7619394  0.27192837 1.         0.6164224  0.019988616928458214
37.0 0.04780117 0.2760316  0.61554813 0.61598736 0.019607659429311752
25.0 0.24323049 0.2669801  0.80632234 0.5942672  0.019199715927243233
16.0 0.06634675 0.26042098 0.52201766 0.61506766 0.01914626732468605
32.0 0.06002134 0.22339395 0.56435806 0.6645695  0.01909017004072666
13.0 0.39472112 0.24613246 1.         0.6222944  0.018846580758690834
34.0 0.12475133 0.26972866 0.7062946  0.59856105 0.01830361597239971
24.0 0.05551702 0.2570086  0.5612877  0.6205343  0.018099352717399597
41.0 0.58897185 0.23572315 0.9921906  0.6122724  0.01790853776037693
8.0 0.05808192 0.23061915 0.95392174 0.659303   0.017904134467244148
15.0 0.04780117 0.2760316  0.61554813 0.61598736 0.017662201076745987
14.0 0.68477726 0.156113   1.         0.7079927  0.017618101090192795
27.0 0.0817605  0.26512396 0.283533   0.6277059  0.017066940665245056
16.0 0.24323049 0.2669801  0.80632234 0.5942672  0.016780266538262367
27.0 0.5067006  0.23956567 1.         0.6208496  0.01658649556338787
0.0 0.05426583 0.30249146 0.99589586 0.962059   0.01647910848259926
38.0 0.4871269  0.23808365 0.9923052  0.6048228  0.016469988971948624
41.0 0.07672319 0.26073515 0.9762752  1.         0.015833452343940735
24.0 0.05426583 0.30249146 0.99589586 0.962059   0.015757810324430466
6.0 0.39472112 0.24613246 1.         0.6222944  0.015748975798487663
25.0 0.5080708  0.2643695  0.6984316  0.56832594 0.015637466683983803
16.0 0.49056387 0.23357895 0.7394551  0.5905988  0.0154392896220088
32.0 0.68477726 0.156113   1.         0.7079927  0.015241527929902077
16.0 0.05808192 0.23061915 0.95392174 0.659303   0.015071636997163296
14.0 0.67753756 0.26518828 0.9733714  0.5972105  0.014781706035137177
1.0 0.08320792 0.25157577 0.2831232  0.615986   0.014685270376503468
0.0 0.6792263  0.35762116 0.8092874  0.45880803 0.014444036409258842
6.0 0.0678919  0.2518584  0.82635313 0.6317241  0.014379997737705708
11.0 0.3866594  0.07195172 1.         0.83175945 0.014360903762280941
18.0 0.6295008  0.23076859 0.99104434 0.6100079  0.014210077002644539
