31.0 0.56717765 0.39134014 0.713549   0.5917208  0.42713463306427
9.0 0.8378996 0.        1.        0.2848526 0.22902238368988037
35.0 0.5686488  0.39181054 0.71301544 0.59229875 0.13828407227993011
40.0 0.5595301  0.36266732 0.72945315 0.58826053 0.12825968861579895
15.0 0.5686488  0.39181054 0.71301544 0.59229875 0.09796647727489471
32.0 0.56717765 0.39134014 0.713549   0.5917208  0.07599528133869171
37.0 0.57087857 0.38941845 0.7098251  0.58797705 0.07212404161691666
13.0 0.56717765 0.39134014 0.713549   0.5917208  0.06468524038791656
1.0 0.6224699 0.        1.        0.7865175 0.06452926993370056
38.0 0.6338443  0.64187586 0.75064224 0.72609067 0.05059331655502319
16.0 0.56717765 0.39134014 0.713549   0.5917208  0.04745488613843918
31.0 0.63838863 0.64678675 0.6877352  0.7114931  0.044915542006492615
1.0 0.8368192  0.01328853 0.9987745  0.5511559  0.04447956755757332
23.0 0.5679804 0.3213433 0.7225455 0.5999875 0.04327165707945824
40.0 0.63838863 0.64678675 0.6877352  0.7114931  0.04280434548854828
40.0 0.6348583  0.6373159  0.72110933 0.7175959  0.04259749501943588
31.0 0.93701154 0.25999743 0.9993941  0.37574464 0.04217245429754257
1.0 0.57507014 0.25480705 0.72893333 0.5874318  0.037674929946660995
17.0 0.8378996 0.        1.        0.2848526 0.03763243928551674
1.0 0.52952826 0.12304908 0.94533074 0.6658666  0.03528343886137009
40.0 0.5504834  0.18628652 0.7728134  0.6337055  0.03482075408101082
9.0 0.81628156 0.         1.         0.5126864  0.03365558758378029
13.0 0.83673364 0.         1.         0.39192885 0.03343651816248894
9.0 0.7766396  0.         1.         0.34679687 0.030784284695982933
13.0 0.63792473 0.6503194  0.6914452  0.70784    0.030703546479344368
9.0 0.8450278  0.0169303  0.9919305  0.14892128 0.029393905773758888
9.0 0.8178139  0.         1.         0.16790456 0.029328828677535057
36.0 0.8378996 0.        1.        0.2848526 0.027475150302052498
0.0 0.5686488  0.39181054 0.71301544 0.59229875 0.027424052357673645
29.0 0.5679804 0.3213433 0.7225455 0.5999875 0.026156583800911903
9.0 0.63792473 0.6503194  0.6914452  0.70784    0.025685738772153854
1.0 0.7430064  0.06708416 0.98079234 0.5976057  0.02498123236000538
14.0 0.5595301  0.36266732 0.72945315 0.58826053 0.024906788021326065
19.0 0.57087857 0.38941845 0.7098251  0.58797705 0.024872727692127228
6.0 0.8040912  0.         1.         0.24498107 0.02465701662003994
0.0 0.57532346 0.7601834  0.9907125  1.         0.024345457553863525
4.0 0.56081545 0.29118687 0.73711455 0.6246826  0.024051090702414513
40.0 0.8422374  0.         0.99895924 0.2963357  0.024033334106206894
6.0 0.52952826 0.12304908 0.94533074 0.6658666  0.022805504500865936
2.0 0.57087857 0.38941845 0.7098251  0.58797705 0.022751616314053535
17.0 0.91354793 0.00121658 0.9981753  0.20234585 0.021036595106124878
13.0 0.63426846 0.633994   0.7033058  0.72496855 0.020963488146662712
18.0 0.5679804 0.3213433 0.7225455 0.5999875 0.020767370238900185
17.0 0.63838863 0.64678675 0.6877352  0.7114931  0.020444409921765327
36.0 0.5691063  0.3894918  0.71277446 0.58969146 0.01988931931555271
9.0 0.91111207 0.         0.9994844  0.17450127 0.019216617569327354
6.0 0.53526115 0.         1.         0.67434907 0.018580876290798187
8.0 0.5595301  0.36266732 0.72945315 0.58826053 0.018312416970729828
40.0 0.6864514  0.5138602  0.99808353 1.         0.01819712482392788
1.0 0.59537035 0.14173102 1.         0.67517066 0.018130505457520485
38.0 0.55370164 0.38908058 0.7412305  0.5737327  0.018009988591074944
9.0 0.8530547  0.00152133 1.         0.1982063  0.017616162076592445
38.0 0.63838863 0.64678675 0.6877352  0.7114931  0.017488479614257812
9.0 0.5679804 0.3213433 0.7225455 0.5999875 0.017364855855703354
40.0 0.80969024 0.         1.         0.579797   0.017286958172917366
13.0 0.56081545 0.29118687 0.73711455 0.6246826  0.01679842360317707
20.0 0.5595301  0.36266732 0.72945315 0.58826053 0.016169840469956398
1.0 0.55370164 0.38908058 0.7412305  0.5737327  0.016156990081071854
28.0 0.5679804 0.3213433 0.7225455 0.5999875 0.015954667702317238
7.0 0.5595301  0.36266732 0.72945315 0.58826053 0.015862800180912018
32.0 0.56081545 0.29118687 0.73711455 0.6246826  0.015788918361067772
9.0 0.7625462  0.         1.         0.21395124 0.015753375366330147
38.0 0.6852495  0.80589265 1.         1.         0.015590539202094078
1.0 0.03868733 0.0918323  0.30744916 0.58893895 0.01484683807939291
38.0 0.7039651  0.60469544 0.98789173 1.         0.014762780629098415
6.0 0.07556146 0.         1.         0.6602849  0.014609422534704208
1.0 0.57912314 0.20351323 0.83889043 0.59309924 0.014503483660519123
24.0 0.5693968  0.3913513  0.71433455 0.59219    0.014374381862580776
2.0 0.56081545 0.29118687 0.73711455 0.6246826  0.014119459316134453
34.0 0.5679804 0.3213433 0.7225455 0.5999875 0.014061618596315384
1.0 0.636343   0.65051603 0.6798868  0.70616996 0.013894569128751755
17.0 0.5679804 0.3213433 0.7225455 0.5999875 0.01374754961580038
17.0 0.8178139  0.         1.         0.16790456 0.01371985487639904
6.0 0.8460391  0.         0.9947625  0.25788933 0.013511586003005505
0.0 0.6864514  0.5138602  0.99808353 1.         0.013504105620086193
42.0 0.5679804 0.3213433 0.7225455 0.5999875 0.013380537740886211
3.0 0.        0.        0.787881  0.7072884 0.013374695554375648
10.0 0.80969024 0.         1.         0.579797   0.013368927873671055
1.0 0.81272155 0.1779092  0.99449676 0.6795568  0.013223594054579735
35.0 0.93701154 0.25999743 0.9993941  0.37574464 0.01291246060281992
13.0 0.77877706 0.         1.         0.48456305 0.012655764818191528
28.0 0.62246644 0.06807461 0.9999701  0.8923962  0.012621347792446613
6.0 0.76526403 0.01904462 1.         0.4114973  0.012495405040681362
26.0 0.5679804 0.3213433 0.7225455 0.5999875 0.012429344467818737
26.0 0.5504834  0.18628652 0.7728134  0.6337055  0.012358488515019417
31.0 0.7908121 0.7132012 0.9913536 1.        0.01224846113473177
4.0 0.81628156 0.         1.         0.5126864  0.012080326676368713
23.0 0.5504834  0.18628652 0.7728134  0.6337055  0.012003203853964806
33.0 0.5679804 0.3213433 0.7225455 0.5999875 0.01192588359117508
8.0 0.8378996 0.        1.        0.2848526 0.011886156164109707
36.0 0.8375337  0.00360597 0.9866711  0.12237321 0.011826442554593086
14.0 0.7766396  0.         1.         0.34679687 0.011809931136667728
27.0 0.56717765 0.39134014 0.713549   0.5917208  0.011804134584963322
40.0 0.93440396 0.2555088  1.         0.37799206 0.011561686173081398
29.0 0.57723767 0.41060892 0.7176972  0.56073797 0.011336054652929306
26.0 0.57490844 0.         1.         0.9446589  0.011134602129459381
24.0 0.01039978 0.62480223 0.15393245 0.68598366 0.011034032329916954
35.0 0.56081545 0.29118687 0.73711455 0.6246826  0.010983264073729515
32.0 0.9383468  0.2608986  0.99582356 0.3692302  0.010816668160259724
6.0 0.16959593 0.06958055 0.95402455 0.70428455 0.010788983665406704
