41.0 0.2624529  0.15538475 0.64987737 0.81948113 0.5858933925628662
5.0 0.04059197 0.02175559 0.45551682 0.36007172 0.4682316184043884
16.0 0.03432657 0.01632126 0.45834804 0.35651934 0.13261055946350098
15.0 0.05655017 0.05784595 0.4552814  0.33689123 0.12540602684020996
41.0 0.14461306 0.02353275 0.7570478  0.8674103  0.11498649418354034
0.0 0.05655017 0.05784595 0.4552814  0.33689123 0.1065114438533783
5.0 0.28669533 0.09723878 0.6430323  0.8833072  0.0966428816318512
41.0 0.12589236 0.09851322 0.5978857  0.6574551  0.09452648460865021
10.0 0.28669533 0.09723878 0.6430323  0.8833072  0.07878145575523376
0.0 0.15734446 0.11403727 0.45117283 0.30306795 0.06382947415113449
5.0 0.03986073 0.         0.6102861  0.58587575 0.059293512254953384
7.0 0.07980715 0.03532806 0.5636848  0.4598692  0.050548989325761795
39.0 0.2805085  0.1289539  0.6240659  0.84004176 0.04634430631995201
41.0 0.05751967 0.04243514 0.56531316 0.38436034 0.046318601816892624
15.0 0.16678496 0.11255927 0.44893622 0.303414   0.04593009874224663
41.0 0.32714555 0.3377199  0.60435224 0.7601843  0.04537905380129814
21.0 0.30216116 0.10950774 0.62532336 0.8459049  0.04533515125513077
0.0 0.07980715 0.03532806 0.5636848  0.4598692  0.043037597090005875
7.0 0.05655017 0.05784595 0.4552814  0.33689123 0.04101106524467468
16.0 0.16678496 0.11255927 0.44893622 0.303414   0.03433678299188614
18.0 0.09294753 0.10482425 0.46234697 0.3112038  0.03362159803509712
5.0 2.7244809e-01 6.5821409e-04 9.5457149e-01 8.4469366e-01 0.03277384117245674
7.0 0.28669533 0.09723878 0.6430323  0.8833072  0.03266844525933266
25.0 0.05655017 0.05784595 0.4552814  0.33689123 0.03214942663908005
27.0 0.0307733  0.02372144 0.45550638 0.35357714 0.028737034648656845
34.0 0.05751967 0.04243514 0.56531316 0.38436034 0.028186094015836716
24.0 0.07596034 0.07098329 0.4655872  0.3386497  0.02734353207051754
28.0 0.2701865  0.14492038 0.64945424 0.8185754  0.026821397244930267
12.0 0.30216116 0.10950774 0.62532336 0.8459049  0.02545199729502201
0.0 0.01136106 0.         0.59848154 0.30147916 0.024119090288877487
5.0 0.01136106 0.         0.59848154 0.30147916 0.02367391064763069
22.0 0.29711157 0.11786994 0.62467414 0.85690796 0.023436669260263443
10.0 0.34699634 0.02158856 0.863389   0.8782934  0.02323807217180729
41.0 0.2978465  0.51415193 0.5787047  0.75316536 0.0215904638171196
27.0 0.29091474 0.03182602 0.883091   0.85804045 0.02066875621676445
39.0 0.0173656  0.00098436 0.15508357 0.14196587 0.02038518339395523
39.0 0.03948326 0.0393949  0.4563849  0.35241872 0.020370570942759514
7.0 0.17086554 0.0522702  0.566489   0.7624726  0.02013656683266163
8.0 0.01577286 0.         0.15756023 0.09250626 0.01998228393495083
5.0 0.18802658 0.07455318 0.4329473  0.32726026 0.019782135263085365
0.0 0.12746182 0.         0.63309216 0.84975636 0.01923206076025963
7.0 0.01136106 0.         0.59848154 0.30147916 0.01909315399825573
34.0 0.11444862 0.13300894 0.60580426 0.56377065 0.019027648493647575
34.0 0.09294753 0.10482425 0.46234697 0.3112038  0.018743492662906647
37.0 0.05655017 0.05784595 0.4552814  0.33689123 0.018357157707214355
41.0 0.3204381  0.58944494 0.6131279  0.79696125 0.01782638393342495
16.0 0.6190983  0.13049412 0.9723871  0.8260024  0.017704958096146584
41.0 0.        0.        0.9017929 0.7707163 0.01712333969771862
34.0 0.1830881  0.07573107 0.69246495 0.80871654 0.016808390617370605
25.0 0.19145525 0.         0.91261137 0.90807676 0.016056183725595474
15.0 0.07980715 0.03532806 0.5636848  0.4598692  0.01591815985739231
5.0 0.18099186 0.02502069 0.80176806 0.48064932 0.015882940962910652
16.0 0.42653972 0.         0.9741358  0.8946892  0.01570475473999977
37.0 0.07980715 0.03532806 0.5636848  0.4598692  0.01567685976624489
0.0 0.30008763 0.18033983 0.4391687  0.29600638 0.01558225043118
41.0 0.41681063 0.16536802 0.6156602  0.84669    0.015209848992526531
41.0 0.39669913 0.04427084 0.8596682  0.8529917  0.01517722848802805
21.0 0.00389901 0.4421363  0.13705057 0.8421825  0.015029232949018478
41.0 0.01136106 0.         0.59848154 0.30147916 0.01500732358545065
27.0 0.01153605 0.00284494 0.17633054 0.10861646 0.014705872163176537
28.0 0.11444862 0.13300894 0.60580426 0.56377065 0.01465633325278759
25.0 0.57302123 0.02555007 0.96723455 0.83017445 0.01459342148154974
21.0 0.22254276 0.10331219 0.76762146 0.65963906 0.014564376324415207
0.0 0.24692813 0.12368491 0.43097565 0.21722189 0.014486897736787796
21.0 0.05751967 0.04243514 0.56531316 0.38436034 0.0142891313880682
8.0 0.00248429 0.         0.20018609 0.13691129 0.014134395867586136
24.0 0.12087688 0.76122826 0.64498425 1.         0.014113944955170155
5.0 0.         0.         0.7486006  0.43134668 0.013964504934847355
3.0 0.28669533 0.09723878 0.6430323  0.8833072  0.013899208977818489
42.0 0.20819068 0.03557453 0.67999345 0.9143281  0.013462365604937077
0.0 0.5151769  0.64347804 1.         1.         0.013443727046251297
10.0 0.11444862 0.13300894 0.60580426 0.56377065 0.01332054752856493
21.0 0.11444862 0.13300894 0.60580426 0.56377065 0.013269578106701374
26.0 0.28669533 0.09723878 0.6430323  0.8833072  0.013143828138709068
27.0 0.29711157 0.11786994 0.62467414 0.85690796 0.013072126545011997
38.0 0.2905941  0.2937796  0.40586293 0.41094548 0.013058820739388466
10.0 0.05751967 0.04243514 0.56531316 0.38436034 0.013020643964409828
16.0 0.01136106 0.         0.59848154 0.30147916 0.012743731029331684
37.0 0.10717535 0.06199515 0.63936013 0.74919426 0.012742908671498299
4.0 0.26937383 0.09146747 0.61686444 0.8216125  0.012570522725582123
39.0 0.34699634 0.02158856 0.863389   0.8782934  0.012532427906990051
0.0 0.27647996 0.12713167 0.4443854  0.27835095 0.012439585290849209
41.0 0.09294753 0.10482425 0.46234697 0.3112038  0.01241318229585886
29.0 0.0307733  0.02372144 0.45550638 0.35357714 0.012383172288537025
16.0 0.25062898 0.1226712  0.4316565  0.21785231 0.012357980944216251
41.0 0.18099186 0.02502069 0.80176806 0.48064932 0.012153488583862782
34.0 0.01136106 0.         0.59848154 0.30147916 0.011911110021173954
4.0 0.44329065 0.09047136 0.6616793  0.86283493 0.011823545210063457
7.0 0.34699634 0.02158856 0.863389   0.8782934  0.011810164898633957
25.0 0.01136106 0.         0.59848154 0.30147916 0.011624208651483059
41.0 0.33009887 0.43233728 0.612936   0.6430323  0.011538652703166008
30.0 0.03618054 0.04271008 0.49095565 0.3327564  0.01135327573865652
17.0 0.04530829 0.07107459 0.48631185 0.34456158 0.010979115962982178
16.0 0.78571534 0.         1.         0.53027916 0.010834830813109875
4.0 0.14461306 0.02353275 0.7570478  0.8674103  0.010729936882853508
41.0 0.5115427 0.5371462 0.5902692 0.6584399 0.010720445774495602
22.0 0.00773799 0.00200137 0.18901709 0.12247266 0.010640918277204037
5.0 0.06993994 0.         0.77732027 0.83580786 0.01058332808315754
25.0 0.06351852 0.         1.         0.6832553  0.010563324205577374
20.0 0.01153605 0.00284494 0.17633054 0.10861646 0.010519666597247124
