18.0 0.03734802 0.5885627  0.34207433 0.8967999  0.6910309791564941
9.0 0.13262078 0.0633297  0.7326032  0.41439116 0.5767873525619507
18.0 0.13262078 0.0633297  0.7326032  0.41439116 0.5642538070678711
14.0 0.07027239 0.04820541 0.9633494  0.96652174 0.3651050925254822
13.0 0.13262078 0.0633297  0.7326032  0.41439116 0.23193491995334625
9.0 0.10536245 0.03447381 0.9385382  0.8521414  0.2262221872806549
40.0 0.08285201 0.         0.99434614 1.         0.2144562005996704
18.0 0.10536245 0.03447381 0.9385382  0.8521414  0.1721895933151245
6.0 0.07027239 0.04820541 0.9633494  0.96652174 0.14614881575107574
1.0 0.10330668 0.03168938 0.99168444 0.9580673  0.1437416821718216
9.0 0.04788433 0.41293496 0.37551534 0.8676389  0.13231387734413147
14.0 0.0585146  0.40433562 0.35730767 0.87796843 0.13108962774276733
14.0 0.12225425 0.0682241  0.7245312  0.41726705 0.12541119754314423
0.0 0.08285201 0.         0.99434614 1.         0.10889313369989395
18.0 0.07741813 0.71037084 0.35497028 0.90705675 0.10432546585798264
14.0 0.02304359 0.70473784 0.33991474 0.89459616 0.10347019881010056
13.0 0.10536245 0.03447381 0.9385382  0.8521414  0.1019715815782547
9.0 0.15356581 0.08677799 0.46500796 0.3736988  0.1012285053730011
40.0 0.13262078 0.0633297  0.7326032  0.41439116 0.0981968566775322
18.0 0.10477257 0.37135223 0.96845543 0.99454105 0.09460452198982239
2.0 0.13262078 0.0633297  0.7326032  0.41439116 0.0924047976732254
7.0 0.08285201 0.         0.99434614 1.         0.09202694892883301
13.0 0.04379933 0.64391893 0.3408522  0.90059453 0.08646754920482635
18.0 0.45319992 0.5935198  0.94460946 0.95549226 0.08147980272769928
38.0 0.12225425 0.0682241  0.7245312  0.41726705 0.07930180430412292
36.0 0.09017578 0.00511175 0.9938787  0.95720106 0.07625804096460342
13.0 0.16037093 0.074322   0.45568198 0.3980018  0.07462387531995773
28.0 0.0790641 0.        0.9925449 0.9663346 0.0726570412516594
37.0 0.0790641 0.        0.9925449 0.9663346 0.07095018774271011
38.0 0.0585146  0.40433562 0.35730767 0.87796843 0.07029861211776733
42.0 0.09017578 0.00511175 0.9938787  0.95720106 0.07019680738449097
6.0 0.13262078 0.0633297  0.7326032  0.41439116 0.061886031180620193
18.0 0.08709386 0.4366706  0.32298958 0.8513679  0.05810493230819702
40.0 0.0585146  0.40433562 0.35730767 0.87796843 0.057806454598903656
40.0 0.2956763  0.30681118 0.9509422  0.9379262  0.05702744051814079
9.0 0.0263038  0.59750384 0.34233937 0.90220314 0.05676975101232529
9.0 0.19569474 0.27381593 0.34701103 0.38038826 0.05360277742147446
9.0 0.1237964  0.12047338 0.6081551  0.76415527 0.05191890895366669
10.0 0.10330668 0.03168938 0.99168444 0.9580673  0.051433198153972626
42.0 0.0585146  0.40433562 0.35730767 0.87796843 0.051351502537727356
29.0 0.0790641 0.        0.9925449 0.9663346 0.04981726408004761
13.0 0.10477257 0.37135223 0.96845543 0.99454105 0.04662249982357025
38.0 0.45319992 0.5935198  0.94460946 0.95549226 0.04526142776012421
9.0 0.07006471 0.4585476  0.35810655 0.6961677  0.04460430145263672
41.0 0.0790641 0.        0.9925449 0.9663346 0.043467748910188675
0.0 0.04486008 0.7002271  0.3416074  0.90074474 0.04259190708398819
40.0 0.12316567 0.04767483 0.87723166 0.65866214 0.04142304137349129
7.0 0.37002653 0.1274701  0.9103748  0.93223786 0.04075377434492111
13.0 0.06706908 0.42048925 0.34686705 0.87138397 0.04020500183105469
14.0 0.05947298 0.3233007  0.64802665 0.9204676  0.040191490203142166
1.0 0.11068225 0.07007685 0.8905808  0.59280825 0.039571281522512436
18.0 0.41180435 0.17815402 0.91982543 0.98174214 0.03826246038079262
14.0 0.41180435 0.17815402 0.91982543 0.98174214 0.038186103105545044
9.0 0.15355684 0.18212274 0.36116314 0.3859903  0.03770323470234871
14.0 0. 0. 1. 1. 0.037544604390859604
13.0 0.11010447 0.         0.9158008  0.4712599  0.037480130791664124
13.0 0.31984594 0.5708691  0.9773334  0.96222806 0.036564357578754425
0.0 0.41180435 0.17815402 0.91982543 0.98174214 0.03482676297426224
0.0 0.31984594 0.5708691  0.9773334  0.96222806 0.03482220694422722
9.0 0.13507983 0.         0.8819926  0.349738   0.0345887616276741
0.0 0.04477108 0.46391404 0.35232443 0.9107729  0.033935077488422394
40.0 0.45319992 0.5935198  0.94460946 0.95549226 0.03324547037482262
18.0 0.11010447 0.         0.9158008  0.4712599  0.03322846069931984
20.0 0.0790641 0.        0.9925449 0.9663346 0.03307520970702171
42.0 0.12225425 0.0682241  0.7245312  0.41726705 0.032922085374593735
38.0 0.09017578 0.00511175 0.9938787  0.95720106 0.0327056422829628
17.0 0.13262078 0.0633297  0.7326032  0.41439116 0.03211358189582825
18.0 0.46640852 0.7220642  0.8224809  0.9417992  0.03173314779996872
1.0 0.0585146  0.40433562 0.35730767 0.87796843 0.031129905954003334
14.0 0.1756632  0.10412267 0.9335662  0.52584195 0.03102411888539791
14.0 0.19309258 0.55386084 0.9235139  0.95182675 0.030894551426172256
42.0 0.04379933 0.64391893 0.3408522  0.90059453 0.03066849894821644
11.0 0.07027239 0.04820541 0.9633494  0.96652174 0.026989633217453957
36.0 0.0585146  0.40433562 0.35730767 0.87796843 0.026491254568099976
15.0 0.08285201 0.         0.99434614 1.         0.02600037306547165
25.0 0.43984818 0.43338555 0.5102069  0.58258957 0.02598731778562069
9.0 0.45319992 0.5935198  0.94460946 0.95549226 0.025977184996008873
2.0 0.04379933 0.64391893 0.3408522  0.90059453 0.025685235857963562
3.0 0.08069554 0.00785583 0.8547845  0.8607966  0.024582071229815483
9.0 0.05947298 0.3233007  0.64802665 0.9204676  0.0243359562009573
18.0 0.17639665 0.08380219 0.5414794  0.37110862 0.024251025170087814
11.0 0.10435531 0.05280827 0.85852146 0.48515737 0.023926319554448128
38.0 0.         0.60483414 0.35441524 0.9113801  0.022808048874139786
9.0 0.1756632  0.10412267 0.9335662  0.52584195 0.0227640550583601
18.0 0. 0. 1. 1. 0.022173669189214706
2.0 0.0585146  0.40433562 0.35730767 0.87796843 0.02178635261952877
32.0 0.0790641 0.        0.9925449 0.9663346 0.021249037235975266
2.0 0.46872592 0.64405525 0.8446058  0.9464011  0.02118316851556301
17.0 0.44037873 0.43234622 0.50994533 0.57833266 0.02115575596690178
9.0 0. 0. 1. 1. 0.021134739741683006
2.0 0.11638686 0.         0.91725874 0.85597986 0.02070023864507675
14.0 0.         0.6174276  0.32564548 0.93203187 0.020197927951812744
40.0 0.54417944 0.08123553 0.9466224  0.84715295 0.019972987473011017
18.0 0.0833741  0.23644117 0.5499895  0.9471698  0.019603250548243523
14.0 0.44888747 0.6476206  0.92860174 0.9668897  0.019292399287223816
22.0 0.0790641 0.        0.9925449 0.9663346 0.019273914396762848
9.0 0.1820693 0.        1.        0.6270225 0.018929142504930496
40.0 0.07759842 0.         0.9588629  0.42966953 0.0188512671738863
6.0 0.       0.       1.       0.869444 0.018766997382044792
37.0 0.37002653 0.1274701  0.9103748  0.93223786 0.018222106620669365
