0.0 0.20928934 0.2861137  0.5983763  0.71692204 0.3989541232585907
7.0 0.22099158 0.29684448 0.5907202  0.71314657 0.2560971677303314
37.0 0.21958348 0.28214398 0.5937824  0.72728693 0.12274831533432007
40.0 0.22183245 0.30037236 0.5877518  0.71783924 0.11981667578220367
5.0 0.22183245 0.30037236 0.5877518  0.71783924 0.11617262661457062
28.0 0.24734749 0.24210256 0.57393503 0.75382096 0.09107363224029541
38.0 0.6709431  0.00380458 1.         0.26498413 0.087515689432621
10.0 0.69543993 0.         1.         0.5689008  0.07924248278141022
0.0 0.25719303 0.43534815 0.59122276 0.68046653 0.07182811945676804
18.0 0.21078686 0.2969659  0.59195834 0.7182427  0.068486288189888
10.0 0.23877773 0.26120508 0.58542097 0.7220782  0.06589098274707794
0.0 0.23718095 0.3233599  0.5581845  0.5681238  0.06285693496465683
24.0 0.21939626 0.29618552 0.5858011  0.7205858  0.058639660477638245
15.0 0.2116073  0.2844568  0.58839226 0.7330138  0.057690203189849854
38.0 0.69387126 0.         1.         0.49261746 0.04431954026222229
29.0 0.23059998 0.28016698 0.5823811  0.73657405 0.042748358100652695
32.0 0.22183245 0.30037236 0.5877518  0.71783924 0.040108125656843185
7.0 0.2240362  0.32400325 0.5302586  0.5525458  0.0390920527279377
41.0 0.22084181 0.2735383  0.59846383 0.7308517  0.03823448345065117
17.0 0.93537295 0.00272351 0.99457145 0.04933744 0.03575010225176811
1.0 0.2532028  0.22635248 0.5768482  0.7456305  0.03560105711221695
0.0 0.40391737 0.29925317 0.5904244  0.6780885  0.03268558159470558
17.0 0.68271214 0.00569066 1.         0.30230865 0.03042072243988514
28.0 0.20083037 0.08953592 0.6587008  0.88243735 0.029544832184910774
7.0 0.15722817 0.14893824 0.7917009  0.74980736 0.029378078877925873
38.0 0.23877773 0.26120508 0.58542097 0.7220782  0.029278818517923355
14.0 0.21958348 0.28214398 0.5937824  0.72728693 0.02858302928507328
27.0 0.69543993 0.         1.         0.5689008  0.027605371549725533
34.0 0.21119088 0.3248365  0.60499555 0.72057426 0.026714352890849113
4.0 0.23173273 0.19383794 0.597991   0.79594463 0.026702314615249634
7.0 0.23717062 0.2658912  0.5437798  0.47464412 0.02595863677561283
16.0 0.2162352  0.29747933 0.57497567 0.7294895  0.024932635948061943
18.0 0.23718095 0.3233599  0.5581845  0.5681238  0.0244703758507967
11.0 0.2116073  0.2844568  0.58839226 0.7330138  0.02410326898097992
18.0 0.46577287 0.47783715 0.57142913 0.55522686 0.023975320160388947
7.0 0.2344419  0.4849408  0.56137466 0.71395713 0.02392479218542576
30.0 0.24734749 0.24210256 0.57393503 0.75382096 0.023637956008315086
0.0 0.23717062 0.2658912  0.5437798  0.47464412 0.022951938211917877
25.0 0.2332483  0.29072398 0.5810344  0.7304339  0.022883931174874306
28.0 0.17303428 0.40773922 0.58559406 0.8616381  0.022519275546073914
38.0 0.7303105  0.         1.         0.34554586 0.021580800414085388
27.0 0.21846065 0.2870608  0.58710074 0.73190576 0.021281994879245758
21.0 0.        0.6341183 0.4485479 1.        0.021236980333924294
7.0 0.34215784 0.36915    0.5948088  0.6556572  0.02113308198750019
42.0 0.22259556 0.28479248 0.5900147  0.72183543 0.02109183929860592
4.0 0.34345835 0.2799735  0.5951812  0.70282966 0.02106325887143612
20.0 0.21846065 0.2870608  0.58710074 0.73190576 0.02076837047934532
26.0 0.24734749 0.24210256 0.57393503 0.75382096 0.020722148939967155
24.0 0.2240362  0.32400325 0.5302586  0.5525458  0.01975153014063835
25.0 0.69543993 0.         1.         0.5689008  0.019093962386250496
0.0 0.33548978 0.3698377  0.6078248  0.5820793  0.01903134398162365
37.0 0.23718095 0.3233599  0.5581845  0.5681238  0.01902822032570839
5.0 0.17303428 0.40773922 0.58559406 0.8616381  0.018865009769797325
18.0 0.2344419  0.4849408  0.56137466 0.71395713 0.018641017377376556
0.0 0.20568977 0.50400585 0.5256769  0.713965   0.018635226413607597
34.0 0.15312141 0.71019554 0.44310582 0.900103   0.017330652102828026
0.0 0.46942392 0.48251912 0.5684952  0.5393875  0.017207147553563118
34.0 0.        0.6293355 0.455071  1.        0.017020298168063164
34.0 0.18235828 0.47644335 0.6035626  0.8355362  0.016224989667534828
0.0 0.20083037 0.08953592 0.6587008  0.88243735 0.016042638570070267
10.0 0.15722817 0.14893824 0.7917009  0.74980736 0.015691110864281654
42.0 0.4718511  0.48501903 0.56589556 0.5352194  0.015605811960995197
38.0 0.46373203 0.4824247  0.57719177 0.5593925  0.015491490252315998
10.0 0.23718095 0.3233599  0.5581845  0.5681238  0.01548387948423624
8.0 0.00219834 0.9280555  0.16648617 0.9987465  0.015483581461012363
31.0 0.20360443 0.30701625 0.590477   0.7184733  0.015428499318659306
37.0 0.25719303 0.43534815 0.59122276 0.68046653 0.01523127593100071
21.0 0.23056738 0.2986924  0.5836649  0.7484749  0.014905278570950031
42.0 0.71599644 0.         0.99595207 0.20934495 0.014587443321943283
0.0 0.17303428 0.40773922 0.58559406 0.8616381  0.01404703501611948
28.0 0.18351404 0.71337587 0.45135468 0.9050682  0.013980048708617687
38.0 0.6005672  0.         1.         0.76607966 0.013789384625852108
36.0 0.2162352  0.29747933 0.57497567 0.7294895  0.01370945107191801
38.0 0.7372737  0.00225408 0.8822315  0.1139482  0.013693920336663723
18.0 0.46887642 0.48906776 0.533923   0.53091645 0.013670778833329678
38.0 0.751626   0.00162742 1.         0.17996511 0.01365708652883768
18.0 0.33548978 0.3698377  0.6078248  0.5820793  0.013549243099987507
41.0 0.69543993 0.         1.         0.5689008  0.01346435397863388
12.0 0.2532028  0.22635248 0.5768482  0.7456305  0.013390385545790195
4.0 0.49168453 0.25794315 0.6611195  0.68575025 0.013368970714509487
23.0 0.2532028  0.22635248 0.5768482  0.7456305  0.013343277387320995
11.0 0.23717062 0.2658912  0.5437798  0.47464412 0.013129479251801968
13.0 0.23877773 0.26120508 0.58542097 0.7220782  0.013120276853442192
17.0 0.91761905 0.00346012 1.         0.10565225 0.013081763871014118
24.0 0.23717062 0.2658912  0.5437798  0.47464412 0.012819524854421616
18.0 0.23717062 0.2658912  0.5437798  0.47464412 0.012779739685356617
5.0 0.2240362  0.32400325 0.5302586  0.5525458  0.012680414132773876
24.0 0.20568977 0.50400585 0.5256769  0.713965   0.012669035233557224
9.0 0.93537295 0.00272351 0.99457145 0.04933744 0.012606470845639706
40.0 0.44622177 0.47981045 0.55505246 0.5421739  0.012490862980484962
17.0 0.6518536  0.         0.98352474 0.1775474  0.012457488104701042
41.0 0.40391737 0.29925317 0.5904244  0.6780885  0.012342911213636398
24.0 0.20083037 0.08953592 0.6587008  0.88243735 0.012296303175389767
10.0 0.6005672  0.         1.         0.76607966 0.012121380306780338
31.0 0.68271214 0.00569066 1.         0.30230865 0.011996913701295853
38.0 0.32799122 0.         1.         0.6776197  0.011973434127867222
28.0 0.40391737 0.29925317 0.5904244  0.6780885  0.011922967620193958
16.0 0.73049414 0.         1.         0.5858567  0.011737828142940998
2.0 0.24734749 0.24210256 0.57393503 0.75382096 0.011731114238500595
40.0 0.6550411 0.        1.        0.2553215 0.011717374436557293
