6.0 0.16814524 0.         0.6753865  0.28328758 0.06894659250974655
20.0 0.02444238 0.0039767  0.18171719 0.10718954 0.05242025479674339
21.0 0.0131467  0.26008794 0.32944375 0.8339063  0.046253811568021774
35.0 0.         0.8127406  0.46413183 1.         0.042289964854717255
37.0 0.         0.8127406  0.46413183 1.         0.03678419440984726
24.0 0.         0.7930907  0.45492178 1.         0.033531948924064636
41.0 0.         0.26598024 0.95750123 1.         0.03300686925649643
21.0 0.15326184 0.         0.97173196 0.9333036  0.03208381310105324
39.0 0.         0.26598024 0.95750123 1.         0.032006800174713135
32.0 0.         0.8144121  0.51604486 1.         0.03167828544974327
19.0 0.         0.8127406  0.46413183 1.         0.031117290258407593
15.0 0.         0.8127406  0.46413183 1.         0.028841735795140266
12.0 0.01988621 0.01013326 0.18303457 0.11777131 0.027961039915680885
3.0 0.02770266 0.         0.8807589  0.4467872  0.02790737897157669
10.0 0.857693   0.         0.9899424  0.40351945 0.026251958683133125
39.0 0.02444238 0.0039767  0.18171719 0.10718954 0.0259407851845026
34.0 0.48468846 0.35732996 0.74906737 0.49625045 0.025404147803783417
27.0 0.87726194 0.         0.98659927 0.24001667 0.02407791092991829
5.0 0.         0.26598024 0.95750123 1.         0.023477083072066307
41.0 0.01162976 0.25034025 0.31790036 0.8390598  0.023043811321258545
21.0 0.         0.27084136 0.884919   1.         0.02251000888645649
6.0 0.09743682 0.         0.80900455 0.34932494 0.021435018628835678
1.0 0.857693   0.         0.9899424  0.40351945 0.021223366260528564
24.0 0.04178737 0.04386501 0.17434874 0.11321463 0.02024766616523266
26.0 0.5086422 0.3588878 0.7758541 0.4966113 0.020096028223633766
38.0 0.857693   0.         0.9899424  0.40351945 0.019420890137553215
40.0 0.857693   0.         0.9899424  0.40351945 0.019203931093215942
14.0 0.16814524 0.         0.6753865  0.28328758 0.01842796616256237
40.0 0.        0.7949779 0.5798675 1.        0.017366483807563782
3.0 0.02234726 0.00972638 0.18057603 0.125641   0.017344756051898003
35.0 0.02553844 0.7597162  0.3264877  1.         0.01710972562432289
3.0 0.01193943 0.         0.18842214 0.23501715 0.016709191724658012
39.0 0.         0.27924716 0.40201786 0.80926466 0.015387317165732384
26.0 0.04178737 0.04386501 0.17434874 0.11321463 0.01524705346673727
39.0 0.02498414 0.         0.19308022 0.2342815  0.01517025101929903
4.0 0.06285926 0.08751799 0.16075939 0.11609066 0.014968414790928364
4.0 0.04418465 0.07197541 0.17024621 0.12655471 0.014721578918397427
22.0 0.01825532 0.00279202 0.19054547 0.11837807 0.014585128985345364
4.0 0.046994   0.04052802 0.18004748 0.11479545 0.014471568167209625
4.0 0.20729683 0.24063006 0.5513044  0.34677652 0.014395191334187984
9.0 0.857693   0.         0.9899424  0.40351945 0.014354358427226543
24.0 0.04418465 0.07197541 0.17024621 0.12655471 0.014260227791965008
4.0 0.29019308 0.2244898  0.8663906  0.47876495 0.014223762787878513
12.0 0.01193943 0.         0.18842214 0.23501715 0.014135099947452545
36.0 0.86404735 0.         0.99574    0.26703915 0.01391699630767107
34.0 0.5219255  0.38667804 0.71380097 0.47096395 0.013804541900753975
26.0 0.0604616  0.08624163 0.15378511 0.11469636 0.013712378218770027
34.0 0.29019308 0.2244898  0.8663906  0.47876495 0.01369498297572136
33.0 0.046994   0.04052802 0.18004748 0.11479545 0.013364827260375023
8.0 0.02444238 0.0039767  0.18171719 0.10718954 0.013256723992526531
10.0 0.87726194 0.         0.98659927 0.24001667 0.013161120936274529
40.0 0.8102486  0.59707916 1.         1.         0.01313741598278284
4.0 0.22699764 0.12957582 0.88260055 0.40488848 0.013121523894369602
26.0 0.62351924 0.42181075 0.7785973  0.48092258 0.013005596585571766
12.0 0.04283965 0.01754943 0.952908   0.60767055 0.013004702515900135
42.0 0.857693   0.         0.9899424  0.40351945 0.012934528291225433
32.0 0.06239659 0.817823   0.6334083  1.         0.012770515866577625
21.0 0.02581729 0.3335927  0.4636069  0.6556878  0.012572132982313633
21.0 0.         0.33370605 0.27961126 0.48367456 0.0124851418659091
12.0 0.         0.34731367 0.27628687 0.50943667 0.012404399923980236
21.0 0.         0.6152445  0.21748611 0.7630447  0.012256702408194542
32.0 0.8384838 0.5550188 1.        1.        0.012202969752252102
9.0 0.12424183 0.00066289 0.62662655 0.25390235 0.011944001540541649
4.0 0.5086422 0.3588878 0.7758541 0.4966113 0.01190907321870327
21.0 0.13672233 0.05668513 0.984071   0.5414179  0.011899324133992195
9.0 0.18762013 0.         0.4660279  0.18684319 0.011886056512594223
13.0 0.         0.8127406  0.46413183 1.         0.011826331727206707
20.0 0.01193943 0.         0.18842214 0.23501715 0.011736738495528698
26.0 0.04418465 0.07197541 0.17024621 0.12655471 0.011644956655800343
20.0 0.86404735 0.         0.99574    0.26703915 0.01160750538110733
24.0 0.0604616  0.08624163 0.15378511 0.11469636 0.011552654206752777
23.0 0.         0.8127406  0.46413183 1.         0.011377374641597271
4.0 0.11178747 0.3615294  0.4089844  0.49250686 0.01133172120898962
37.0 0.01097423 0.730411   0.3688327  1.         0.011143147014081478
3.0 0.04252288 0.03236949 0.9686178  0.8677693  0.011072380468249321
4.0 0.2525484  0.26286936 0.53024757 0.32423764 0.010893846862018108
4.0 0.06164122 0.07640912 0.15727761 0.10611218 0.010893626138567924
12.0 0.         0.26598024 0.95750123 1.         0.010783961974084377
38.0 0.7444974  0.24106167 0.89140415 0.31633568 0.01073517743498087
4.0 0.         0.33539316 0.31561506 0.47452626 0.010716835968196392
14.0 0.857693   0.         0.9899424  0.40351945 0.010550927370786667
4.0 0.62637234 0.43239984 0.7801045  0.48834893 0.010536177083849907
38.0 0.83811164 0.00489658 1.         0.220863   0.01024257205426693
0.0 0.         0.8083333  0.42056447 1.         0.010211020708084106
21.0 0.02490923 0.45475447 0.75791466 0.9020028  0.010158958844840527
10.0 0.83617556 0.         1.         0.6276556  0.010096152313053608
21.0 0.48468846 0.35732996 0.74906737 0.49625045 0.010085606016218662
21.0 0.04628052 0.36558995 0.35950643 0.58677155 0.010074823163449764
3.0 0.13531023 0.         0.76153296 0.31961718 0.010034140199422836
4.0 0.5644489 0.5154031 0.7232731 0.5719541 0.009982043877243996
21.0 0.5745672 0.        0.9775274 0.7557067 0.009933642111718655
41.0 0.02444238 0.0039767  0.18171719 0.10718954 0.009916801936924458
28.0 0.64664793 0.         0.97345793 0.68672806 0.009876166470348835
0.0 0.857693   0.         0.9899424  0.40351945 0.009826978668570518
27.0 0.857693   0.         0.9899424  0.40351945 0.009772121906280518
22.0 0.87726194 0.         0.98659927 0.24001667 0.009668203070759773
26.0 0.06164122 0.07640912 0.15727761 0.10611218 0.009633629582822323
32.0 0.7654242 0.6386353 1.        0.9983369 0.0095540015026927
17.0 0.857693   0.         0.9899424  0.40351945 0.00955190323293209
4.0 0.01906166 0.35606113 0.24591103 0.4347627  0.009462051093578339
