29.0 0.15601844 0.00750834 0.9935898  0.7664802  0.6221412420272827
32.0 0.1523256  0.01032355 0.9927918  0.78796196 0.22797171771526337
20.0 0.17539892 0.01780993 0.98441374 0.74045664 0.21181881427764893
1.0 0.15765843 0.00622106 0.9803729  0.75136346 0.20713753998279572
33.0 0.1523256  0.01032355 0.9927918  0.78796196 0.11928410828113556
28.0 0.19008642 0.0043917  1.         0.85568964 0.10859942436218262
37.0 0.1375384  0.03746548 0.98606217 0.90158165 0.10211259871721268
20.0 0.4588261  0.01373838 0.98788977 0.34325612 0.09894371777772903
6.0 0.1523256  0.01032355 0.9927918  0.78796196 0.08898235857486725
8.0 0.16903502 0.01457015 0.9939441  0.76125526 0.06290001422166824
10.0 0.19409952 0.02522224 1.         0.7851615  0.056000273674726486
39.0 0.16338408 0.01736125 1.         0.8088144  0.05389905720949173
40.0 0.15919435 0.         0.9991468  0.8286928  0.05045590177178383
41.0 0.4588261  0.01373838 0.98788977 0.34325612 0.045167647302150726
5.0 0.19008642 0.0043917  1.         0.85568964 0.043936874717473984
26.0 0.1375384  0.03746548 0.98606217 0.90158165 0.04122604429721832
30.0 0.1259914 0.        0.9680268 0.80192   0.03717419505119324
34.0 0.1418936  0.         0.98673296 0.80340827 0.0366227924823761
7.0 0.22013828 0.02524003 0.9868847  0.7556784  0.036498378962278366
12.0 0.1523256  0.01032355 0.9927918  0.78796196 0.03618064522743225
27.0 0.22013828 0.02524003 0.9868847  0.7556784  0.03361017629504204
24.0 0.1375384  0.03746548 0.98606217 0.90158165 0.03100471943616867
24.0 0.8091814  0.4182655  0.99367815 0.47425446 0.02957944944500923
24.0 0.3312409  0.5144953  0.92924154 0.7888915  0.02954895608127117
40.0 0.45614058 0.00781107 0.61938804 0.2933983  0.029205670580267906
23.0 0.14539179 0.         0.98756015 0.8284596  0.02862015925347805
10.0 0.4588261  0.01373838 0.98788977 0.34325612 0.028554808348417282
29.0 0.20527232 0.         1.         0.7709485  0.028545143082737923
19.0 0.1523256  0.01032355 0.9927918  0.78796196 0.027103373780846596
41.0 0.22013828 0.02524003 0.9868847  0.7556784  0.02700764685869217
29.0 0.20044598 0.21534139 0.842859   0.62861776 0.026988644152879715
11.0 0.1375384  0.03746548 0.98606217 0.90158165 0.026763269677758217
20.0 0.20852643 0.         1.         0.59931326 0.026758337393403053
36.0 0.16111487 0.         1.         0.7840289  0.026522444561123848
7.0 0.4588261  0.01373838 0.98788977 0.34325612 0.026107830926775932
29.0 0.06218123 0.         1.         1.         0.02271096222102642
29.0 0.16809331 0.04276612 0.62928987 0.7095318  0.022608917206525803
24.0 0.36122724 0.58116674 0.98369944 0.89188194 0.02169482782483101
20.0 0.5146978 0.        1.        0.6451596 0.021416449919342995
11.0 0.4588261  0.01373838 0.98788977 0.34325612 0.020353881642222404
14.0 0.5044315  0.         1.         0.41878453 0.019273096695542336
16.0 0.22013828 0.02524003 0.9868847  0.7556784  0.018697863444685936
21.0 0.23740083 0.         0.93568045 0.6584337  0.018341349437832832
1.0 0.59597516 0.02291325 1.         0.5787425  0.017456987872719765
30.0 0.16809331 0.04276612 0.62928987 0.7095318  0.017339399084448814
30.0 0.00926351 0.8326859  0.08012357 1.         0.017165997996926308
14.0 0.18787375 0.         1.         0.8644795  0.016859261319041252
0.0 0.18234834 0.02212113 0.97954273 0.9623253  0.01681055687367916
28.0 0.16244411 0.05594039 0.67593044 0.7546962  0.016586877405643463
1.0 0.20852643 0.         1.         0.59931326 0.01644507423043251
24.0 0.3470325  0.27398056 0.9298466  0.6708157  0.015971947461366653
38.0 0.22013828 0.02524003 0.9868847  0.7556784  0.015242858789861202
32.0 0.20527232 0.         1.         0.7709485  0.015128916129469872
11.0 0.15415713 0.         1.         0.48403364 0.015045893378555775
29.0 0.3074343  0.         0.88906705 0.58739746 0.014710619114339352
26.0 0.16244411 0.05594039 0.67593044 0.7546962  0.014338095672428608
32.0 0.0221886  0.         1.         0.52471197 0.01424491312354803
35.0 0.18787375 0.         1.         0.8644795  0.014237635768949986
15.0 0.15919435 0.         0.9991468  0.8286928  0.014036783017218113
21.0 0.4588261  0.01373838 0.98788977 0.34325612 0.013681192882359028
37.0 0.10146388 0.         1.         0.5532448  0.013391267508268356
36.0 0.07653451 0.         1.         1.         0.013383621349930763
4.0 0.2327686  0.         0.9505748  0.37584662 0.013283401727676392
20.0 0.11825252 0.         1.         0.8813053  0.013269835151731968
32.0 0. 0. 1. 1. 0.013134095817804337
32.0 0.6758989 0.        1.        0.6434641 0.013007346540689468
40.0 0.20852643 0.         1.         0.59931326 0.012907927855849266
33.0 0.20852643 0.         1.         0.59931326 0.012902641668915749
10.0 0.3942377 0.        0.9486298 0.5723093 0.012881113216280937
31.0 0.12884629 0.01499516 1.         0.80615383 0.012817292474210262
39.0 0.4588261  0.01373838 0.98788977 0.34325612 0.012811741791665554
28.0 0.20852643 0.         1.         0.59931326 0.012789844535291195
23.0 0.16809331 0.04276612 0.62928987 0.7095318  0.012775121256709099
9.0 0.9115778  0.10629457 0.9978131  0.3607906  0.012715642340481281
5.0 0.20852643 0.         1.         0.59931326 0.01270241942256689
42.0 0.19008642 0.0043917  1.         0.85568964 0.012630632147192955
30.0 0.20044598 0.21534139 0.842859   0.62861776 0.012426271103322506
5.0 0. 0. 1. 1. 0.012413235381245613
37.0 0.36853552 0.03508174 1.         1.         0.012224502861499786
37.0 0.1329355  0.47096473 0.9706116  1.         0.012189372442662716
10.0 0.12826955 0.         1.         0.6784549  0.012158664874732494
26.0 0.15415713 0.         1.         0.48403364 0.012068136595189571
3.0 0.2170229  0.         1.         0.81113493 0.011855092830955982
23.0 0.20044598 0.21534139 0.842859   0.62861776 0.011802799068391323
4.0 0.3312409  0.5144953  0.92924154 0.7888915  0.011794492602348328
19.0 0.16809331 0.04276612 0.62928987 0.7095318  0.011784525588154793
28.0 0.03322437 0.00766778 0.8714063  1.         0.011761476285755634
37.0 0.4529758  0.0173175  0.9731714  0.72782326 0.011744234710931778
37.0 0.31173545 0.15323916 0.7848396  0.8847507  0.011634277179837227
4.0 0.09006184 0.         0.95052487 0.8572879  0.011608150787651539
6.0 0.59597516 0.02291325 1.         0.5787425  0.011485286056995392
20.0 0.2327686  0.         0.9505748  0.37584662 0.011462656781077385
24.0 0.2327686  0.         0.9505748  0.37584662 0.01141915749758482
25.0 0.22013828 0.02524003 0.9868847  0.7556784  0.011412522755563259
8.0 0.20527232 0.         1.         0.7709485  0.011401197873055935
1.0 0.3942377 0.        0.9486298 0.5723093 0.01132131926715374
22.0 0.23740083 0.         0.93568045 0.6584337  0.011293791234493256
2.0 0.18787375 0.         1.         0.8644795  0.011259801685810089
1.0 0.11825252 0.         1.         0.8813053  0.011237687431275845
32.0 0.3747035  0.1376718  0.97750175 0.60644996 0.011195193976163864
