6.0 0.00935131 0.68566644 0.3079646  0.94116235 0.2652663290500641
40.0 0.86354333 0.8417928  1.         1.         0.07580108940601349
17.0 0.9194719  0.5757099  0.99939567 0.7683905  0.06724129617214203
36.0 0.01337917 0.69108754 0.3156824  0.9376758  0.06378040462732315
31.0 0.8806527 0.8280632 1.        1.        0.06368330121040344
17.0 0.895599  0.8400731 1.        1.        0.061802759766578674
9.0 0.01532578 0.6871669  0.30951735 0.941154   0.05465724691748619
1.0 0.02173188 0.66690195 0.30527997 0.9563484  0.05283423885703087
1.0 0.6266883  0.         0.99410444 0.87485254 0.04791085049510002
14.0 0.02173188 0.66690195 0.30527997 0.9563484  0.046587422490119934
23.0 0.01861687 0.10792319 0.13951974 0.19410492 0.044076498597860336
26.0 0.57941544 0.         0.99828756 0.9379374  0.04332026466727257
10.0 0.03134285 0.38138783 0.30074304 0.96630454 0.040847864001989365
23.0 0.64500487 0.16854596 1.         0.7678241  0.04078283533453941
9.0 0.92037433 0.5887488  0.99908584 0.76958215 0.04076513275504112
33.0 0.6551451  0.01460543 0.987196   0.8547993  0.039598431438207626
9.0 0.895599  0.8400731 1.        1.        0.032920319586992264
6.0 0.13269243 0.06245774 1.         1.         0.02798905409872532
6.0 0.866632   0.83932483 1.         1.         0.027957741171121597
13.0 0.86975396 0.84417975 1.         1.         0.02720608375966549
8.0 0.8766957  0.84195715 1.         1.         0.02680412493646145
8.0 0.01532578 0.6871669  0.30951735 0.941154   0.026748431846499443
8.0 0.13645259 0.49442998 0.2244825  0.6048077  0.024498945102095604
6.0 0.0418694  0.6505047  0.42300507 0.99822843 0.023025482892990112
20.0 0.02173188 0.66690195 0.30527997 0.9563484  0.022741282358765602
8.0 0.9194719  0.5757099  0.99939567 0.7683905  0.0221958477050066
26.0 0.02800336 0.02766138 0.25745305 0.611856   0.021858468651771545
13.0 0.9232787  0.53908646 1.         0.8040421  0.021794840693473816
12.0 0.1742033  0.         0.98696935 1.         0.021573567762970924
33.0 0.39402536 0.         0.97927    0.95902735 0.02106124348938465
40.0 0.83819   0.7795104 0.995269  1.        0.020825151354074478
23.0 0.7373619  0.14058062 0.8249202  0.27086526 0.019608864560723305
23.0 0.82004    0.24719599 0.998209   0.77778435 0.019544899463653564
40.0 0.7599295 0.7299405 1.        1.        0.019328154623508453
1.0 0.82004    0.24719599 0.998209   0.77778435 0.018911262974143028
3.0 0.02173188 0.66690195 0.30527997 0.9563484  0.018513506278395653
38.0 0.8563107  0.00100903 0.9952601  0.13102224 0.018142124637961388
31.0 0.8270052  0.         0.9919786  0.22125666 0.017710257321596146
40.0 0.75969666 0.00343536 0.99570423 0.1715886  0.01763119362294674
40.0 0.90117633 0.4274304  1.         0.8171642  0.01639414019882679
1.0 0.9232787  0.53908646 1.         0.8040421  0.016181398183107376
1.0 0.01861687 0.10792319 0.13951974 0.19410492 0.01596999168395996
26.0 0.01052304 0.07758451 0.16017264 0.34247103 0.015941429883241653
12.0 0.43133822 0.0108062  0.9950273  0.81888825 0.01578681357204914
6.0 0.8747825 0.5677273 1.        0.7660512 0.015368407592177391
36.0 0.8754261 0.8388377 1.        1.        0.014614330604672432
40.0 0.82513785 0.6431274  1.         1.         0.014556187205016613
29.0 0.86805654 0.84900725 1.         1.         0.014240928925573826
32.0 0.6266883  0.         0.99410444 0.87485254 0.014203564263880253
26.0 0.19539088 0.         0.98142976 0.9246353  0.014130642637610435
1.0 0.7134048  0.03808028 0.9858663  0.63852006 0.013873795047402382
28.0 0.6551451  0.01460543 0.987196   0.8547993  0.013714770786464214
20.0 0.1742033  0.         0.98696935 1.         0.013584457337856293
39.0 0.08012119 0.         0.961535   0.93472016 0.013582373969256878
34.0 0.03096324 0.04844502 0.25577486 0.6859375  0.01346489880234003
2.0 0.8766957  0.84195715 1.         1.         0.013268123380839825
23.0 0.8132893  0.18444009 1.         0.6556396  0.013185692019760609
13.0 0.02488274 0.10274526 0.1474263  0.18894997 0.012960524298250675
23.0 0.03488216 0.1201386  0.12420231 0.17681997 0.01292873453348875
23.0 0.86343026 0.31531307 1.         0.5821037  0.01290986593812704
13.0 0.83819   0.7795104 0.995269  1.        0.012750840745866299
40.0 0.8041294  0.22741276 1.         0.8657767  0.01265758741647005
23.0 0.50545776 0.         1.         0.89438605 0.01258037518709898
40.0 0.6417912  0.         1.         0.29653424 0.012159891426563263
34.0 0.6551451  0.01460543 0.987196   0.8547993  0.012158830650150776
38.0 0.8806527 0.8280632 1.        1.        0.012104666791856289
13.0 0.8041294  0.22741276 1.         0.8657767  0.011941665783524513
27.0 0.7330123  0.00209216 0.9911481  0.16330686 0.0118173286318779
36.0 0.92037433 0.5887488  0.99908584 0.76958215 0.011813288554549217
38.0 0.75969666 0.00343536 0.99570423 0.1715886  0.011808963492512703
38.0 0.         0.6621235  0.29252467 0.94935185 0.011799785308539867
1.0 0.01924916 0.05910207 0.20046769 0.5469196  0.011750279925763607
13.0 0.02173188 0.66690195 0.30527997 0.9563484  0.011659047566354275
16.0 0.8270052  0.         0.9919786  0.22125666 0.011617516167461872
40.0 0.01886946 0.5933259  0.30899397 0.96180826 0.011597908101975918
6.0 0.         0.51493967 0.80461204 1.         0.011484360322356224
20.0 0.         0.         0.49192256 0.9595461  0.011388273909687996
26.0 0.01128387 0.02697837 0.40769103 0.90776926 0.011258963495492935
26.0 0.7813408 0.1612826 1.        0.7945007 0.011232404969632626
29.0 0.01507948 0.6881788  0.31313556 0.9383249  0.011112786829471588
9.0 0.83819   0.7795104 0.995269  1.        0.011087657883763313
8.0 6.6390753e-01 1.5068054e-04 9.7206438e-01 1.5318164e-01 0.010990705341100693
28.0 0.05245929 0.09207651 0.23891616 0.6411381  0.010901366360485554
21.0 0.03134285 0.38138783 0.30074304 0.96630454 0.010836680419743061
26.0 0.40312278 0.1084021  1.         0.75341713 0.010628671385347843
4.0 0.03096324 0.04844502 0.25577486 0.6859375  0.010515131056308746
1.0 0.8597315  0.39465192 0.9957357  0.85550714 0.010326812975108624
9.0 0.91076154 0.5313693  1.         0.83392036 0.010319685563445091
3.0 0.08931381 0.         1.         1.         0.010231093503534794
3.0 0.6266883  0.         0.99410444 0.87485254 0.010000348091125488
32.0 0.02078019 0.6804432  0.3038842  0.94307464 0.00996024813503027
42.0 0.01886946 0.5933259  0.30899397 0.96180826 0.009903944097459316
26.0 0.         0.04517499 0.18424726 0.21793333 0.009872487746179104
17.0 0.9287175 0.8593642 0.9922116 0.9899624 0.009841340593993664
1.0 0.8806527 0.8280632 1.        1.        0.00983074214309454
28.0 0.02789652 0.05808772 0.18918014 0.4501794  0.009753533639013767
32.0 0.37272605 0.8349105  0.88055766 1.         0.00974789448082447
32.0 0.56969106 0.01704654 1.         0.35647684 0.009700397960841656
1.0 0.89566064 0.3134233  0.9982741  0.57171035 0.009688330814242363
17.0 0.9295824  0.63410604 0.9959721  0.73150766 0.009657478891313076
