37.0 0.11667523 0.11387005 0.828519   0.9805559  0.7757095694541931
29.0 0.10330835 0.07992676 0.84201527 1.         0.19341540336608887
0.0 0.11817145 0.08902287 0.9080088  0.9879564  0.11905968189239502
28.0 0.10784319 0.06871739 0.9081794  1.         0.07345883548259735
34.0 0.11817145 0.08902287 0.9080088  0.9879564  0.07336397469043732
19.0 0.11826912 0.09887123 0.8357866  1.         0.07149239629507065
30.0 0.11826912 0.09887123 0.8357866  1.         0.06812036782503128
23.0 0.11680293 0.10737598 0.8371657  0.98168576 0.06653701514005661
24.0 0.10909092 0.10123956 0.8508369  1.         0.06259710341691971
13.0 0.11680293 0.10737598 0.8371657  0.98168576 0.057898737490177155
5.0 0.11826912 0.09887123 0.8357866  1.         0.05757966265082359
1.0 0.10078296 0.09574687 0.85274124 0.9930546  0.05587804690003395
29.0 0.01222342 0.         1.         0.9282963  0.05207095295190811
37.0 0.1410099  0.31752077 0.7374319  0.83301616 0.04960751160979271
32.0 0.10078296 0.09574687 0.85274124 0.9930546  0.04907703027129173
26.0 0.10078296 0.09574687 0.85274124 0.9930546  0.04826696217060089
37.0 0.         0.01264769 1.         1.         0.0451047345995903
35.0 0.10756415 0.05269217 0.90105206 0.99619925 0.033110953867435455
15.0 0.12215853 0.11487329 0.82095855 0.9955946  0.030985306948423386
41.0 0.10330835 0.07992676 0.84201527 1.         0.025462940335273743
40.0 0.10101205 0.09532672 0.8627905  0.9845497  0.025061974301934242
4.0 0.10909092 0.10123956 0.8508369  1.         0.024381021037697792
9.0 0.9134978 0.2625607 1.        0.5334774 0.023912698030471802
37.0 0.24158996 0.6841498  0.85845274 1.         0.023462336510419846
7.0 0.10330835 0.07992676 0.84201527 1.         0.023373372852802277
33.0 0.13458636 0.09922749 0.8049531  1.         0.02233615703880787
11.0 0.08182043 0.06205261 0.8755376  0.99055135 0.022310292348265648
20.0 0.39165756 0.00541003 0.9847752  0.2729872  0.020253119990229607
34.0 0.11504698 0.12873816 0.7854415  0.6488707  0.020028242841362953
23.0 0.06774688 0.         1.         0.9552731  0.019318684935569763
0.0 0.19828707 0.43726248 0.8358913  0.96246034 0.019119868054986
6.0 0.10330835 0.07992676 0.84201527 1.         0.01857299543917179
37.0 0.20484805 0.33259726 1.         1.         0.018378449603915215
37.0 0.         0.39494768 0.80984026 1.         0.017660753801465034
14.0 0.38745955 0.00604485 0.9739853  0.31956774 0.017529165372252464
0.0 0.        0.266458  0.8967108 1.        0.01666928268969059
17.0 0.9255611 0.2736526 1.        0.462727  0.016219928860664368
0.0 0.57722574 0.6665759  0.9993159  1.         0.016141358762979507
37.0 0.2592056  0.5177937  0.91319954 0.9686323  0.015533911064267159
31.0 0.8293983  0.73383164 1.         1.         0.015405011363327503
37.0 0.08830163 0.13848256 0.70524096 0.58772564 0.015094977803528309
30.0 0.04406166 0.         1.         0.8115765  0.01459554210305214
24.0 0.17006528 0.11840957 1.         1.         0.014266032725572586
9.0 0.93059635 0.2892686  0.99984014 0.43342686 0.014234350062906742
13.0 0.10043198 0.         1.         1.         0.014197484590113163
2.0 0.10756415 0.05269217 0.90105206 0.99619925 0.014046797528862953
20.0 0.10330835 0.07992676 0.84201527 1.         0.01389247365295887
37.0 0.04406166 0.         1.         0.8115765  0.013766215182840824
24.0 0.12236804 0.26034364 0.7269508  0.75508475 0.01356192585080862
24.0 0.19805273 0.42295495 0.8852055  1.         0.013458648696541786
28.0 0.34629923 0.20561591 0.83005935 0.98405564 0.013362225145101547
36.0 0.10330835 0.07992676 0.84201527 1.         0.013220146298408508
36.0 0.9039389 0.2503603 1.        0.5523806 0.013215992599725723
4.0 0.08830163 0.13848256 0.70524096 0.58772564 0.012929756194353104
11.0 0.11504698 0.12873816 0.7854415  0.6488707  0.012911567464470863
23.0 0.21574363 0.37570518 0.8777969  0.8853813  0.012549547478556633
28.0 0.11504698 0.12873816 0.7854415  0.6488707  0.012279999442398548
30.0 0.1410099  0.31752077 0.7374319  0.83301616 0.012132582254707813
19.0 0.06774688 0.         1.         0.9552731  0.012068507261574268
0.0 0.04406166 0.         1.         0.8115765  0.011997319757938385
0.0 0.24158996 0.6841498  0.85845274 1.         0.011875206604599953
28.0 0.01222342 0.         1.         0.9282963  0.011625254526734352
19.0 0.1410099  0.31752077 0.7374319  0.83301616 0.011614481918513775
24.0 0.08830163 0.13848256 0.70524096 0.58772564 0.011563674546778202
14.0 0.10330835 0.07992676 0.84201527 1.         0.011452638544142246
33.0 0.08737266 0.         1.         0.96050847 0.011393686756491661
0.0 0.69247335 0.786047   0.99683076 0.99500227 0.01135890744626522
12.0 0.10330835 0.07992676 0.84201527 1.         0.011195949278771877
0.0 0.20584252 0.6408288  0.58957434 0.99211544 0.011165357194840908
0.0 0.20484805 0.33259726 1.         1.         0.011103992350399494
29.0 0.        0.        0.8779426 0.6978785 0.01099893357604742
29.0 0.17006528 0.11840957 1.         1.         0.010854068212211132
4.0 0.09967601 0.00620204 0.7734211  0.43669257 0.01070716418325901
15.0 0.14432454 0.         1.         1.         0.010677526704967022
34.0 0.1410099  0.31752077 0.7374319  0.83301616 0.010518633760511875
41.0 0.18031007 0.         1.         0.7053466  0.010460149496793747
26.0 0.10043198 0.         1.         1.         0.010354983620345592
5.0 0.         0.39494768 0.80984026 1.         0.01033706683665514
42.0 0.13458636 0.09922749 0.8049531  1.         0.010286369360983372
11.0 0.24158996 0.6841498  0.85845274 1.         0.010268311947584152
3.0 0.13006794 0.08637783 0.8148667  1.         0.010048615746200085
11.0 0.19828707 0.43726248 0.8358913  0.96246034 0.010044272057712078
37.0 0.14478242 0.         1.         1.         0.009962562471628189
34.0 0.20484805 0.33259726 1.         1.         0.009900336153805256
30.0 0.70965874 0.5057492  0.9947473  1.         0.009887807071208954
10.0 0.06256351 0.01638353 0.95255256 1.         0.009711475111544132
26.0 0.0067267  0.         0.1929885  0.20525333 0.009704891592264175
10.0 0.18384337 0.3078283  0.8155225  0.9019557  0.009538049809634686
34.0 0.         0.39494768 0.80984026 1.         0.009531048126518726
24.0 0.         0.26472062 0.7542761  1.         0.009498808532953262
37.0 0.        0.        0.8451869 1.        0.009454063139855862
24.0 0.01139343 0.         0.98936355 1.         0.009340139105916023
25.0 0.78275096 0.48629177 1.         1.         0.009256820194423199
3.0 0.3361381  0.00201243 0.94915354 0.25829083 0.009177684783935547
33.0 0.        0.        1.        0.9022265 0.009165321476757526
5.0 0.18031007 0.         1.         0.7053466  0.00913541205227375
37.0 0.07839079 0.12236732 0.50393826 0.8972381  0.008994592353701591
29.0 0.21574363 0.37570518 0.8777969  0.8853813  0.008967917412519455
12.0 0.04406166 0.         1.         0.8115765  0.008870592340826988
0.0 0.11504698 0.12873816 0.7854415  0.6488707  0.008863556198775768
