38.0 0.513379   0.16430967 0.69621944 0.3484738  0.7549194097518921
40.0 0.43596148 0.16347256 0.688161   0.3516337  0.37781286239624023
18.0 0.40603888 0.157138   0.7179227  0.3537898  0.30287662148475647
9.0 0.52167237 0.16550222 0.6969898  0.34898385 0.25811484456062317
17.0 0.52167237 0.16550222 0.6969898  0.34898385 0.13406336307525635
14.0 0.35328984 0.15574819 0.7230023  0.3741483  0.11587531119585037
38.0 0.39562815 0.15746263 0.7247148  0.3637477  0.11418968439102173
40.0 0.32562882 0.12909144 0.7783211  0.46408135 0.10293351858854294
7.0 0.40603888 0.157138   0.7179227  0.3537898  0.08647434413433075
40.0 0.42768732 0.46828622 0.7385255  0.809712   0.08620558679103851
1.0 0.32562882 0.12909144 0.7783211  0.46408135 0.08607208728790283
18.0 0.5288519  0.16400713 0.6945749  0.34662747 0.08382321894168854
9.0 0.39456707 0.15675484 0.7197086  0.35741687 0.0836828351020813
13.0 0.43596148 0.16347256 0.688161   0.3516337  0.07850252836942673
14.0 0.5288519  0.16400713 0.6945749  0.34662747 0.0700688585639
8.0 0.42768732 0.46828622 0.7385255  0.809712   0.06429103016853333
42.0 0.43596148 0.16347256 0.688161   0.3516337  0.06149190664291382
31.0 0.48418772 0.16502723 0.7017896  0.36441454 0.06125367805361748
0.0 0.43596148 0.16347256 0.688161   0.3516337  0.05641710013151169
36.0 0.43440607 0.4561469  0.7355298  0.8295072  0.05612155795097351
14.0 0.36197117 0.08096868 0.7672037  0.51537687 0.054584819823503494
10.0 0.32562882 0.12909144 0.7783211  0.46408135 0.051077768206596375
2.0 0.40603888 0.157138   0.7179227  0.3537898  0.04808911681175232
36.0 0.5216931  0.16276608 0.6997367  0.34732026 0.04590131342411041
27.0 0.43596148 0.16347256 0.688161   0.3516337  0.04475162923336029
40.0 0.53477305 0.17671277 0.67168814 0.33703756 0.044417209923267365
32.0 0.4298798  0.4758568  0.7279811  0.80447793 0.04354170337319374
20.0 0.4298798  0.4758568  0.7279811  0.80447793 0.04290075600147247
9.0 0.26245373 0.32658234 0.39586323 0.47121468 0.03884885832667351
20.0 0.43875414 0.16415155 0.6923751  0.3512724  0.038021065294742584
32.0 0.4094795  0.16118094 0.6963167  0.35195068 0.03736192360520363
40.0 0.43687624 0.07379797 0.83542293 0.55464506 0.03632155433297157
16.0 0.43875414 0.16415155 0.6923751  0.3512724  0.03629069775342941
13.0 0.32562882 0.12909144 0.7783211  0.46408135 0.03607027977705002
13.0 0.2627274  0.3197066  0.3954496  0.47378668 0.03501919284462929
15.0 0.35328984 0.15574819 0.7230023  0.3741483  0.034920983016490936
1.0 0.43604422 0.46714506 0.7044827  0.81484616 0.03302830085158348
40.0 0.34969229 0.08993226 0.73119265 0.33886573 0.03163651004433632
17.0 0.39456707 0.15675484 0.7197086  0.35741687 0.03158826008439064
38.0 0.32562882 0.12909144 0.7783211  0.46408135 0.03131166473031044
40.0 0.29361367 0.         0.8104602  0.659827   0.03109455294907093
1.0 0.36669534 0.10987404 0.7886991  0.75176203 0.03024931438267231
20.0 0.32562882 0.12909144 0.7783211  0.46408135 0.02802995964884758
40.0 0.4717887  0.19720893 0.64905757 0.32434326 0.027939055114984512
14.0 0.43604422 0.46714506 0.7044827  0.81484616 0.02789302170276642
23.0 0.31384358 0.14412233 0.78525984 0.44350186 0.027724673971533775
10.0 0.5197427  0.16056392 0.6926     0.3441759  0.027288852259516716
1.0 0.43596148 0.16347256 0.688161   0.3516337  0.026740489527583122
32.0 0.31384358 0.14412233 0.78525984 0.44350186 0.026506925001740456
25.0 0.5197427  0.16056392 0.6926     0.3441759  0.02636074461042881
7.0 0.31384358 0.14412233 0.78525984 0.44350186 0.024898728355765343
6.0 0.42768732 0.46828622 0.7385255  0.809712   0.024821417406201363
18.0 0.32562882 0.12909144 0.7783211  0.46408135 0.023645134642720222
28.0 0.36197117 0.08096868 0.7672037  0.51537687 0.02311958186328411
42.0 0.53477305 0.17671277 0.67168814 0.33703756 0.022959206253290176
8.0 0.43596148 0.16347256 0.688161   0.3516337  0.022823715582489967
29.0 0.36197117 0.08096868 0.7672037  0.51537687 0.022786542773246765
7.0 0.5288519  0.16400713 0.6945749  0.34662747 0.02271769940853119
40.0 0.39867675 0.17921725 0.5798491  0.34984282 0.022386565804481506
9.0 0.36197117 0.08096868 0.7672037  0.51537687 0.02081269957125187
9.0 0.43637377 0.4717605  0.691222   0.80342054 0.020699769258499146
2.0 0.5288519  0.16400713 0.6945749  0.34662747 0.019745830446481705
31.0 0.5355198  0.17472263 0.6710897  0.33356708 0.019051121547818184
42.0 0.36197117 0.08096868 0.7672037  0.51537687 0.0183656495064497
36.0 0.32903737 0.02338699 0.77939826 0.56250465 0.017686747014522552
6.0 0.43596148 0.16347256 0.688161   0.3516337  0.017450381070375443
20.0 0.3808622  0.14238489 0.7687998  0.71902233 0.017285436391830444
11.0 0.29361367 0.         0.8104602  0.659827   0.01722177304327488
40.0 0.3879014 0.3056892 0.7145258 0.7595482 0.016984466463327408
29.0 0.42681193 0.4865211  0.72335434 0.7717403  0.016984185203909874
24.0 0.35328984 0.15574819 0.7230023  0.3741483  0.016781343147158623
1.0 0.3503399  0.         0.7559992  0.39080554 0.015872808173298836
33.0 0.4094795  0.16118094 0.6963167  0.35195068 0.015814339742064476
35.0 0.39867675 0.17921725 0.5798491  0.34984282 0.01570458710193634
38.0 0.4717887  0.19720893 0.64905757 0.32434326 0.015605645254254341
9.0 0.5039324  0.17921934 0.625801   0.33388284 0.015559269115328789
25.0 0.74939585 0.48241717 1.         1.         0.015443145297467709
32.0 0.3808622  0.14238489 0.7687998  0.71902233 0.015308409929275513
2.0 0.36197117 0.08096868 0.7672037  0.51537687 0.015263723209500313
31.0 0.36197117 0.08096868 0.7672037  0.51537687 0.014658764004707336
11.0 0.35328984 0.15574819 0.7230023  0.3741483  0.013998393900692463
5.0 0.40603888 0.157138   0.7179227  0.3537898  0.013582451269030571
26.0 0.36197117 0.08096868 0.7672037  0.51537687 0.01357725728303194
35.0 0.4298798  0.4758568  0.7279811  0.80447793 0.013547910377383232
29.0 0.291961 0.       1.       1.       0.013413158245384693
37.0 0.36197117 0.08096868 0.7672037  0.51537687 0.013160847127437592
27.0 0.5432453  0.17163882 0.6829753  0.3360162  0.0131547125056386
1.0 0.2600218  0.         0.75225794 0.58180785 0.01310831680893898
38.0 0.43687624 0.07379797 0.83542293 0.55464506 0.01284242607653141
33.0 0.32562882 0.12909144 0.7783211  0.46408135 0.01274057012051344
15.0 0.5208087  0.16455573 0.6871376  0.35057837 0.012715665623545647
28.0 0.29361367 0.         0.8104602  0.659827   0.012674189172685146
35.0 0.48555443 0.15874577 0.7048465  0.35886294 0.012599924579262733
37.0 0.35328984 0.15574819 0.7230023  0.3741483  0.012573186308145523
40.0 0.31077647 0.02562043 0.9163234  0.39916304 0.012552052736282349
15.0 0.36197117 0.08096868 0.7672037  0.51537687 0.012421335093677044
10.0 0.291961 0.       1.       1.       0.012343654409050941
17.0 0.92196196 0.00203106 0.9966759  0.05395935 0.012235050089657307
35.0 0.36197117 0.08096868 0.7672037  0.51537687 0.012160778976976871
36.0 0.39723733 0.13961747 0.96073914 0.97684145 0.012029659003019333
