27.0 0.4333966 0.4028929 0.6801921 0.5956464 0.3637951910495758
9.0 0.43213108 0.4001704  0.6822673  0.5974847  0.3583044707775116
36.0 0.43213108 0.4001704  0.6822673  0.5974847  0.2841689884662628
17.0 0.43106365 0.39988166 0.6833676  0.5977655  0.22533337771892548
38.0 0.43558362 0.40289414 0.6908014  0.59770715 0.1733439862728119
40.0 0.42959052 0.40081355 0.6845766  0.5967325  0.12279210984706879
16.0 0.43558362 0.40289414 0.6908014  0.59770715 0.10988989472389221
8.0 0.43520725 0.39972046 0.6826873  0.5952482  0.10266126692295074
20.0 0.43260914 0.40062082 0.69268256 0.6010107  0.08375392109155655
21.0 0.39405242 0.26539412 0.77499056 0.8438722  0.06796914339065552
31.0 0.44558358 0.39041302 0.6910533  0.6059598  0.06266038119792938
42.0 0.43260914 0.40062082 0.69268256 0.6010107  0.04509435221552849
14.0 0.4335038 0.388084  0.6842405 0.6054513 0.03898996859788895
36.0 0.4404861  0.4225083  0.64308673 0.53783786 0.03723929077386856
2.0 0.43558362 0.40289414 0.6908014  0.59770715 0.03649675101041794
22.0 0.43339884 0.39944205 0.6787561  0.5980581  0.03636185824871063
25.0 0.41763157 0.32002395 0.75413626 0.7979128  0.03406432271003723
27.0 0.6133874  0.00370908 1.         0.3295592  0.0338120236992836
4.0 0.41763157 0.32002395 0.75413626 0.7979128  0.03192519024014473
32.0 0.4341076  0.4001353  0.68231446 0.5968086  0.030428588390350342
17.0 0.3915282  0.3770175  0.77454823 0.7464911  0.029977256432175636
18.0 0.43558362 0.40289414 0.6908014  0.59770715 0.027190780267119408
27.0 0.41679528 0.19984686 0.7408874  0.6982548  0.02482862025499344
8.0 0.41679528 0.19984686 0.7408874  0.6982548  0.0223593357950449
10.0 0.41763157 0.32002395 0.75413626 0.7979128  0.0217377208173275
15.0 0.43558362 0.40289414 0.6908014  0.59770715 0.021523790434002876
34.0 0.39405242 0.26539412 0.77499056 0.8438722  0.021206075325608253
6.0 0.43520725 0.39972046 0.6826873  0.5952482  0.020143117755651474
4.0 0.3551495  0.16644347 0.82551146 0.92778313 0.01917356438934803
39.0 0.41679528 0.19984686 0.7408874  0.6982548  0.018827809020876884
35.0 0.43659157 0.4044248  0.67864007 0.5916545  0.018565470352768898
7.0 0.43558362 0.40289414 0.6908014  0.59770715 0.018240567296743393
23.0 0.41679528 0.19984686 0.7408874  0.6982548  0.01757637970149517
17.0 0.4404861  0.4225083  0.64308673 0.53783786 0.01751607097685337
27.0 0.34615284 0.66959506 0.46320808 0.75299317 0.017168870195746422
16.0 0.41679528 0.19984686 0.7408874  0.6982548  0.01701275259256363
24.0 0.4658025  0.40389007 0.6820932  0.58290064 0.016202682629227638
29.0 0.43616125 0.40487263 0.67635053 0.5907569  0.015757648274302483
31.0 0.5184185  0.12540016 0.597166   0.22864196 0.015607863664627075
27.0 0.50969636 0.41550407 0.64157546 0.57120645 0.015277302823960781
21.0 0.01057036 0.50367177 0.30991137 1.         0.015165543183684349
10.0 0.43708813 0.4053349  0.68997025 0.5999984  0.015035973861813545
27.0 0.38997853 0.39694917 0.84664786 0.73865473 0.015035882592201233
25.0 0.4365965  0.34988067 0.66949594 0.61183774 0.014589568600058556
19.0 0.41679528 0.19984686 0.7408874  0.6982548  0.014156265184283257
31.0 0.80594295 0.7316175  0.84296244 0.8075766  0.014076109044253826
26.0 0.41763157 0.32002395 0.75413626 0.7979128  0.013893216848373413
9.0 0.41763157 0.32002395 0.75413626 0.7979128  0.013827526941895485
8.0 0.03810019 0.5918204  0.09826414 0.6397458  0.013722887262701988
8.0 0.52093893 0.41719365 0.65688604 0.5839503  0.013602390885353088
33.0 0.41679528 0.19984686 0.7408874  0.6982548  0.013332627713680267
30.0 0.39405242 0.26539412 0.77499056 0.8438722  0.013044637627899647
8.0 0.34615284 0.66959506 0.46320808 0.75299317 0.012785733677446842
39.0 0.43558362 0.40289414 0.6908014  0.59770715 0.012645740061998367
27.0 0.3384993 0.0058991 0.8284658 0.8608427 0.012582449242472649
20.0 0.41679528 0.19984686 0.7408874  0.6982548  0.012438010424375534
9.0 0.4404861  0.4225083  0.64308673 0.53783786 0.012314258143305779
1.0 0.43802983 0.3893479  0.67331856 0.6042323  0.012292088009417057
40.0 0.41679528 0.19984686 0.7408874  0.6982548  0.012273217551410198
35.0 0.5168893  0.16227287 0.5835746  0.21761891 0.012103920802474022
10.0 0.42281365 0.14597553 0.6823472  0.5966352  0.011897060088813305
27.0 0.4331112 0.0653494 1.        0.7976776 0.011705916374921799
22.0 0.39098394 0.27521625 0.76335466 0.64393544 0.0116751529276371
27.0 0. 0. 1. 1. 0.011668330989778042
36.0 0.52421147 0.4066675  0.6615624  0.5751366  0.011595438234508038
8.0 0.3384993 0.0058991 0.8284658 0.8608427 0.011476817540824413
28.0 0.39405242 0.26539412 0.77499056 0.8438722  0.011470293626189232
35.0 0.39098394 0.27521625 0.76335466 0.64393544 0.011446340940892696
17.0 0.3384993 0.0058991 0.8284658 0.8608427 0.011404938995838165
17.0 0.43950075 0.4089408  0.5680161  0.58270955 0.01136065274477005
8.0 0.3363635  0.821483   0.40548342 0.87726676 0.011345941573381424
20.0 0.34615284 0.66959506 0.46320808 0.75299317 0.011339764110744
39.0 0. 0. 1. 1. 0.011243161745369434
29.0 0.38569462 0.12241045 0.76007664 0.7468473  0.011201350949704647
11.0 0.44558358 0.39041302 0.6910533  0.6059598  0.01119603868573904
21.0 0.27301475 0.06680059 0.86464536 0.7961925  0.01118629239499569
33.0 0.4335038 0.388084  0.6842405 0.6054513 0.01116951648145914
31.0 0.41679528 0.19984686 0.7408874  0.6982548  0.011118898168206215
27.0 0.22229409 0.         0.96025956 1.         0.011021347716450691
39.0 0.22229409 0.         0.96025956 1.         0.011005030013620853
17.0 0.13616964 0.61140174 0.18199506 0.6542687  0.010998825542628765
16.0 0.1347236  0.6079054  0.18833405 0.6559962  0.010685577988624573
17.0 0.52421147 0.4066675  0.6615624  0.5751366  0.010601313784718513
32.0 0.41679528 0.19984686 0.7408874  0.6982548  0.010506674647331238
16.0 0.49027577 0.         1.         0.8708935  0.010365525260567665
3.0 0.3384993 0.0058991 0.8284658 0.8608427 0.010318906977772713
39.0 0.5696851 0.1301927 1.        1.        0.01029878482222557
8.0 0.4584276 0.4176283 0.6057293 0.580943  0.010253130458295345
10.0 0.3551495  0.16644347 0.82551146 0.92778313 0.010248079895973206
2.0 0.41679528 0.19984686 0.7408874  0.6982548  0.010079104453325272
3.0 0.43558362 0.40289414 0.6908014  0.59770715 0.010024222545325756
19.0 0.3551495  0.16644347 0.82551146 0.92778313 0.01002171915024519
25.0 0.45510525 0.16267377 0.82472366 0.7199525  0.010013372637331486
5.0 0.43597436 0.40579423 0.67621744 0.5871221  0.00999385491013527
13.0 0.43659157 0.4044248  0.67864007 0.5916545  0.009910646826028824
17.0 0.47117347 0.38685805 0.6679402  0.5024304  0.009802885353565216
20.0 0.03810019 0.5918204  0.09826414 0.6397458  0.009801293723285198
17.0 0.03810019 0.5918204  0.09826414 0.6397458  0.009763593785464764
27.0 0.7409881 0.        1.        0.345254  0.009749560616910458
12.0 0.41679528 0.19984686 0.7408874  0.6982548  0.009727038443088531
