10.0 0.0122254  0.2727629  0.31057757 1.         0.13897497951984406
10.0 0.01978415 0.14834851 0.69764537 1.         0.12396769225597382
20.0 0.0025138  0.14278057 0.8962556  0.99939084 0.07978694885969162
29.0 0.01082385 0.27528307 0.35289776 1.         0.07923496514558792
28.0 0.01271091 0.2727714  0.30757564 1.         0.06664355099201202
40.0 0.04102769 0.2735405  0.401333   1.         0.06226753070950508
10.0 0.00627488 0.         1.         1.         0.057863738387823105
28.0 0.04609346 0.06199858 0.68251747 0.98529196 0.0578279010951519
7.0 0.01429817 0.06528723 0.74325585 0.9773654  0.04908128082752228
1.0 0.02168289 0.28111583 0.47639924 1.         0.04898085072636604
27.0 0.00885367 0.         0.8770245  1.         0.047466110438108444
20.0 0.04102769 0.2735405  0.401333   1.         0.04690302163362503
29.0 0.         0.19421011 0.8431443  1.         0.046133048832416534
1.0 0.0025138  0.14278057 0.8962556  0.99939084 0.043719977140426636
41.0 0.01429817 0.06528723 0.74325585 0.9773654  0.04186582565307617
10.0 0.6186209  0.02960336 1.         0.9149166  0.03851138427853584
22.0 0.04609346 0.06199858 0.68251747 0.98529196 0.03394237160682678
40.0 0.        0.5040908 0.3087043 1.        0.032515741884708405
38.0 0.        0.5083751 0.4166853 0.997744  0.028153497725725174
10.0 0.         0.         0.8118909  0.75426626 0.027027038857340813
4.0 0.0122254  0.2727629  0.31057757 1.         0.02688983827829361
38.0 0.03668985 0.17127118 0.958423   1.         0.02688172273337841
6.0 0.02280608 0.10867447 0.86736226 1.         0.02616695500910282
7.0 0.04726148 0.         1.         1.         0.02614985965192318
14.0 0.01455903 0.         0.9455819  1.         0.02504263073205948
38.0 8.4432524e-01 1.8155575e-04 9.9890321e-01 8.4996104e-02 0.024795640259981155
21.0 0.01082385 0.27528307 0.35289776 1.         0.022817514836788177
0.0 0.6215191 0.7794803 1.        1.        0.02258816733956337
32.0 0.04102769 0.2735405  0.401333   1.         0.022559015080332756
27.0 0.04102769 0.2735405  0.401333   1.         0.022555243223905563
20.0 0.         0.5566177  0.47765523 0.99878305 0.0224443506449461
7.0 0.04632255 0.20528197 0.44689044 1.         0.02218967117369175
36.0 0.0426908  0.2619426  0.43254876 1.         0.0221671462059021
39.0 0.01082385 0.27528307 0.35289776 1.         0.02163306251168251
40.0 0.6186209  0.02960336 1.         0.9149166  0.02100677788257599
9.0 0.0122254  0.2727629  0.31057757 1.         0.02073398232460022
31.0 0.04102769 0.2735405  0.401333   1.         0.0204143226146698
42.0 0.00885367 0.         0.8770245  1.         0.02022159844636917
38.0 0.0122254  0.2727629  0.31057757 1.         0.02013082057237625
28.0 0.5145732 0.        1.        0.8971167 0.019997844472527504
36.0 0.00885367 0.         0.8770245  1.         0.019823990762233734
7.0 0.         0.00968212 0.47991228 0.4167898  0.019733769819140434
31.0 0.02094303 0.5399413  0.21294025 1.         0.01964631862938404
27.0 0.         0.5566177  0.47765523 0.99878305 0.019138112664222717
22.0 0. 0. 1. 1. 0.018873190507292747
14.0 0.         0.         0.5257502  0.33989516 0.018769918009638786
10.0 0.3083824  0.11502001 0.98507845 0.94169915 0.01853543147444725
42.0 0.04102769 0.2735405  0.401333   1.         0.018325146287679672
21.0 0.04609346 0.06199858 0.68251747 0.98529196 0.018204383552074432
25.0 0.01082385 0.27528307 0.35289776 1.         0.01790292002260685
31.0 0.7363862  0.54225504 0.7965435  0.61703813 0.017816241830587387
6.0 0.         0.37719485 0.387984   1.         0.01754656620323658
26.0 0.0122254  0.2727629  0.31057757 1.         0.017535192891955376
38.0 0.6101003  0.06291381 1.         0.95731354 0.017243342474102974
40.0 0.00854932 0.2909176  0.26206332 0.94214463 0.016448693349957466
14.0 0.04102769 0.2735405  0.401333   1.         0.0164212454110384
39.0 0.02280608 0.10867447 0.86736226 1.         0.016405249014496803
10.0 0.03657098 0.40415874 0.5144554  1.         0.016251124441623688
20.0 0. 0. 1. 1. 0.01596958562731743
29.0 0.        0.5217451 0.4494688 0.9785278 0.015902601182460785
9.0 0.6186209  0.02960336 1.         0.9149166  0.01559978723526001
41.0 0.01082385 0.27528307 0.35289776 1.         0.01549384742975235
10.0 0.04140766 0.12822795 0.40821755 0.90850127 0.015449822880327702
40.0 0.40416253 0.11232477 1.         1.         0.015179629437625408
26.0 0.04778773 0.12191868 0.6512919  1.         0.015110624022781849
11.0 0.01062739 0.         0.8936144  0.82103205 0.014749303460121155
27.0 0.15677154 0.         1.         0.86580914 0.014642910100519657
40.0 0.04609346 0.06199858 0.68251747 0.98529196 0.014616940170526505
40.0 0.         0.6545624  0.49141836 1.         0.014391262084245682
10.0 0.         0.24863166 0.4544506  1.         0.014154189266264439
14.0 0.04778773 0.12191868 0.6512919  1.         0.014142392203211784
3.0 0.         0.         0.6295713  0.24388522 0.014133179560303688
22.0 0.01082385 0.27528307 0.35289776 1.         0.014026181772351265
9.0 0.        0.5083751 0.4166853 0.997744  0.013662360608577728
3.0 0.04609346 0.06199858 0.68251747 0.98529196 0.013644092716276646
3.0 0.00570001 0.00224959 0.18402275 0.10252252 0.013340636156499386
20.0 0.08001624 0.12328276 0.5131964  0.9144573  0.013302985578775406
41.0 0.         0.00220583 0.68432224 0.29277605 0.012989886105060577
34.0 0.0122254  0.2727629  0.31057757 1.         0.012852235697209835
16.0 0.01082385 0.27528307 0.35289776 1.         0.012729644775390625
27.0 0. 0. 1. 1. 0.012540077790617943
32.0 0.00885367 0.         0.8770245  1.         0.012447508051991463
20.0 0.         0.00139016 0.61907494 0.3086067  0.01243639923632145
10.0 0.         0.00139016 0.61907494 0.3086067  0.01232528779655695
1.0 0.6186209  0.02960336 1.         0.9149166  0.01228061318397522
20.0 0.0000000e+00 4.9233437e-04 6.1423790e-01 1.0000000e+00 0.012271015904843807
11.0 0.         0.00139016 0.61907494 0.3086067  0.012193253263831139
13.0 0.01868087 0.33738884 0.42707434 1.         0.012188189662992954
7.0 0.         0.11561014 0.3472902  0.572681   0.012167361564934254
12.0 0.0406858  0.1612548  0.56484497 1.         0.01214195229113102
30.0 0.0122254  0.2727629  0.31057757 1.         0.011828938499093056
38.0 0.4415967 0.7369628 0.9615411 1.        0.011793481186032295
33.0 0.04102769 0.2735405  0.401333   1.         0.011713911779224873
17.0 0.02094303 0.5399413  0.21294025 1.         0.0115009481087327
1.0 0.0234483  0.3815031  0.28376436 1.         0.0114562613889575
41.0 0. 0. 1. 1. 0.011448434554040432
9.0 0.01706861 0.5114185  0.2381468  1.         0.011365093290805817
10.0 0.         0.         1.         0.94449687 0.011339320801198483
8.0 0.04102769 0.2735405  0.401333   1.         0.011337481439113617
10.0 0.         0.         0.73759925 1.         0.01126206386834383
