9.0 0.5846311 0.4350965 1.        1.        0.810163140296936
1.0 0.31284732 0.14650947 0.99428266 1.         0.49700868129730225
6.0 0.31284732 0.14650947 0.99428266 1.         0.3155616521835327
20.0 0.3028522 0.1493479 0.9923597 1.        0.2506699562072754
9.0 0.46425152 0.10835344 0.9851278  1.         0.18604592978954315
6.0 0.5846311 0.4350965 1.        1.        0.1779155731201172
40.0 0.5783106  0.38584545 1.         1.         0.13180935382843018
10.0 0.2938829  0.09969851 1.         1.         0.12827160954475403
9.0 0.6105093  0.64399207 0.9374609  0.97240686 0.11917700618505478
13.0 0.54505736 0.2146698  0.9957703  1.         0.10876519978046417
8.0 0.45256254 0.15028468 0.98070025 1.         0.10415823012590408
28.0 0.19594869 0.13669387 1.         0.99778116 0.09086036682128906
36.0 0.42045808 0.12491542 0.9710473  1.         0.08887378871440887
17.0 0.5978106 0.5247964 0.9957974 1.        0.07498203217983246
14.0 0.2972505  0.07612696 1.         1.         0.07450372725725174
29.0 0.2938829  0.09969851 1.         1.         0.07376089692115784
22.0 0.42045808 0.12491542 0.9710473  1.         0.07257501035928726
17.0 0.50458324 0.15862957 0.9825728  1.         0.06871528178453445
12.0 0.29427004 0.11822262 0.9761907  1.         0.06692580133676529
3.0 0.42045808 0.12491542 0.9710473  1.         0.06687530875205994
1.0 0.5783106  0.38584545 1.         1.         0.0631958544254303
11.0 0.19594869 0.13669387 1.         0.99778116 0.06034240499138832
10.0 0.59378695 0.29724815 0.9806255  1.         0.05204571783542633
26.0 0.19594869 0.13669387 1.         0.99778116 0.05025741830468178
7.0 0.1952388  0.1724064  0.98937047 0.9639342  0.045437682420015335
6.0 0.45725542 0.37264588 1.         1.         0.04378058388829231
6.0 0.54923105 0.24681216 1.         0.8614196  0.042962804436683655
14.0 0.5878912  0.36258367 0.99390805 1.         0.03994572535157204
38.0 0.5783106  0.38584545 1.         1.         0.03978285193443298
21.0 0.29427004 0.11822262 0.9761907  1.         0.037589725106954575
40.0 0.2972505  0.07612696 1.         1.         0.03683227300643921
41.0 0.17263252 0.17205703 0.99821967 0.92355573 0.03599506989121437
1.0 0.20615238 0.         1.         1.         0.03519021347165108
20.0 0.59378695 0.29724815 0.9806255  1.         0.034444570541381836
9.0 0.59871376 0.5848097  0.8072618  1.         0.030252784490585327
18.0 0.58750826 0.41077125 0.9981914  1.         0.030248600989580154
36.0 0.58750826 0.41077125 0.9981914  1.         0.029773080721497536
42.0 0.2972505  0.07612696 1.         1.         0.029584651812911034
33.0 0.3965584  0.14400181 1.         1.         0.029203061014413834
13.0 0.6001909  0.55572903 0.99997056 0.9997597  0.0285954587161541
10.0 0.10347724 0.0206573  1.         1.         0.02813717909157276
38.0 0.2972505  0.07612696 1.         1.         0.027963293716311455
14.0 0.46125638 0.19825625 1.         0.9318255  0.02763887494802475
34.0 0.19594869 0.13669387 1.         0.99778116 0.026939578354358673
1.0 0.3173678 0.3496151 1.        1.        0.026106158271431923
42.0 0.56491876 0.22020245 0.9801841  0.9875057  0.025773726403713226
32.0 0.3095077  0.11000448 1.         1.         0.025658853352069855
27.0 0.2972505  0.07612696 1.         1.         0.025138745084404945
29.0 0.59378695 0.29724815 0.9806255  1.         0.025065703317523003
2.0 0.56491876 0.22020245 0.9801841  0.9875057  0.0247842688113451
40.0 0.46125638 0.19825625 1.         0.9318255  0.024587789550423622
9.0 0.6390346  0.46737045 0.86282134 0.9813711  0.024329494684934616
39.0 0.3095077  0.11000448 1.         1.         0.024323944002389908
28.0 0.56491876 0.22020245 0.9801841  0.9875057  0.02393043413758278
31.0 0.50458324 0.15862957 0.9825728  1.         0.023794811218976974
37.0 0.19594869 0.13669387 1.         0.99778116 0.023672129958868027
0.0 0.05044568 0.66152734 0.49569917 1.         0.02359073795378208
14.0 0.17161441 0.         1.         1.         0.02337425947189331
9.0 0.7648455  0.5474746  0.98753536 0.9740714  0.02337067760527134
20.0 0.18125412 0.         1.         0.90564287 0.023141689598560333
6.0 0.29867637 0.11584365 1.         1.         0.021538343280553818
22.0 0.5878912  0.36258367 0.99390805 1.         0.020393382757902145
1.0 0.3210806  0.26696566 0.5244043  0.67228603 0.02008117362856865
19.0 0.50458324 0.15862957 0.9825728  1.         0.020073486492037773
4.0 0.26584968 0.14429235 0.94160426 0.64560723 0.019784895703196526
18.0 0.2972505  0.07612696 1.         1.         0.01910722814500332
8.0 0.22212154 0.         1.         1.         0.01870211958885193
23.0 0.17263252 0.17205703 0.99821967 0.92355573 0.01857607252895832
28.0 0.2667889  0.2476853  0.90831417 0.70055175 0.01838894747197628
28.0 0.03458819 0.35208592 0.2657326  1.         0.018237443640828133
1.0 0.2667889  0.2476853  0.90831417 0.70055175 0.017672039568424225
8.0 0.5846311 0.4350965 1.        1.        0.017386823892593384
4.0 0.6074841  0.29598632 0.98190594 0.999154   0.017384476959705353
6.0 0.67536765 0.64781976 1.         0.9874549  0.01717294193804264
9.0 0.54923105 0.24681216 1.         0.8614196  0.016841376200318336
9.0 0.70177317 0.803144   0.99572957 0.9997351  0.01671639271080494
9.0 0.7314791 0.7016733 1.        0.964006  0.016705557703971863
1.0 0.13629782 0.13859281 0.735901   0.93307173 0.01666313409805298
4.0 0.31838244 0.15481296 1.         1.         0.016300810500979424
29.0 0.05946946 0.         1.         1.         0.015967929735779762
14.0 0.3173678 0.3496151 1.        1.        0.015889158472418785
9.0 0.4061605  0.38082176 0.9439566  0.9036233  0.01582344062626362
28.0 0.396053   0.22820249 1.         1.         0.01575852930545807
29.0 0.3173678 0.3496151 1.        1.        0.01564432494342327
9.0 0.45816037 0.7015501  0.99331665 1.         0.015497361309826374
36.0 0.10359773 0.         1.         1.         0.015329391695559025
20.0 0.2667889  0.2476853  0.90831417 0.70055175 0.01524388138204813
12.0 0.6074841  0.29598632 0.98190594 0.999154   0.015031173825263977
1.0 0.5692358  0.12893423 1.         0.8830668  0.014537573792040348
42.0 0.10359773 0.         1.         1.         0.014526382088661194
30.0 0.17263252 0.17205703 0.99821967 0.92355573 0.014081417582929134
33.0 0.6074841  0.29598632 0.98190594 0.999154   0.013836945407092571
41.0 0.29867637 0.11584365 1.         1.         0.01375215407460928
10.0 0.36741182 0.293299   0.95865774 0.8440926  0.01373385637998581
11.0 0.2667889  0.2476853  0.90831417 0.70055175 0.013700922951102257
38.0 0.46125638 0.19825625 1.         0.9318255  0.013698280788958073
17.0 0.59871376 0.5848097  0.8072618  1.         0.013689580373466015
24.0 0.17600486 0.13906223 1.         0.9706517  0.013646543025970459
7.0 0.29867637 0.11584365 1.         1.         0.01353421714156866
34.0 0.03119525 0.28205657 0.2558086  0.9994757  0.013167128898203373
