9.0 0.52140284 0.0652353  0.8306438  0.25975233 0.5667765736579895
36.0 0.5178698  0.06636863 0.8270274  0.25958723 0.49869978427886963
14.0 0.5167182  0.06433308 0.8361705  0.2627191  0.4714798927307129
18.0 0.00553832 0.18926191 0.135331   0.27443415 0.2704732120037079
42.0 0.52140284 0.0652353  0.8306438  0.25975233 0.24867406487464905
3.0 0.52079064 0.07121886 0.8223831  0.2600195  0.1630709320306778
13.0 0.00553832 0.18926191 0.135331   0.27443415 0.13852325081825256
20.0 0.52779627 0.44211373 0.6974275  0.5573332  0.12752564251422882
18.0 0.11648387 0.49794123 0.18538365 0.53597224 0.10164052248001099
8.0 0.5297512 0.4475913 0.6901988 0.5471016 0.09905547648668289
18.0 0.5167182  0.06433308 0.8361705  0.2627191  0.09555766731500626
20.0 0.52079064 0.07121886 0.8223831  0.2600195  0.09425994753837585
36.0 0.4833781  0.01952779 0.9020441  0.35031894 0.07998474687337875
22.0 0.52079064 0.07121886 0.8223831  0.2600195  0.07758526504039764
9.0 0.11648387 0.49794123 0.18538365 0.53597224 0.07303456217050552
36.0 0.5297802  0.44001776 0.6978294  0.55714446 0.06642014533281326
14.0 0.4833781  0.01952779 0.9020441  0.35031894 0.0644410029053688
9.0 0.4833781  0.01952779 0.9020441  0.35031894 0.06387165188789368
32.0 0.5273582  0.44039607 0.69863915 0.5582421  0.0603354275226593
40.0 0.00123818 0.         0.15143105 0.28834373 0.05963408946990967
14.0 0.00110904 0.18728268 0.13542181 0.27365103 0.056473203003406525
42.0 0.4833781  0.01952779 0.9020441  0.35031894 0.05308812856674194
38.0 0.52140284 0.0652353  0.8306438  0.25975233 0.052058327943086624
6.0 0.52106327 0.06627431 0.81808835 0.26027915 0.04613470658659935
10.0 0.4833781  0.01952779 0.9020441  0.35031894 0.04384076967835426
18.0 0.00403964 0.10095593 0.14682451 0.2748633  0.042372435331344604
2.0 0.11583994 0.49659902 0.18751064 0.5372661  0.04101128876209259
17.0 0.52140284 0.0652353  0.8306438  0.25975233 0.03706767037510872
10.0 0.5054221  0.00572699 0.9160409  0.6685503  0.03705863654613495
22.0 0.4833781  0.01952779 0.9020441  0.35031894 0.03472164645791054
17.0 0.4833781  0.01952779 0.9020441  0.35031894 0.03414376080036163
13.0 0.00403964 0.10095593 0.14682451 0.2748633  0.03336823359131813
38.0 0.4833781  0.01952779 0.9020441  0.35031894 0.03319799154996872
27.0 0.53095686 0.4429555  0.69535244 0.5561365  0.03271788731217384
0.0 0.00854403 0.19363569 0.13514781 0.27229744 0.031160226091742516
13.0 0.11575435 0.49205402 0.18937854 0.5428542  0.03042040392756462
39.0 0.53095686 0.4429555  0.69535244 0.5561365  0.029421117156744003
27.0 0.52774227 0.04088283 0.89816666 0.6187456  0.02933335117995739
40.0 0.00553832 0.18926191 0.135331   0.27443415 0.029260555282235146
1.0 0.00553832 0.18926191 0.135331   0.27443415 0.02755160629749298
20.0 0.47320068 0.02605242 0.90785086 0.32172567 0.026923608034849167
9.0 0.00611955 0.18823622 0.13589029 0.27333862 0.02626851759850979
6.0 0.4693489  0.         0.9285358  0.29219514 0.025882449001073837
4.0 0.5080726 0.        0.8901292 0.4182355 0.02455257996916771
36.0 0.54299825 0.10124084 0.7912268  0.2126933  0.024528564885258675
40.0 0.4833781  0.01952779 0.9020441  0.35031894 0.024190539494156837
0.0 0.00666212 0.12832883 0.14494652 0.27262706 0.023541394621133804
21.0 0.47880974 0.         0.90782726 0.4766572  0.02346048131585121
3.0 0.4693489  0.         0.9285358  0.29219514 0.02328486368060112
15.0 0.5278305 0.4409517 0.701545  0.5570569 0.023025119677186012
22.0 0.5280168  0.4470258  0.69030535 0.54556674 0.022171054035425186
38.0 0.00339481 0.19112371 0.13548964 0.27365148 0.021634727716445923
9.0 0.11608791 0.49358892 0.1879783  0.57501066 0.021577106788754463
10.0 0.52109146 0.06564888 0.82524145 0.2556683  0.02114647999405861
17.0 0.11648387 0.49794123 0.18538365 0.53597224 0.0211165864020586
29.0 0.52079064 0.07121886 0.8223831  0.2600195  0.02081233821809292
32.0 0.52449346 0.0711752  0.82966924 0.24771038 0.02047288976609707
22.0 0.00746071 0.         1.         1.         0.020463379099965096
11.0 0.00553832 0.18926191 0.135331   0.27443415 0.019949600100517273
1.0 0.5080726 0.        0.8901292 0.4182355 0.0199226476252079
38.0 0.7365284 0.8547286 0.9961165 1.        0.01961246319115162
40.0 0.52140284 0.0652353  0.8306438  0.25975233 0.019406113773584366
28.0 0.47880974 0.         0.90782726 0.4766572  0.01926484890282154
18.0 0.02374148 0.2197696  0.12413185 0.26978448 0.019215073436498642
27.0 0.4833781  0.01952779 0.9020441  0.35031894 0.01896732859313488
14.0 0.55967414 0.09005328 0.81219745 0.21122144 0.018588585779070854
18.0 0.11172144 0.49250904 0.1936418  0.57704735 0.018320051953196526
16.0 0.52859885 0.44070745 0.7026318  0.55948186 0.01808561384677887
5.0 0.53095686 0.4429555  0.69535244 0.5561365  0.017916908487677574
18.0 0.0183891  0.0498137  0.17735401 0.35936475 0.017683707177639008
9.0 0.52774227 0.04088283 0.89816666 0.6187456  0.01766604743897915
40.0 0.00221573 0.08837041 0.19307487 0.32236573 0.017617201432585716
40.0 0.0129962  0.10222753 0.13902533 0.2762563  0.017290564253926277
14.0 0.0129962  0.10222753 0.13902533 0.2762563  0.0172737929970026
14.0 0.38672885 0.         1.         0.30023503 0.017170583829283714
1.0 0.00247337 0.035137   0.19035442 0.2879818  0.017064662650227547
7.0 0.52140284 0.0652353  0.8306438  0.25975233 0.017002228647470474
0.0 0.00123818 0.         0.15143105 0.28834373 0.01683802157640457
40.0 0.         0.         0.21607777 0.43222347 0.016730546951293945
14.0 0.47415698 0.         0.8564764  0.23861288 0.015944570302963257
34.0 0.52048945 0.06954155 0.8252771  0.2571209  0.015580970793962479
30.0 0.5312034  0.07910663 0.8133967  0.24845153 0.015484058298170567
11.0 0.47320068 0.02605242 0.90785086 0.32172567 0.015221078880131245
4.0 0.52347183 0.06862023 0.8242978  0.25756013 0.01502974797040224
33.0 0.5080726 0.        0.8901292 0.4182355 0.015006260015070438
25.0 0.52774227 0.04088283 0.89816666 0.6187456  0.014887211844325066
24.0 0.5066396 0.8277494 0.6937902 0.8798388 0.014874706044793129
2.0 0.5167182  0.06433308 0.8361705  0.2627191  0.01480847131460905
36.0 0.54746467 0.46841028 0.67026585 0.5249141  0.01474121306091547
7.0 0.53095686 0.4429555  0.69535244 0.5561365  0.014731830917298794
9.0 0.09517966 0.4001693  0.20164089 0.5888372  0.014651631005108356
11.0 0.53617376 0.05993025 0.80510396 0.27472717 0.014428447932004929
17.0 0.52774227 0.04088283 0.89816666 0.6187456  0.014317885972559452
27.0 0.5700388  0.37738037 1.         0.8668387  0.014295311644673347
8.0 0.5080726 0.        0.8901292 0.4182355 0.014226148836314678
18.0 0.03768359 0.19690378 0.1079368  0.264035   0.014208459295332432
41.0 0.52079064 0.07121886 0.8223831  0.2600195  0.01414469163864851
42.0 0.52774227 0.04088283 0.89816666 0.6187456  0.014058650471270084
24.0 0.52449346 0.0711752  0.82966924 0.24771038 0.01397288590669632
24.0 0.5532197  0.8422974  0.7440872  0.89539963 0.013882344588637352
