0.0 0.11916807 0.22112739 0.3351476  0.46312124 0.35792076587677
18.0 0.11916807 0.22112739 0.3351476  0.46312124 0.23187994956970215
0.0 0.101255   0.28994232 0.3324131  0.55871016 0.21888156235218048
23.0 0.6529609  0.21100509 0.8228346  0.3092265  0.1971217542886734
13.0 0.11916807 0.22112739 0.3351476  0.46312124 0.16301269829273224
26.0 0.127702   0.41688114 0.8765137  1.         0.13182634115219116
32.0 0.6529609  0.21100509 0.8228346  0.3092265  0.12637557089328766
18.0 0.12684947 0.33315453 0.26285458 0.42262456 0.10902877151966095
23.0 0.1637828  0.73987156 0.80930114 0.9967428  0.10132647305727005
11.0 0.1884701 0.7106118 0.8501712 1.        0.09950387477874756
37.0 0.11916807 0.22112739 0.3351476  0.46312124 0.09840063750743866
37.0 0.1884701 0.7106118 0.8501712 1.        0.09279008209705353
26.0 0.19893718 0.6904193  0.84496355 1.         0.09133116155862808
1.0 0.11916807 0.22112739 0.3351476  0.46312124 0.0856807678937912
19.0 0.64469016 0.20935209 0.82124925 0.30987266 0.08483479171991348
35.0 0.656343   0.21142879 0.82144916 0.30801907 0.08095348626375198
37.0 0.101255   0.28994232 0.3324131  0.55871016 0.07691986858844757
14.0 0.11957299 0.20622161 0.33293915 0.44299915 0.07051645219326019
18.0 0.12991491 0.29495063 0.30458638 0.4136552  0.06909523159265518
33.0 0.656343   0.21142879 0.82144916 0.30801907 0.06882534921169281
7.0 0.11916807 0.22112739 0.3351476  0.46312124 0.05994800478219986
24.0 0.64469016 0.20935209 0.82124925 0.30987266 0.051478222012519836
40.0 0.11916807 0.22112739 0.3351476  0.46312124 0.050608161836862564
11.0 0.11916807 0.22112739 0.3351476  0.46312124 0.0502471961081028
26.0 0.09533593 0.13292024 0.8633715  0.82617605 0.048535823822021484
23.0 0.22950912 0.6142417  0.7425673  1.         0.045656949281692505
1.0 0.08702487 0.10094249 0.69759995 0.6281573  0.0444844551384449
28.0 0.11740391 0.20303836 0.33164656 0.52674425 0.04406861960887909
18.0 0.101255   0.28994232 0.3324131  0.55871016 0.04130184277892113
0.0 0.08083847 0.40206397 0.34048072 0.6008054  0.03869566321372986
1.0 0.1024822  0.08377752 0.35665137 0.5002824  0.03854306414723396
1.0 0.17000422 0.62883824 0.8498957  1.         0.037959933280944824
0.0 0.13957724 0.32652155 0.31243178 0.42851433 0.036608655005693436
40.0 0.3614307  0.30089575 0.52554685 0.46556777 0.03631345182657242
11.0 0.101255   0.28994232 0.3324131  0.55871016 0.03586680814623833
13.0 0.6554087  0.21272554 0.8076429  0.30389714 0.03572562336921692
4.0 0.16364315 0.69311804 0.84279597 0.99690515 0.03355618566274643
33.0 0.19893718 0.6904193  0.84496355 1.         0.033534660935401917
23.0 0.57101923 0.19122505 0.84284884 0.35112488 0.03326132148504257
1.0 0.10019606 0.23926893 0.8735459  0.9116496  0.03263097628951073
23.0 0.6413366  0.2227962  0.78338736 0.2876522  0.03241456672549248
23.0 0.11916807 0.22112739 0.3351476  0.46312124 0.03224419429898262
1.0 0.656343   0.21142879 0.82144916 0.30801907 0.03193823993206024
13.0 0.18165642 0.74718463 0.81385773 0.9877242  0.0311286561191082
24.0 0.13842486 0.20837685 0.3486635  0.355027   0.03090120479464531
24.0 0.17000422 0.62883824 0.8498957  1.         0.03083384595811367
13.0 0.101255   0.28994232 0.3324131  0.55871016 0.03066888451576233
13.0 0.12684947 0.33315453 0.26285458 0.42262456 0.030663883313536644
28.0 0.        0.        0.8900435 0.9419135 0.030624670907855034
11.0 0.10076845 0.17083952 0.67809063 0.5143881  0.02999454364180565
37.0 0.14649007 0.4643086  0.87228346 0.9984288  0.02932838909327984
23.0 0.14649007 0.4643086  0.87228346 0.9984288  0.029050594195723534
37.0 0.08083847 0.40206397 0.34048072 0.6008054  0.029033800587058067
11.0 0.06769148 0.20441802 0.79207087 0.695211   0.027972854673862457
26.0 0.10804322 0.20157056 0.64819896 0.68104196 0.02762526273727417
40.0 0.656343   0.21142879 0.82144916 0.30801907 0.02723678946495056
35.0 0.6716082  0.2294865  0.7887355  0.28624955 0.026569627225399017
23.0 0.68159866 0.21433789 0.7672008  0.3035226  0.02648657001554966
41.0 0.12502187 0.21513747 0.32639605 0.5119031  0.02611258439719677
24.0 0.10316201 0.16556312 0.34522834 0.5529479  0.025522390380501747
28.0 0.10804322 0.20157056 0.64819896 0.68104196 0.02457348071038723
11.0 0.14928985 0.21601613 0.33171833 0.32520604 0.024423634633421898
7.0 0.101255   0.28994232 0.3324131  0.55871016 0.024269085377454758
42.0 0.12735328 0.19983755 0.33069384 0.4869172  0.02408784069120884
34.0 0.28768674 0.62141633 0.80077314 1.         0.02317291684448719
4.0 0.11740391 0.20303836 0.33164656 0.52674425 0.023049965500831604
4.0 0.6490799  0.21136962 0.81843126 0.3063995  0.022967133671045303
10.0 0.11217927 0.23511827 0.33873427 0.44477963 0.02276422455906868
15.0 0.12735328 0.19983755 0.33069384 0.4869172  0.022230049595236778
18.0 0.14153816 0.3681202  0.2446516  0.41587883 0.02218460664153099
37.0 0.656343   0.21142879 0.82144916 0.30801907 0.02169288508594036
11.0 0.64469016 0.20935209 0.82124925 0.30987266 0.021466093137860298
11.0 0.14170313 0.50486565 0.8334587  0.9729222  0.02132037840783596
1.0 0.60123885 0.18694301 0.83965325 0.3697346  0.020478297024965286
1.0 0.101255   0.28994232 0.3324131  0.55871016 0.020460622385144234
6.0 0.6654964  0.21214953 0.82436186 0.31315663 0.02037077583372593
0.0 0.13092302 0.3423219  0.25670612 0.4177169  0.02033327892422676
38.0 0.10316201 0.16556312 0.34522834 0.5529479  0.019860723987221718
23.0 0.4757473  0.78215414 0.5757347  0.83212537 0.0197877399623394
23.0 0.10076845 0.17083952 0.67809063 0.5143881  0.019560113549232483
2.0 0.12735328 0.19983755 0.33069384 0.4869172  0.019300485029816628
26.0 0.64469016 0.20935209 0.82124925 0.30987266 0.019232919439673424
10.0 0.01625293 0.09266278 0.8180393  0.62942314 0.019220123067498207
23.0 0.4499594  0.69347084 0.75704443 1.         0.019096549600362778
23.0 0.11978602 0.465991   0.23772427 0.547229   0.019061114639043808
1.0 0.07631537 0.16462502 0.523219   0.49702248 0.01855393499135971
38.0 0.12684947 0.33315453 0.26285458 0.42262456 0.018044842407107353
34.0 0.14649007 0.4643086  0.87228346 0.9984288  0.01793074980378151
32.0 0.3614307  0.30089575 0.52554685 0.46556777 0.017891017720103264
23.0 0.2848015 0.7063108 0.6474289 1.        0.017466822639107704
37.0 0.         0.3769817  0.97664523 1.         0.01742437668144703
10.0 0.10076845 0.17083952 0.67809063 0.5143881  0.017264245077967644
37.0 0.10804322 0.20157056 0.64819896 0.68104196 0.017205124720931053
11.0 0.09940459 0.18810374 0.34994495 0.36921775 0.017144186422228813
28.0 0.14649007 0.4643086  0.87228346 0.9984288  0.017073150724172592
32.0 0.60123885 0.18694301 0.83965325 0.3697346  0.016827059909701347
4.0 0.10229397 0.2462527  0.7142588  0.62711614 0.01680310256779194
9.0 0.12326558 0.18669596 0.33416027 0.5017055  0.016592243686318398
35.0 0.12735328 0.19983755 0.33069384 0.4869172  0.016566557809710503
24.0 0.05709165 0.4192901  0.324964   0.58651876 0.016330106183886528
