0.0 0.2007955  0.10690707 1.         0.8768632  0.4330423176288605
0.0 0.33631906 0.36378205 0.9824928  0.8194264  0.2399325966835022
12.0 0.1704571  0.1588081  0.51249576 0.53196216 0.2174440324306488
18.0 0.18102124 0.09978583 0.99542165 0.84739065 0.146081805229187
7.0 0.1744965  0.12019533 0.99677765 0.83553857 0.12024475634098053
37.0 0.2007955  0.10690707 1.         0.8768632  0.11598840355873108
31.0 0.7159517  0.17652088 1.         0.86052734 0.11424824595451355
0.0 0.5536885  0.16753829 0.9760699  0.8478842  0.10103683173656464
18.0 0.33631906 0.36378205 0.9824928  0.8194264  0.09732720255851746
12.0 0.1665436  0.11851332 0.99337566 0.81830406 0.09331425279378891
5.0 0.19871867 0.0627563  1.         0.8983174  0.07063016295433044
17.0 0.6370897  0.17623863 0.9827604  0.85083187 0.06326045095920563
25.0 0.6370897  0.17623863 0.9827604  0.85083187 0.062266308814287186
0.0 0.65773475 0.31483683 1.         0.75368214 0.05754987522959709
41.0 0.20422888 0.13072622 0.9931493  0.868081   0.04875090345740318
0.0 0.3507188  0.54592365 0.982464   0.90669626 0.04541069269180298
3.0 0.17181742 0.15018874 0.5078704  0.5368394  0.04476608708500862
34.0 0.17612627 0.1255899  1.         0.9072892  0.04387238249182701
28.0 0.20954338 0.10516006 1.         0.9415781  0.04301817715167999
26.0 0.17313719 0.11848021 0.982025   0.7908154  0.042542096227407455
12.0 0.1832034  0.14954674 0.6847621  0.6752007  0.041323430836200714
17.0 0.368044  0.0402315 0.9884151 0.9280195 0.03840308636426926
3.0 0.1744965  0.12019533 0.99677765 0.83553857 0.038172077387571335
20.0 0.17781973 0.1443805  0.88035786 0.6218865  0.03814154490828514
16.0 0.6370897  0.17623863 0.9827604  0.85083187 0.03794553503394127
42.0 0.17237672 0.11323315 1.         0.84390396 0.03762633726000786
38.0 0.24661806 0.09494394 1.         0.8623924  0.03752775862812996
0.0 0.34041703 0.2209836  1.         1.         0.03686026483774185
13.0 0.7159517  0.17652088 1.         0.86052734 0.03504955396056175
0.0 0.7636814  0.26696515 0.9857484  0.8297787  0.035040877759456635
15.0 0.2007955  0.10690707 1.         0.8768632  0.03458503633737564
2.0 0.44819272 0.10298568 0.97617173 0.8872868  0.03395658731460571
10.0 0.17781526 0.11582139 1.         0.8636826  0.033253125846385956
2.0 0.68174297 0.2294144  1.         0.81276196 0.030511414632201195
26.0 0.1832034  0.14954674 0.6847621  0.6752007  0.02993115782737732
33.0 0.17313719 0.11848021 0.982025   0.7908154  0.029782718047499657
18.0 0.68174297 0.2294144  1.         0.81276196 0.02937878854572773
38.0 0.6897934  0.15253398 1.         0.7484082  0.026799609884619713
24.0 0.2007955  0.10690707 1.         0.8768632  0.0258549302816391
20.0 0.17535272 0.14252393 0.51140237 0.5462627  0.02560196816921234
17.0 0.66029066 0.12215388 1.         0.5692319  0.025424707680940628
30.0 0.68174297 0.2294144  1.         0.81276196 0.02524329349398613
4.0 0.17781973 0.1443805  0.88035786 0.6218865  0.025143707171082497
31.0 0.25148663 0.15661216 1.         0.84600854 0.023901518434286118
11.0 0.17313719 0.11848021 0.982025   0.7908154  0.023713190108537674
21.0 0.16265956 0.11871496 0.9455924  0.71776414 0.023505138233304024
42.0 0.56584734 0.13815734 0.9900841  0.8488771  0.02264825999736786
7.0 0.5536885  0.16753829 0.9760699  0.8478842  0.02191239595413208
9.0 0.6897934  0.15253398 1.         0.7484082  0.021373972296714783
20.0 0.17657754 0.         1.         0.80142987 0.02128993347287178
31.0 0.5979467 0.1581532 1.        0.7264838 0.02126617170870304
17.0 0.75211644 0.03590974 1.         0.73859584 0.021188953891396523
38.0 0.81551135 0.7135945  1.         0.8146253  0.021067460998892784
7.0 0.20645446 0.         1.         0.6593776  0.02061660774052143
39.0 0.16265956 0.11871496 0.9455924  0.71776414 0.019921548664569855
35.0 0.7159517  0.17652088 1.         0.86052734 0.019887752830982208
2.0 0.66029066 0.12215388 1.         0.5692319  0.019718684256076813
4.0 0.4541706  0.09763911 0.9736694  0.8723309  0.0195767842233181
29.0 0.20422888 0.13072622 0.9931493  0.868081   0.019512655213475227
41.0 0.20645446 0.         1.         0.6593776  0.01950048841536045
37.0 0.         0.30741057 1.         1.         0.019447488710284233
31.0 0.8077591  0.36536652 0.9824731  0.8357884  0.019301531836390495
3.0 0.1832034  0.14954674 0.6847621  0.6752007  0.019191784784197807
6.0 0.1704571  0.1588081  0.51249576 0.53196216 0.019054189324378967
40.0 0.20954338 0.10516006 1.         0.9415781  0.01860600896179676
17.0 0.7650136  0.322621   0.98295057 0.84983313 0.018305672332644463
3.0 0.6370897  0.17623863 0.9827604  0.85083187 0.018078437075018883
16.0 0.22891775 0.08144921 1.         0.8188936  0.01803133822977543
19.0 0.7159517  0.17652088 1.         0.86052734 0.017671385779976845
35.0 0.19871867 0.0627563  1.         0.8983174  0.016852498054504395
25.0 0.75211644 0.03590974 1.         0.73859584 0.016822760924696922
2.0 0.6414387  0.01382315 1.         0.98955643 0.01674206554889679
4.0 0.68678665 0.06179354 1.         0.8513342  0.015799449756741524
26.0 0.17535272 0.14252393 0.51140237 0.5462627  0.01578955538570881
14.0 0.20954338 0.10516006 1.         0.9415781  0.01552269235253334
13.0 0.26112095 0.15036193 1.         0.8648478  0.01539850328117609
38.0 0.7173708 0.6045402 1.        0.8266523 0.015383503399789333
1.0 0.17116684 0.13319248 0.9696712  0.8063065  0.015368004329502583
33.0 0.17260237 0.1162798  0.6416525  0.6103064  0.01526618842035532
32.0 0.20422888 0.13072622 0.9931493  0.868081   0.015150545164942741
8.0 0.6897934  0.15253398 1.         0.7484082  0.015148617327213287
1.0 0.18013781 0.13127825 0.6024296  0.7449173  0.015056334435939789
37.0 0.7159517  0.17652088 1.         0.86052734 0.014997866936028004
18.0 0.3507188  0.54592365 0.982464   0.90669626 0.014852195978164673
17.0 0.9219777  0.00170295 0.9973771  0.05948853 0.014777298085391521
0.0 0.20645446 0.         1.         0.6593776  0.014670600183308125
0.0 0.67841274 0.58573675 0.996532   0.8009249  0.014614048413932323
6.0 0.17313719 0.11848021 0.982025   0.7908154  0.01441267691552639
25.0 0.35816047 0.10893917 0.9969764  0.8395425  0.01433688122779131
41.0 0.5536885  0.16753829 0.9760699  0.8478842  0.014314474537968636
23.0 0.18013781 0.13127825 0.6024296  0.7449173  0.014190991409122944
30.0 0.5883284 0.058099  1.        0.8513231 0.014162076637148857
38.0 0.20645446 0.         1.         0.6593776  0.014114774763584137
15.0 0.7159517  0.17652088 1.         0.86052734 0.01386820524930954
36.0 0.20954338 0.10516006 1.         0.9415781  0.013692265376448631
25.0 0.8075329  0.30584952 0.98459697 0.81263256 0.013401533477008343
0.0 0.70373595 0.083749   1.         0.65367025 0.012952902354300022
31.0 0.6473815  0.43289226 1.         0.85455316 0.012812339700758457
16.0 0.66029066 0.12215388 1.         0.5692319  0.01280659344047308
40.0 0.8604635  0.7783413  0.99832964 1.         0.012790609151124954
