5.0 0.22526518 0.01522073 0.99529946 0.4463241  0.2755849063396454
5.0 0.15645853 0.00822067 0.9946008  0.85878354 0.19219768047332764
20.0 0.10585365 0.17091972 1.         1.         0.1530938595533371
37.0 0.20123354 0.01975867 0.9728631  0.4587978  0.10956553369760513
0.0 0.22526518 0.01522073 0.99529946 0.4463241  0.09389208257198334
34.0 0.25660527 0.02215172 0.9758687  0.38870168 0.08936573565006256
24.0 0.33475372 0.         0.9965118  0.36457765 0.08314093202352524
1.0 0.24911292 0.00602935 0.6065516  0.28813875 0.08124347031116486
15.0 0.25660527 0.02215172 0.9758687  0.38870168 0.07844077050685883
37.0 0.18145701 0.00300422 0.9856955  0.88180614 0.05690973624587059
27.0 0.10585365 0.17091972 1.         1.         0.05308934673666954
41.0 0.14510599 0.02999094 0.99092674 0.86076283 0.051620256155729294
7.0 0.20123354 0.01975867 0.9728631  0.4587978  0.050292231142520905
5.0 0.61777    0.56037986 1.         0.9975256  0.04909627139568329
39.0 0.07916325 0.19530603 1.         0.99395657 0.04685036465525627
7.0 0.12342724 0.14635408 1.         0.990566   0.04491865262389183
20.0 0.01068074 0.         1.         1.         0.04337126016616821
22.0 0.10585365 0.17091972 1.         1.         0.043212082237005234
34.0 0.1829733  0.00107771 0.98062634 0.70892936 0.04260987415909767
5.0 0.26511556 0.         1.         0.3832911  0.04194289818406105
24.0 0.19392651 0.         0.9766491  0.5715457  0.04089562967419624
32.0 0.266733   0.00821685 0.67646104 0.23885396 0.03979704529047012
36.0 0.10585365 0.17091972 1.         1.         0.0384683720767498
5.0 0.51333714 0.         0.9766561  0.6390029  0.03796156123280525
16.0 0.62326944 0.55470484 0.9939803  1.         0.0352143794298172
24.0 0.61777    0.56037986 1.         0.9975256  0.03460964560508728
23.0 0.24715033 0.0093234  0.5867506  0.21044576 0.034526482224464417
37.0 0.29293942 0.00340582 0.8068005  0.31345004 0.03429294377565384
0.0 0.18145701 0.00300422 0.9856955  0.88180614 0.032526466995477676
28.0 0.20123354 0.01975867 0.9728631  0.4587978  0.0321606881916523
7.0 0.18975902 0.5464666  1.         0.97898054 0.03156863898038864
24.0 0.7430209  0.5668466  1.         0.77607155 0.03155539184808731
32.0 0.22154167 0.01890919 0.8964703  0.37847105 0.02947336435317993
10.0 0.07916325 0.19530603 1.         0.99395657 0.02864862233400345
4.0 0.22154167 0.01890919 0.8964703  0.37847105 0.028557997196912766
12.0 0.15918311 0.01806211 0.9861797  0.8880357  0.027281392365694046
24.0 0.12342724 0.14635408 1.         0.990566   0.02583104372024536
6.0 0.12694567 0.10458565 1.         1.         0.02571910247206688
32.0 0.12694567 0.10458565 1.         1.         0.025009509176015854
0.0 0.6044269  0.         1.         0.43716025 0.024760644882917404
28.0 0.15918311 0.01806211 0.9861797  0.8880357  0.02441200241446495
24.0 0.27667105 0.         0.79467165 0.27647993 0.023986760526895523
5.0 0.51220655 0.0278994  1.         0.32167172 0.02393467351794243
0.0 0.3097859  0.         0.88471395 0.28659058 0.02339109405875206
3.0 0.06380683 0.34409538 0.97480255 1.         0.022832071408629417
26.0 0.22154167 0.01890919 0.8964703  0.37847105 0.022289911285042763
10.0 0.22154167 0.01890919 0.8964703  0.37847105 0.022024212405085564
16.0 0.5452035  0.00153804 1.         0.38342857 0.021816907450556755
5.0 0.6044269  0.         1.         0.43716025 0.021595709025859833
27.0 0.         0.01259297 1.         1.         0.021455898880958557
8.0 0.07916325 0.19530603 1.         0.99395657 0.021281074732542038
40.0 0.24715033 0.0093234  0.5867506  0.21044576 0.02091648057103157
20.0 0.13229835 0.50143117 0.9229126  0.97539157 0.020480670034885406
41.0 0.20123354 0.01975867 0.9728631  0.4587978  0.020457562059164047
0.0 0.51333714 0.         0.9766561  0.6390029  0.020408431068062782
27.0 0.62326944 0.55470484 0.9939803  1.         0.02028820291161537
27.0 0.18975902 0.5464666  1.         0.97898054 0.0200961884111166
16.0 0.3840143  0.         1.         0.29565573 0.0198479313403368
4.0 0.20234123 0.00446779 0.9956646  0.64711523 0.019817376509308815
0.0 0.32742167 0.         1.         0.34005216 0.019142327830195427
1.0 0.17355858 0.43226886 0.38695765 0.81782866 0.018986420705914497
15.0 0.3840143  0.         1.         0.29565573 0.01889955624938011
10.0 0.11556804 0.00466096 1.         0.6972222  0.018843159079551697
30.0 0.5726981  0.         0.98044777 0.5092994  0.018710553646087646
29.0 0.14789271 0.11632261 0.99148667 1.         0.01870303973555565
36.0 0.19273987 0.5815953  1.         1.         0.018649794161319733
11.0 0.18377873 0.01511075 0.9480114  0.46036994 0.018613655120134354
37.0 0.28014764 0.01417398 0.64456797 0.21705541 0.018589405342936516
24.0 0.05199294 0.83789235 0.39787453 0.9980019  0.0184829980134964
37.0 0.64602953 0.5392934  0.9955233  1.         0.018292758613824844
4.0 0.13229835 0.50143117 0.9229126  0.97539157 0.01809728890657425
42.0 0.14789271 0.11632261 0.99148667 1.         0.017984459176659584
25.0 0.33282328 0.02026422 1.         0.39044946 0.017899079248309135
19.0 0.25660527 0.02215172 0.9758687  0.38870168 0.017875222489237785
14.0 0.14789271 0.11632261 0.99148667 1.         0.017828920856118202
26.0 0.15918311 0.01806211 0.9861797  0.8880357  0.01777191460132599
21.0 0.18377873 0.01511075 0.9480114  0.46036994 0.017646711319684982
18.0 0.25660527 0.02215172 0.9758687  0.38870168 0.01738652028143406
0.0 0.7483016  0.5798452  0.9859278  0.99952364 0.017235038802027702
30.0 0.25660527 0.02215172 0.9758687  0.38870168 0.017217343673110008
11.0 0.13570654 0.24627674 1.         1.         0.017045946791768074
16.0 0.78490245 0.6023772  0.9895381  0.9782752  0.0169114638119936
30.0 0.18145701 0.00300422 0.9856955  0.88180614 0.016879752278327942
34.0 0.3840143  0.         1.         0.29565573 0.016745591536164284
16.0 0.6980605  0.         1.         0.49490416 0.0165947824716568
24.0 0.6825041  0.6172447  0.99804455 0.8310032  0.0165256354957819
16.0 0.51333714 0.         0.9766561  0.6390029  0.016491547226905823
7.0 0.2129075  0.         0.80068666 0.34068614 0.01647188328206539
15.0 0.62326944 0.55470484 0.9939803  1.         0.01628923788666725
3.0 0.15918311 0.01806211 0.9861797  0.8880357  0.01618734933435917
24.0 0.56821376 0.01564693 1.         0.54628325 0.015923433005809784
5.0 0.19464791 0.         0.8664917  0.30782837 0.01584974117577076
1.0 0.19991705 0.         0.55276585 0.20381546 0.015751149505376816
7.0 0.5296731 0.5226139 0.9779154 1.        0.015737907961010933
20.0 0.22154167 0.01890919 0.8964703  0.37847105 0.015691736713051796
16.0 0.14789271 0.11632261 0.99148667 1.         0.01564558781683445
37.0 0.51333714 0.         0.9766561  0.6390029  0.015569469891488552
24.0 0.26909217 0.65659475 0.99574876 1.         0.015554076991975307
36.0 0. 0. 1. 1. 0.015536410734057426
15.0 0.3888724 0.        0.9894401 0.7012809 0.015390980057418346
