3.0 0.15194732 0.25142643 0.8805693  0.8428414  0.7865970730781555
6.0 0.15095198 0.24854112 0.8938906  0.8440807  0.33220967650413513
12.0 0.15095198 0.24854112 0.8938906  0.8440807  0.05574064701795578
22.0 0.1592809  0.24182394 0.8892571  0.8492116  0.04668441042304039
31.0 0.71968466 0.27701762 0.84026927 0.4173647  0.04555721953511238
3.0 0.129655  0.        0.9796637 1.        0.04204763472080231
41.0 0.01144603 0.         0.57417405 0.32744455 0.04022357240319252
42.0 0.16390005 0.2156755  0.8973373  0.8765317  0.035136956721544266
21.0 0.16956887 0.15677303 0.878252   0.85256094 0.03244907036423683
39.0 0.01144603 0.         0.57417405 0.32744455 0.03097238391637802
8.0 0.65842456 0.2802651  0.8565435  0.42899936 0.029139874503016472
36.0 0.22154272 0.2635509  0.8596202  0.83816886 0.02755274623632431
4.0 0.15377212 0.24226573 0.8885162  0.84449685 0.025764429941773415
9.0 0.18888703 0.24693015 0.8765048  0.85743976 0.023958181962370872
41.0 0.16956887 0.15677303 0.878252   0.85256094 0.023282770067453384
25.0 0.16390005 0.2156755  0.8973373  0.8765317  0.022870048880577087
38.0 0.74885267 0.8291412  1.         1.         0.021416829898953438
13.0 0.18888703 0.24693015 0.8765048  0.85743976 0.021258877590298653
14.0 0.18888703 0.24693015 0.8765048  0.85743976 0.019206847995519638
2.0 0.15095198 0.24854112 0.8938906  0.8440807  0.01885993964970112
10.0 0.16956887 0.15677303 0.878252   0.85256094 0.017813723534345627
11.0 0.1592809  0.24182394 0.8892571  0.8492116  0.017225081101059914
38.0 0.5703025 0.8381295 0.9152787 1.        0.01719835214316845
21.0 0.01144603 0.         0.57417405 0.32744455 0.016554899513721466
34.0 0.16390005 0.2156755  0.8973373  0.8765317  0.016443541273474693
17.0 0.703897   0.28535572 0.84467804 0.41197547 0.016358448192477226
35.0 0.703897   0.28535572 0.84467804 0.41197547 0.015364923514425755
36.0 0.703897   0.28535572 0.84467804 0.41197547 0.014713163487613201
3.0 0.44089824 0.59196436 0.8259371  0.7776805  0.014610212296247482
20.0 0.01311918 0.01165624 0.3641498  0.21870206 0.014600638300180435
22.0 0.01239465 0.0026634  0.48251563 0.29612824 0.014024856500327587
3.0 0.53080785 0.28172904 0.8391043  0.44481397 0.013645959086716175
38.0 0.4132279 0.7770324 0.9166727 1.        0.012843163684010506
12.0 0.07590401 0.         0.8222724  0.8548883  0.0126118129119277
3.0 0. 0. 1. 1. 0.01239414606243372
3.0 0.16532299 0.32391435 0.48846188 0.5077099  0.012391549535095692
3.0 0.01113304 0.         0.17932886 0.16906883 0.012325160205364227
22.0 0.         0.         0.94666386 0.7698766  0.012104786932468414
9.0 0.45155707 0.6196852  0.50975525 0.71452    0.011831821873784065
8.0 0.17772171 0.12392029 0.93516827 0.93738544 0.011608719825744629
12.0 0.0088513  0.         0.3909377  0.33587003 0.011564889922738075
20.0 0.19653112 0.21973884 0.87013274 0.8608502  0.011143761686980724
16.0 0.71968466 0.27701762 0.84026927 0.4173647  0.010883154347538948
6.0 0.12228948 0.         1.         0.76928747 0.010771959088742733
20.0 9.9912286e-05 0.0000000e+00 4.9644941e-01 2.9102278e-01 0.010760735720396042
8.0 0.00590382 0.         0.2239925  0.17017138 0.010688785463571548
40.0 0.72326314 0.2758531  0.8413235  0.41754603 0.010656502097845078
41.0 0.04545808 0.01432706 0.38790062 0.28411978 0.010560952126979828
36.0 0.18780622 0.06093413 1.         0.8060875  0.010005590505897999
17.0 0.45155707 0.6196852  0.50975525 0.71452    0.009995284490287304
30.0 0.16390005 0.2156755  0.8973373  0.8765317  0.009964816272258759
9.0 0.72326314 0.2758531  0.8413235  0.41754603 0.009929263032972813
18.0 0.22154272 0.2635509  0.8596202  0.83816886 0.00985569879412651
28.0 0.14964455 0.2659157  0.8972921  0.8182543  0.009799507446587086
32.0 0.683918   0.28432643 0.84697616 0.42099333 0.009631022810935974
3.0 0.         0.17085028 1.         1.         0.009553004987537861
17.0 0.7352328  0.28466412 0.8180805  0.33793142 0.009419215843081474
6.0 0.00658873 0.         0.21631846 0.16130874 0.009419108740985394
39.0 0.16956887 0.15677303 0.878252   0.85256094 0.009321494027972221
9.0 0.07350123 0.         1.         0.8843571  0.009138664230704308
3.0 0.24004817 0.21749824 1.         1.         0.009116875939071178
26.0 0.16956887 0.15677303 0.878252   0.85256094 0.008996134623885155
2.0 0.01677257 0.         1.         0.9163281  0.008697008714079857
39.0 0.02672479 0.         0.3225192  0.35518697 0.008535593748092651
2.0 0.10451332 0.018444   0.97912204 1.         0.00795378815382719
17.0 0.9253041  0.00217981 0.9951535  0.05338256 0.007909184321761131
21.0 0.06186822 0.04351518 0.51766014 0.24982336 0.007850668393075466
6.0 0.06136531 0.32140955 1.         1.         0.0077368710190057755
17.0 0.91982317 0.         1.         0.12854646 0.007571517024189234
38.0 0.5759926  0.79906964 1.         1.         0.007569213397800922
23.0 0.01677257 0.         1.         0.9163281  0.007550935260951519
3.0 0.00162268 0.         1.         0.73924905 0.007510667201131582
6.0 0.        0.        1.        0.8422921 0.007420448586344719
40.0 0.7693547  0.         1.         0.23291963 0.007351938169449568
13.0 0.7247923  0.27992523 0.84093636 0.41524917 0.007327559404075146
9.0 0.        0.        1.        0.8422921 0.007190927397459745
3.0 0.         0.         0.32801422 0.15165597 0.0071254996582865715
3.0 0.02780849 0.         0.31284103 0.3174776  0.007094204425811768
3.0 0.41348273 0.3129743  0.8607761  0.79042685 0.00699919369071722
39.0 0.0407536  0.03427209 0.44108927 0.25380158 0.006874125450849533
17.0 0.00162268 0.         1.         0.73924905 0.006761528551578522
36.0 0.        0.        1.        0.8422921 0.0067509375512599945
8.0 0.00883728 0.00738122 0.20012954 0.10076866 0.006747375708073378
13.0 0.45155707 0.6196852  0.50975525 0.71452    0.0065463935025036335
8.0 0.02114159 0.         1.         0.8514251  0.006540770176798105
38.0 0.39492857 0.23604617 0.8635844  0.810799   0.006510768085718155
25.0 0.17621052 0.         1.         1.         0.006494202185422182
20.0 0.03810179 0.         0.42536616 0.1580495  0.006312298122793436
42.0 0.03101009 0.         1.         1.         0.0063058678060770035
33.0 0.18888703 0.24693015 0.8765048  0.85743976 0.006272321566939354
1.0 0.18888703 0.24693015 0.8765048  0.85743976 0.006256953347474337
17.0 0.18780622 0.06093413 1.         0.8060875  0.006246626377105713
2.0 0.7195678  0.28301048 0.8393712  0.4112935  0.006183608900755644
36.0 0.05885178 0.         1.         1.         0.006177282426506281
9.0 0.28168148 0.10567933 1.         1.         0.006176442373543978
26.0 0.10951227 0.         1.         0.92788225 0.006077968515455723
21.0 0.01302046 0.7291757  0.16772795 1.         0.006013358011841774
19.0 0.7265277  0.27903003 0.8420932  0.42083526 0.0059575350023806095
27.0 0.19085495 0.7314818  0.31834048 0.81523776 0.005953574553132057
24.0 0.16390005 0.2156755  0.8973373  0.8765317  0.005942829418927431
