28.0 0.47889277 0.36721006 0.62597334 0.7721373  0.23793354630470276
1.0 0.46017462 0.35873038 0.72475237 0.77595335 0.178411066532135
28.0 0.46777582 0.2881786  0.7336972  0.80117893 0.17366085946559906
4.0 0.46508163 0.3253937  0.6625746  0.80043125 0.09408549964427948
20.0 0.373531   0.05309173 0.9410546  0.90740573 0.09291782975196838
1.0 0.4472225  0.10173225 0.7734233  0.9314388  0.0725114569067955
26.0 0.46438855 0.15759939 0.743638   0.89230984 0.06967681646347046
29.0 0.46017462 0.35873038 0.72475237 0.77595335 0.0672869011759758
26.0 0.46508163 0.3253937  0.6625746  0.80043125 0.0663507804274559
4.0 0.48373646 0.41220468 0.5873911  0.764623   0.0662381649017334
28.0 0.40300527 0.         0.81293845 1.         0.06030465289950371
4.0 0.46438855 0.15759939 0.743638   0.89230984 0.05866405740380287
23.0 0.46438855 0.15759939 0.743638   0.89230984 0.05764174833893776
21.0 0.4472225  0.10173225 0.7734233  0.9314388  0.050723571330308914
4.0 0.40300527 0.         0.81293845 1.         0.049569763243198395
10.0 0.46438855 0.15759939 0.743638   0.89230984 0.049400631338357925
34.0 0.45245472 0.32775202 0.65663195 0.8137876  0.04914616048336029
29.0 0.4576074  0.13768968 0.8558539  0.9398352  0.042970627546310425
40.0 0.46438855 0.15759939 0.743638   0.89230984 0.04258156195282936
34.0 0.4472225  0.10173225 0.7734233  0.9314388  0.04247981309890747
12.0 0.41820866 0.05361867 0.77755135 0.89572614 0.0417594239115715
26.0 0.40300527 0.         0.81293845 1.         0.04063982516527176
23.0 0.47889277 0.36721006 0.62597334 0.7721373  0.0403570719063282
20.0 0.17502093 0.         1.         1.         0.037427254021167755
20.0 0.46438855 0.15759939 0.743638   0.89230984 0.03703287988901138
34.0 0.48464465 0.38347617 0.61160004 0.7675185  0.03545570746064186
33.0 0.46438855 0.15759939 0.743638   0.89230984 0.034162189811468124
10.0 0.47889277 0.36721006 0.62597334 0.7721373  0.03368976712226868
10.0 0.43123507 0.04247704 0.89000535 1.         0.03216224163770676
20.0 0.4233384  0.36163443 0.85152054 0.7900055  0.03152278810739517
30.0 0.46438855 0.15759939 0.743638   0.89230984 0.03057599812746048
3.0 0.37895024 0.0048641  0.81083775 0.95988065 0.030117979273200035
30.0 0.47889277 0.36721006 0.62597334 0.7721373  0.028142329305410385
28.0 0.45614645 0.46550596 0.64783216 0.698068   0.027142854407429695
40.0 0.47889277 0.36721006 0.62597334 0.7721373  0.027027826756238937
20.0 0.2753916  0.01018989 0.78636014 0.37519076 0.02638186141848564
28.0 0.43482283 0.35103542 0.5672144  0.77679974 0.026121800765395164
31.0 0.46438855 0.15759939 0.743638   0.89230984 0.025152307003736496
8.0 0.41820866 0.05361867 0.77755135 0.89572614 0.02468455582857132
1.0 0.35870063 0.00115722 0.9077852  0.83269656 0.02455982007086277
1.0 0.45614645 0.46550596 0.64783216 0.698068   0.023814436048269272
13.0 0.47889277 0.36721006 0.62597334 0.7721373  0.022590449079871178
13.0 0.46438855 0.15759939 0.743638   0.89230984 0.022481592372059822
10.0 0.37392744 0.2861089  0.9195756  0.8266209  0.022237766534090042
32.0 0.46438855 0.15759939 0.743638   0.89230984 0.021878328174352646
20.0 0.22405863 0.         0.7716495  0.8136743  0.02125541865825653
36.0 0.41214526 0.03306785 0.8925438  0.96545684 0.02115289308130741
33.0 0.43123507 0.04247704 0.89000535 1.         0.020801298320293427
6.0 0.41214526 0.03306785 0.8925438  0.96545684 0.02054797299206257
23.0 0.42974216 0.35901612 0.7860437  0.7503874  0.020315060392022133
32.0 0.61854637 0.         0.8230803  0.24334186 0.020216016098856926
26.0 0.35873473 0.10863739 0.6619359  0.9062633  0.02011851966381073
19.0 0.46438855 0.15759939 0.743638   0.89230984 0.01973315328359604
26.0 0.48373047 0.39375576 0.6061025  0.7606207  0.01960073970258236
10.0 0.4315369  0.38979822 0.7464862  0.7343759  0.019102947786450386
22.0 0.3139864  0.         0.96207106 0.972469   0.018953602761030197
40.0 0.43123507 0.04247704 0.89000535 1.         0.01892319694161415
32.0 0.2634492  0.         0.46069336 0.25265896 0.01879436895251274
9.0 0.46438855 0.15759939 0.743638   0.89230984 0.018584473058581352
12.0 0.3139864  0.         0.96207106 0.972469   0.018267540261149406
1.0 0.43482283 0.35103542 0.5672144  0.77679974 0.018128802999854088
6.0 0.43290594 0.25515634 0.76734424 0.8155959  0.017321210354566574
20.0 0.3876248  0.17904234 1.         0.9820906  0.0173175185918808
0.0 0.47889277 0.36721006 0.62597334 0.7721373  0.017112253233790398
29.0 0.45614645 0.46550596 0.64783216 0.698068   0.017035508528351784
28.0 0.35873473 0.10863739 0.6619359  0.9062633  0.01640905812382698
14.0 0.46438855 0.15759939 0.743638   0.89230984 0.01620783656835556
29.0 0.25119996 0.15519148 1.         0.9559491  0.016051048412919044
0.0 0.46438855 0.15759939 0.743638   0.89230984 0.015577372163534164
29.0 0.48499697 0.3767728  0.6167262  0.77710426 0.015448212623596191
33.0 0.48192146 0.34617478 0.7054376  0.7836221  0.015325706452131271
38.0 0.46438855 0.15759939 0.743638   0.89230984 0.015042438171803951
25.0 0.46438855 0.15759939 0.743638   0.89230984 0.014853773638606071
37.0 0.46438855 0.15759939 0.743638   0.89230984 0.014784928411245346
23.0 0.40300527 0.         0.81293845 1.         0.014465278014540672
2.0 0.46438855 0.15759939 0.743638   0.89230984 0.014383601024746895
39.0 0.3139864  0.         0.96207106 0.972469   0.013796630315482616
42.0 0.46438855 0.15759939 0.743638   0.89230984 0.013598520308732986
30.0 0.40300527 0.         0.81293845 1.         0.013324401341378689
1.0 0.43160796 0.4381994  0.8792105  0.8582164  0.013294932432472706
10.0 0.25119996 0.15519148 1.         0.9559491  0.012998840771615505
21.0 0.47889277 0.36721006 0.62597334 0.7721373  0.012982312589883804
12.0 0.47889277 0.36721006 0.62597334 0.7721373  0.01297715213149786
32.0 0.01623996 0.2349152  0.13650638 0.45309728 0.01289683673530817
1.0 0.49981213 0.3986429  0.59808564 0.75210726 0.012852223590016365
9.0 0.40300527 0.         0.81293845 1.         0.012785343453288078
32.0 0.41214526 0.03306785 0.8925438  0.96545684 0.012774158269166946
17.0 0.46438855 0.15759939 0.743638   0.89230984 0.012662362307310104
38.0 0.7577187  0.79020876 1.         0.9951895  0.012653710320591927
1.0 0.18223983 0.00675207 1.         1.         0.012637740932404995
2.0 0.47889277 0.36721006 0.62597334 0.7721373  0.012505794875323772
27.0 0.46438855 0.15759939 0.743638   0.89230984 0.011957807466387749
17.0 0.91817653 0.         1.         0.13573214 0.011933607049286366
37.0 0.47889277 0.36721006 0.62597334 0.7721373  0.011931436136364937
3.0 0.4778549  0.36129037 0.6373219  0.7846701  0.011922236531972885
19.0 0.40300527 0.         0.81293845 1.         0.011900036595761776
33.0 0.2634492  0.         0.46069336 0.25265896 0.01189006119966507
1.0 0.3876248  0.17904234 1.         0.9820906  0.011879309080541134
23.0 0.45614645 0.46550596 0.64783216 0.698068   0.011794038116931915
13.0 0.40300527 0.         0.81293845 1.         0.011792542412877083
