3.0 0.2727055  0.33254105 0.69545805 0.56707543 0.4913603365421295
41.0 0.3075343  0.5402477  0.75196016 0.8503835  0.3788001537322998
6.0 0.2727055  0.33254105 0.69545805 0.56707543 0.24174702167510986
22.0 0.31175682 0.29609236 0.7389169  0.86488605 0.23654073476791382
3.0 0.31175682 0.29609236 0.7389169  0.86488605 0.19298383593559265
7.0 0.30488372 0.54061496 0.76040244 0.85706973 0.13235709071159363
36.0 0.2727055  0.33254105 0.69545805 0.56707543 0.11099422723054886
42.0 0.29693294 0.48806325 0.75291395 0.84467876 0.10864370316267014
11.0 0.2727055  0.33254105 0.69545805 0.56707543 0.10470008850097656
22.0 0.23436794 0.         0.95179296 0.83669686 0.1000477746129036
14.0 0.2727055  0.33254105 0.69545805 0.56707543 0.08636125922203064
41.0 0.32857004 0.28161314 0.74064136 0.87994766 0.08395325392484665
36.0 0.31175682 0.29609236 0.7389169  0.86488605 0.08278926461935043
42.0 0.29244035 0.1837435  0.7651332  0.9577806  0.061530761420726776
6.0 0.31722993 0.2609181  0.73807317 0.8809192  0.05021006613969803
14.0 0.31722993 0.2609181  0.73807317 0.8809192  0.04883427545428276
27.0 0.31097323 0.3673339  0.7220461  0.80039394 0.04882590100169182
9.0 0.3198014  0.1855548  0.74139434 0.8963694  0.04795539006590843
8.0 0.23436794 0.         0.95179296 0.83669686 0.046045441180467606
22.0 0.27115428 0.33412874 0.6862341  0.5737559  0.042298004031181335
20.0 0.27675158 0.32880494 0.6821285  0.5862889  0.04044007137417793
10.0 0.3075343  0.5402477  0.75196016 0.8503835  0.03713853284716606
12.0 0.31722993 0.2609181  0.73807317 0.8809192  0.03695404529571533
36.0 0.23436794 0.         0.95179296 0.83669686 0.036353591829538345
3.0 0.23436794 0.         0.95179296 0.83669686 0.03360094502568245
34.0 0.30684084 0.41372156 0.73352367 0.81756365 0.03290776535868645
8.0 0.4619677  0.00215454 0.9934186  0.34939772 0.03133612498641014
18.0 0.29652745 0.43157002 0.748035   0.7974949  0.03032541647553444
1.0 0.31722993 0.2609181  0.73807317 0.8809192  0.028983965516090393
8.0 0.3375128  0.21636012 0.73126966 0.8689518  0.027392173185944557
8.0 0. 0. 1. 1. 0.02655215747654438
38.0 0.32857004 0.28161314 0.74064136 0.87994766 0.026542482897639275
7.0 0.31722993 0.2609181  0.73807317 0.8809192  0.025719646364450455
11.0 0.31527603 0.31662667 0.75077105 0.87886703 0.024067094549536705
20.0 0.31223398 0.2365067  0.74139863 0.902423   0.023931900039315224
10.0 0.28516313 0.18817526 0.7712171  0.9493187  0.023043982684612274
27.0 0.28516313 0.18817526 0.7712171  0.9493187  0.023039527237415314
18.0 0.27900344 0.33993232 0.71545315 0.6524315  0.022431347519159317
37.0 0.31097323 0.3673339  0.7220461  0.80039394 0.021890591830015182
42.0 0.27637804 0.33097714 0.70581025 0.622326   0.021877653896808624
3.0 0.06345677 0.         0.92113817 1.         0.021731382235884666
10.0 0.29056138 0.39442718 0.7380653  0.77838254 0.019941996783018112
9.0 0.30039436 0.31687903 0.70765144 0.682511   0.019704477861523628
26.0 0.30684084 0.41372156 0.73352367 0.81756365 0.01914358139038086
0.0 0.32857004 0.28161314 0.74064136 0.87994766 0.01843767985701561
17.0 0.25760823 0.         0.9251688  0.89936393 0.018168415874242783
22.0 0.06208187 0.         1.         0.8238377  0.018162695690989494
9.0 0.29652745 0.43157002 0.748035   0.7974949  0.017821840941905975
8.0 0.5784619  0.8626772  0.82859063 1.         0.017812563106417656
2.0 0.26619542 0.3263709  0.70529413 0.5819646  0.017673546448349953
21.0 0.29235458 0.12488997 0.77386427 0.96226835 0.017346549779176712
12.0 0.26881495 0.3289144  0.7034764  0.5599415  0.017279524356126785
9.0 0.25760823 0.         0.9251688  0.89936393 0.017170913517475128
21.0 0.3114069 0.4373788 0.7390551 0.8472264 0.017119167372584343
42.0 0.30848318 0.6085739  0.6856911  0.8136585  0.016925208270549774
10.0 0.27133158 0.331141   0.6952797  0.5715785  0.016675874590873718
27.0 0.29862505 0.5461837  0.75967747 0.8545399  0.016171427443623543
4.0 0.3375128  0.21636012 0.73126966 0.8689518  0.015118036419153214
25.0 0.30039436 0.31687903 0.70765144 0.682511   0.014618910849094391
33.0 0.29235458 0.12488997 0.77386427 0.96226835 0.014562097378075123
24.0 0.29056138 0.39442718 0.7380653  0.77838254 0.014400361105799675
13.0 0.3198014  0.1855548  0.74139434 0.8963694  0.01406277995556593
34.0 0.29461473 0.29750818 0.69828737 0.6538944  0.013853964395821095
17.0 0.3198014  0.1855548  0.74139434 0.8963694  0.013826617039740086
2.0 0.31097323 0.3673339  0.7220461  0.80039394 0.01352402288466692
21.0 0.26881495 0.3289144  0.7034764  0.5599415  0.013321736827492714
27.0 0.5784619  0.8626772  0.82859063 1.         0.013181908056139946
34.0 0.29235458 0.12488997 0.77386427 0.96226835 0.012875808402895927
4.0 0.27254397 0.32576364 0.6898648  0.5833786  0.012498842552304268
25.0 0.3114069 0.4373788 0.7390551 0.8472264 0.012396878562867641
28.0 0.3114069 0.4373788 0.7390551 0.8472264 0.012281359173357487
41.0 0.49819514 0.5645552  0.74016494 0.8479971  0.012044299393892288
28.0 0.26881495 0.3289144  0.7034764  0.5599415  0.011821812950074673
3.0 0.        0.        1.        0.8256406 0.011775667779147625
39.0 0.25760823 0.         0.9251688  0.89936393 0.011689058504998684
8.0 0.27675158 0.32880494 0.6821285  0.5862889  0.011548875831067562
25.0 0.29235458 0.12488997 0.77386427 0.96226835 0.011535830795764923
8.0 0.33524033 0.         0.880492   0.26452702 0.011515739373862743
12.0 0.25760823 0.         0.9251688  0.89936393 0.011514399200677872
6.0 0.23436794 0.         0.95179296 0.83669686 0.011460253037512302
38.0 0.57108974 0.7095316  0.7380581  0.81194276 0.01123261172324419
13.0 0.27900344 0.33993232 0.71545315 0.6524315  0.011203515343368053
38.0 0.30399275 0.55159664 0.76755905 0.85777473 0.011177023872733116
42.0 0.34551954 0.43169314 0.6070431  0.7510628  0.010962393134832382
17.0 0.07234824 0.         1.         0.7231508  0.010949626564979553
4.0 0.281358   0.43052363 0.75821924 0.7924818  0.010738403536379337
8.0 0.         0.         1.         0.62628716 0.010417856276035309
8.0 0.         0.         0.49248704 0.27517736 0.010370784439146519
17.0 0.9091393 0.8658884 0.9993335 0.9851989 0.010258346796035767
3.0 0.30182886 0.36659175 0.60997283 0.7701039  0.010242809541523457
37.0 0.27637804 0.33097714 0.70581025 0.622326   0.010140352882444859
38.0 0.50763124 0.5380571  0.73497635 0.83366656 0.010101975873112679
22.0 0.16494054 0.00752467 1.         1.         0.010058287531137466
22.0 0.31052458 0.5812081  0.73899794 0.83050144 0.010024813003838062
42.0 0.43531072 0.54911304 0.7128521  0.83601916 0.009942157194018364
7.0 0.49819514 0.5645552  0.74016494 0.8479971  0.009751401841640472
41.0 0.3197595  0.59021974 0.5605009  0.8482683  0.009708618745207787
8.0 0.23241937 0.         1.         0.600565   0.009633047506213188
23.0 0.23269919 0.91849196 0.37753865 1.         0.009504839777946472
24.0 0.29244035 0.1837435  0.7651332  0.9577806  0.009388379752635956
