20.0 0.21775481 0.16949975 0.71073616 0.5494951  0.7342296242713928
14.0 0.19687897 0.18513113 0.7002242  0.52248883 0.4167305827140808
32.0 0.21775481 0.16949975 0.71073616 0.5494951  0.19275343418121338
7.0 0.21036096 0.16312598 0.7018681  0.54436725 0.1469181478023529
36.0 0.19687897 0.18513113 0.7002242  0.52248883 0.13309265673160553
1.0 0.21775481 0.16949975 0.71073616 0.5494951  0.12772291898727417
6.0 0.21775481 0.16949975 0.71073616 0.5494951  0.12413064390420914
8.0 0.21775481 0.16949975 0.71073616 0.5494951  0.11532717198133469
10.0 0.21594825 0.16901049 0.71298563 0.54530704 0.09657120704650879
33.0 0.21775481 0.16949975 0.71073616 0.5494951  0.08432067930698395
27.0 0.21036096 0.16312598 0.7018681  0.54436725 0.07142212241888046
11.0 0.19687897 0.18513113 0.7002242  0.52248883 0.06884267181158066
20.0 0.17661238 0.04841444 0.7464715  0.71426666 0.06596525758504868
39.0 0.2116503  0.15984389 0.70974004 0.55241597 0.0634855329990387
12.0 0.2116503  0.15984389 0.70974004 0.55241597 0.06268074363470078
22.0 0.2116503  0.15984389 0.70974004 0.55241597 0.05412793532013893
3.0 0.2116503  0.15984389 0.70974004 0.55241597 0.04999399557709694
41.0 0.19651175 0.17805538 0.69873774 0.52668154 0.048726897686719894
40.0 0.19348589 0.18549824 0.70845616 0.5167597  0.04167184233665466
24.0 0.19687897 0.18513113 0.7002242  0.52248883 0.03883126378059387
5.0 0.22364612 0.13574632 0.69580674 0.56605154 0.033609434962272644
38.0 0.21036096 0.16312598 0.7018681  0.54436725 0.0334276519715786
29.0 0.2116503  0.15984389 0.70974004 0.55241597 0.02810397930443287
24.0 0.25929734 0.2102304  0.68881273 0.3745336  0.022040383890271187
15.0 0.21036096 0.16312598 0.7018681  0.54436725 0.020772293210029602
29.0 0.08756053 0.16504815 1.         1.         0.02051689103245735
23.0 0.21594825 0.16901049 0.71298563 0.54530704 0.02048167586326599
4.0 0.23661739 0.1571794  0.71146506 0.53711694 0.020254038274288177
20.0 0.21084845 0.21565107 0.6299818  0.43295094 0.019448211416602135
25.0 0.8182026  0.11118597 1.         0.7052281  0.019339876249432564
16.0 0.66190714 0.5131593  0.99949676 1.         0.019044358283281326
16.0 0.21036096 0.16312598 0.7018681  0.54436725 0.018105523660779
37.0 0.21775481 0.16949975 0.71073616 0.5494951  0.017173441126942635
19.0 0.23661739 0.1571794  0.71146506 0.53711694 0.01711619831621647
11.0 0.17661238 0.04841444 0.7464715  0.71426666 0.017085198312997818
9.0 0.21036096 0.16312598 0.7018681  0.54436725 0.016803614795207977
26.0 0.22565924 0.13712879 0.697635   0.57833683 0.015746256336569786
28.0 0.2116503  0.15984389 0.70974004 0.55241597 0.014784268103539944
20.0 0.3612482  0.19939615 0.6417301  0.49948168 0.014522627927362919
1.0 0.31422794 0.20647685 0.6054534  0.49464953 0.014135838486254215
1.0 0.17661238 0.04841444 0.7464715  0.71426666 0.01307220570743084
18.0 0.22565924 0.13712879 0.697635   0.57833683 0.01294439472258091
34.0 0.23661739 0.1571794  0.71146506 0.53711694 0.012750385329127312
21.0 0.19655016 0.1883264  0.6982268  0.526038   0.012155275791883469
36.0 0.17003745 0.06927821 0.72176903 0.7256391  0.0120265306904912
1.0 0.42867398 0.19437955 0.6700789  0.49242145 0.011754694394767284
14.0 0.17003745 0.06927821 0.72176903 0.7256391  0.01173377875238657
38.0 0.72139466 0.7594192  1.         0.99924827 0.011163992807269096
32.0 0.3612482  0.19939615 0.6417301  0.49948168 0.011082246899604797
17.0 0.7882733  0.7143336  0.99416035 1.         0.01095727737993002
35.0 0.22565924 0.13712879 0.697635   0.57833683 0.010690856724977493
1.0 0.20470996 0.         0.6880903  0.51898366 0.010607607662677765
42.0 0.19651175 0.17805538 0.69873774 0.52668154 0.010487567633390427
4.0 0.22932318 0.15055993 0.6432136  0.35726365 0.010333657264709473
0.0 0.53674895 0.6580725  1.         1.         0.010134425014257431
41.0 0.17003745 0.06927821 0.72176903 0.7256391  0.009969831444323063
17.0 0.23661739 0.1571794  0.71146506 0.53711694 0.009891976602375507
32.0 0.17661238 0.04841444 0.7464715  0.71426666 0.009794924408197403
20.0 0.08288074 0.08459419 0.8522653  1.         0.009681045077741146
25.0 0.84181786 0.05413947 0.9871973  0.5121012  0.009487970732152462
7.0 0.21084845 0.21565107 0.6299818  0.43295094 0.009229065850377083
16.0 0.8175444  0.00311726 1.         0.56093013 0.009198629297316074
24.0 0.170391   0.03255889 0.7477299  0.3738463  0.0091943284496665
26.0 0.16392642 0.         0.74690133 0.60536766 0.009189381264150143
14.0 0.3612482  0.19939615 0.6417301  0.49948168 0.008999425917863846
33.0 0.13857722 0.11733067 0.76831573 0.7281953  0.008995003998279572
31.0 0.21036096 0.16312598 0.7018681  0.54436725 0.008968002162873745
24.0 0.         0.72187847 0.501433   1.         0.008425616659224033
11.0 0.22932318 0.15055993 0.6432136  0.35726365 0.008401802740991116
32.0 0.08288074 0.08459419 0.8522653  1.         0.008292143233120441
24.0 0.46386585 0.65003705 0.99769557 1.         0.008100033737719059
7.0 0.13857722 0.11733067 0.76831573 0.7281953  0.008059398271143436
2.0 0.22565924 0.13712879 0.697635   0.57833683 0.007908009923994541
21.0 0.         0.37891498 0.24686092 1.         0.007786185014992952
4.0 0.21084845 0.21565107 0.6299818  0.43295094 0.00776459788903594
13.0 0.19348589 0.18549824 0.70845616 0.5167597  0.007674661464989185
10.0 0.10440382 0.02929968 0.8193536  0.56023663 0.007538221310824156
3.0 0.09651241 0.07777682 0.6886004  0.835307   0.0075222523882985115
5.0 0.12238851 0.09778935 1.         1.         0.007500475738197565
33.0 0.0823929  0.         0.81466424 0.5204046  0.007497704122215509
17.0 0.9100827  0.02309909 1.         0.12516317 0.007485755253583193
21.0 0.17003745 0.06927821 0.72176903 0.7256391  0.007417098619043827
30.0 0.17003745 0.06927821 0.72176903 0.7256391  0.007363657467067242
3.0 0.16392642 0.         0.74690133 0.60536766 0.007357058580964804
0.0 0.22364612 0.13574632 0.69580674 0.56605154 0.007321285083889961
17.0 0.83763736 0.00414562 0.9938927  0.10476319 0.007305346429347992
25.0 0.75998855 0.39552236 1.         1.         0.007199327927082777
42.0 0.17003745 0.06927821 0.72176903 0.7256391  0.007197776343673468
20.0 0.0823929  0.         0.81466424 0.5204046  0.007143198046833277
40.0 0.1692633  0.07186076 0.7462576  0.67337584 0.007113869767636061
20.0 0.23568779 0.         0.65469414 0.47453314 0.007092767395079136
4.0 0.15064639 0.02880196 0.7133925  0.35614294 0.0070923613384366035
32.0 0.20470996 0.         0.6880903  0.51898366 0.007029889617115259
27.0 0.15321258 0.04819798 0.98772836 1.         0.006952478084713221
40.0 0.16971448 0.00511581 0.945596   1.         0.006940984632819891
40.0 0.42867398 0.19437955 0.6700789  0.49242145 0.006912647746503353
7.0 0.15321258 0.04819798 0.98772836 1.         0.006766695994883776
19.0 0.17003745 0.06927821 0.72176903 0.7256391  0.0067155673168599606
1.0 0.19672891 0.2147088  0.49390343 0.47505355 0.006705733481794596
6.0 0.31422794 0.20647685 0.6054534  0.49464953 0.006665283348411322
