39.0 0.00807124 0.         0.9956667  1.         0.602923572063446
8.0 0.       0.       0.944046 1.       0.2401304543018341
31.0 0.7286459  0.00709483 0.9778911  0.39179522 0.23675453662872314
17.0 0.7286459  0.00709483 0.9778911  0.39179522 0.08877823501825333
27.0 0.02067921 0.         0.9507853  0.9947957  0.08515941351652145
40.0 0.7168119  0.0399624  0.97914577 0.38724744 0.05952770635485649
38.0 0.7286459  0.00709483 0.9778911  0.39179522 0.05562358349561691
39.0 0.         0.         1.         0.97553265 0.05091505125164986
27.0 0.7286459  0.00709483 0.9778911  0.39179522 0.0479314923286438
8.0 0.7358576  0.02053179 0.97169113 0.38234383 0.04437733814120293
21.0 0.00686278 0.68205327 0.15795583 1.         0.041183535009622574
16.0 0.7286459  0.00709483 0.9778911  0.39179522 0.04079536348581314
25.0 0.7286459  0.00709483 0.9778911  0.39179522 0.03937661647796631
22.0 3.220439e-04 0.000000e+00 1.000000e+00 1.000000e+00 0.03417596593499184
9.0 0.73557955 0.03940988 0.9598054  0.38382488 0.03398372232913971
17.0 3.220439e-04 0.000000e+00 1.000000e+00 1.000000e+00 0.03243565559387207
29.0 0.7358576  0.02053179 0.97169113 0.38234383 0.03106500767171383
39.0 0.         0.         0.93094534 1.         0.030166126787662506
40.0 0.2254331  0.73748785 0.64776224 1.         0.02827949821949005
2.0 0.73557955 0.03940988 0.9598054  0.38382488 0.02691219188272953
25.0 0. 0. 1. 1. 0.02602602168917656
36.0 0.73557955 0.03940988 0.9598054  0.38382488 0.02317131496965885
3.0 0. 0. 1. 1. 0.02287496253848076
35.0 0.25746953 0.7681968  0.6244868  0.99429953 0.02009275183081627
8.0 0.1905851 0.        1.        0.6273267 0.019725395366549492
17.0 0.72232777 0.14408086 0.9432549  0.3616925  0.019514745101332664
27.0 0.        0.        0.8594309 1.        0.019448164850473404
36.0 0.02067921 0.         0.9507853  0.9947957  0.01930898055434227
27.0 0.06511045 0.         1.         1.         0.018879713490605354
39.0 0.05980748 0.04144233 0.7472209  0.6792583  0.018713008612394333
9.0 0. 0. 1. 1. 0.01830941252410412
39.0 0.         0.00756741 1.         1.         0.016978876665234566
10.0 0.7358576  0.02053179 0.97169113 0.38234383 0.016898833215236664
16.0 0.00223324 0.         0.913249   1.         0.016638493165373802
6.0 0.72168463 0.02028076 1.         0.37566555 0.01564997248351574
32.0 0.7286459  0.00709483 0.9778911  0.39179522 0.015277517959475517
31.0 0.25906152 0.51349103 0.57380563 0.9878608  0.015234678983688354
27.0 0.4849465 0.5539531 0.6325772 0.6434701 0.014617950655519962
21.0 0.         0.         0.91649485 1.         0.014475641772150993
39.0 0.7358576  0.02053179 0.97169113 0.38234383 0.014110123738646507
20.0 0.7286459  0.00709483 0.9778911  0.39179522 0.013955690898001194
32.0 0.25746953 0.7681968  0.6244868  0.99429953 0.013729723170399666
16.0 0.79255134 0.         0.95760816 0.09747985 0.013344062492251396
20.0 0. 0. 1. 1. 0.013191364705562592
13.0 0.7277209  0.07442172 0.9687435  0.379394   0.012971741147339344
29.0 0.77873737 0.         1.         0.41391104 0.012791140004992485
8.0 0.0067389 0.        1.        1.        0.012708405964076519
39.0 0.         0.         0.9191524  0.64595455 0.012614455074071884
39.0 0.00686278 0.68205327 0.15795583 1.         0.012600678019225597
8.0 0.11134943 0.41863263 0.79445875 0.917673   0.012508362531661987
36.0 0.85466117 0.95308495 0.9970395  0.99593234 0.012426522560417652
42.0 0.7358576  0.02053179 0.97169113 0.38234383 0.012280433438718319
32.0 0.00223324 0.         0.913249   1.         0.011963380500674248
32.0 0.41614485 0.7755083  0.9299685  1.         0.01193197537213564
18.0 0.73557955 0.03940988 0.9598054  0.38382488 0.011705988086760044
22.0 0.        0.        0.8594309 1.        0.011171650141477585
39.0 0.         0.12849945 0.58115065 1.         0.011099228635430336
39.0 0.7048838  0.00310303 0.98761785 0.19463745 0.010685750283300877
22.0 0.        0.        1.        0.7510395 0.01066615805029869
5.0 0.         0.05316851 0.9625699  1.         0.010567925870418549
27.0 0.7925113  0.         0.96147555 0.09341002 0.010465025901794434
8.0 0.1699234  0.11440849 0.68114233 0.97812843 0.010392962023615837
17.0 0.66984904 0.         0.97577465 0.6082716  0.010323490016162395
39.0 0.3635421 0.        1.        0.8808307 0.010158566758036613
42.0 0. 0. 1. 1. 0.010015183128416538
40.0 0.23330325 0.5382163  0.59809226 0.9770586  0.009967779740691185
16.0 0.05941761 0.         1.         1.         0.009913234040141106
1.0 0.72168463 0.02028076 1.         0.37566555 0.00967288389801979
36.0 0.        0.        0.8594309 1.        0.009496938437223434
16.0 0.        0.        0.8594309 1.        0.009480580687522888
8.0 0.6898514  0.00411621 0.97489965 0.14797616 0.009470568038523197
8.0 0.04294533 0.         1.         0.89402366 0.00943501852452755
27.0 0.1506018  0.01685452 1.         1.         0.009339000098407269
41.0 0.         0.         0.91649485 1.         0.009313910268247128
17.0 0.39218068 0.02218048 0.96820295 0.39442062 0.009310628287494183
14.0 0.73557955 0.03940988 0.9598054  0.38382488 0.009282354265451431
40.0 0.7646435  0.         1.         0.44246244 0.009275270625948906
39.0 0.3157985  0.10198754 1.         1.         0.009239379316568375
8.0 0.2345669  0.6606264  0.6447512  0.98694134 0.009153862483799458
27.0 0.2733639  0.5719948  0.38823438 0.66044664 0.008989888243377209
33.0 0.7534393  0.         1.         0.38384318 0.008852469734847546
8.0 0.       0.       1.       0.978423 0.008523684926331043
8.0 0.07654279 0.10439695 0.78649914 0.5352101  0.008368213661015034
39.0 0.10159844 0.         1.         0.62613034 0.00818459503352642
17.0 0.        0.        0.8594309 1.        0.008107277564704418
10.0 0.00686278 0.68205327 0.15795583 1.         0.008045005612075329
27.0 0.       0.       1.       0.978423 0.007935820147395134
27.0 0.         0.         0.9191524  0.64595455 0.00785847194492817
15.0 0.73557955 0.03940988 0.9598054  0.38382488 0.007824620231986046
38.0 0.72232777 0.14408086 0.9432549  0.3616925  0.007800979074090719
35.0 0.34563076 0.80021715 0.767921   0.99816525 0.007794611155986786
39.0 0.77873737 0.         1.         0.41391104 0.007794120814651251
25.0 0.06511045 0.         1.         1.         0.0077880085445940495
35.0 0.7286459  0.00709483 0.9778911  0.39179522 0.007783348672091961
39.0 0.04099771 0.29045776 0.6836555  0.97105026 0.007714466657489538
22.0 0.20758063 0.02788118 0.9976812  0.62397575 0.007620042655616999
8.0 0.66984904 0.         0.97577465 0.6082716  0.007500425912439823
40.0 0.04481083 0.723405   0.53102857 1.         0.007496071979403496
32.0 0.56874377 0.86226594 0.8521746  1.         0.007376690395176411
8.0 0.48022082 0.         0.60689354 0.08508401 0.007335951551795006
