40.0 0.45614815 0.13223861 0.7686162  0.49433756 0.5007673501968384
1.0 0.4372163  0.09823354 0.80138624 0.53266275 0.212910994887352
29.0 0.45268846 0.06349604 0.82509005 0.56195694 0.14695240557193756
10.0 0.4372163  0.09823354 0.80138624 0.53266275 0.1361643522977829
28.0 0.4411878  0.06765297 0.785961   0.57584035 0.10464197397232056
38.0 0.46137607 0.12009723 0.7641766  0.50142485 0.09975431859493256
40.0 0.43498808 0.02465075 0.84415704 0.608035   0.0875910073518753
31.0 0.45268846 0.06349604 0.82509005 0.56195694 0.07706063240766525
13.0 0.4372163  0.09823354 0.80138624 0.53266275 0.06083915755152702
20.0 0.45268846 0.06349604 0.82509005 0.56195694 0.05045487731695175
30.0 0.71481925 0.5154028  0.9983863  1.         0.04667483642697334
24.0 0.        0.6935362 0.41402   1.        0.04637801647186279
14.0 0.4411878  0.06765297 0.785961   0.57584035 0.04041178897023201
7.0 0.4411878  0.06765297 0.785961   0.57584035 0.03796115517616272
28.0 0.3944712  0.         0.8540764  0.71232677 0.036554004997015
18.0 0.45521092 0.10850041 0.7699369  0.50610816 0.0360741913318634
0.0 0.4411878  0.06765297 0.785961   0.57584035 0.03320743888616562
9.0 0.45521092 0.10850041 0.7699369  0.50610816 0.03227895498275757
23.0 0.4411878  0.06765297 0.785961   0.57584035 0.026632338762283325
42.0 0.4411878  0.06765297 0.785961   0.57584035 0.0258505716919899
38.0 0.43498808 0.02465075 0.84415704 0.608035   0.025839444249868393
32.0 0.4411878  0.06765297 0.785961   0.57584035 0.025059236213564873
26.0 0.45268846 0.06349604 0.82509005 0.56195694 0.02494858205318451
36.0 0.4411878  0.06765297 0.785961   0.57584035 0.02422238141298294
25.0 0.7583592  0.49718574 1.         1.         0.023274248465895653
4.0 0.41808975 0.03656885 0.8063972  0.638412   0.022865133360028267
29.0 0.48410004 0.12107517 0.7379758  0.4806285  0.022503221407532692
25.0 0.4628899  0.09908983 0.79329133 0.5051868  0.022358249872922897
5.0 0.00332515 0.5276314  0.37111688 0.993111   0.02221284992992878
37.0 0.4411878  0.06765297 0.785961   0.57584035 0.021863486617803574
2.0 0.45268846 0.06349604 0.82509005 0.56195694 0.021687142550945282
37.0 0.         0.64951605 0.40646154 0.9900182  0.020636238157749176
24.0 0.0252903 0.8063588 0.3865525 0.9863484 0.020420053973793983
1.0 0.3790087 0.        0.8329783 0.6949904 0.01981600560247898
10.0 0.3790087 0.        0.8329783 0.6949904 0.019158298149704933
40.0 0.3820656  0.         0.96277136 0.5002183  0.01891946978867054
0.0 0.58462775 0.6444032  1.         1.         0.01813066191971302
12.0 0.4411878  0.06765297 0.785961   0.57584035 0.017583034932613373
27.0 0.4610846  0.09313267 0.78104997 0.5138116  0.016457227990031242
31.0 0.48410004 0.12107517 0.7379758  0.4806285  0.016207950189709663
16.0 0.42539442 0.11050373 0.8241621  0.5177064  0.016118694096803665
37.0 0.0252903 0.8063588 0.3865525 0.9863484 0.015986058861017227
5.0 0.4411878  0.06765297 0.785961   0.57584035 0.015705035999417305
29.0 0.3820656  0.         0.96277136 0.5002183  0.015483217313885689
15.0 0.4411878  0.06765297 0.785961   0.57584035 0.015455721877515316
34.0 0.4002838  0.         0.88651896 0.82532346 0.015285016968846321
28.0 0.026076   0.05986881 0.26488018 0.72222686 0.014986896887421608
0.0 0.         0.64951605 0.40646154 0.9900182  0.014691431075334549
21.0 0.02241886 0.07901558 0.2664825  0.791185   0.014643942937254906
29.0 0.4002838  0.         0.88651896 0.82532346 0.01455858163535595
5.0 0.71481925 0.5154028  0.9983863  1.         0.014459108002483845
1.0 0.43848395 0.         0.92589164 0.4537689  0.014422040432691574
35.0 0.4411878  0.06765297 0.785961   0.57584035 0.014351112768054008
30.0 0.45268846 0.06349604 0.82509005 0.56195694 0.013946126215159893
24.0 0.05571088 0.7749489  0.5713221  1.         0.013921041041612625
17.0 0.4411878  0.06765297 0.785961   0.57584035 0.01367863267660141
29.0 0.16977242 0.         1.         0.8830601  0.013274955563247204
24.0 0.03945276 0.8821524  0.41648626 1.         0.013160326518118382
1.0 0.44384342 0.18868618 0.7347849  0.4528008  0.01299978792667389
7.0 0.30775836 0.0493966  0.9087117  0.63879967 0.012984524480998516
6.0 0.4411878  0.06765297 0.785961   0.57584035 0.012942700646817684
8.0 0.4411878  0.06765297 0.785961   0.57584035 0.012810801155865192
34.0 0.4572088  0.05754846 0.8299721  0.59841126 0.012766540981829166
41.0 0.43243968 0.06729442 0.78392553 0.59926254 0.012701553292572498
33.0 0.45268846 0.06349604 0.82509005 0.56195694 0.012463307939469814
29.0 0.50243545 0.         1.         0.6547076  0.01235178578644991
11.0 0.3944712  0.         0.8540764  0.71232677 0.012314449064433575
24.0 0.45757502 0.11396313 0.7664636  0.5044326  0.012298023328185081
40.0 0.41323054 0.11286372 0.7064866  0.695375   0.012192231602966785
11.0 0.45521092 0.10850041 0.7699369  0.50610816 0.011958202347159386
5.0 0.03131923 0.32061443 0.26680464 0.9632913  0.011876404285430908
26.0 0.4002838  0.         0.88651896 0.82532346 0.011865156702697277
15.0 0.00512107 0.77425003 0.40623832 0.99333525 0.011752544902265072
10.0 0.53834325 0.1162526  0.7444331  0.4867447  0.011672627180814743
24.0 0.3944712  0.         0.8540764  0.71232677 0.01162306871265173
34.0 0.59059036 0.5915319  1.         1.         0.01148266065865755
30.0 0.02241886 0.07901558 0.2664825  0.791185   0.011251942254602909
34.0 0.026076   0.05986881 0.26488018 0.72222686 0.011182116344571114
36.0 0.40614158 0.         0.9003841  0.6755879  0.01093699224293232
41.0 0.01081182 0.27220207 0.29042685 0.99366516 0.010739381425082684
22.0 0.4610846  0.09313267 0.78104997 0.5138116  0.010686536319553852
36.0 0.48356158 0.13824357 0.7075806  0.5152241  0.010675461031496525
37.0 0.00116569 0.8615483  0.34446004 1.         0.01045146118849516
32.0 0.         0.764111   0.35946375 0.99246794 0.010371342301368713
21.0 0.4572088  0.05754846 0.8299721  0.59841126 0.010307682678103447
6.0 0.44889373 0.         1.         0.5992105  0.010287446901202202
29.0 0.29268116 0.1508795  1.         0.98481846 0.010283092968165874
30.0 0.4002838  0.         0.88651896 0.82532346 0.010170833207666874
10.0 0.43848395 0.         0.92589164 0.4537689  0.01012126449495554
30.0 0.7857961  0.48776755 1.         0.9876447  0.00979162659496069
3.0 0.41808975 0.03656885 0.8063972  0.638412   0.009658359922468662
2.0 0.48410004 0.12107517 0.7379758  0.4806285  0.009575643576681614
16.0 0.71481925 0.5154028  0.9983863  1.         0.009503974579274654
28.0 0.42163974 0.12631449 0.88868076 1.         0.009429962374269962
9.0 0.4298517  0.02271304 0.84268373 0.63191104 0.009323295205831528
24.0 0.         0.75488436 0.33085558 1.         0.009302460588514805
24.0 0.         0.4990091  0.33437783 0.9954721  0.009199959225952625
4.0 0.4793168  0.09476122 0.7638538  0.5006113  0.009109055623412132
34.0 0.         0.6737608  0.4582684  0.99380744 0.009053732268512249
0.0 0.699427  0.7682696 0.9964241 0.993288  0.008949104696512222
