8.0 0.         0.16432795 0.9959049  1.         0.7195723056793213
8.0 0.        0.        1.        0.9783407 0.13943833112716675
39.0 0.01951814 0.08735722 1.         1.         0.06433606892824173
8.0 0.02131176 0.07606274 1.         1.         0.04924047365784645
17.0 0.0105955  0.12594172 1.         1.         0.048676714301109314
22.0 0.00813675 0.10846633 1.         1.         0.04468701407313347
8.0 0.10322115 0.4296197  0.9077525  0.9253348  0.03981838747859001
12.0 0.         0.13887647 1.         1.         0.035169538110494614
36.0 0.00155395 0.         1.         1.         0.03468441963195801
33.0 0.01072824 0.14800969 1.         1.         0.03441963344812393
35.0 0.0105955  0.12594172 1.         1.         0.03380056098103523
31.0 0.00935405 0.09824094 1.         0.9922329  0.033698514103889465
3.0 0.         0.13887647 1.         1.         0.03359339013695717
20.0 0.         0.13887647 1.         1.         0.0262608602643013
8.0 0.         0.6372694  0.50734794 0.99454427 0.025458550080657005
6.0 0.04821384 0.06305182 0.98235095 0.9727315  0.025043781846761703
19.0 0.02610373 0.16184461 1.         0.984326   0.021972527727484703
2.0 0.         0.03793824 1.         1.         0.021720143035054207
9.0 0. 0. 1. 1. 0.020773492753505707
32.0 0.03337941 0.06264523 1.         1.         0.019602280110120773
42.0 0.03524116 0.07658339 1.         1.         0.018282875418663025
8.0 0.49955046 0.28281826 0.9535606  0.9412804  0.018263662233948708
27.0 0.01072824 0.14800969 1.         1.         0.018224801868200302
16.0 0.         0.16432795 0.9959049  1.         0.017983533442020416
8.0 0.21345174 0.38142145 1.         1.         0.01725800707936287
33.0 0.09381002 0.         1.         1.         0.017170937731862068
13.0 0.06699321 0.10581905 1.         1.         0.01670803315937519
3.0 0.        0.1746059 1.        1.        0.01630961336195469
17.0 0.        0.        1.        0.9698604 0.014015568420290947
27.0 0.09381002 0.         1.         1.         0.013756971806287766
9.0 0.13913757 0.20319274 1.         0.97847986 0.012679101899266243
39.0 0.         0.         1.         0.96578807 0.012376997619867325
23.0 0.01072824 0.14800969 1.         1.         0.011667540296912193
3.0 0.11758131 0.41816604 0.92443854 0.90803885 0.011606717482209206
22.0 0.12535313 0.4058931  0.98755014 0.8927237  0.011358452960848808
33.0 0.         0.04249358 0.98477215 1.         0.01134425587952137
42.0 0.         0.         0.89304006 1.         0.01121521182358265
8.0 0.         0.04249358 0.98477215 1.         0.010916389524936676
29.0 0.00813675 0.10846633 1.         1.         0.010883970186114311
32.0 0.09381002 0.         1.         1.         0.010750005021691322
39.0 0.        0.1746059 1.        1.        0.010597358457744122
16.0 0.09381002 0.         1.         1.         0.0104629872366786
8.0 0.         0.         0.95897996 1.         0.010398000478744507
16.0 0.         0.         0.89304006 1.         0.010393585078418255
12.0 0.         0.04249358 0.98477215 1.         0.010348335839807987
31.0 0.        0.        1.        0.9698604 0.010050849989056587
8.0 0.00947601 0.33051372 0.5377871  1.         0.00991822499781847
8.0 0.23059657 0.34037367 1.         0.80763173 0.009684932418167591
25.0 0.         0.03793824 1.         1.         0.009675807319581509
17.0 0.        0.1746059 1.        1.        0.009531029500067234
15.0 0.         0.13887647 1.         1.         0.009503381326794624
8.0 0.31945682 0.18719909 0.82089806 0.9002385  0.009484933689236641
4.0 0.         0.11708263 1.         1.         0.009101811796426773
5.0 0.         0.13887647 1.         1.         0.00870606116950512
36.0 0.09062204 0.306963   0.8591788  1.         0.0086088627576828
6.0 0.09381002 0.         1.         1.         0.008557509630918503
22.0 0.        0.        1.        0.9698604 0.008521630428731441
11.0 0.01376742 0.10286179 1.         1.         0.008505124598741531
11.0 0.20041233 0.26617694 0.76186657 0.95565724 0.00837974064052105
33.0 0.         0.         1.         0.96578807 0.008372768759727478
8.0 0.21040636 0.75499964 0.85092765 1.         0.008362114429473877
3.0 0.09381002 0.         1.         1.         0.008336693048477173
10.0 0.0779241  0.         0.90624833 0.9334176  0.008213470689952374
11.0 0.         0.         0.89304006 1.         0.008176757954061031
22.0 0.         0.31878918 0.9603225  1.         0.008130813017487526
33.0 0.3331828 0.2599057 1.        1.        0.008110464550554752
35.0 0.         0.19044203 1.         1.         0.008087607100605965
42.0 0.09381002 0.         1.         1.         0.008040710352361202
4.0 0.         0.04249358 0.98477215 1.         0.007854201830923557
41.0 0.         0.13887647 1.         1.         0.007783879525959492
36.0 0.         0.         0.89304006 1.         0.007713531609624624
40.0 0.         0.08373556 0.9536143  1.         0.007708095479756594
4.0 0.11225006 0.28353634 0.8963201  0.76411605 0.007685115560889244
6.0 0.         0.         0.89304006 1.         0.007557420525699854
27.0 0.         0.         0.89304006 1.         0.007443910930305719
35.0 0.         0.         1.         0.93464756 0.007409011013805866
23.0 0.         0.         1.         0.96578807 0.007371528539806604
20.0 0.         0.         0.89304006 1.         0.007179464679211378
39.0 0.09381002 0.         1.         1.         0.007174938917160034
3.0 0.0804202  0.29543298 0.8087593  0.7219327  0.007142846472561359
8.0 0.00615831 0.7732182  0.37399203 0.9839389  0.007138985209167004
23.0 0.09381002 0.         1.         1.         0.007130260579288006
9.0 0.21541905 0.         1.         0.97166455 0.007108692079782486
1.0 0.06699321 0.10581905 1.         1.         0.007093385327607393
27.0 0.         0.         1.         0.96578807 0.007060150150209665
33.0 0.49955046 0.28281826 0.9535606  0.9412804  0.006945285014808178
35.0 0.         0.69713473 0.5026047  1.         0.0069276983849704266
31.0 0.         0.         0.89304006 1.         0.006894415710121393
9.0 0.48658228 0.22082087 0.969946   0.9161694  0.006789352744817734
8.0 0.        0.4415372 0.8699689 1.        0.006717158015817404
19.0 0.        0.        1.        0.9783407 0.0067168050445616245
15.0 0.07747269 0.27718014 0.7062459  0.98595005 0.006694070994853973
38.0 0.         0.08373556 0.9536143  1.         0.006693406030535698
40.0 0.7554107 0.        1.        0.2392225 0.006659253034740686
39.0 0.         0.         0.95897996 1.         0.006569886114448309
36.0 0.20563045 0.11131468 0.95151675 0.9627234  0.0065057119354605675
41.0 0.         0.04946947 0.81006414 1.         0.00650077685713768
35.0 0.21345174 0.38142145 1.         1.         0.006318117491900921
3.0 0.        0.4415372 0.8699689 1.        0.006283363793045282
32.0 0.09062204 0.306963   0.8591788  1.         0.0061993966810405254
