24.0 0.23018259 0.5304744  0.7822307  0.67123437 0.37473392486572266
28.0 0.27692142 0.14912099 0.7002138  0.39516014 0.27267080545425415
28.0 0.28201312 0.11329965 0.74235874 0.60046023 0.213113471865654
34.0 0.23721173 0.538682   0.7718102  0.6608027  0.1980183869600296
4.0 0.23391572 0.514642   0.76568294 0.69460094 0.17479990422725677
37.0 0.27965903 0.1503076  0.70743084 0.37792355 0.144871786236763
34.0 0.26270586 0.14065811 0.7501511  0.6817496  0.13095372915267944
26.0 0.28201312 0.11329965 0.74235874 0.60046023 0.11296334117650986
37.0 0.2770157  0.11016802 0.74357915 0.59823096 0.10369541496038437
0.0 0.2770157  0.11016802 0.74357915 0.59823096 0.099992536008358
10.0 0.28201312 0.11329965 0.74235874 0.60046023 0.09810227155685425
26.0 0.23721173 0.538682   0.7718102  0.6608027  0.09603023529052734
21.0 0.2302401  0.5323244  0.7740618  0.67302376 0.08978042751550674
10.0 0.2750213  0.1434385  0.71539015 0.39065844 0.08937152475118637
11.0 0.23721173 0.538682   0.7718102  0.6608027  0.0878070741891861
34.0 0.27965903 0.1503076  0.70743084 0.37792355 0.08725517243146896
5.0 0.25576383 0.11230361 0.74812955 0.69896924 0.08075210452079773
7.0 0.27640015 0.14725322 0.7071614  0.37514323 0.07854508608579636
5.0 0.27924585 0.15483755 0.7061051  0.37604332 0.07577870786190033
24.0 0.27924585 0.15483755 0.7061051  0.37604332 0.07483842223882675
24.0 0.23883945 0.4888047  0.75630414 0.7630011  0.07366426289081573
0.0 0.27924585 0.15483755 0.7061051  0.37604332 0.0718216821551323
5.0 0.23721173 0.538682   0.7718102  0.6608027  0.06854710727930069
28.0 0.31334695 0.2531369  0.74864745 0.7776722  0.06307211518287659
26.0 0.2636301  0.31276584 0.7773052  0.73894167 0.059813957661390305
34.0 0.22490847 0.5170835  0.7861736  0.7522881  0.05924392491579056
10.0 0.23648542 0.46334127 0.75346994 0.73080707 0.05715171992778778
1.0 0.3033703  0.07959649 0.74001986 0.6413524  0.05299718305468559
34.0 0.24915645 0.5741029  0.66082585 0.6107291  0.04951440542936325
4.0 0.2372133  0.57533336 0.63044673 0.6102816  0.048180729150772095
7.0 0.28201312 0.11329965 0.74235874 0.60046023 0.046947602182626724
28.0 0.23185319 0.5156194  0.77778405 0.6925366  0.04546838626265526
30.0 0.28201312 0.11329965 0.74235874 0.60046023 0.04453585296869278
26.0 0.23497303 0.5716874  0.57874584 0.6101553  0.043998971581459045
24.0 0.3165722  0.5458882  0.76656544 0.63010657 0.04270266368985176
4.0 0.2750213  0.1434385  0.71539015 0.39065844 0.042468369007110596
15.0 0.23721173 0.538682   0.7718102  0.6608027  0.042137354612350464
4.0 0.22293393 0.54300106 0.6671428  0.64417505 0.042078375816345215
3.0 0.23721173 0.538682   0.7718102  0.6608027  0.04104369133710861
32.0 0.28201312 0.11329965 0.74235874 0.60046023 0.04090229421854019
34.0 0.32302594 0.57536536 0.6667326  0.63810533 0.0397690124809742
41.0 0.25576195 0.12756196 0.75244486 0.67396045 0.038876164704561234
18.0 0.27924585 0.15483755 0.7061051  0.37604332 0.03828280419111252
34.0 0.17366606 0.43823022 0.7935273  0.938031   0.037419453263282776
4.0 0.21773848 0.56325567 0.4813458  0.6169677  0.03635840117931366
4.0 0.2740965  0.09101778 0.7555915  0.64149916 0.035815563052892685
21.0 0.25394046 0.14753698 0.75742006 0.64534205 0.03550534322857857
32.0 0.23018259 0.5304744  0.7822307  0.67123437 0.03527069836854935
4.0 0.278329   0.57842165 0.65894645 0.6317511  0.033886220306158066
24.0 0.21773848 0.56325567 0.4813458  0.6169677  0.03330063074827194
32.0 0.27917144 0.15302895 0.7078202  0.35924506 0.03309566527605057
12.0 0.26270586 0.14065811 0.7501511  0.6817496  0.03297610953450203
23.0 0.2770157  0.11016802 0.74357915 0.59823096 0.031961023807525635
26.0 0.27803952 0.13651791 0.70394343 0.4011539  0.03187652677297592
29.0 0.3033703  0.07959649 0.74001986 0.6413524  0.03127440810203552
1.0 0.27640015 0.14725322 0.7071614  0.37514323 0.03076990321278572
26.0 0.23927101 0.48268384 0.79405534 0.86463505 0.0305551178753376
18.0 0.2302401  0.5323244  0.7740618  0.67302376 0.03053336590528488
11.0 0.27965903 0.1503076  0.70743084 0.37792355 0.03034491278231144
4.0 0.34259215 0.5554331  0.68548906 0.6112941  0.03014063648879528
37.0 0.2636301  0.31276584 0.7773052  0.73894167 0.02980010397732258
21.0 0.23624212 0.35823676 0.7869418  0.71022606 0.028811724856495857
21.0 0.23404679 0.56301665 0.71564364 0.6270733  0.02857634611427784
24.0 0.28201312 0.11329965 0.74235874 0.60046023 0.02809717506170273
26.0 0.22724386 0.5676791  0.6959115  0.6254396  0.02769450843334198
24.0 0.23702258 0.34688663 0.7957923  0.70735085 0.027658268809318542
40.0 0.29753077 0.16426209 0.7133429  0.3609762  0.027197983115911484
5.0 0.17010257 0.26184502 0.7756349  1.         0.026518814265727997
11.0 0.2770157  0.11016802 0.74357915 0.59823096 0.025710761547088623
33.0 0.2836216  0.11907947 0.74825484 0.7120929  0.025494033470749855
19.0 0.23018259 0.5304744  0.7822307  0.67123437 0.025224879384040833
30.0 0.17010257 0.26184502 0.7756349  1.         0.024971727281808853
37.0 0.22914249 0.53921676 0.7660556  0.6627395  0.02450278028845787
34.0 0.29020137 0.38260034 0.71255225 0.8278613  0.024309154599905014
5.0 0.22390342 0.51318127 0.7489697  0.75710374 0.024129541590809822
11.0 0.23497303 0.5716874  0.57874584 0.6101553  0.02335309609770775
20.0 0.26270586 0.14065811 0.7501511  0.6817496  0.02333536557853222
4.0 0.39186168 0.56845576 0.7146723  0.6380722  0.023201176896691322
4.0 0.23702258 0.34688663 0.7957923  0.70735085 0.02254105918109417
24.0 0.2372133  0.57533336 0.63044673 0.6102816  0.02200549654662609
24.0 0.39186168 0.56845576 0.7146723  0.6380722  0.021818362176418304
0.0 0.23463893 0.31783834 0.7748854  0.74618185 0.02164028398692608
11.0 0.23463893 0.31783834 0.7748854  0.74618185 0.021303122863173485
4.0 0.2469351  0.578421   0.43898913 0.60184133 0.021098673343658447
34.0 0.3665634  0.5514497  0.7012986  0.61075944 0.020859336480498314
24.0 0.50032943 0.5632033  0.7673541  0.6239254  0.020587945356965065
2.0 0.23721173 0.538682   0.7718102  0.6608027  0.02054842934012413
7.0 0.2636301  0.31276584 0.7773052  0.73894167 0.020384278148412704
32.0 0.2636301  0.31276584 0.7773052  0.73894167 0.020265376195311546
5.0 0.31286505 0.41293332 0.7643688  0.9021367  0.020096339285373688
26.0 0.34259215 0.5554331  0.68548906 0.6112941  0.019383596256375313
34.0 0.21773848 0.56325567 0.4813458  0.6169677  0.019213149324059486
39.0 0.23648542 0.46334127 0.75346994 0.73080707 0.01916511356830597
21.0 0.2372133  0.57533336 0.63044673 0.6102816  0.019131086766719818
28.0 0.24350725 0.41258642 0.71974456 0.92593277 0.01911613903939724
10.0 0.23721173 0.538682   0.7718102  0.6608027  0.0190063938498497
30.0 0.31334695 0.2531369  0.74864745 0.7776722  0.01860380545258522
10.0 0.24312106 0.26156113 0.79021287 0.7693813  0.01760489121079445
19.0 0.2773262  0.12472853 0.7484853  0.5666939  0.017501380294561386
39.0 0.23721173 0.538682   0.7718102  0.6608027  0.017492732033133507
