0.0 0.0161041  0.23190251 0.3012274  0.5004257  0.40131688117980957
20.0 0.75851405 0.1603238  1.         0.38808447 0.25599509477615356
5.0 0.013469   0.22715642 0.302377   0.52000475 0.17532913386821747
15.0 0.0161041  0.23190251 0.3012274  0.5004257  0.10971388965845108
41.0 0.75851405 0.1603238  1.         0.38808447 0.07981474697589874
16.0 0.0274394  0.21756908 0.28982776 0.5204705  0.0782775729894638
37.0 0.0161041  0.23190251 0.3012274  0.5004257  0.07343500107526779
7.0 0.7501427  0.15408619 1.         0.3957578  0.06628278642892838
8.0 0.05515748 0.44939083 0.2560358  0.6088466  0.057235486805438995
24.0 0.         0.2387954  0.29836872 0.46532005 0.050234582275152206
7.0 0.0161041  0.23190251 0.3012274  0.5004257  0.04842214658856392
14.0 0.7501427  0.15408619 1.         0.3957578  0.04704902693629265
27.0 0.7501427  0.15408619 1.         0.3957578  0.04242455214262009
10.0 0.74606574 0.13909355 1.         0.40811053 0.04089575633406639
25.0 0.0274394  0.21756908 0.28982776 0.5204705  0.04013325646519661
30.0 0.00522168 0.17877878 0.30541402 0.5477359  0.03681834042072296
20.0 0.71108025 0.15339144 0.9896522  0.5827007  0.03547186404466629
23.0 0.36619756 0.40090078 0.49822584 0.51431584 0.035041630268096924
29.0 0.03112032 0.2222505  0.28841436 0.5309991  0.03461539372801781
39.0 0.756628   0.16546814 1.         0.38818413 0.0346008837223053
31.0 0.0274394  0.21756908 0.28982776 0.5204705  0.03417409956455231
26.0 0.03941026 0.3212062  0.91627574 1.         0.03271768242120743
20.0 0.7086097  0.01467617 1.         0.356461   0.032026056200265884
1.0 0.75444955 0.0896733  0.99377114 0.41617143 0.03192602097988129
36.0 0.7656047  0.16055432 0.99793345 0.39564982 0.030957628041505814
22.0 0.75851405 0.1603238  1.         0.38808447 0.027753472328186035
40.0 0.7703012  0.09478991 0.9946246  0.41177678 0.026808442547917366
18.0 0.0161041  0.23190251 0.3012274  0.5004257  0.026597516611218452
27.0 0.0215926  0.21426556 0.3022828  0.6346538  0.026507223024964333
27.0 0.71108025 0.15339144 0.9896522  0.5827007  0.024631399661302567
0.0 2.2603571e-04 2.6588932e-01 2.5708246e-01 4.1985449e-01 0.02448156848549843
32.0 0.75613415 0.17097628 1.         0.3840742  0.023820698261260986
20.0 0.0215926  0.21426556 0.3022828  0.6346538  0.023555317893624306
11.0 0.7608446  0.153676   1.         0.39078692 0.02329711988568306
32.0 0.03112032 0.2222505  0.28841436 0.5309991  0.02309422194957733
40.0 0.02321446 0.21518736 0.29776326 0.5456447  0.021881353110074997
34.0 0.01267405 0.23968244 0.30011415 0.4818625  0.02106497995555401
20.0 0.6364469  0.39589366 0.8275195  0.57335055 0.020307721570134163
35.0 0.0274394  0.21756908 0.28982776 0.5204705  0.020168308168649673
34.0 0.03941026 0.3212062  0.91627574 1.         0.020047754049301147
23.0 0.342193   0.37473303 0.61162084 0.5609225  0.019714951515197754
26.0 0.33237302 0.2261445  0.62028885 0.63933754 0.019269641488790512
20.0 0.5814562  0.1256612  0.9603028  0.43544054 0.019223203882575035
39.0 0.033188   0.24006014 0.29030824 0.6137151  0.019004546105861664
3.0 0.04789142 0.28400308 0.28230023 0.7271792  0.01878282241523266
28.0 0.00522168 0.17877878 0.30541402 0.5477359  0.018287865445017815
12.0 0.02879213 0.23923075 0.301044   0.75685567 0.017855243757367134
38.0 0.7528694  0.13181898 0.99651605 0.4137425  0.01775861717760563
20.0 0.7789075  0.22804862 0.9785915  0.3574093  0.01713460311293602
8.0 0.7501427  0.15408619 1.         0.3957578  0.017099440097808838
37.0 0.03506264 0.13742024 0.34717605 0.75178427 0.016612619161605835
26.0 0.35220328 0.35936308 0.6046661  0.573038   0.01636183261871338
20.0 0.69472814 0.2114767  0.973024   0.4279148  0.016108805313706398
24.0 0.7608446  0.153676   1.         0.39078692 0.016055099666118622
41.0 0.0215926  0.21426556 0.3022828  0.6346538  0.01571653038263321
32.0 0.34034315 0.33517104 0.6179569  0.5939671  0.015570522285997868
10.0 0.0215926  0.21426556 0.3022828  0.6346538  0.015523304231464863
21.0 0.7560071  0.15880875 1.         0.3865307  0.015444638207554817
33.0 0.35220328 0.35936308 0.6046661  0.573038   0.015236439183354378
26.0 0.03506264 0.13742024 0.34717605 0.75178427 0.01523546688258648
42.0 0.7798048  0.1115523  0.99384236 0.3973605  0.015085290186107159
1.0 0.362416  0.2626586 0.5945243 0.5973026 0.014965680427849293
3.0 0.75405496 0.11042239 0.9954327  0.43102902 0.014843937940895557
29.0 0.09840804 0.17434224 1.         1.         0.014808528125286102
0.0 0.01626171 0.15024576 0.4293118  0.47643623 0.01452167984098196
5.0 0.00192319 0.2524261  0.270181   0.40666622 0.01452019065618515
39.0 0.731501   0.1803753  0.98073125 0.57379496 0.014278960414230824
8.0 0.05817557 0.46440592 0.1918684  0.5764237  0.0142665421590209
38.0 0.         0.21431753 0.2907083  0.51515496 0.01424485258758068
10.0 0.71108025 0.15339144 0.9896522  0.5827007  0.014216610230505466
14.0 0.7962376  0.04138876 0.99088156 0.3500995  0.013849529437720776
20.0 0.5466023  0.01918685 1.         0.6192184  0.013724655844271183
28.0 0.03506264 0.13742024 0.34717605 0.75178427 0.013619298115372658
2.0 0.0274394  0.21756908 0.28982776 0.5204705  0.013614187017083168
24.0 0.3149037  0.29574603 0.6409825  0.6232829  0.01360691525042057
5.0 0.7560071  0.15880875 1.         0.3865307  0.013591128401458263
0.0 0.52737254 0.6363689  1.         1.         0.013590527698397636
22.0 0.05887766 0.4614703  0.23074307 0.59498507 0.013550314120948315
32.0 0.03506264 0.13742024 0.34717605 0.75178427 0.013548020273447037
5.0 0.03506264 0.13742024 0.34717605 0.75178427 0.013458597473800182
29.0 0.03506264 0.13742024 0.34717605 0.75178427 0.013369004242122173
23.0 0.3149037  0.29574603 0.6409825  0.6232829  0.013010039925575256
8.0 0.63442105 0.39926374 0.84994787 0.57105285 0.012979869730770588
34.0 0.00516661 0.203122   0.38475084 0.6734961  0.01296459510922432
24.0 0.         0.1793806  0.2887472  0.54584306 0.012443088926374912
19.0 0.01267405 0.23968244 0.30011415 0.4818625  0.012417322024703026
37.0 0.35220328 0.35936308 0.6046661  0.573038   0.012346609495580196
6.0 0.75613415 0.17097628 1.         0.3840742  0.012256205081939697
15.0 0.00192319 0.2524261  0.270181   0.40666622 0.012178811244666576
32.0 0.7772404  0.03180268 0.99135935 0.36185476 0.01215308252722025
13.0 0.36601758 0.40405935 0.49747974 0.51279324 0.0121367322281003
26.0 0.06669521 0.22284238 0.5471585  0.6753266  0.011971996165812016
4.0 0.7804124  0.16285187 0.9742605  0.26386413 0.011894862167537212
33.0 0.0215926  0.21426556 0.3022828  0.6346538  0.011826420202851295
20.0 0.06129611 0.31448758 0.26199982 0.6965755  0.011633827351033688
4.0 0.013469   0.22715642 0.302377   0.52000475 0.011607718653976917
18.0 0.7528694  0.13181898 0.99651605 0.4137425  0.011566977016627789
26.0 0.01092899 0.5537841  0.3135356  1.         0.011384655721485615
4.0 0.76278794 0.16940159 0.9967233  0.3617202  0.011365893296897411
26.0 0.         0.07101756 0.6958109  0.8238903  0.011364639736711979
