33.0 0.28819633 0.14648774 0.8535006  0.802657   0.2951450049877167
32.0 0.28819633 0.14648774 0.8535006  0.802657   0.1936403512954712
1.0 0.28819633 0.14648774 0.8535006  0.802657   0.16966231167316437
26.0 0.28819633 0.14648774 0.8535006  0.802657   0.16487334668636322
12.0 0.2869183  0.13662374 0.86703146 0.80546474 0.14019206166267395
23.0 0.27569175 0.13551947 0.8541149  0.78679574 0.1358487755060196
20.0 0.2807258  0.13685375 0.8976878  0.80678594 0.09402516484260559
8.0 0.2869183  0.13662374 0.86703146 0.80546474 0.08699827641248703
37.0 0.27569175 0.13551947 0.8541149  0.78679574 0.07923401147127151
37.0 0.2536702  0.18095528 0.76937556 0.5190977  0.078013576567173
29.0 0.2807258  0.13685375 0.8976878  0.80678594 0.07613106817007065
11.0 0.2641173  0.17952256 0.74287194 0.44973892 0.04766222834587097
6.0 0.2956448  0.13766387 0.8550465  0.80311966 0.044238973408937454
24.0 0.25910372 0.16520044 0.7562526  0.520807   0.04341987520456314
15.0 0.7470067  0.83769363 0.88099974 0.90696484 0.043146923184394836
39.0 0.28144306 0.10321251 0.87614566 0.84646404 0.037928737699985504
5.0 0.28144306 0.10321251 0.87614566 0.84646404 0.03789837285876274
19.0 0.2896128  0.13593632 0.8333237  0.8094935  0.037002064287662506
23.0 0.26818126 0.18240564 0.75544006 0.46839732 0.034163698554039
34.0 0.27569175 0.13551947 0.8541149  0.78679574 0.031925931572914124
24.0 0.27569175 0.13551947 0.8541149  0.78679574 0.03187444806098938
4.0 0.26867127 0.1579307  0.8570683  0.75903857 0.03179457411170006
11.0 0.28153023 0.13979283 0.83899844 0.7524891  0.030377069488167763
32.0 0.25312665 0.17396343 0.75548863 0.5045985  0.026080554351210594
23.0 0.20668417 0.05933815 1.         0.98469085 0.022765349596738815
3.0 0.2956448  0.13766387 0.8550465  0.80311966 0.021655332297086716
40.0 0.28063107 0.11552826 0.9296181  0.8915181  0.021382782608270645
10.0 0.2689777  0.1498174  0.88860697 0.78345245 0.021020639687776566
1.0 0.2641173  0.17952256 0.74287194 0.44973892 0.02013438567519188
24.0 0.277928   0.7395416  0.72439015 1.         0.0198819637298584
31.0 0.28144306 0.10321251 0.87614566 0.84646404 0.01875140517950058
4.0 0.28268892 0.18285823 0.7133754  0.39028102 0.018688753247261047
28.0 0.28144306 0.10321251 0.87614566 0.84646404 0.018319863826036453
33.0 0.21558154 0.         1.         0.895435   0.017978042364120483
24.0 0.3160445  0.8776324  0.6386471  0.99915993 0.01782893016934395
37.0 0.26800233 0.18766811 0.68300307 0.37433466 0.016837824136018753
13.0 0.25894967 0.13904873 0.8408377  0.69309855 0.01683172397315502
36.0 0.28144306 0.10321251 0.87614566 0.84646404 0.01682271435856819
2.0 0.7910836  0.8431231  0.88448095 0.88800514 0.016790976747870445
29.0 0.3355275  0.02694076 1.         1.         0.016140343621373177
30.0 0.28144306 0.10321251 0.87614566 0.84646404 0.01612907461822033
21.0 0.28144306 0.10321251 0.87614566 0.84646404 0.015244569629430771
16.0 0.3101867  0.12838012 0.84027743 0.8449363  0.014619900844991207
15.0 0.2956448  0.13766387 0.8550465  0.80311966 0.014557554386556149
24.0 0.39150053 0.83965284 0.5686615  0.9001002  0.014254583977162838
19.0 0.26818126 0.18240564 0.75544006 0.46839732 0.014114707708358765
32.0 0.2869669  0.         1.         0.98844516 0.013758927583694458
26.0 0.2590536  0.17153348 0.7666389  0.5342987  0.013622021302580833
33.0 0.24938819 0.11878622 1.         1.         0.013561549596488476
35.0 0.74579436 0.83725023 0.8714226  0.9027089  0.013431090861558914
35.0 0.27997908 0.09811559 0.9771662  0.96592605 0.013261689804494381
13.0 0.26818126 0.18240564 0.75544006 0.46839732 0.013249252922832966
31.0 0.9003238  0.         0.9987518  0.23530999 0.013101613149046898
24.0 0.20804976 0.8975923  0.5738825  1.         0.01266210712492466
24.0 0.6570544  0.8014411  0.87998986 0.93207276 0.012186410836875439
24.0 0.2660373  0.15997127 0.71456665 0.35260537 0.012156249023973942
24.0 0.06642917 0.73413706 0.6065062  1.         0.01214816514402628
26.0 0.18037686 0.03562868 0.9037708  0.58800113 0.011993438005447388
23.0 0.14410502 0.         1.         0.89729196 0.011945711448788643
24.0 0.74718094 0.8346457  0.87561643 0.90628    0.011915392242372036
26.0 0.25879607 0.00790381 1.         1.         0.011909399181604385
19.0 0.00802242 0.87909627 0.09987368 1.         0.011836661025881767
37.0 0.30429626 0.19210824 1.         0.944731   0.011790953576564789
24.0 0.42513892 0.7793044  0.96221554 1.         0.011478769592940807
8.0 0.24113494 0.01032221 1.         1.         0.011340373195707798
24.0 0.34696513 0.71109974 0.8815207  0.9919045  0.011123528704047203
4.0 0.25029057 0.05188897 0.84127027 0.49525574 0.011112712323665619
21.0 0.         0.26511407 0.21938002 1.         0.011023402214050293
24.0 0.22081476 0.92091453 0.40207845 0.98700154 0.010966639034450054
0.0 0.7463109  0.8322508  0.8718266  0.90608686 0.01096251793205738
24.0 0.43026286 0.8276359  0.59055966 0.88760483 0.010882902890443802
29.0 0.20900872 0.         1.         0.7336381  0.010837662033736706
27.0 0.3101867  0.12838012 0.84027743 0.8449363  0.01077292487025261
19.0 0.20668417 0.05933815 1.         0.98469085 0.010460701771080494
7.0 0.28063107 0.11552826 0.9296181  0.8915181  0.010399030521512032
33.0 0.02999645 0.         1.         0.8082315  0.010242775082588196
24.0 0.27904668 0.8307154  0.6201103  0.9670683  0.010205330327153206
4.0 0.4062732  0.83774596 0.58585626 0.89672655 0.010041688568890095
34.0 0.3975085  0.8385867  0.57896614 0.8986136  0.009952150285243988
30.0 0.0104562  0.86028564 0.10436743 1.         0.009557688608765602
31.0 0.80064845 0.74089265 0.99759805 1.         0.00950576551258564
34.0 0.04347685 0.77095497 0.62047005 1.         0.009503399953246117
34.0 0.         0.65949506 0.44408175 0.9997265  0.009480907581746578
32.0 0.14410502 0.         1.         0.89729196 0.009363282471895218
35.0 0.7489634  0.8628363  0.84628016 0.9011982  0.00936003215610981
34.0 0.3194751  0.12735894 1.         1.         0.00933824572712183
24.0 0.31104344 0.71015996 0.56943035 0.88884753 0.009289860725402832
30.0 0.01025176 0.77609867 0.1754283  1.         0.009273290634155273
34.0 0.27641323 0.70875674 0.72419405 0.9905867  0.009209465235471725
22.0 0.2956448  0.13766387 0.8550465  0.80311966 0.009040568955242634
14.0 0.27956513 0.11804101 0.90057075 0.8216444  0.008949298411607742
4.0 0.2587139 0.7739542 0.7393714 1.        0.008946012705564499
12.0 0.24938819 0.11878622 1.         1.         0.008847254328429699
16.0 0.86784774 0.         1.         0.24589945 0.008793000131845474
32.0 0.74519145 0.83159965 0.86336374 0.90528923 0.00878230482339859
23.0 0.12241584 0.         1.         0.6850255  0.008776042610406876
2.0 0.3125755  0.14253992 0.815089   0.773676   0.008746991865336895
15.0 0.7910836  0.8431231  0.88448095 0.88800514 0.0087041687220335
24.0 0.2122237 0.828247  0.6086161 1.        0.008661090396344662
0.0 0.24189481 0.12775236 0.8718407  0.80060154 0.008595101535320282
