15.0 0.31870183 0.75199515 0.640471   0.99897355 0.5729149580001831
29.0 0.3996107  0.00746208 0.91563565 0.78337026 0.283412903547287
0.0 0.3236844  0.7528806  0.63866264 1.         0.2140093445777893
28.0 0.40781593 0.         0.9054043  0.81254035 0.19000598788261414
10.0 0.40781593 0.         0.9054043  0.81254035 0.140947163105011
37.0 0.30297178 0.71387637 0.8959368  0.99100125 0.1183549091219902
24.0 0.31870183 0.75199515 0.640471   0.99897355 0.11492349952459335
1.0 0.36905786 0.01003656 0.8716824  0.79893017 0.10722913593053818
29.0 0.17727208 0.         0.8355746  0.96644676 0.10165289044380188
0.0 0.30297178 0.71387637 0.8959368  0.99100125 0.09629352390766144
5.0 0.41039842 0.         0.9046795  0.86423767 0.08220640569925308
41.0 0.38439256 0.         0.92117506 0.8655528  0.06982436031103134
37.0 0.27385595 0.47963127 0.90231323 1.         0.06813552975654602
28.0 0.17727208 0.         0.8355746  0.96644676 0.06179771572351456
37.0 0.32131585 0.7552485  0.6328192  1.         0.057660769671201706
31.0 0.31522074 0.7503248  0.64289653 1.         0.05638148635625839
1.0 0.40710646 0.0168231  0.6927821  0.41935223 0.055376626551151276
35.0 0.3051964 0.761465  0.635271  0.9988319 0.054638929665088654
34.0 0.30297178 0.71387637 0.8959368  0.99100125 0.05182306468486786
12.0 0.333005   0.         0.88009053 0.9030703  0.04990295693278313
4.0 0.7572643  0.         0.95002824 0.7935988  0.04839908331632614
24.0 0.30297178 0.71387637 0.8959368  0.99100125 0.04802364483475685
28.0 0.42044005 0.         0.6766639  0.7261806  0.04662485048174858
21.0 0.758868   0.         0.9586375  0.81598437 0.04528582841157913
40.0 0.36905786 0.01003656 0.8716824  0.79893017 0.045168545097112656
2.0 0.32131585 0.7552485  0.6328192  1.         0.04411793127655983
0.0 0.27385595 0.47963127 0.90231323 1.         0.04303980618715286
5.0 0.30297178 0.71387637 0.8959368  0.99100125 0.042768724262714386
29.0 0.42044005 0.         0.6766639  0.7261806  0.04244370386004448
40.0 0.31441265 0.75381523 0.64298993 0.99904627 0.04209480434656143
7.0 0.40781593 0.         0.9054043  0.81254035 0.041930194944143295
15.0 0.30297178 0.71387637 0.8959368  0.99100125 0.04048924520611763
30.0 0.3996107  0.00746208 0.91563565 0.78337026 0.04005865380167961
7.0 0.30297178 0.71387637 0.8959368  0.99100125 0.03570426627993584
29.0 0.290292 0.       1.       1.       0.035538479685783386
0.0 0.3034659  0.         0.88336974 1.         0.035312797874212265
37.0 0.3034659  0.         0.88336974 1.         0.03530808165669441
5.0 0.31522074 0.7503248  0.64289653 1.         0.03481265529990196
18.0 0.31522074 0.7503248  0.64289653 1.         0.0331902876496315
20.0 0.41319066 0.01141113 0.82047254 0.79431885 0.03306182473897934
24.0 0.27385595 0.47963127 0.90231323 1.         0.032996807247400284
0.0 0.20169663 0.7344087  0.7755387  1.         0.031995270401239395
34.0 0.7572643  0.         0.95002824 0.7935988  0.03104499541223049
26.0 0.41319066 0.01141113 0.82047254 0.79431885 0.030436459928750992
11.0 0.30297178 0.71387637 0.8959368  0.99100125 0.029219262301921844
29.0 0.5506462  0.         1.         0.74581903 0.02881411276757717
27.0 0.78097326 0.         1.         0.25704932 0.028605280444025993
16.0 0.32131585 0.7552485  0.6328192  1.         0.028354506939649582
18.0 0.30297178 0.71387637 0.8959368  0.99100125 0.028219275176525116
20.0 0.26216805 0.00950822 0.94029033 0.9793695  0.026422083377838135
37.0 0.20169663 0.7344087  0.7755387  1.         0.025799227878451347
5.0 0.27385595 0.47963127 0.90231323 1.         0.025532567873597145
32.0 0.3051964 0.761465  0.635271  0.9988319 0.025394178926944733
10.0 0.4215241  0.         0.68061143 0.774891   0.025191335007548332
28.0 0.37179047 0.05149266 1.         1.         0.025186965242028236
1.0 0.15785503 0.         1.         1.         0.02517351321876049
32.0 0.30297178 0.71387637 0.8959368  0.99100125 0.02484140545129776
19.0 0.31441265 0.75381523 0.64298993 0.99904627 0.024840809404850006
38.0 0.8535453  0.8900654  0.99980867 1.         0.02463904768228531
21.0 0.26216805 0.00950822 0.94029033 0.9793695  0.02413882687687874
4.0 0.30297178 0.71387637 0.8959368  0.99100125 0.024016669020056725
40.0 0.40710646 0.0168231  0.6927821  0.41935223 0.02307049371302128
34.0 0.27385595 0.47963127 0.90231323 1.         0.02281784452497959
33.0 0.333005   0.         0.88009053 0.9030703  0.022739291191101074
30.0 0.7572643  0.         0.95002824 0.7935988  0.021988021209836006
26.0 0.17727208 0.         0.8355746  0.96644676 0.02177243120968342
10.0 0.8012537  0.7342805  0.98894906 1.         0.021249661222100258
10.0 0.1207183 0.        0.8830678 0.988947  0.021093012765049934
10.0 0.30297178 0.71387637 0.8959368  0.99100125 0.020913535729050636
26.0 0.30297178 0.71387637 0.8959368  0.99100125 0.020530452951788902
28.0 0.02760807 0.142495   0.2727345  1.         0.019881609827280045
13.0 0.41671842 0.01415806 0.6815708  0.25981778 0.019863354042172432
28.0 0.23250762 0.6223625  0.9174105  1.         0.019828855991363525
39.0 0.333005   0.         0.88009053 0.9030703  0.019820358604192734
4.0 0.27385595 0.47963127 0.90231323 1.         0.019781839102506638
6.0 0.333005   0.         0.88009053 0.9030703  0.0197007916867733
4.0 0.36207888 0.         0.87626696 0.8651252  0.019411182031035423
28.0 0.27720514 0.32089117 0.98148286 0.91551614 0.01940928027033806
24.0 0.14709485 0.65926176 0.84244764 1.         0.01922701857984066
1.0 0.42044005 0.         0.6766639  0.7261806  0.01891428977251053
1.0 0.4800588  0.05605027 0.9691911  0.6029937  0.018910761922597885
1.0 0.4061146  0.00620097 0.67915726 0.21833333 0.018763411790132523
24.0 0.362323   0.77114475 0.77588016 1.         0.018393410369753838
34.0 0.26216805 0.00950822 0.94029033 0.9793695  0.018263347446918488
15.0 0.27385595 0.47963127 0.90231323 1.         0.018169376999139786
19.0 0.30297178 0.71387637 0.8959368  0.99100125 0.01808035932481289
26.0 0.41986513 0.         0.6776575  0.61895317 0.017733275890350342
23.0 0.38648647 0.02322021 0.8387558  0.7155677  0.017551900818943977
23.0 0.40710646 0.0168231  0.6927821  0.41935223 0.017416346818208694
32.0 0.430183   0.         0.8944958  0.79113746 0.017082123085856438
34.0 0.32025278 0.7492765  0.66433096 1.         0.01660962775349617
1.0 0.30026463 0.09409994 0.7695817  0.56262    0.01628739759325981
7.0 0.38249606 0.32545856 0.9338049  0.9218999  0.016166366636753082
23.0 0.4061146  0.00620097 0.67915726 0.21833333 0.016099724918603897
10.0 0.8141427  0.         0.99588513 0.31953293 0.015932582318782806
15.0 0.20169663 0.7344087  0.7755387  1.         0.015723517164587975
26.0 0.02760807 0.142495   0.2727345  1.         0.015453994274139404
4.0 0.42044005 0.         0.6766639  0.7261806  0.015395634807646275
30.0 0.13724199 0.         0.8707056  0.96030617 0.014647306874394417
10.0 0.38249606 0.32545856 0.9338049  0.9218999  0.014412176795303822
