18.0 0.5985748  0.2526812  0.79958826 0.34969378 0.30865493416786194
40.0 0.278095   0.40788734 0.6212187  0.6822263  0.208439901471138
32.0 0.278095   0.40788734 0.6212187  0.6822263  0.14664503931999207
40.0 0.59442365 0.2509563  0.7982043  0.35195607 0.12333539873361588
40.0 0.21409713 0.66317296 0.6474271  0.97682333 0.09448078274726868
29.0 0.27975798 0.40216494 0.58422536 0.6847013  0.09149540215730667
14.0 0.5985748  0.2526812  0.79958826 0.34969378 0.08624302595853806
18.0 0.59120417 0.21711603 0.84085226 0.38741276 0.08031687885522842
1.0 0.27975798 0.40216494 0.58422536 0.6847013  0.07553129643201828
13.0 0.5985748  0.2526812  0.79958826 0.34969378 0.0722423642873764
20.0 0.2388236  0.12489837 0.8966903  0.7193341  0.07203992456197739
1.0 0.2388236  0.12489837 0.8966903  0.7193341  0.06784817576408386
10.0 0.2388236  0.12489837 0.8966903  0.7193341  0.059595245867967606
40.0 0.26260018 0.5267929  0.60813826 0.9150907  0.051630936563014984
38.0 0.5985748  0.2526812  0.79958826 0.34969378 0.04716038703918457
0.0 0.5985748  0.2526812  0.79958826 0.34969378 0.046186335384845734
7.0 0.27349454 0.41744173 0.5833873  0.67561185 0.044647879898548126
29.0 0.24342436 0.20967698 0.8821557  0.7480635  0.04013415426015854
17.0 0.46174198 0.45035264 0.5364251  0.5068746  0.03946825489401817
14.0 0.278095   0.40788734 0.6212187  0.6822263  0.03797680884599686
18.0 0.64345616 0.26526093 0.7724275  0.3359896  0.0377531535923481
20.0 0.24844894 0.35965127 0.7824727  0.7067117  0.035839375108480453
20.0 0.2475583 0.0284726 1.        1.        0.035632383078336716
2.0 0.46506777 0.45277104 0.5238579  0.5053139  0.034207120537757874
25.0 0.31789738 0.42694953 0.4059794  0.63252586 0.034138139337301254
29.0 0.31789738 0.42694953 0.4059794  0.63252586 0.0336972177028656
28.0 0.28987283 0.335401   0.5760611  0.70568734 0.03297750651836395
30.0 0.31789738 0.42694953 0.4059794  0.63252586 0.03223508596420288
10.0 0.2475583 0.0284726 1.        1.        0.032091978937387466
28.0 0.20985761 0.04532945 0.8255315  0.87243927 0.031170452013611794
0.0 0.27349454 0.41744173 0.5833873  0.67561185 0.03058648109436035
20.0 0.27975798 0.40216494 0.58422536 0.6847013  0.030299022793769836
37.0 0.26715344 0.4147806  0.62938476 0.6864368  0.029836095869541168
31.0 0.3178177 0.4275939 0.4038164 0.6402579 0.02966545708477497
16.0 0.27349454 0.41744173 0.5833873  0.67561185 0.02940758503973484
14.0 0.59120417 0.21711603 0.84085226 0.38741276 0.028457697480916977
7.0 0.5999229  0.25326347 0.79719055 0.34595037 0.027882875874638557
9.0 0.5999229  0.25326347 0.79719055 0.34595037 0.02711699716746807
10.0 0.26758093 0.40648293 0.5929888  0.680619   0.026185259222984314
1.0 0.41038108 0.00541136 1.         0.67247355 0.02605479396879673
29.0 0.27643478 0.5461042  0.6426915  0.9203577  0.025831284001469612
15.0 0.28374392 0.39715588 0.61450446 0.6802988  0.025054065510630608
0.0 0.24382111 0.6816039  0.6652478  0.9715116  0.024859603494405746
40.0 0.37799028 0.4226323  0.5590933  0.65979505 0.02482668310403824
7.0 0.26615128 0.         0.9928907  0.7301275  0.024777036160230637
5.0 0.27349454 0.41744173 0.5833873  0.67561185 0.024683507159352303
18.0 0.54726005 0.14479238 0.8765091  0.46140653 0.02334826998412609
28.0 0.273629   0.22983247 0.6877409  0.7451319  0.02309400774538517
28.0 0.2699706  0.40902856 0.50133187 0.67072463 0.022786086425185204
13.0 0.278095   0.40788734 0.6212187  0.6822263  0.022597776725888252
7.0 0.21566105 0.2557294  0.91892445 0.93765426 0.022314315661787987
23.0 0.26758093 0.40648293 0.5929888  0.680619   0.02222147397696972
40.0 0.26615128 0.         0.9928907  0.7301275  0.02210938185453415
1.0 0.24844894 0.35965127 0.7824727  0.7067117  0.02186429314315319
38.0 0.278095   0.40788734 0.6212187  0.6822263  0.02157098613679409
35.0 0.46216178 0.45157585 0.526006   0.50493526 0.021030552685260773
10.0 0.24844894 0.35965127 0.7824727  0.7067117  0.020800428465008736
26.0 0.273629   0.22983247 0.6877409  0.7451319  0.020694831386208534
29.0 0.25248033 0.         1.         0.92078197 0.020633891224861145
31.0 0.27349454 0.41744173 0.5833873  0.67561185 0.020388944074511528
7.0 0.25748017 0.33152184 0.8567127  0.7073879  0.02035984955728054
30.0 0.2957657  0.41590318 0.4637065  0.6547985  0.020220208913087845
40.0 0.2532956  0.30943173 0.7512527  0.71698064 0.020164931192994118
1.0 0.59442365 0.2509563  0.7982043  0.35195607 0.020005203783512115
30.0 0.26758093 0.40648293 0.5929888  0.680619   0.01971886120736599
32.0 0.25748017 0.33152184 0.8567127  0.7073879  0.019387520849704742
38.0 0.58142287 0.21936688 0.842707   0.37083986 0.01926100254058838
28.0 0.31777176 0.421631   0.4162455  0.6355091  0.01919521950185299
21.0 0.20985761 0.04532945 0.8255315  0.87243927 0.019193153828382492
37.0 0.27643478 0.5461042  0.6426915  0.9203577  0.019007915630936623
10.0 0.1987764  0.39083898 0.9069265  0.87525487 0.01888001710176468
26.0 0.20985761 0.04532945 0.8255315  0.87243927 0.018768753856420517
9.0 0.46216178 0.45157585 0.526006   0.50493526 0.017750535160303116
22.0 0.25248033 0.         1.         0.92078197 0.017554467543959618
29.0 0.2739396  0.31593108 0.73092115 0.6740416  0.017319457605481148
27.0 0.25248033 0.         1.         0.92078197 0.01718674972653389
7.0 0.58142287 0.21936688 0.842707   0.37083986 0.017027461901307106
24.0 0.26358423 0.44024712 0.6492311  0.76773673 0.016848357394337654
31.0 0.46286485 0.43748304 0.5426171  0.5279636  0.016687074676156044
20.0 0.24308711 0.44975808 0.85581857 0.8367523  0.016681872308254242
15.0 0.59442365 0.2509563  0.7982043  0.35195607 0.016257453709840775
27.0 0.25748017 0.33152184 0.8567127  0.7073879  0.016067413613200188
0.0 0.58142287 0.21936688 0.842707   0.37083986 0.015945086255669594
29.0 0.3257876  0.4107884  0.47996938 0.66193414 0.015118725597858429
5.0 0.27839723 0.12591097 0.8399459  0.7929555  0.015108716674149036
39.0 0.25248033 0.         1.         0.92078197 0.015059714205563068
21.0 0.02515084 0.         0.28422344 0.6198139  0.01485009677708149
31.0 0.46506777 0.45277104 0.5238579  0.5053139  0.014728931710124016
42.0 0.5999229  0.25326347 0.79719055 0.34595037 0.01466913241893053
23.0 0.2532956  0.30943173 0.7512527  0.71698064 0.014374137856066227
32.0 0.37799028 0.4226323  0.5590933  0.65979505 0.014252285473048687
40.0 0.57075983 0.12006409 0.8650052  0.5168774  0.014249901287257671
14.0 0.2824827  0.11451325 0.9458617  0.7246511  0.014101138338446617
38.0 0.57075983 0.12006409 0.8650052  0.5168774  0.014092099852859974
35.0 0.2898552 0.3995765 0.543875  0.6821665 0.01404303964227438
15.0 0.24382111 0.6816039  0.6652478  0.9715116  0.014016352593898773
13.0 0.64345616 0.26526093 0.7724275  0.3359896  0.013844326138496399
4.0 0.31777176 0.421631   0.4162455  0.6355091  0.01372026652097702
38.0 0.26260018 0.5267929  0.60813826 0.9150907  0.013546573929488659
12.0 0.25165677 0.15228784 0.74831975 0.7912471  0.013497540727257729
