34.0 0.12843972 0.3584145  0.9853199  0.6449847  0.4403846561908722
37.0 0.15364617 0.39234635 0.6911994  0.5797225  0.30254560708999634
24.0 0.14355227 0.39084464 0.7345376  0.58072144 0.28385165333747864
37.0 0.13156548 0.34568268 0.98627913 0.6607136  0.2214750200510025
28.0 0.13156548 0.34568268 0.98627913 0.6607136  0.20158591866493225
5.0 0.12640604 0.35072625 0.98510945 0.65310585 0.19526512920856476
24.0 0.12843972 0.3584145  0.9853199  0.6449847  0.1880628913640976
34.0 0.15538323 0.39545566 0.7208859  0.56220365 0.14712649583816528
4.0 0.12843972 0.3584145  0.9853199  0.6449847  0.12407011538743973
28.0 0.15834981 0.3848433  0.686609   0.5908592  0.11819442361593246
18.0 0.15806934 0.39136344 0.66325474 0.5787619  0.10684360563755035
0.0 0.15806934 0.39136344 0.66325474 0.5787619  0.09785701334476471
5.0 0.15364617 0.39234635 0.6911994  0.5797225  0.086257703602314
11.0 0.15806934 0.39136344 0.66325474 0.5787619  0.07901068031787872
7.0 0.15806934 0.39136344 0.66325474 0.5787619  0.07555267959833145
34.0 0.11450124 0.30219275 0.9753064  0.8908643  0.0742434710264206
4.0 0.15136844 0.39734477 0.69001347 0.56803554 0.06910179555416107
34.0 0.28441826 0.20088229 1.         0.70525396 0.06515684723854065
11.0 0.12843972 0.3584145  0.9853199  0.6449847  0.060621000826358795
26.0 0.12843972 0.3584145  0.9853199  0.6449847  0.05856843665242195
10.0 0.13995859 0.33157033 0.9890797  0.6733802  0.05685805901885033
21.0 0.13251907 0.31804663 0.9930559  0.65137005 0.05662233382463455
10.0 0.15353718 0.3715508  0.6862508  0.59830403 0.05157017335295677
0.0 0.12640604 0.35072625 0.98510945 0.65310585 0.05156043916940689
24.0 0.20165591 0.415963   0.5998466  0.5452011  0.050628289580345154
30.0 0.36588264 0.26649874 1.         0.67549926 0.04979699105024338
5.0 0.12616256 0.29509357 0.9918269  0.9114685  0.04623020812869072
15.0 0.12613153 0.34852028 1.         0.6433268  0.04367174953222275
18.0 0.12640604 0.35072625 0.98510945 0.65310585 0.04356551915407181
18.0 0.16263233 0.4058119  0.47642952 0.5546474  0.04352925345301628
24.0 0.78188527 0.465277   1.         0.51968527 0.0424545481801033
7.0 0.12640604 0.35072625 0.98510945 0.65310585 0.04135590046644211
14.0 0.12842438 0.4002268  0.60350525 0.5601947  0.04102044552564621
0.0 0.12616256 0.29509357 0.9918269  0.9114685  0.040987443178892136
41.0 0.12040865 0.36068597 1.         0.63650453 0.04010198637843132
14.0 0.16385308 0.407505   0.41431203 0.5564134  0.03781425952911377
34.0 0.26177704 0.4289685  0.8613652  0.59554654 0.03760343790054321
15.0 0.15364617 0.39234635 0.6911994  0.5797225  0.03634795919060707
28.0 0.180325   0.24756896 0.97673786 0.9441812  0.03575156256556511
19.0 0.12613153 0.34852028 1.         0.6433268  0.035576436668634415
31.0 0.7624507  0.58085847 0.9993409  1.         0.03425458073616028
30.0 0.180325   0.24756896 0.97673786 0.9441812  0.03321017697453499
19.0 0.14355227 0.39084464 0.7345376  0.58072144 0.03307362273335457
25.0 0.7582332  0.51566565 1.         1.         0.032522544264793396
24.0 0.28441826 0.20088229 1.         0.70525396 0.03215356543660164
32.0 0.15364617 0.39234635 0.6911994  0.5797225  0.03205195441842079
34.0 0.29471084 0.37674698 0.9594624  0.55870163 0.031810518354177475
26.0 0.10838631 0.10274166 0.96471584 0.62558395 0.030862873420119286
24.0 0.29471084 0.37674698 0.9594624  0.55870163 0.03070705756545067
26.0 0.13388161 0.40003493 0.61097366 0.5608374  0.030359286814928055
37.0 0.17472774 0.2249335  0.94750756 0.8926929  0.030190536752343178
18.0 0.16593063 0.42126957 0.33725083 0.54545045 0.02918858639895916
38.0 0.16296124 0.41963837 0.30624598 0.5397097  0.0287801343947649
16.0 0.7052821 0.5313734 1.        1.        0.028760507702827454
28.0 0.10838631 0.10274166 0.96471584 0.62558395 0.028216110542416573
30.0 0.10128659 0.35182565 0.9492046  0.6233424  0.02740336023271084
5.0 0.48154497 0.33175606 1.         0.7297123  0.027216995134949684
28.0 0.5345621  0.28912237 0.9907509  0.7999618  0.02654777094721794
4.0 0.23491603 0.26803353 1.         0.7889879  0.026546260342001915
40.0 0.15195167 0.3982364  0.66944486 0.5669862  0.026108654215931892
24.0 0.6656873  0.41045243 0.99925697 0.55696326 0.025850415229797363
24.0 0.11450124 0.30219275 0.9753064  0.8908643  0.02538752742111683
28.0 0.17199063 0.25007987 0.635613   0.7223902  0.025206053629517555
34.0 0.22966743 0.30382144 0.75654566 0.70071423 0.024867314845323563
17.0 0.7624507  0.58085847 0.9993409  1.         0.024264421314001083
34.0 0.5345621  0.28912237 0.9907509  0.7999618  0.023513447493314743
24.0 0.5678101  0.33680236 0.98416084 0.6420583  0.02347921021282673
30.0 0.6128528  0.1655291  0.9730865  0.66965735 0.023271895945072174
24.0 0.69374216 0.46601018 0.9346973  0.5163194  0.022534936666488647
30.0 0.2761601  0.36924374 0.6697463  0.57953215 0.021828873082995415
32.0 0.12040865 0.36068597 1.         0.63650453 0.021595627069473267
7.0 0.12616256 0.29509357 0.9918269  0.9114685  0.02074359729886055
3.0 0.13388161 0.40003493 0.61097366 0.5608374  0.020525841042399406
4.0 0.26177704 0.4289685  0.8613652  0.59554654 0.020423049107193947
23.0 0.14921793 0.30439287 0.7687789  0.6545195  0.02028135396540165
30.0 0.6440848  0.3220189  0.9720024  0.89242184 0.020151527598500252
19.0 0.6760938 0.2005241 1.        0.6800386 0.019141245633363724
3.0 0.12040865 0.36068597 1.         0.63650453 0.01910589262843132
21.0 0.14355227 0.39084464 0.7345376  0.58072144 0.018926462158560753
0.0 0.6510122 0.3035865 1.        0.7859112 0.018773525953292847
34.0 0.6760938 0.2005241 1.        0.6800386 0.01845000684261322
0.0 0.56550807 0.36584464 0.97221893 0.92688334 0.018351346254348755
26.0 0.11450124 0.30219275 0.9753064  0.8908643  0.018344590440392494
34.0 0.01612526 0.16527823 1.         1.         0.017500748857855797
13.0 0.16740456 0.42067933 0.40237388 0.54310805 0.01748572662472725
4.0 0.10838631 0.10274166 0.96471584 0.62558395 0.017309492453932762
30.0 0.135191   0.06005105 0.9984485  0.67267585 0.017048880457878113
30.0 0.6018547  0.         1.         0.90339124 0.016983654350042343
26.0 0.17199063 0.25007987 0.635613   0.7223902  0.016514556482434273
25.0 0.7264058  0.12961972 1.         0.7236888  0.016503585502505302
0.0 0.5779915 0.6231976 1.        1.        0.01645394042134285
24.0 0.4472864 0.3990279 0.8294482 0.6223601 0.016384586691856384
4.0 0.29471084 0.37674698 0.9594624  0.55870163 0.01631547510623932
18.0 0.16869453 0.42686203 0.4358457  0.511664   0.016147425398230553
31.0 0.8018389 0.        1.        0.386231  0.01590007171034813
1.0 0.1629249  0.40338248 0.61850107 0.5593669  0.015839651226997375
0.0 0.16869476 0.4332568  0.38437447 0.53238964 0.015770988538861275
20.0 0.13388161 0.40003493 0.61097366 0.5608374  0.015672216191887856
17.0 0.82418764 0.         1.         0.28667665 0.015328756533563137
5.0 0.12660348 0.08765271 1.         0.63591397 0.015253611840307713
