30.0 0.02304062 0.6400431  0.20623551 1.         0.13436411321163177
0.0 0.01746686 0.43260688 0.22486603 0.74574417 0.12106457352638245
25.0 0.0308769  0.3843786  0.21054634 0.79507643 0.1093171015381813
28.0 0.0301     0.32708746 0.32736444 1.         0.10513520985841751
21.0 0.5139115 0.        0.9130374 1.        0.10427796840667725
30.0 0.0301     0.32708746 0.32736444 1.         0.10252045840024948
5.0 0.27132463 0.         0.51547617 0.27809292 0.08590181916952133
0.0 0.2822091  0.00720319 0.5024024  0.26040494 0.07762441039085388
30.0 0.0308769  0.3843786  0.21054634 0.79507643 0.06021839380264282
4.0 0.01881173 0.42545456 0.22106348 0.98553246 0.05945616215467453
25.0 0.6508109  0.06187099 0.9755568  1.         0.058516018092632294
21.0 0.02304062 0.6400431  0.20623551 1.         0.05827099829912186
28.0 0.02304062 0.6400431  0.20623551 1.         0.05806461721658707
4.0 0.02317828 0.2910636  0.3594008  1.         0.054566044360399246
7.0 0.2822091  0.00720319 0.5024024  0.26040494 0.05362440273165703
30.0 0.         0.26387668 0.4625634  1.         0.051572270691394806
30.0 0.        0.5345216 0.2712222 1.        0.05144692584872246
21.0 0.64910364 0.10031337 0.81600153 0.92082256 0.0511205829679966
34.0 0.        0.6393995 0.3543022 1.        0.04700382798910141
0.0 0.         0.37673274 0.25689214 0.732134   0.04369540512561798
21.0 0.6677635 0.0112395 0.9710244 0.9272361 0.04057736694812775
34.0 0.01112939 0.6821811  0.21711159 1.         0.04042966291308403
34.0 0.0129737  0.38080022 0.25886992 1.         0.03645076975226402
5.0 0.0301     0.32708746 0.32736444 1.         0.03614906594157219
34.0 0.64910364 0.10031337 0.81600153 0.92082256 0.03561921790242195
28.0 0.04579067 0.20636916 0.5370425  1.         0.03510281443595886
31.0 0.0308769  0.3843786  0.21054634 0.79507643 0.03465932980179787
25.0 0.5493828  0.19747359 0.86757314 1.         0.03441793844103813
29.0 0.0301     0.32708746 0.32736444 1.         0.03319220989942551
0.0 0.0301     0.32708746 0.32736444 1.         0.03307666629552841
28.0 0.02044687 0.3489713  0.22746047 0.7989412  0.03307046741247177
21.0 0.0301     0.32708746 0.32736444 1.         0.0312659777700901
16.0 0.28841978 0.00450495 0.5139714  0.24131471 0.031173989176750183
10.0 0.6315753  0.         1.         0.99498093 0.030449092388153076
25.0 0.2822091  0.00720319 0.5024024  0.26040494 0.029757628217339516
25.0 0.0301     0.32708746 0.32736444 1.         0.02846245840191841
29.0 0.29135144 0.         0.49619645 0.27579397 0.028031494468450546
5.0 0.0308769  0.3843786  0.21054634 0.79507643 0.027667097747325897
5.0 0.02304062 0.6400431  0.20623551 1.         0.027178702875971794
0.0 0.01655614 0.5728594  0.18000138 0.6884543  0.02645484358072281
37.0 0.0301     0.32708746 0.32736444 1.         0.02602655254304409
28.0 0.28502077 0.         0.50476193 0.29672834 0.025909850373864174
4.0 0.64910364 0.10031337 0.81600153 0.92082256 0.025843095034360886
41.0 0.29135144 0.         0.49619645 0.27579397 0.024519700556993484
40.0 0.27764466 0.         0.4725614  0.2896496  0.023075038567185402
10.0 0.54115415 0.02487096 0.88177323 0.96110487 0.023036325350403786
34.0 0.5139115 0.        0.9130374 1.        0.022670356556773186
0.0 0.2377353  0.         0.48954335 0.36991426 0.022441575303673744
4.0 0.6508109  0.06187099 0.9755568  1.         0.022065341472625732
0.0 0.00625938 0.6537476  0.43459836 1.         0.021018557250499725
28.0 0.18163702 0.         0.68746626 0.81765366 0.020967021584510803
25.0 0.02304062 0.6400431  0.20623551 1.         0.020435238257050514
41.0 0.02877735 0.3712281  0.21174572 0.7760962  0.020390911027789116
4.0 0.54115415 0.02487096 0.88177323 0.96110487 0.02019224874675274
10.0 0.0301     0.32708746 0.32736444 1.         0.01941811479628086
26.0 0.02304062 0.6400431  0.20623551 1.         0.019247109070420265
19.0 0.02304062 0.6400431  0.20623551 1.         0.019152523949742317
38.0 0.27634493 0.00606174 0.5228391  0.2277956  0.01909133419394493
25.0 0.7497258  0.29816583 1.         1.         0.018751075491309166
28.0 0.65417224 0.00181413 0.9830548  0.9632748  0.018672088161110878
30.0 0.65417224 0.00181413 0.9830548  0.9632748  0.018574247136712074
28.0 0.         0.4911067  0.38289666 0.9200427  0.01852441020309925
29.0 0.02304062 0.6400431  0.20623551 1.         0.018437460064888
16.0 0.0308769  0.3843786  0.21054634 0.79507643 0.018154768273234367
34.0 0.         0.3014046  0.63576347 1.         0.018064679577946663
30.0 0.         0.31842917 0.27015752 0.7830536  0.01785081997513771
21.0 0.31102762 0.         0.80136645 0.8613148  0.01777280494570732
7.0 0.14301565 0.         0.5136982  0.31502476 0.017758002504706383
0.0 0.00366612 0.61119217 0.1476943  0.701924   0.01773403212428093
28.0 0.05166626 0.45625085 0.22079107 0.96572155 0.01768364943563938
26.0 0.0301     0.32708746 0.32736444 1.         0.017454518005251884
34.0 0.         0.19303906 0.41393924 1.         0.01741158217191696
7.0 0.0301     0.32708746 0.32736444 1.         0.01737595722079277
0.0 0.         0.24791548 0.38740382 1.         0.017323588952422142
5.0 0.         0.24791548 0.38740382 1.         0.017136946320533752
0.0 0.         0.442066   0.36948222 0.9333864  0.016917569562792778
29.0 0.         0.24791548 0.38740382 1.         0.016794968396425247
38.0 0.6417065  0.34365106 0.97078365 1.         0.01670128107070923
28.0 0.         0.24791548 0.38740382 1.         0.01667322963476181
0.0 0.22760735 0.10244396 0.47592086 0.31303707 0.016594236716628075
4.0 0.         0.30451912 0.24191886 0.8182464  0.016562316566705704
17.0 0.65793025 0.18456182 0.9659544  1.         0.016381343826651573
28.0 0.26777947 0.01589203 0.61909926 0.6796248  0.016271483153104782
28.0 0.32524136 0.6746435  0.4796717  0.9971874  0.016255082562565804
28.0 0.52447224 0.         0.88877165 0.8513803  0.016199998557567596
21.0 0.6207578  0.16245091 0.7449961  0.824552   0.015919847413897514
29.0 0.         0.4911067  0.38289666 0.9200427  0.015770403668284416
37.0 0.27764466 0.         0.4725614  0.2896496  0.01551754865795374
16.0 0.6816617  0.36945355 0.9976293  1.         0.015349471010267735
41.0 0.2625389  0.25118205 0.61409014 0.6923547  0.01532033272087574
21.0 0.3423367  0.08228651 0.7729941  0.6129849  0.015292325057089329
25.0 0.3984662  0.12922964 0.9626689  1.         0.014972008764743805
10.0 0.29135144 0.         0.49619645 0.27579397 0.01495301816612482
5.0 0.2265313  0.         0.64868116 0.7395605  0.01493680290877819
37.0 0.02304062 0.6400431  0.20623551 1.         0.014916063286364079
41.0 0.0301     0.32708746 0.32736444 1.         0.014863697811961174
30.0 0.2822091  0.00720319 0.5024024  0.26040494 0.01481989212334156
0.0 0.         0.4903515  0.19252124 0.6902817  0.014768675900995731
17.0 0.0308769  0.3843786  0.21054634 0.79507643 0.014751425012946129
41.0 0.2550788  0.00410753 0.5217004  0.43926457 0.014743241481482983
