10.0 0.5335333  0.23003596 0.8388429  0.63146025 0.29989930987358093
20.0 0.5332365  0.40588617 0.83131003 0.6293657  0.2724134922027588
38.0 0.53461814 0.19466698 0.9634639  0.58184487 0.2651061713695526
10.0 0.3502787  0.14610144 0.8768182  0.6893357  0.13064420223236084
38.0 0.544387   0.20814687 0.82553923 0.41786093 0.12960976362228394
1.0 0.52492505 0.16238248 0.8805643  0.67653185 0.11029638350009918
22.0 0.5332365  0.40588617 0.83131003 0.6293657  0.0892869308590889
14.0 0.5353441  0.3618233  0.81877494 0.62738895 0.08480270951986313
1.0 0.5351343  0.38816425 0.8187045  0.6209878  0.07977714389562607
40.0 0.53643554 0.22616965 0.8488223  0.6414375  0.0795978233218193
27.0 0.53643554 0.22616965 0.8488223  0.6414375  0.07518258690834045
28.0 0.52492505 0.16238248 0.8805643  0.67653185 0.07220068573951721
38.0 0.5349292  0.2960441  0.82675284 0.62757385 0.07084650546312332
42.0 0.5335333  0.23003596 0.8388429  0.63146025 0.06532590091228485
7.0 0.5335333  0.23003596 0.8388429  0.63146025 0.058346688747406006
6.0 0.5373422  0.41276073 0.8243687  0.62982893 0.053927741944789886
20.0 0.52492505 0.16238248 0.8805643  0.67653185 0.05108041316270828
14.0 0.52492505 0.16238248 0.8805643  0.67653185 0.04630909115076065
41.0 0.13629791 0.12800014 0.88979757 0.7314088  0.04506125673651695
9.0 0.53854346 0.23570639 0.82855225 0.63053215 0.04369145631790161
36.0 0.5332365  0.40588617 0.83131003 0.6293657  0.04016473516821861
22.0 0.5072608 0.1987145 0.8972143 0.6541001 0.03819669783115387
10.0 0.54087645 0.0984447  0.96051973 0.75206417 0.037187643349170685
27.0 0.5323725  0.40586984 0.8293613  0.6280128  0.035570766776800156
41.0 0.52492505 0.16238248 0.8805643  0.67653185 0.035566236823797226
12.0 0.52492505 0.16238248 0.8805643  0.67653185 0.03371459245681763
8.0 0.536082   0.40371004 0.82071817 0.629964   0.02903229556977749
41.0 0.44361496 0.71574533 0.74054265 0.91343164 0.028563210740685463
21.0 0.52492505 0.16238248 0.8805643  0.67653185 0.028442271053791046
17.0 0.52492505 0.16238248 0.8805643  0.67653185 0.02776898816227913
36.0 0.52492505 0.16238248 0.8805643  0.67653185 0.02741977944970131
7.0 0.3590992  0.18577646 0.91448647 0.65280044 0.027315229177474976
10.0 0.52286935 0.40260875 0.7985127  0.6200825  0.027114933356642723
4.0 0.5064543  0.14407948 0.90282995 0.73826504 0.026244867593050003
10.0 0.         0.11616334 0.8242637  0.7623762  0.026093771681189537
31.0 0.7759888  0.63301826 0.9969193  1.         0.026077719405293465
18.0 0.5335333  0.23003596 0.8388429  0.63146025 0.025827035307884216
0.0 0.52492505 0.16238248 0.8805643  0.67653185 0.025585902854800224
41.0 0.5323725  0.40586984 0.8293613  0.6280128  0.024987533688545227
41.0 0.03190745 0.24193037 0.3629822  0.7349449  0.024902749806642532
7.0 0.52286935 0.40260875 0.7985127  0.6200825  0.024349922314286232
11.0 0.5353441  0.3618233  0.81877494 0.62738895 0.023860571905970573
10.0 0.03190745 0.24193037 0.3629822  0.7349449  0.023009559139609337
28.0 0.29092026 0.08763024 0.92620206 0.75465894 0.022978955879807472
26.0 0.52492505 0.16238248 0.8805643  0.67653185 0.022876108065247536
13.0 0.5072608 0.1987145 0.8972143 0.6541001 0.02253098040819168
29.0 0.48825708 0.22084169 0.9181495  0.6407953  0.02207029052078724
28.0 0.53276306 0.30644846 0.8725105  0.91744125 0.022065309807658195
25.0 0.5072608 0.1987145 0.8972143 0.6541001 0.021105587482452393
31.0 0.52492505 0.16238248 0.8805643  0.67653185 0.021036973223090172
32.0 0.52492505 0.16238248 0.8805643  0.67653185 0.02074517123401165
32.0 0.5351343  0.38816425 0.8187045  0.6209878  0.019306760281324387
39.0 0.52492505 0.16238248 0.8805643  0.67653185 0.019042570143938065
5.0 0.52492505 0.16238248 0.8805643  0.67653185 0.019038839265704155
38.0 0.66320527 0.19041754 1.         0.45163596 0.019022641703486443
9.0 0.5080305  0.11474344 0.9025888  0.7126728  0.018438706174492836
42.0 0.544387   0.20814687 0.82553923 0.41786093 0.018156956881284714
39.0 0.5438025  0.3984528  0.8133991  0.63337606 0.017969921231269836
7.0 0.01574655 0.27325287 0.38568193 0.699713   0.0174701027572155
34.0 0.5064543  0.14407948 0.90282995 0.73826504 0.01720310002565384
38.0 0.46528903 0.13414365 0.9592339  0.42410588 0.016424503177404404
0.0 0.73399717 0.6430461  1.         1.         0.015965966507792473
40.0 0.5450804 0.3947942 0.7721994 0.6211107 0.015943530946969986
6.0 0.5072608 0.1987145 0.8972143 0.6541001 0.015926998108625412
10.0 0.49942607 0.24513042 0.9007221  0.9614371  0.01578887365758419
40.0 0.56486785 0.09810609 0.95585823 0.67678046 0.015620953403413296
36.0 0.5722669 0.2438627 0.8144782 0.6137708 0.015315951779484749
3.0 0.54685545 0.39991838 0.8176906  0.6331417  0.014576398767530918
38.0 0.53088236 0.44831616 0.63447833 0.52179426 0.01450459472835064
0.0 0.53276306 0.30644846 0.8725105  0.91744125 0.014170892536640167
29.0 0.5354744  0.41086805 0.8194654  0.62881947 0.014000394381582737
22.0 0.2793892  0.14730346 0.9787654  0.7052994  0.013991002924740314
20.0 0.2793892  0.14730346 0.9787654  0.7052994  0.013930385932326317
2.0 0.5080305  0.11474344 0.9025888  0.7126728  0.01361093483865261
9.0 0.52286935 0.40260875 0.7985127  0.6200825  0.013574013486504555
24.0 0.54028463 0.2941674  0.8104398  0.63212943 0.013558845035731792
8.0 0.52492505 0.16238248 0.8805643  0.67653185 0.013532441109418869
21.0 0.13629791 0.12800014 0.88979757 0.7314088  0.012819018214941025
38.0 0.828473   0.19795743 1.         0.40664026 0.012818033806979656
28.0 0.20265046 0.22790171 0.820644   0.61543703 0.01265614666044712
42.0 0.488231   0.08766025 0.90589696 0.6963112  0.012630763463675976
38.0 0.39225918 0.19827178 0.85772926 0.6518167  0.012600802816450596
1.0 0.2793892  0.14730346 0.9787654  0.7052994  0.012257740832865238
16.0 0.52492505 0.16238248 0.8805643  0.67653185 0.012012629769742489
20.0 0.5710194  0.44530612 0.7959473  0.56021804 0.011942751705646515
12.0 0.5270226  0.33421558 0.82136536 0.62733495 0.011903855949640274
1.0 0.49942607 0.24513042 0.9007221  0.9614371  0.011735133826732635
3.0 0.52492505 0.16238248 0.8805643  0.67653185 0.011490987613797188
1.0 0.5467809  0.40608147 0.705049   0.601698   0.011432033963501453
33.0 0.52492505 0.16238248 0.8805643  0.67653185 0.011378689669072628
20.0 0.58531225 0.5002022  0.7965754  0.6142037  0.01133632194250822
28.0 0.02085486 0.14419514 0.31276104 0.6672444  0.011180044151842594
20.0 0.5722669 0.2438627 0.8144782 0.6137708 0.0111705856397748
28.0 0.5382181  0.19307205 1.         1.         0.010829721577465534
38.0 0.10202815 0.5487068  0.21429501 0.6361049  0.010785854421555996
42.0 0.53482246 0.45159864 0.61524606 0.5100826  0.010702786967158318
38.0 0.51688915 0.67678857 0.9112548  1.         0.010626716539263725
17.0 0.9269063  0.00224974 0.99620646 0.05709656 0.010589167475700378
10.0 0.18937704 0.02637231 0.98804164 1.         0.010587488301098347
41.0 0.44667643 0.6657769  0.8049852  1.         0.010504855774343014
