4.0 0.73921734 0.46836925 0.8635816  1.         0.21848297119140625
28.0 0.73654276 0.5563178  0.85612756 1.         0.16231809556484222
34.0 0.74126107 0.40922984 0.9152948  1.         0.11282435059547424
30.0 0.73654276 0.5563178  0.85612756 1.         0.09953369200229645
34.0 0.750398   0.57688683 0.8510013  1.         0.09765724092721939
4.0 0.7628677  0.60812914 0.84257424 1.         0.09461851418018341
4.0 0.740104   0.3081707  0.92389077 1.         0.09159038960933685
21.0 0.73763645 0.48779643 0.8537437  1.         0.08372946828603745
21.0 0.6732248  0.13322848 0.95692205 1.         0.07871588319540024
21.0 0.5904294 0.1464864 0.8582665 1.        0.07102514058351517
28.0 0.7575052  0.45980862 0.9057877  1.         0.06951622664928436
21.0 0.7664711 0.5816138 0.8407584 1.        0.06072506308555603
30.0 0.69911015 0.5321272  0.94415617 1.         0.056060049682855606
4.0 0.57017195 0.09169662 0.8807626  1.         0.051036737859249115
34.0 0.6457443  0.02056581 0.9856714  1.         0.050289735198020935
28.0 0.6871234  0.15752873 0.94771576 1.         0.05006499961018562
28.0 0.5904294 0.1464864 0.8582665 1.        0.04742513969540596
4.0 0.67666614 0.03792506 0.9597734  1.         0.04657157510519028
30.0 0.6732248  0.13322848 0.95692205 1.         0.03569404035806656
28.0 0.47673297 0.         0.90112984 1.         0.035541389137506485
21.0 0.7591984 0.3607896 0.9123819 1.        0.03307081013917923
34.0 0.51153755 0.         0.9040463  1.         0.03287692740559578
26.0 0.73763645 0.48779643 0.8537437  1.         0.031969863921403885
39.0 0.14794506 0.07280071 0.39936298 0.5038076  0.031591176986694336
21.0 0.44564876 0.         0.97052515 1.         0.03000492788851261
28.0 0.5227457  0.517596   0.89841676 1.         0.029502948746085167
30.0 0.5904294 0.1464864 0.8582665 1.        0.028106175363063812
26.0 0.6871234  0.15752873 0.94771576 1.         0.026279889047145844
26.0 0.5904294 0.1464864 0.8582665 1.        0.025803592056035995
39.0 0.12165278 0.         0.7637859  0.9051533  0.02442116290330887
28.0 0.6648148 0.5658542 0.8228045 1.        0.023827817291021347
28.0 0.7164588  0.10299075 1.         1.         0.023743262514472008
34.0 0.5612786  0.3510255  0.85754514 1.         0.023145172744989395
21.0 0.5227457  0.517596   0.89841676 1.         0.022313211113214493
28.0 0.4980379  0.07234827 0.87926745 0.6735958  0.022260548546910286
25.0 0.73654276 0.5563178  0.85612756 1.         0.022009743377566338
25.0 0.768938  0.6158674 0.8320133 1.        0.0216387752443552
10.0 0.5500855  0.         0.84860367 0.8572399  0.021559998393058777
34.0 0.80175775 0.05370598 0.8904894  0.51090765 0.021478721871972084
4.0 0.80175775 0.05370598 0.8904894  0.51090765 0.021216364577412605
25.0 0.7681202 0.7528384 0.8131737 0.8765155 0.020946739241480827
4.0 0.7733066  0.         0.9687444  0.61481404 0.020893149077892303
21.0 0.2831302 0.        0.8151312 0.9916352 0.020760806277394295
25.0 0.6871234  0.15752873 0.94771576 1.         0.020137282088398933
29.0 0.44739485 0.         0.9100927  0.80856705 0.019810771569609642
28.0 0.771046   0.59714127 0.8320648  0.9847846  0.01882200874388218
4.0 0.65036094 0.45666012 0.8444102  1.         0.018781935796141624
3.0 0.750398   0.57688683 0.8510013  1.         0.01861182600259781
34.0 0.771046   0.59714127 0.8320648  0.9847846  0.01836864836513996
34.0 0.5434964  0.64737266 0.9079634  0.9741898  0.01836727373301983
26.0 0.5227457  0.517596   0.89841676 1.         0.018282117322087288
28.0 0.72301346 0.73293394 0.8879978  0.94162256 0.01827952452003956
26.0 0.47673297 0.         0.90112984 1.         0.01746644452214241
39.0 0.14242004 0.14825879 0.34897327 0.38956243 0.017033584415912628
28.0 0.5890123 0.        1.        0.8304907 0.01660049334168434
10.0 0.67490065 0.         0.95454633 0.8614543  0.016250910237431526
29.0 0.73654276 0.5563178  0.85612756 1.         0.016121355816721916
30.0 0.7164588  0.10299075 1.         1.         0.01605856604874134
28.0 0.2727865  0.         0.81076336 0.91755927 0.016041170805692673
21.0 0.4980379  0.07234827 0.87926745 0.6735958  0.015876108780503273
34.0 0.65036094 0.45666012 0.8444102  1.         0.015736963599920273
29.0 0.67490065 0.         0.95454633 0.8614543  0.01569415256381035
17.0 0.768938  0.6158674 0.8320133 1.        0.015579207800328732
30.0 0.44739485 0.         0.9100927  0.80856705 0.015383170917630196
34.0 0.77497125 0.         0.96365225 0.6905085  0.01532236859202385
21.0 0.7450584 0.6341851 0.919497  1.        0.015314246527850628
4.0 0.6954162 0.        0.8967236 0.5774317 0.015167033299803734
30.0 0.5227457  0.517596   0.89841676 1.         0.014853354543447495
1.0 0.5500855  0.         0.84860367 0.8572399  0.014842689037322998
26.0 0.7591984 0.3607896 0.9123819 1.        0.014776081778109074
34.0 0.7052902  0.11289471 0.8859029  1.         0.014766699634492397
28.0 0.6208103  0.596656   0.96379673 0.99131495 0.014731671661138535
0.0 0.73654276 0.5563178  0.85612756 1.         0.014712180942296982
30.0 0.76330864 0.61739504 0.906999   1.         0.01444103755056858
20.0 0.00563069 0.75797886 0.26177257 0.9031926  0.01410558633506298
11.0 0.39697513 0.         0.5437721  0.05918723 0.014026214368641376
30.0 0.768938  0.6158674 0.8320133 1.        0.014003909192979336
21.0 0.11260015 0.         0.6276483  0.92597294 0.013921355828642845
28.0 0.5812741  0.00290447 0.82798773 0.49602878 0.013909238390624523
21.0 0.5469433  0.32245886 0.91483927 0.7835529  0.013733314350247383
29.0 0.7164588  0.10299075 1.         1.         0.013653392903506756
10.0 0.771046   0.59714127 0.8320648  0.9847846  0.013586929999291897
30.0 0.5320637 0.2537906 1.        1.        0.013541184365749359
2.0 0.7352102  0.5369342  0.86604726 1.         0.013438979163765907
19.0 0.750398   0.57688683 0.8510013  1.         0.013426966033875942
10.0 0.2831302 0.        0.8151312 0.9916352 0.013377370312809944
17.0 0.7507322  0.56236243 0.8508371  1.         0.0133024537935853
6.0 0.02381881 0.         0.15329456 0.08267276 0.013259281404316425
30.0 0.68139684 0.6758086  0.9100752  0.96481115 0.013244322501122952
41.0 0.56978935 0.16791062 0.78850764 0.36707252 0.013198827393352985
10.0 0.73654276 0.5563178  0.85612756 1.         0.013178675435483456
26.0 0.7664711 0.5816138 0.8407584 1.        0.013142460957169533
41.0 0.2345683  0.         0.86160296 0.9636123  0.01286300364881754
34.0 0.70746267 0.02188239 0.89754796 0.66559327 0.012841309420764446
21.0 0.76217186 0.01081243 0.9584724  0.8396617  0.012758137658238411
12.0 0.16577888 0.00580397 0.52983224 0.8363211  0.012708724476397038
21.0 0.77305037 0.5272545  0.8704651  0.92478746 0.01250597182661295
28.0 0.47381425 0.         0.79537284 0.35617942 0.012472291477024555
21.0 0.7164588  0.10299075 1.         1.         0.012386934831738472
23.0 0.4626116 0.9191367 0.6281874 1.        0.012334676459431648
