30.0 0.50558215 0.02923504 0.9190571  0.96258366 0.4871577024459839
25.0 0.5166369  0.04335359 0.93361455 0.9686074  0.1908321976661682
30.0 0.10450777 0.11343399 0.91098475 1.         0.15515971183776855
29.0 0.47550184 0.06300807 0.96895665 0.95656276 0.1363517940044403
34.0 0.03701499 0.17006934 0.9584205  1.         0.13137386739253998
15.0 0.5118813  0.13309768 0.7113089  0.35151833 0.12918242812156677
31.0 0.53420925 0.04655254 0.92047954 0.9638685  0.1289478987455368
0.0 0.50615495 0.13657862 0.71842235 0.34855637 0.11434081941843033
4.0 0.50558215 0.02923504 0.9190571  0.96258366 0.10077841579914093
9.0 0.9085945  0.         1.         0.14118502 0.09995254129171371
28.0 0.03701499 0.17006934 0.9584205  1.         0.08718393743038177
28.0 0.50558215 0.02923504 0.9190571  0.96258366 0.08713353425264359
30.0 0.5768132  0.08565289 0.78786874 0.9703186  0.07086686044931412
5.0 0.06856182 0.08599481 0.88555396 1.         0.06351479142904282
21.0 0.50558215 0.02923504 0.9190571  0.96258366 0.05665132775902748
30.0 0.35302475 0.2151837  0.8568611  0.86173236 0.053579676896333694
29.0 0.06907457 0.18321592 0.9893357  1.         0.05164829269051552
0.0 0.5166369  0.04335359 0.93361455 0.9686074  0.05027275159955025
31.0 0.8207105 0.6223445 0.9995505 1.        0.04781293496489525
19.0 0.4526412 0.        0.9313305 0.9619916 0.046814266592264175
2.0 0.4950395  0.14168957 0.7182927  0.3482067  0.0465785413980484
40.0 0.51184636 0.13377315 0.70948607 0.3513714  0.045789774507284164
31.0 0.50521225 0.13919589 0.7110339  0.4288017  0.045531805604696274
16.0 0.53420925 0.04655254 0.92047954 0.9638685  0.04530971869826317
30.0 0.6237488  0.00574368 1.         1.         0.044506195932626724
9.0 0.8321698  0.         1.         0.24147236 0.04440329596400261
37.0 0.05120134 0.21658194 0.9709618  0.995352   0.0406312458217144
0.0 0.06856182 0.08599481 0.88555396 1.         0.03932182863354683
17.0 0.9085945  0.         1.         0.14118502 0.039308611303567886
29.0 0.6237488  0.00574368 1.         1.         0.037180423736572266
26.0 0.06856182 0.08599481 0.88555396 1.         0.036953844130039215
34.0 0.10012338 0.5162389  0.75285995 0.9209589  0.0362127423286438
18.0 0.4950395  0.14168957 0.7182927  0.3482067  0.035675935447216034
16.0 0.5118813  0.13309768 0.7113089  0.35151833 0.03532186150550842
21.0 0.01124679 0.00849545 0.28212917 0.798983   0.03378097712993622
21.0 0.06856182 0.08599481 0.88555396 1.         0.03370227292180061
40.0 0.8167458 0.6777662 1.        1.        0.03177712485194206
40.0 0.52096176 0.06441393 0.92346764 0.88270783 0.031217467039823532
37.0 0.53420925 0.04655254 0.92047954 0.9638685  0.030370190739631653
26.0 0.        0.5302927 0.5390282 0.9704116 0.029845155775547028
34.0 0.5297601  0.04067144 0.9007261  0.95863473 0.02972574532032013
30.0 0.6982368  0.13645416 0.97727597 1.         0.028607197105884552
28.0 0.         0.55008245 0.57413685 0.9939505  0.027460016310214996
7.0 0.11466792 0.02103058 0.9032985  1.         0.027376197278499603
37.0 0.51507914 0.12669843 0.71049523 0.35434303 0.027121607214212418
4.0 0.5768132  0.08565289 0.78786874 0.9703186  0.02539444901049137
25.0 0.44751337 0.11194402 0.95721567 0.62633747 0.025010401383042336
24.0 0.50935644 0.13469934 0.7065838  0.35716283 0.02492598257958889
26.0 0.01386502 0.13804081 0.28762606 0.9190594  0.024738967418670654
35.0 0.5040676  0.13289273 0.7084374  0.37944192 0.02450401335954666
5.0 0.50558215 0.02923504 0.9190571  0.96258366 0.02440422587096691
31.0 0.44751337 0.11194402 0.95721567 0.62633747 0.024213064461946487
30.0 0.78704554 0.3347312  1.         1.         0.02372245118021965
28.0 0.33701545 0.19888338 0.76543564 0.9961097  0.023107750341296196
21.0 0.01046835 0.24907817 0.15180132 0.6602954  0.022803151980042458
2.0 0.5166369  0.04335359 0.93361455 0.9686074  0.022594580426812172
25.0 0.16363606 0.09778717 0.9987813  0.955493   0.022556355223059654
5.0 0.         0.40223002 1.         1.         0.021954121068120003
0.0 0.4768869  0.10370497 0.86826956 0.42834866 0.021769795566797256
27.0 0.53420925 0.04655254 0.92047954 0.9638685  0.02168845385313034
34.0 0.         0.5871034  0.63413024 1.         0.021578596904873848
13.0 0.44771242 0.06714636 0.9752785  0.8781604  0.020716166123747826
0.0 0.00538087 0.89349437 0.1537576  1.         0.02013787068426609
15.0 0.53420925 0.04655254 0.92047954 0.9638685  0.01996769569814205
31.0 0.5241477  0.10011286 0.79698914 0.7578856  0.01981092244386673
30.0 0.44751337 0.11194402 0.95721567 0.62633747 0.019776135683059692
10.0 0.03701499 0.17006934 0.9584205  1.         0.019707921892404556
15.0 0.         0.8297619  0.19981623 1.         0.019661996513605118
24.0 0.03701499 0.17006934 0.9584205  1.         0.019620724022388458
34.0 0.         0.46092433 0.8469964  1.         0.019610702991485596
41.0 0.07355064 0.07722217 0.87046456 1.         0.019436543807387352
16.0 0.44751337 0.11194402 0.95721567 0.62633747 0.01931491307914257
8.0 0.5166369  0.04335359 0.93361455 0.9686074  0.019269606098532677
30.0 0.2176415 0.4756131 0.8386426 0.887295  0.019258569926023483
29.0 0.37022424 0.10368338 0.86739767 0.68221533 0.018816335126757622
17.0 0.91961926 0.00190986 0.99497086 0.0600154  0.018659768626093864
38.0 0.52096176 0.06441393 0.92346764 0.88270783 0.01861356757581234
25.0 0.6237488  0.00574368 1.         1.         0.018496336415410042
10.0 0.52096176 0.06441393 0.92346764 0.88270783 0.018396787345409393
4.0 0.         0.55008245 0.57413685 0.9939505  0.018333671614527702
17.0 0.5166369  0.04335359 0.93361455 0.9686074  0.018179399892687798
34.0 0.24429542 0.44789279 1.         1.         0.01804010197520256
0.0 0.44751337 0.11194402 0.95721567 0.62633747 0.017726697027683258
26.0 0.03771509 0.13491854 0.5036069  1.         0.017582597211003304
9.0 0.5166369  0.04335359 0.93361455 0.9686074  0.01719069667160511
33.0 0.53420925 0.04655254 0.92047954 0.9638685  0.01718187890946865
15.0 0.00651639 0.9002153  0.1846317  0.99535805 0.016976259648799896
16.0 0.6237488  0.00574368 1.         1.         0.016924168914556503
16.0 0.24001172 0.06668913 1.         0.94748986 0.016872702166438103
7.0 0.5166369  0.04335359 0.93361455 0.9686074  0.016671720892190933
4.0 0.2504051  0.10564512 0.81922185 1.         0.01654021069407463
12.0 0.02922627 0.09211856 0.7665386  1.         0.01641721837222576
3.0 0.50558215 0.02923504 0.9190571  0.96258366 0.016302485018968582
29.0 0.79421157 0.46234673 1.         1.         0.01627114787697792
15.0 0.4707263  0.08092815 0.7389985  0.4515435  0.015826812013983727
15.0 0.5346279  0.15514553 0.70445    0.27983755 0.015421728603541851
40.0 0.7960332  0.60125494 1.         1.         0.015309179201722145
0.0 0.         0.84061575 0.22983201 0.9993768  0.015283193439245224
0.0 0.5346279  0.15514553 0.70445    0.27983755 0.015204227529466152
32.0 0.52096176 0.06441393 0.92346764 0.88270783 0.015115173533558846
