40.0 0.21808094 0.26721504 0.36093193 0.4805791  0.2524572014808655
0.0 0.21189861 0.2732062  0.4608429  0.5161857  0.2516641318798065
40.0 0.21189861 0.2732062  0.4608429  0.5161857  0.22907249629497528
15.0 0.20865314 0.26885623 0.49082452 0.5236452  0.1639714539051056
31.0 0.21189861 0.2732062  0.4608429  0.5161857  0.1454228013753891
16.0 0.21189861 0.2732062  0.4608429  0.5161857  0.13411641120910645
7.0 0.21808094 0.26721504 0.36093193 0.4805791  0.11210773885250092
5.0 0.21808094 0.26721504 0.36093193 0.4805791  0.10566072911024094
16.0 0.21808094 0.26721504 0.36093193 0.4805791  0.0997488722205162
7.0 0.20651396 0.2706281  0.46609086 0.517202   0.08566278219223022
15.0 0.21853422 0.2639027  0.37212497 0.48606548 0.07956135272979736
32.0 0.21384974 0.26588035 0.46459442 0.5070161  0.07819847762584686
29.0 0.21624339 0.27071252 0.3604458  0.48556516 0.07368110120296478
31.0 0.21808094 0.26721504 0.36093193 0.4805791  0.0733601301908493
37.0 0.21853422 0.2639027  0.37212497 0.48606548 0.0659024566411972
38.0 0.20768762 0.27296704 0.43008393 0.51841164 0.0650559738278389
27.0 0.21853422 0.2639027  0.37212497 0.48606548 0.05824567377567291
18.0 0.21189861 0.2732062  0.4608429  0.5161857  0.05555145442485809
0.0 0.21808094 0.26721504 0.36093193 0.4805791  0.05176021158695221
40.0 0.37208655 0.7958591  0.98733115 1.         0.046539124101400375
29.0 0.20651396 0.2706281  0.46609086 0.517202   0.04438749700784683
32.0 0.22404629 0.270768   0.3535723  0.48136252 0.042867936193943024
5.0 0.21680851 0.27172893 0.48793256 0.5143716  0.042845409363508224
35.0 0.21098238 0.2630567  0.4578458  0.5203873  0.03962764889001846
17.0 0.91128874 0.         1.         0.08029819 0.03795292600989342
37.0 0.21680851 0.27172893 0.48793256 0.5143716  0.03774603083729744
20.0 0.21394263 0.26707274 0.36222184 0.48467028 0.03456097096204758
9.0 0.91128874 0.         1.         0.08029819 0.03231239691376686
10.0 0.21924339 0.26915324 0.36076564 0.48968053 0.03219081833958626
36.0 0.21624339 0.27071252 0.3604458  0.48556516 0.0321207270026207
24.0 0.21430892 0.26684558 0.40216833 0.49084568 0.028836367651820183
13.0 0.20865314 0.26885623 0.49082452 0.5236452  0.02823060192167759
14.0 0.22201103 0.26774082 0.36122882 0.48547253 0.02677268534898758
39.0 0.20255741 0.0616405  1.         0.8558843  0.02511085569858551
18.0 0.21808094 0.26721504 0.36093193 0.4805791  0.024909386411309242
38.0 0.7506508  0.82548904 1.         1.         0.024757061153650284
21.0 0.13396147 0.04911435 0.66773665 0.87509066 0.024434823542833328
25.0 0.20155776 0.27973306 0.441383   0.5054758  0.023184198886156082
26.0 0.18375501 0.200252   0.55350816 0.73300284 0.02254473604261875
20.0 0.18587926 0.27024686 0.7082274  0.6049347  0.022390838712453842
38.0 0.22404629 0.270768   0.3535723  0.48136252 0.02145480178296566
23.0 0.18375501 0.200252   0.55350816 0.73300284 0.021199148148298264
2.0 0.21098238 0.2630567  0.4578458  0.5203873  0.021066144108772278
9.0 0.91624355 0.         0.9973041  0.15385595 0.020753880962729454
40.0 0.9092758  0.         1.         0.08507647 0.020312773063778877
1.0 0.21624339 0.27071252 0.3604458  0.48556516 0.020286111161112785
42.0 0.21853422 0.2639027  0.37212497 0.48606548 0.019852817058563232
20.0 0.04326367 0.0876193  0.8802386  1.         0.0197449903935194
4.0 0.13396147 0.04911435 0.66773665 0.87509066 0.0197413582354784
40.0 0.7888471 0.8256245 1.        1.        0.01952490769326687
34.0 0.18375501 0.200252   0.55350816 0.73300284 0.018989669159054756
32.0 0.34418768 0.7918101  0.94269186 1.         0.018904032185673714
33.0 0.1835159  0.17033815 0.73099405 0.51094306 0.01833382621407509
33.0 0.20865314 0.26885623 0.49082452 0.5236452  0.018063824623823166
11.0 0.22117788 0.26579532 0.37125993 0.48802677 0.017780182883143425
34.0 0.13396147 0.04911435 0.66773665 0.87509066 0.017773188650608063
31.0 0.8037863 0.8167349 0.9963368 1.        0.017771324142813683
4.0 0.18375501 0.200252   0.55350816 0.73300284 0.017403529956936836
24.0 0.20760892 0.25075936 0.50108385 0.5435035  0.017385168001055717
17.0 0.92421305 0.2460079  0.99634266 0.3620209  0.016921447589993477
14.0 0.21098238 0.2630567  0.4578458  0.5203873  0.016809634864330292
27.0 0.20865314 0.26885623 0.49082452 0.5236452  0.016598384827375412
26.0 0.16944525 0.14471006 0.7656276  0.9437344  0.01655465178191662
33.0 0.168297   0.24870929 0.5952483  0.6597353  0.01643633097410202
20.0 0.16596825 0.14120759 0.59060687 0.539987   0.016348760575056076
28.0 0.21731716 0.26868737 0.36285144 0.4880901  0.016076665371656418
31.0 0.910441   0.         1.         0.08820681 0.01589496247470379
8.0 0.1247654  0.04759234 1.         1.         0.015880176797509193
17.0 0.9247467  0.26731196 0.99613065 0.32438228 0.01585453934967518
8.0 0.91079426 0.         1.         0.08082789 0.015625428408384323
36.0 0.21098238 0.2630567  0.4578458  0.5203873  0.01528096292167902
35.0 0.21808094 0.26721504 0.36093193 0.4805791  0.015279756858944893
28.0 0.20941494 0.20021288 0.49386793 0.52361214 0.015255533158779144
28.0 0.1657022  0.14789581 0.59464526 0.7928392  0.01525144837796688
21.0 0.18375501 0.200252   0.55350816 0.73300284 0.015129989013075829
23.0 0.17711209 0.16745564 0.6350988  0.49713603 0.01495823822915554
26.0 0.12166777 0.         0.66464806 0.77024555 0.01480249036103487
26.0 0.18587926 0.27024686 0.7082274  0.6049347  0.014627556316554546
32.0 0.19949006 0.24343172 0.6777373  0.6557983  0.014589734375476837
26.0 0.17711209 0.16745564 0.6350988  0.49713603 0.014422555454075336
19.0 0.21680851 0.27172893 0.48793256 0.5143716  0.014346406795084476
23.0 0.32864335 0.71038306 0.72215486 1.         0.014342449605464935
19.0 0.168297   0.24870929 0.5952483  0.6597353  0.014335514046251774
17.0 0.6713194  0.81721413 1.         0.9913722  0.014161370694637299
12.0 0.21624339 0.27071252 0.3604458  0.48556516 0.014064494520425797
41.0 0.21671331 0.26641813 0.3764155  0.4913967  0.01400323212146759
33.0 0.21928385 0.27149802 0.36656412 0.48612434 0.01390970777720213
10.0 0.20651396 0.2706281  0.46609086 0.517202   0.013354506343603134
20.0 0.18430099 0.0451465  0.76433575 0.859462   0.013327335938811302
1.0 0.21680851 0.27172893 0.48793256 0.5143716  0.01327067706733942
20.0 0.20651396 0.2706281  0.46609086 0.517202   0.013270627707242966
1.0 0.18375501 0.200252   0.55350816 0.73300284 0.013256406411528587
29.0 0.18430099 0.0451465  0.76433575 0.859462   0.013130857609212399
30.0 0.13396147 0.04911435 0.66773665 0.87509066 0.013019301928579807
8.0 0.20768762 0.27296704 0.43008393 0.51841164 0.012987312860786915
15.0 0.37208655 0.7958591  0.98733115 1.         0.01298427488654852
32.0 0.16596825 0.14120759 0.59060687 0.539987   0.012770671397447586
36.0 0.91146415 0.         1.         0.0838275  0.012671581469476223
33.0 0.12755921 0.19473472 0.82117474 0.94682    0.012556863948702812
40.0 0.91624355 0.         0.9973041  0.15385595 0.012434360571205616
