34.0 0.28176942 0.3175816  0.743842   0.6606224  0.4560889005661011
5.0 0.27646652 0.3321603  0.7299483  0.6491819  0.4234406650066376
24.0 0.27838206 0.3352877  0.7304212  0.64487875 0.3617649972438812
37.0 0.27734238 0.33236912 0.72385675 0.65076053 0.3255005478858948
30.0 0.28804606 0.3176983  0.74222773 0.66533995 0.26835471391677856
19.0 0.28804606 0.3176983  0.74222773 0.66533995 0.1852845996618271
0.0 0.28804606 0.3176983  0.74222773 0.66533995 0.1576632708311081
15.0 0.28804606 0.3176983  0.74222773 0.66533995 0.07813986390829086
24.0 0.3489291  0.35651672 0.7195068  0.54072356 0.04762715473771095
28.0 0.28951356 0.31656873 0.7503052  0.6508695  0.04577065259218216
30.0 0.25403515 0.19015667 0.7857065  0.8496704  0.040621284395456314
34.0 0.20338488 0.38328987 0.7541302  0.8256528  0.0349528007209301
21.0 0.28951356 0.31656873 0.7503052  0.6508695  0.03253728151321411
34.0 0.20058599 0.13603371 0.80972385 0.7228052  0.030557792633771896
25.0 0.30451074 0.2782397  0.74484205 0.69213796 0.02989669144153595
5.0 0.23134285 0.27389288 0.814009   0.7872795  0.029117435216903687
34.0 0.11923841 0.22946379 0.9091414  1.         0.028719831258058548
4.0 0.2701525  0.2672126  0.76605266 0.6826558  0.02677113749086857
24.0 0.19707364 0.22059232 0.7735136  0.7161037  0.026518667116761208
21.0 0.22177842 0.1005097  0.9131894  1.         0.024924175813794136
37.0 0.19707364 0.22059232 0.7735136  0.7161037  0.022903380915522575
26.0 0.2819838 0.3066228 0.7611838 0.6587165 0.022691886872053146
28.0 0.12658426 0.06235135 0.83420396 1.         0.022296782582998276
30.0 0.4851223 0.3163945 0.7295011 0.6254272 0.02081865631043911
28.0 0.         0.         0.90883803 0.6694709  0.01731294021010399
2.0 0.2819838 0.3066228 0.7611838 0.6587165 0.017305398359894753
30.0 0.07616562 0.05288327 1.         1.         0.017203640192747116
4.0 0.12013793 0.         1.         1.         0.016955049708485603
18.0 0.28176942 0.3175816  0.743842   0.6606224  0.016015473753213882
39.0 0.28352025 0.32991156 0.7317265  0.6721194  0.015880735591053963
29.0 0.28125864 0.33265164 0.7094731  0.64454746 0.015405308455228806
34.0 0.28740883 0.37102365 0.6908273  0.5540958  0.014447587542235851
19.0 0.4851223 0.3163945 0.7295011 0.6254272 0.014233065769076347
5.0 0.22177842 0.1005097  0.9131894  1.         0.014205827377736568
30.0 0.34508494 0.36750132 0.59287226 0.6583635  0.013219475746154785
41.0 0.29528487 0.28681028 0.7422942  0.65865886 0.012886667624115944
30.0 0.        0.        1.        0.8438133 0.012780005112290382
21.0 0.0608336  0.         0.75774205 0.7960466  0.012722120620310307
34.0 0.         0.         0.90883803 0.6694709  0.012426072731614113
32.0 0.27732784 0.31311756 0.76022893 0.67208856 0.012142747640609741
35.0 0.30451074 0.2782397  0.74484205 0.69213796 0.011997907422482967
10.0 0.28176942 0.3175816  0.743842   0.6606224  0.011612921953201294
25.0 0.22177842 0.1005097  0.9131894  1.         0.011439581401646137
4.0 0.30048937 0.41030657 0.6858508  0.6455023  0.01099647581577301
11.0 0.2819838 0.3066228 0.7611838 0.6587165 0.010956775397062302
25.0 0.00857008 0.         1.         0.59213537 0.010372194461524487
34.0 0.04454255 0.         1.         1.         0.010328324511647224
15.0 0.39304253 0.35032725 0.7189553  0.54367906 0.01030781865119934
29.0 0.16124827 0.14552563 0.9582594  0.9412059  0.009999257512390614
29.0 0.00857008 0.         1.         0.59213537 0.009738770313560963
30.0 0.20995298 0.05850124 0.918313   0.6726787  0.009568617679178715
21.0 0.        0.        1.        0.5410149 0.00954542774707079
34.0 0.27979815 0.44565776 0.6465957  0.65137935 0.009522822685539722
30.0 0.2722612  0.32391328 0.51278263 0.64786005 0.009438523091375828
5.0 0.0608336  0.         0.75774205 0.7960466  0.009428746066987514
16.0 0.30240458 0.30271733 0.7107232  0.67654586 0.009397715330123901
41.0 0.11923438 0.16511077 0.98725325 0.76070225 0.00938656646758318
41.0 0.        0.        1.        0.5410149 0.009297262877225876
3.0 0.         0.00039188 0.35165554 0.11871102 0.009294254705309868
17.0 0.92036474 0.00202287 0.99711    0.05634062 0.009277625009417534
0.0 0.22177842 0.1005097  0.9131894  1.         0.009191283024847507
3.0 0.24630739 0.2815989  0.7342538  0.86296713 0.009149922989308834
34.0 0.3374518  0.22038674 0.98017204 0.63934577 0.009101763367652893
33.0 0.2819838 0.3066228 0.7611838 0.6587165 0.009092733263969421
41.0 0.0608336  0.         0.75774205 0.7960466  0.008690844289958477
3.0 0.36261037 0.         0.53597236 0.07995188 0.008646098896861076
37.0 0.12443146 0.27507585 0.96922123 0.96895725 0.008608337491750717
4.0 0.33522493 0.3622131  0.7760832  0.57504547 0.00849719438701868
28.0 0.25403515 0.19015667 0.7857065  0.8496704  0.00843107234686613
24.0 0.34067714 0.21773857 0.8043972  0.5633443  0.008330458775162697
29.0 0.0608336  0.         0.75774205 0.7960466  0.008174468763172626
24.0 0.26717672 0.44903344 0.62161696 0.6336455  0.00814005546271801
5.0 0.32561523 0.26167762 0.71274    0.5008164  0.00807654857635498
34.0 0.         0.         1.         0.82940876 0.008044784888625145
20.0 0.00642967 0.01064334 0.21824083 0.08928652 0.007970424368977547
3.0 0.24572754 0.         0.42711008 0.07649422 0.007882663980126381
34.0 0.         0.45490775 0.8870679  1.         0.007829960435628891
4.0 0.19715977 0.         0.9382105  0.8188174  0.007770607713609934
24.0 0.         0.         1.         0.82940876 0.007740879897028208
24.0 0.5139142 0.3692006 0.6934757 0.4573779 0.007705667521804571
4.0 0.00642967 0.01064334 0.21824083 0.08928652 0.007695100270211697
12.0 0.         0.         0.30928177 0.15317225 0.007667448837310076
5.0 0.         0.         1.         0.86962044 0.007647162768989801
5.0 0.25888866 0.09702677 0.8609577  0.6397353  0.00763049116358161
3.0 0.33824372 0.         0.69682    0.11116393 0.007409944199025631
41.0 0.22609213 0.14331329 0.9387078  1.         0.007283696439117193
34.0 0.08408743 0.29298085 0.6702635  0.6133104  0.007249165326356888
3.0 0.00651892 0.0019675  0.18546996 0.10719505 0.007200875319540501
23.0 0.27499264 0.30671608 0.7516156  0.6629214  0.007194754667580128
38.0 0.7594696  0.76943314 1.         0.99949825 0.00714442552998662
24.0 0.28281704 0.38792056 0.6703037  0.8195059  0.007075225934386253
24.0 0.47707084 0.3851121  0.6427589  0.47139853 0.007028079126030207
38.0 0.76990473 0.         1.         0.32147473 0.007007530424743891
3.0 0.43756968 0.         0.6141533  0.08220184 0.006969443056732416
34.0 0.3326729  0.51498646 0.67834383 0.72077256 0.006936860736459494
34.0 0.32561523 0.26167762 0.71274    0.5008164  0.006930757313966751
30.0 0.45648032 0.3702296  0.6782294  0.7028613  0.006912994664162397
19.0 0.         0.         1.         0.82940876 0.00677788071334362
7.0 0.27499264 0.30671608 0.7516156  0.6629214  0.006774288602173328
0.0 0.         0.         1.         0.82940876 0.006750959437340498
