14.0 0.46508288 0.08954275 0.9953517  0.6151012  0.7486288547515869
9.0 0.3964997  0.49682313 0.52790415 0.63001543 0.6363071799278259
18.0 0.3964997  0.49682313 0.52790415 0.63001543 0.3002956211566925
1.0 0.457337   0.09230378 1.         0.618363   0.2670328915119171
13.0 0.3964997  0.49682313 0.52790415 0.63001543 0.24726717174053192
14.0 0.3964997  0.49682313 0.52790415 0.63001543 0.22018955647945404
7.0 0.457337   0.09230378 1.         0.618363   0.15776053071022034
40.0 0.457337   0.09230378 1.         0.618363   0.14655813574790955
20.0 0.44295293 0.09342512 1.         0.608894   0.14592260122299194
36.0 0.457337   0.09230378 1.         0.618363   0.1155097708106041
32.0 0.45592982 0.09336883 1.         0.6168603  0.10157408565282822
40.0 0.3964997  0.49682313 0.52790415 0.63001543 0.09811874479055405
10.0 0.45592982 0.09336883 1.         0.6168603  0.08543992042541504
38.0 0.3964997  0.49682313 0.52790415 0.63001543 0.07203861325979233
11.0 0.46508288 0.08954275 0.9953517  0.6151012  0.06796148419380188
6.0 0.47199175 0.09659129 0.9890034  0.6084859  0.0626089945435524
37.0 0.457337   0.09230378 1.         0.618363   0.053729571402072906
18.0 0.4647324  0.08041385 1.         0.6226897  0.04988131672143936
24.0 0.4960508  0.09867883 1.         0.5790813  0.04961543530225754
29.0 0.3727387  0.13778621 0.9840125  1.         0.044405847787857056
9.0 0.384223   0.42457533 0.55758923 0.6655439  0.043224185705184937
14.0 0.4976141  0.12753351 0.9594907  0.42406255 0.03943594545125961
36.0 0.39649245 0.49243942 0.52477694 0.6302904  0.03899563476443291
17.0 0.39497963 0.49430984 0.5269738  0.62974006 0.038574617356061935
9.0 0.47199175 0.09659129 0.9890034  0.6084859  0.0375441312789917
13.0 0.45592982 0.09336883 1.         0.6168603  0.03536961227655411
13.0 0.37593022 0.45273665 0.56616473 0.64500237 0.03420485183596611
2.0 0.3964997  0.49682313 0.52790415 0.63001543 0.033380936831235886
28.0 0.40827984 0.04345292 0.98677546 0.7303712  0.030508723109960556
18.0 0.37593022 0.45273665 0.56616473 0.64500237 0.02939489483833313
40.0 0.37593022 0.45273665 0.56616473 0.64500237 0.029135078191757202
38.0 0.457337   0.09230378 1.         0.618363   0.028992319479584694
29.0 0.47158134 0.10309893 0.9898697  0.60035014 0.025801170617341995
42.0 0.47262442 0.07625124 1.         0.61842465 0.025694401934742928
23.0 0.45592982 0.09336883 1.         0.6168603  0.02377622202038765
42.0 0.3961357  0.49727798 0.5300181  0.6297413  0.022452207282185555
14.0 0.48913452 0.         1.         0.55960643 0.02240450121462345
14.0 0.37593022 0.45273665 0.56616473 0.64500237 0.02203701063990593
9.0 0.41741297 0.51509583 0.48248032 0.6139246  0.02046286314725876
9.0 0.40988913 0.5111494  0.49716327 0.56922305 0.020346909761428833
1.0 0.37593022 0.45273665 0.56616473 0.64500237 0.02004368230700493
27.0 0.40827984 0.04345292 0.98677546 0.7303712  0.019971227273344994
17.0 0.384223   0.42457533 0.55758923 0.6655439  0.019900908693671227
1.0 0.39679343 0.48743275 0.5227022  0.632085   0.019507383927702904
0.0 0.4647324  0.08041385 1.         0.6226897  0.018600566312670708
18.0 0.41595656 0.51052594 0.5015568  0.57159996 0.01832682453095913
14.0 0.5709317  0.24565437 0.9571035  0.50013053 0.017738118767738342
18.0 0.4976141  0.12753351 0.9594907  0.42406255 0.017480000853538513
1.0 0.5799302  0.         1.         0.57667273 0.016935192048549652
33.0 0.44295293 0.09342512 1.         0.608894   0.016830895096063614
1.0 0.3727387  0.13778621 0.9840125  1.         0.016636621206998825
6.0 0.38757235 0.48378494 0.54309213 0.62783515 0.016593925654888153
11.0 0.579522  0.        1.        0.7699119 0.01652870513498783
3.0 0.45151043 0.06155241 0.9910779  0.6415043  0.01642005890607834
38.0 0.37593022 0.45273665 0.56616473 0.64500237 0.016333652660250664
18.0 0.41741297 0.51509583 0.48248032 0.6139246  0.016058987006545067
15.0 0.4647324  0.08041385 1.         0.6226897  0.015942005440592766
31.0 0.39058393 0.4936485  0.53187984 0.6294189  0.015828557312488556
40.0 0.3727387  0.13778621 0.9840125  1.         0.015762876719236374
17.0 0.92530465 0.00135496 0.9961343  0.05412636 0.015504891984164715
17.0 0.9010021  0.         1.         0.11748829 0.015437258407473564
4.0 0.384223   0.42457533 0.55758923 0.6655439  0.015385092236101627
4.0 0.35849518 0.38317668 0.5961593  0.7496605  0.015311140567064285
31.0 0.5632237  0.1167151  1.         0.54310083 0.015247825533151627
41.0 0.49072346 0.1021363  0.99428666 0.5691789  0.015143850818276405
35.0 0.5632237  0.1167151  1.         0.54310083 0.014976834878325462
10.0 0.3727387  0.13778621 0.9840125  1.         0.014680461026728153
2.0 0.384223   0.42457533 0.55758923 0.6655439  0.014647934585809708
40.0 0.3588353  0.         1.         0.57521236 0.01429432537406683
22.0 0.45151043 0.06155241 0.9910779  0.6415043  0.014130668714642525
9.0 0.41055962 0.5545037  0.50240827 0.61248505 0.013988524675369263
20.0 0.3474955 0.        1.        1.        0.013969633728265762
26.0 0.40827984 0.04345292 0.98677546 0.7303712  0.013581390492618084
3.0 0.39560416 0.49641633 0.5164861  0.6273358  0.01354270614683628
11.0 0.4976141  0.12753351 0.9594907  0.42406255 0.013507016934454441
14.0 0.67565584 0.         1.         0.5859292  0.01318027637898922
28.0 0.5632237  0.1167151  1.         0.54310083 0.01303463988006115
7.0 0.4976141  0.12753351 0.9594907  0.42406255 0.012879972346127033
21.0 0.00604132 0.40491608 0.28525224 1.         0.012804399244487286
14.0 0.3628745  0.21393958 0.9476088  0.7389101  0.012449377216398716
14.0 0.5467671  0.13684109 0.81702757 0.5037943  0.01207830011844635
14.0 0.51368153 0.13063888 0.7650347  0.33040494 0.012066545896232128
19.0 0.40827984 0.04345292 0.98677546 0.7303712  0.011862976476550102
15.0 0.3965844  0.49084613 0.5249315  0.6339338  0.0118525680154562
1.0 0.5506121  0.17188627 0.9387797  0.41620886 0.01178707554936409
40.0 0.4976141  0.12753351 0.9594907  0.42406255 0.011779901571571827
1.0 0.5034883 0.        0.9231241 0.5276257 0.011684359982609749
16.0 0.6921181 0.4823778 1.        1.        0.011684217490255833
4.0 0.457337   0.09230378 1.         0.618363   0.01158477459102869
8.0 0.44295293 0.09342512 1.         0.608894   0.011462483555078506
36.0 0.579522  0.        1.        0.7699119 0.011456477455794811
42.0 0.38273036 0.4546705  0.55675405 0.6899032  0.011360504664480686
9.0 0.35580963 0.34944028 0.61290926 0.73393553 0.011281440034508705
2.0 0.47262442 0.07625124 1.         0.61842465 0.011139458976686
4.0 0.5400766  0.13262913 0.92898095 0.35432997 0.011069790460169315
18.0 0.5467671  0.13684109 0.81702757 0.5037943  0.011034428142011166
14.0 0.44567183 0.         0.98366356 0.458823   0.010897967964410782
36.0 0.3727387  0.13778621 0.9840125  1.         0.010892274789512157
29.0 0.18801633 0.02842212 1.         1.         0.010688657872378826
30.0 0.40827984 0.04345292 0.98677546 0.7303712  0.010530197992920876
