39.0 0.         0.01522368 1.         1.         0.8394448757171631
8.0 0.         0.01522368 1.         1.         0.43990010023117065
27.0 0.01910666 0.01179284 0.9514513  1.         0.08511404693126678
39.0 0.04364514 0.         1.         1.         0.07689010351896286
39.0 0.         0.         0.4124479  0.43852574 0.054387349635362625
39.0 0.02320027 0.11560816 0.60796016 0.9794927  0.0469251424074173
27.0 0.49668726 0.00803486 1.         0.354776   0.03492889925837517
22.0 0.         0.01769954 1.         1.         0.032307207584381104
8.0 0.0063356  0.         0.15286873 0.08240137 0.03134514391422272
17.0 0.02649957 0.0237022  1.         1.         0.029299074783921242
16.0 0.05834809 0.00298464 1.         1.         0.028215628117322922
8.0 0.23392826 0.00402766 0.4876743  0.12192159 0.02768644690513611
39.0 0.01785825 0.04679275 0.3016659  0.686989   0.026320941746234894
21.0 0.0187667  0.01029599 1.         1.         0.025347987189888954
20.0 0.03561324 0.         0.9923654  1.         0.025072865188121796
8.0 0.02320027 0.11560816 0.60796016 0.9794927  0.02499735914170742
39.0 0.19696659 0.17730418 0.86479765 0.82158923 0.02473195269703865
3.0 0.01910666 0.01179284 0.9514513  1.         0.024603771045804024
39.0 0.        0.        1.        0.9555189 0.02426212839782238
30.0 0.5047733  0.19894761 0.6872013  0.55755585 0.02384069934487343
8.0 0.         0.         0.45149583 0.28831095 0.0235237255692482
8.0 0.         0.00140568 0.27202326 0.15802541 0.022756218910217285
39.0 0.         0.24080858 0.35063487 0.8281616  0.02068878710269928
8.0 0.11941177 0.4146009  0.8646253  0.89867455 0.020331241190433502
25.0 0.05834809 0.00298464 1.         1.         0.019296567887067795
39.0 0.07289878 0.42623776 0.8183317  0.90291756 0.019142551347613335
39.0 0.        0.        0.9712739 1.        0.017369819805026054
8.0 0.35613763 0.         0.48637545 0.08246498 0.016799787059426308
39.0 0.35119414 0.05120882 0.96579075 0.71054673 0.01668575219810009
27.0 0.09380227 0.         1.         1.         0.016455553472042084
39.0 0.01239102 0.55912924 0.15924512 0.8806751  0.016357073560357094
39.0 0.00965701 0.682523   0.1644155  1.         0.01593759097158909
39.0 0.24440086 0.27592808 1.         1.         0.015790510922670364
8.0 0.39856195 0.14194229 0.882828   0.9147935  0.015298443846404552
39.0 0.37705678 0.         1.         0.9144574  0.015023107640445232
27.0 0.68430734 0.00223628 0.99839735 0.17498484 0.014814937487244606
5.0 0.01910666 0.01179284 0.9514513  1.         0.014578028582036495
39.0 0.46831074 0.01089396 1.         0.35495    0.0132905850186944
31.0 0.05834809 0.00298464 1.         1.         0.01321970485150814
8.0 0.02847129 0.         1.         1.         0.012697684578597546
39.0 0.00718205 0.31164056 0.20805307 0.5853831  0.012214775197207928
39.0 0.        0.5462052 0.3252632 1.        0.012149505317211151
27.0 0.39856195 0.14194229 0.882828   0.9147935  0.011950643733143806
36.0 0.05834809 0.00298464 1.         1.         0.011918030679225922
12.0 0.06113091 0.         1.         1.         0.011630488559603691
16.0 0.8588275  0.69498503 0.9900421  0.98900104 0.011216862127184868
8.0 0.13228723 0.26128668 0.8629583  0.7131316  0.011148029007017612
16.0 0.2489956  0.4006933  0.3644318  0.61210394 0.011076635681092739
32.0 0.05834809 0.00298464 1.         1.         0.010986760258674622
41.0 0.         0.09186363 0.9918817  1.         0.010839799419045448
39.0 0.1330893  0.12681213 0.83206296 0.56246614 0.01081555150449276
27.0 0.17211002 0.06359309 1.         1.         0.010218381881713867
39.0 0.         0.         0.83267343 0.721672   0.010131406597793102
9.0 0. 0. 1. 1. 0.009822692722082138
27.0 0.13228723 0.26128668 0.8629583  0.7131316  0.009701249189674854
21.0 0.        0.        1.        0.9555189 0.00962467584758997
30.0 0.23109308 0.34458128 0.37387732 0.63110816 0.00958703737705946
39.0 0.02772668 0.3766312  0.17550825 0.72221094 0.009508185088634491
3.0 0.         0.04068351 0.55239975 1.         0.009298181161284447
39.0 0.01486625 0.00631899 0.31070983 0.304406   0.009051457047462463
27.0 0.02769491 0.14723167 0.47930184 0.9915955  0.008683440275490284
22.0 0.       0.       1.       0.761148 0.008407168090343475
39.0 0.         0.40609306 0.8457869  1.         0.008328736759722233
41.0 0.17211002 0.06359309 1.         1.         0.008178547956049442
27.0 0.11941177 0.4146009  0.8646253  0.89867455 0.00809451099485159
22.0 0.02320027 0.11560816 0.60796016 0.9794927  0.007888573221862316
29.0 0.23451659 0.36599404 0.3738086  0.62539375 0.007814339362084866
8.0 0.31445187 0.14505583 1.         1.         0.007762317080050707
16.0 0.08707398 0.         1.         1.         0.007620875257998705
35.0 0.         0.04395723 1.         1.         0.007617727387696505
8.0 0.1330893  0.12681213 0.83206296 0.56246614 0.007565711159259081
8.0 0.        0.        1.        0.9253501 0.007538046222180128
27.0 0.36912808 0.26499844 0.47633907 0.34545308 0.007514644879847765
3.0 0.        0.        0.9712739 1.        0.007494564168155193
31.0 0.8552114  0.7231628  0.9919877  0.99409974 0.0074692703783512115
27.0 0.5126941  0.         1.         0.20953062 0.007444513030350208
3.0 0.08707398 0.         1.         1.         0.007347627077251673
39.0 0.         0.79633206 0.228026   1.         0.007346296217292547
8.0 0.41240537 0.890087   0.68034863 1.         0.007313969079405069
0.0 0.22091305 0.42659128 0.3681571  0.59910226 0.007287945598363876
27.0 0.1330893  0.12681213 0.83206296 0.56246614 0.007280194666236639
8.0 0.53958637 0.8878749  0.808      1.         0.007208020426332951
21.0 0.09380227 0.         1.         1.         0.007203056942671537
25.0 0.09380227 0.         1.         1.         0.007133799605071545
39.0 0.007142   0.         0.1879195  0.21854109 0.007120926398783922
8.0 0.45985308 0.01151407 0.994241   0.28741407 0.0070874798111617565
39.0 0.00698982 0.         0.4399324  0.25025713 0.0068215057253837585
8.0 0.009908   0.00560519 0.09451988 0.05221474 0.006806557532399893
21.0 0.        0.        0.9712739 1.        0.00680531095713377
36.0 0.39856195 0.14194229 0.882828   0.9147935  0.006731190253049135
34.0 0.5047733  0.19894761 0.6872013  0.55755585 0.006667576264590025
17.0 0.         0.         0.93830395 1.         0.00661461940035224
17.0 0.09380227 0.         1.         1.         0.006561848800629377
27.0 0.        0.        0.8785423 1.        0.006485451478511095
10.0 0.01165378 0.19363096 0.90250665 0.97779906 0.006465128622949123
41.0 0.         0.0027898  0.76724863 1.         0.006389712914824486
21.0 0.03114852 0.03898734 0.54382384 0.92403215 0.006355338729918003
8.0 0.         0.85802317 0.2793555  1.         0.006280137225985527
8.0 0.47995898 0.         0.60827047 0.05399127 0.00627939635887742
5.0 0.86701274 0.69988835 0.9845226  0.957844   0.006271004676818848
