6.0 0.2243878  0.09713963 0.8657279  0.7507342  0.757083535194397
20.0 0.2243878  0.09713963 0.8657279  0.7507342  0.39088889956474304
14.0 0.2243878  0.09713963 0.8657279  0.7507342  0.38277000188827515
36.0 0.22267264 0.08624417 0.8786412  0.7529295  0.24910177290439606
22.0 0.2243878  0.09713963 0.8657279  0.7507342  0.21559007465839386
3.0 0.2243878  0.09713963 0.8657279  0.7507342  0.11448729783296585
1.0 0.23333213 0.09075013 0.8657259  0.7525774  0.0969388410449028
10.0 0.17576373 0.08709574 0.8645599  0.7547137  0.05644991248846054
8.0 0.1505481  0.11140233 0.89843476 0.7791533  0.045724645256996155
30.0 0.00507711 0.71691847 0.18053317 1.         0.04488435387611389
40.0 0.23834911 0.12798458 0.8646934  0.83127236 0.03927885368466377
6.0 0.12868148 0.         1.         0.8327142  0.036143697798252106
9.0 0.1505481  0.11140233 0.89843476 0.7791533  0.035284727811813354
29.0 0.1505481  0.11140233 0.89843476 0.7791533  0.0320793054997921
11.0 0.16909632 0.08623978 0.86071885 0.7504432  0.03200281783938408
14.0 0.25146174 0.13761823 0.8684013  0.44785511 0.030542826279997826
32.0 0.1921863  0.13039994 0.94240814 0.7523489  0.02525702491402626
12.0 0.21030381 0.09073231 0.8643384  0.7573627  0.02424827218055725
42.0 0.23387447 0.09684363 0.8632941  0.7496803  0.022341225296258926
7.0 0.1921863  0.13039994 0.94240814 0.7523489  0.021838422864675522
20.0 0.       0.       1.       0.694235 0.021559959277510643
30.0 0.         0.6252409  0.28223073 1.         0.020249316468834877
38.0 0.2418277  0.09985071 0.9179046  0.74045646 0.020041339099407196
21.0 0.00732181 0.68876445 0.16459897 1.         0.019461587071418762
27.0 0.1921863  0.13039994 0.94240814 0.7523489  0.018523134291172028
0.0 0.13129422 0.41491964 0.2735685  0.49939552 0.0184010062366724
14.0 0.12868148 0.         1.         0.8327142  0.018296686932444572
28.0 0.23834911 0.12798458 0.8646934  0.83127236 0.018285972997546196
33.0 0.25444332 0.09669575 0.84693885 0.7528626  0.016684727743268013
8.0 0.06289667 0.         1.         0.7517332  0.016337117180228233
13.0 0.23834911 0.12798458 0.8646934  0.83127236 0.015623603016138077
41.0 0.16909632 0.08623978 0.86071885 0.7504432  0.015352785587310791
28.0 0.00761484 0.71851754 0.18779133 1.         0.014857716858386993
32.0 0.4749989  0.14836149 0.86166805 0.32808346 0.014748021960258484
1.0 0.12868148 0.         1.         0.8327142  0.013813230209052563
36.0 0.       0.       1.       0.694235 0.013570616021752357
23.0 0.08031797 0.         1.         0.85271716 0.013536515645682812
22.0 0.       0.       1.       0.694235 0.013445012271404266
4.0 0.17441687 0.11020303 0.8409778  0.72798693 0.013062803074717522
20.0 0.4749989  0.14836149 0.86166805 0.32808346 0.013031726703047752
14.0 0.44236562 0.14599875 0.8543583  0.32713485 0.012979069724678993
9.0 0.         0.         1.         0.77219176 0.012978911399841309
34.0 0.00732181 0.68876445 0.16459897 1.         0.012687047943472862
37.0 0.16909632 0.08623978 0.86071885 0.7504432  0.012668522074818611
18.0 0.17546129 0.06064349 0.91970396 0.8501155  0.012616397812962532
34.0 0.16909632 0.08623978 0.86071885 0.7504432  0.012225124053657055
19.0 0.25444332 0.09669575 0.84693885 0.7528626  0.011690462939441204
39.0 0.1921863  0.13039994 0.94240814 0.7523489  0.01159864105284214
3.0 0.09861708 0.         0.92639685 1.         0.011553955264389515
40.0 0.06289667 0.         1.         0.7517332  0.011459087021648884
26.0 0.15481749 0.07744929 0.8577906  0.75816417 0.011364370584487915
29.0 0.04876596 0.         1.         0.7076434  0.011290645226836205
6.0 0.         0.         1.         0.77219176 0.011212034150958061
21.0 0.20625448 0.09002742 0.8638278  0.7619394  0.01119542121887207
28.0 0.         0.5361918  0.22685957 1.         0.010951858013868332
1.0 0.04262477 0.12372583 0.85410446 1.         0.01091895904392004
21.0 0.         0.5361918  0.22685957 1.         0.010916347615420818
24.0 0.4749989  0.14836149 0.86166805 0.32808346 0.010839078575372696
9.0 0.32866418 0.2204639  0.7816403  0.8104967  0.010646622627973557
30.0 0.16909632 0.08623978 0.86071885 0.7504432  0.01050964929163456
8.0 0.08031797 0.         1.         0.85271716 0.010430779308080673
35.0 0.12434775 0.05750221 0.9280593  0.88822293 0.010417158715426922
9.0 0.1926932  0.         1.         0.92319214 0.010402820073068142
0.0 0.23834911 0.12798458 0.8646934  0.83127236 0.010387798771262169
38.0 0.54591453 0.65275246 1.         1.         0.010364512912929058
24.0 0.28803712 0.11602119 0.8156108  0.749908   0.010273066349327564
0.0 0.13760854 0.42753842 0.21502404 0.49611846 0.010221054777503014
23.0 0.11053294 0.         1.         0.82400674 0.010160138830542564
11.0 0.01547211 0.         1.         1.         0.010111900046467781
17.0 0.12868148 0.         1.         0.8327142  0.009745984338223934
6.0 0.04262477 0.12372583 0.85410446 1.         0.009735594503581524
1.0 0.08031797 0.         1.         0.85271716 0.009731872007250786
2.0 0.17546129 0.06064349 0.91970396 0.8501155  0.009726115502417088
7.0 0.4749989  0.14836149 0.86166805 0.32808346 0.009699275717139244
7.0 0.         0.         0.8567306  0.84999573 0.009525660425424576
14.0 0.         0.04661059 0.91938365 1.         0.00937225203961134
29.0 0.00123262 0.7277103  0.19025871 1.         0.009265539236366749
29.0 0.08031797 0.         1.         0.85271716 0.009085049852728844
33.0 0.12721157 0.         1.         0.709761   0.009042154997587204
32.0 0.09861708 0.         0.92639685 1.         0.008999633602797985
40.0 0.08031797 0.         1.         0.85271716 0.008829141966998577
6.0 0.        0.        0.9577224 0.5176296 0.00869844388216734
13.0 0.12721157 0.         1.         0.709761   0.008574877865612507
34.0 0.01141074 0.54347634 0.2586163  1.         0.008554540574550629
0.0 0.12041224 0.3613037  0.29149127 0.4904676  0.008314669132232666
36.0 0.08031797 0.         1.         0.85271716 0.008178583346307278
5.0 0.00834531 0.10279351 0.90252566 0.73152995 0.00809330865740776
4.0 0.19764549 0.         0.8771202  0.308643   0.007992057129740715
3.0 0.22915673 0.1380439  0.85585666 0.43856204 0.007971974089741707
42.0 0.12868148 0.         1.         0.8327142  0.007826774381101131
17.0 0.07407826 0.         1.         0.6861658  0.007711645681411028
13.0 0.08031797 0.         1.         0.85271716 0.007692508865147829
42.0 0.04262477 0.12372583 0.85410446 1.         0.007616700138896704
11.0 0.22915673 0.1380439  0.85585666 0.43856204 0.007597923278808594
23.0 0.17441687 0.11020303 0.8409778  0.72798693 0.007580924313515425
9.0 0.         0.04661059 0.91938365 1.         0.007519867736846209
19.0 0.08031797 0.         1.         0.85271716 0.007496139034628868
36.0 0.        0.        0.9912324 1.        0.0074806055054068565
29.0 0.         0.58050585 0.19862925 1.         0.0074515496380627155
37.0 0.04262477 0.12372583 0.85410446 1.         0.007446131203323603
