0.0 0.24417084 0.39827728 0.89653534 0.75218284 0.279400497674942
18.0 0.22664446 0.4236525  0.90239304 0.74336874 0.23207199573516846
0.0 0.15532199 0.00711877 0.43611452 0.20421201 0.22554537653923035
7.0 0.15552002 0.01015946 0.4366858  0.205845   0.22269412875175476
37.0 0.15552002 0.01015946 0.4366858  0.205845   0.20926593244075775
14.0 0.15552002 0.01015946 0.4366858  0.205845   0.20421837270259857
18.0 0.15552002 0.01015946 0.4366858  0.205845   0.17001956701278687
40.0 0.15532199 0.00711877 0.43611452 0.20421201 0.1588660031557083
37.0 0.249939   0.40365377 0.8584348  0.715446   0.1510130912065506
28.0 0.249939   0.40365377 0.8584348  0.715446   0.14199447631835938
7.0 0.24576938 0.4179725  0.8966075  0.73046345 0.1234855130314827
24.0 0.24511099 0.4051974  0.86827016 0.70969653 0.10981214791536331
1.0 0.15532199 0.00711877 0.43611452 0.20421201 0.10028733313083649
32.0 0.15532199 0.00711877 0.43611452 0.20421201 0.09603457152843475
34.0 0.24576938 0.4179725  0.8966075  0.73046345 0.09403964877128601
13.0 0.15532199 0.00711877 0.43611452 0.20421201 0.08569695055484772
11.0 0.15552002 0.01015946 0.4366858  0.205845   0.08286909013986588
28.0 0.19683504 0.20720127 0.9309659  0.74120784 0.08189169317483902
11.0 0.24576938 0.4179725  0.8966075  0.73046345 0.08013565838336945
35.0 0.43915474 0.39840308 0.5121961  0.45783105 0.07653077691793442
7.0 0.18089068 0.08053643 0.9018911  0.7341849  0.07347621023654938
5.0 0.22664446 0.4236525  0.90239304 0.74336874 0.06690991669893265
24.0 0.15492782 0.         0.43056163 0.20808631 0.06536475569009781
2.0 0.43915474 0.39840308 0.5121961  0.45783105 0.06504763662815094
0.0 0.20632991 0.25651506 1.         0.9427239  0.06046705320477486
10.0 0.24417084 0.39827728 0.89653534 0.75218284 0.06032054126262665
4.0 0.23781773 0.35492367 0.89702725 0.7696628  0.05687630549073219
10.0 0.15532199 0.00711877 0.43611452 0.20421201 0.05548306927084923
23.0 0.15532199 0.00711877 0.43611452 0.20421201 0.052912939339876175
15.0 0.15552002 0.01015946 0.4366858  0.205845   0.051739417016506195
0.0 0.18089068 0.08053643 0.9018911  0.7341849  0.04943433403968811
28.0 0.16982928 0.04109594 0.6661086  0.5848855  0.04242824390530586
41.0 0.17956895 0.0844062  0.89593786 0.7018955  0.040191542357206345
15.0 0.22664446 0.4236525  0.90239304 0.74336874 0.037664368748664856
7.0 0.15766901 0.01765619 0.7490065  0.43929046 0.034777432680130005
28.0 0.15399675 0.         0.42950797 0.21082947 0.03438180312514305
0.0 0.25969973 0.4662872  0.7640619  0.6517871  0.03252037614583969
7.0 0.10664022 0.         0.59923995 0.3213225  0.031478263437747955
5.0 0.15538238 0.00768379 0.43311185 0.20228994 0.02901747263967991
1.0 0.14561936 0.         0.6088215  0.43426466 0.0281065683811903
0.0 0.38382566 0.52260894 0.9982976  0.9980673  0.028056064620614052
25.0 0.68960077 0.         0.9563802  0.44678748 0.027979739010334015
10.0 0.14561936 0.         0.6088215  0.43426466 0.02736607939004898
34.0 0.18395394 0.05542833 0.85021955 0.6877305  0.027080373838543892
5.0 0.21619499 0.07864907 0.86151266 0.74794436 0.026756351813673973
37.0 0.18395394 0.05542833 0.85021955 0.6877305  0.026529211550951004
13.0 0.24576938 0.4179725  0.8966075  0.73046345 0.026034144684672356
41.0 0.24576938 0.4179725  0.8966075  0.73046345 0.02549544908106327
0.0 0.09230596 0.44794846 1.         1.         0.0254830252379179
40.0 0.22664446 0.4236525  0.90239304 0.74336874 0.02540060505270958
26.0 0.24576938 0.4179725  0.8966075  0.73046345 0.025324566289782524
26.0 0.14561936 0.         0.6088215  0.43426466 0.024617552757263184
37.0 0.14561936 0.         0.6088215  0.43426466 0.02367270179092884
4.0 0.29209113 0.42854586 0.8395995  0.6598187  0.023297445848584175
10.0 0.08444816 0.         0.889766   0.5853832  0.022930670529603958
7.0 0.02876014 0.         0.901836   0.41625738 0.02253885753452778
24.0 0.21756062 0.29092413 0.9219836  0.83647054 0.02184915356338024
28.0 0.14248537 0.         0.52999717 0.38472095 0.02183905616402626
34.0 0.15720701 0.02360885 0.65405583 0.39271623 0.021767253056168556
33.0 0.15532199 0.00711877 0.43611452 0.20421201 0.021707462146878242
14.0 0.10664022 0.         0.59923995 0.3213225  0.0216495543718338
41.0 0.15152867 0.         0.43240988 0.36706352 0.021529613062739372
20.0 0.10664022 0.         0.59923995 0.3213225  0.021480415016412735
0.0 0.17957044 0.02893978 0.6003824  0.65007275 0.020881250500679016
7.0 0.18645206 0.2838213  1.         0.9160924  0.02030656300485134
1.0 0.20845217 0.03817117 0.8066698  0.7282373  0.020206360146403313
18.0 0.25969973 0.4662872  0.7640619  0.6517871  0.020199842751026154
28.0 0.25969973 0.4662872  0.7640619  0.6517871  0.020051268860697746
23.0 0.23957413 0.3683411  0.8816505  0.75436866 0.019947031512856483
26.0 0.18395394 0.05542833 0.85021955 0.6877305  0.019276702776551247
1.0 0.2440288  0.40225387 0.8637141  0.7191541  0.01912190206348896
41.0 0.12744695 0.         0.774077   0.31796554 0.01885358989238739
35.0 0.16293372 0.         0.42391264 0.22260445 0.018656592816114426
18.0 0.26652068 0.27654475 0.9326212  0.9039394  0.018625454977154732
38.0 0.1722829  0.         0.4066908  0.20350365 0.018528787419199944
14.0 0.22664446 0.4236525  0.90239304 0.74336874 0.01845167577266693
4.0 0.15538238 0.00768379 0.43311185 0.20228994 0.01744692213833332
26.0 0.15523088 0.00847235 0.4355741  0.21791798 0.01674153283238411
0.0 0.1743452  0.         0.55775857 0.17074761 0.016734054312109947
34.0 0.15538238 0.00768379 0.43311185 0.20228994 0.016701288521289825
11.0 0.14561936 0.         0.6088215  0.43426466 0.016661234200000763
15.0 0.43832254 0.4001983  0.5076093  0.45681694 0.016616374254226685
11.0 0.24343869 0.19327787 0.89668965 0.9209087  0.016442785039544106
29.0 0.1722829  0.         0.4066908  0.20350365 0.016356736421585083
1.0 0.2652844  0.46293163 0.4617221  0.69453466 0.016253327950835228
24.0 0.1918092  0.02119316 0.4236183  0.14628191 0.016036096960306168
42.0 0.16293372 0.         0.42391264 0.22260445 0.015972478315234184
38.0 0.19035974 0.33316818 0.9697472  0.8088399  0.015784554183483124
7.0 0.1743452  0.         0.55775857 0.17074761 0.015605826862156391
0.0 0.14248537 0.         0.52999717 0.38472095 0.015547558665275574
37.0 0.25969973 0.4662872  0.7640619  0.6517871  0.015483901835978031
0.0 0.52016044 0.44889116 1.         0.90600574 0.01536073163151741
37.0 0.         0.44342124 1.         1.         0.0149967260658741
42.0 0.22664446 0.4236525  0.90239304 0.74336874 0.014978867955505848
20.0 0.15552002 0.01015946 0.4366858  0.205845   0.014931640587747097
10.0 0.12744695 0.         0.774077   0.31796554 0.014740360900759697
5.0 0.15766901 0.01765619 0.7490065  0.43929046 0.014546962454915047
19.0 0.15532199 0.00711877 0.43611452 0.20421201 0.01439171563833952
24.0 0.25559306 0.26541364 0.81574845 0.6000969  0.014389610849320889
1.0 0.18161279 0.02410056 0.3984943  0.33249265 0.014374579302966595
