0.0 0.0974232  0.1818414  0.3689004  0.35897234 0.12082924693822861
40.0 0.0974232  0.1818414  0.3689004  0.35897234 0.10505995899438858
32.0 0.10393561 0.17683512 0.3650598  0.35483056 0.07219426333904266
24.0 0.10647885 0.17582473 0.3541405  0.3456953  0.07034999132156372
37.0 0.10393561 0.17683512 0.3650598  0.35483056 0.06561987102031708
7.0 0.0974232  0.1818414  0.3689004  0.35897234 0.059146132320165634
37.0 0.         0.6858266  0.47807303 1.         0.054536595940589905
18.0 0.10205887 0.17957193 0.36942142 0.37700534 0.050388019531965256
15.0 0.10223632 0.17523898 0.36823124 0.36107063 0.04573814943432808
40.0 0.08335736 0.09322256 0.39016923 0.45294166 0.036711398512125015
14.0 0.10205887 0.17957193 0.36942142 0.37700534 0.03654574230313301
37.0 0.11629597 0.19166923 0.32709634 0.29158092 0.0359686017036438
13.0 0.0974232  0.1818414  0.3689004  0.35897234 0.03496604040265083
32.0 0.11629597 0.19166923 0.32709634 0.29158092 0.0297627504914999
32.0 0.47683346 0.44428942 0.67722344 0.6272613  0.028856594115495682
40.0 0.81336695 0.         1.         0.5043777  0.027404487133026123
24.0 0.11639999 0.1941047  0.3041305  0.2831631  0.027145158499479294
0.0 0.05116867 0.18734309 0.39130676 0.4575003  0.027119267731904984
24.0 0.00247219 0.6710961  0.46873537 1.         0.026816293597221375
29.0 0.76454186 0.3627732  0.998574   1.         0.026466190814971924
1.0 0.0974232  0.1818414  0.3689004  0.35897234 0.026050327345728874
1.0 0.850222   0.03478724 1.         0.5059611  0.025871725752949715
24.0 0.07010917 0.13587245 0.39191556 0.44867888 0.02201956883072853
23.0 0.0974232  0.1818414  0.3689004  0.35897234 0.021780474111437798
15.0 0.11629597 0.19166923 0.32709634 0.29158092 0.021639851853251457
34.0 0.         0.3962239  0.88506377 1.         0.020584916695952415
28.0 0.         0.64470696 0.45634344 0.9751539  0.020379360765218735
28.0 0.81049275 0.38382924 0.994771   0.9808916  0.019878163933753967
8.0 0.47224838 0.4469012  0.67651314 0.62923443 0.019069014117121696
40.0 0.11629597 0.19166923 0.32709634 0.29158092 0.01788599230349064
30.0 0.7909162  0.35613918 1.         1.         0.01788480021059513
0.0 0.         0.6249623  0.3764109  0.98124963 0.0175183042883873
37.0 0.        0.6191087 0.6989118 1.        0.0170908123254776
5.0 0.         0.5627503  0.37061334 0.94226354 0.016723770648241043
10.0 0.0974232  0.1818414  0.3689004  0.35897234 0.016546323895454407
28.0 0.06053215 0.16504876 0.359342   0.64729553 0.016136126592755318
40.0 0.884371   0.18422246 1.         0.4763676  0.01598510518670082
29.0 0.        0.151786  1.        0.9979147 0.01568964496254921
34.0 0.01408339 0.6546963  0.64224243 1.         0.015504622831940651
0.0 0.         0.68474257 0.23095317 0.8955915  0.015427774749696255
35.0 0.11378455 0.16208974 0.35646132 0.41455695 0.01540701650083065
28.0 0.         0.3962239  0.88506377 1.         0.015280553139746189
11.0 0.10205887 0.17957193 0.36942142 0.37700534 0.015268108807504177
1.0 0.0609065  0.04517597 0.68755245 0.5931796  0.015206706710159779
37.0 0.07291935 0.18241073 0.37477303 0.4862082  0.015178324654698372
7.0 0.         0.03496101 0.80603194 0.60740185 0.015161469578742981
38.0 0.0974232  0.1818414  0.3689004  0.35897234 0.014987023547291756
40.0 0.08483204 0.03915703 0.47755823 0.33627248 0.014654954895377159
26.0 0.030265  0.6239042 0.5825155 1.        0.014479580335319042
24.0 0.00168124 0.5735561  0.65853906 1.         0.014234992675483227
7.0 0.0218813  0.60117257 0.38463312 0.9161799  0.014034057036042213
14.0 0.         0.03496101 0.80603194 0.60740185 0.013624141924083233
28.0 0.06496148 0.43410492 0.5024633  0.9792881  0.013598252087831497
15.0 0.08335736 0.09322256 0.39016923 0.45294166 0.013543380424380302
7.0 0.05872153 0.16309328 0.3867923  0.50955456 0.01350950077176094
19.0 0.10876811 0.18710132 0.34736145 0.31895226 0.013285639695823193
20.0 0.0609065  0.04517597 0.68755245 0.5931796  0.01315186358988285
5.0 0.0974232  0.1818414  0.3689004  0.35897234 0.013042384758591652
28.0 0.        0.6191087 0.6989118 1.        0.012992864474654198
24.0 0.         0.5627503  0.37061334 0.94226354 0.012815999798476696
32.0 0.06914836 0.11028913 0.40070897 0.40455827 0.012798456475138664
0.0 0.11629597 0.19166923 0.32709634 0.29158092 0.012691445648670197
4.0 0.10876811 0.18710132 0.34736145 0.31895226 0.012603865005075932
31.0 0.0974232  0.1818414  0.3689004  0.35897234 0.012532191351056099
38.0 0.1052804  0.02339101 0.6010427  0.3072762  0.012301232665777206
4.0 0.01408339 0.6546963  0.64224243 1.         0.012258769012987614
41.0 2.9610097e-04 4.5940036e-01 3.9550203e-01 8.5571486e-01 0.01225033588707447
35.0 0.12798089 0.16726717 0.30009416 0.34193084 0.012135452590882778
1.0 0.62812716 0.01759389 0.9944394  0.8379657  0.012098715640604496
18.0 0.08335736 0.09322256 0.39016923 0.45294166 0.011959057301282883
16.0 0.47683346 0.44428942 0.67722344 0.6272613  0.011840610764920712
20.0 0.63141716 0.00210002 0.97897065 0.6701193  0.011801870539784431
27.0 0.47224838 0.4469012  0.67651314 0.62923443 0.011799223721027374
10.0 0.         0.03496101 0.80603194 0.60740185 0.011740162968635559
23.0 0.11629597 0.19166923 0.32709634 0.29158092 0.011706937104463577
32.0 0.12786224 0.05436009 0.532907   0.584602   0.011615166440606117
1.0 0.06053215 0.16504876 0.359342   0.64729553 0.011544244363904
40.0 0.5897583 0.        0.8870554 0.513996  0.011524965986609459
41.0 0.0389999  0.18762857 0.35771346 0.72529304 0.011422596871852875
26.0 0.02209988 0.3570858  0.85178673 1.         0.011389116756618023
11.0 0.08662905 0.10711186 0.37755215 0.48414755 0.011365989223122597
1.0 0.892668   0.14047883 0.99935126 0.4531511  0.011361917480826378
32.0 0.81336695 0.         1.         0.5043777  0.011059866286814213
5.0 0.78432894 0.39312014 0.9857744  0.98355305 0.010930608958005905
27.0 0.55579203 0.70987105 0.79724556 0.88887024 0.010920164175331593
5.0 0.03478187 0.6412138  0.37394553 0.8390839  0.010906277224421501
32.0 0.63141716 0.00210002 0.97897065 0.6701193  0.010896739549934864
31.0 0.91229355 0.02951412 1.         0.32471126 0.010871862061321735
4.0 0.08009276 0.7417755  0.7925892  1.         0.01079410407692194
37.0 0.         0.3962239  0.88506377 1.         0.010570344515144825
0.0 0.80549    0.4253598  0.99106693 1.         0.010391888208687305
32.0 0.         0.03496101 0.80603194 0.60740185 0.010338861495256424
41.0 0.03478187 0.6412138  0.37394553 0.8390839  0.010298142209649086
34.0 0.03478187 0.6412138  0.37394553 0.8390839  0.010276771150529385
1.0 0.70421785 0.         1.         0.51547146 0.010272426530718803
10.0 0.0389999  0.18762857 0.35771346 0.72529304 0.01014189887791872
40.0 0.7909405  0.08018258 1.         0.45544246 0.010133792646229267
40.0 0.12786224 0.05436009 0.532907   0.584602   0.01012713648378849
20.0 0.15196243 0.         0.98287356 0.9417159  0.010081245563924313
7.0 0.07206133 0.12510575 0.669577   0.4962589  0.009877593256533146
