30.0 0.4802416  0.05744761 0.9484077  0.97684294 0.43327048420906067
25.0 0.4802416  0.05744761 0.9484077  0.97684294 0.20392628014087677
29.0 0.46013317 0.05151397 0.9696796  0.9970433  0.19818632304668427
34.0 0.04599991 0.14030427 0.976102   1.         0.1422218233346939
31.0 0.51563716 0.08114842 0.9360448  0.9714608  0.1301233321428299
30.0 0.11365873 0.1316013  0.98318976 1.         0.12235334515571594
28.0 0.12798789 0.08093104 0.9764446  1.         0.09693557024002075
40.0 0.84156585 0.6986966  1.         1.         0.0642266497015953
5.0 0.06430566 0.18728366 0.98554933 0.9944624  0.06094289943575859
0.0 0.52219987 0.1698865  0.73018265 0.39653513 0.0597258135676384
4.0 0.4802416  0.05744761 0.9484077  0.97684294 0.058993835002183914
0.0 0.49512792 0.06804505 0.95280755 0.9886408  0.05589260905981064
31.0 0.83592296 0.61443055 0.9970677  1.         0.055338479578495026
29.0 0.0386281  0.01338196 1.         1.         0.05225900560617447
30.0 0.35803896 0.18318346 0.78808194 0.9961817  0.04693903401494026
16.0 0.49512792 0.06804505 0.95280755 0.9886408  0.043739162385463715
0.0 0.06885472 0.14602652 0.96878445 0.9909725  0.04368755221366882
15.0 0.52219987 0.1698865  0.73018265 0.39653513 0.04337289184331894
28.0 0.5027169  0.0757193  0.93238366 0.9684171  0.042759742587804794
21.0 0.4802416  0.05744761 0.9484077  0.97684294 0.04152628034353256
19.0 0.4341676  0.03239232 0.95492196 0.97114784 0.04105431213974953
26.0 0.01941815 0.12849683 0.8642733  1.         0.03712674230337143
21.0 0.07210708 0.05942544 0.9093213  1.         0.03539617359638214
30.0 0.6209575 0.02291   1.        1.        0.03467778488993645
34.0 0.         0.544738   0.57234406 1.         0.03453267738223076
26.0 0.         0.544738   0.57234406 1.         0.03389700874686241
31.0 0.53217226 0.17527762 0.7441363  0.47574088 0.03258982300758362
37.0 0.12798789 0.08093104 0.9764446  1.         0.032088056206703186
29.0 0.6209239  0.06796259 1.         1.         0.03099043481051922
37.0 0.51563716 0.08114842 0.9360448  0.9714608  0.03059322014451027
5.0 0.4802416  0.05744761 0.9484077  0.97684294 0.03038613684475422
18.0 0.51933384 0.17247209 0.72919774 0.38998547 0.027936432510614395
28.0 0.         0.544738   0.57234406 1.         0.027611766010522842
21.0 0.01209326 0.04016575 0.27269596 0.85353136 0.02666199579834938
26.0 0.         0.         0.63194895 0.21730334 0.025818156078457832
2.0 0.50735563 0.18181711 0.73477703 0.40560937 0.025632591918110847
11.0 0.         0.         0.49327958 0.22267035 0.02447669394314289
40.0 0.51933384 0.17247209 0.72919774 0.38998547 0.023946555331349373
29.0 0.84156585 0.6986966  1.         1.         0.0234476737678051
26.0 0.01312093 0.1199438  0.28098404 0.9415876  0.023075247183442116
25.0 0.6209575 0.02291   1.        1.        0.02273990400135517
34.0 0.1210545  0.49041635 0.75324154 0.91327244 0.02268349751830101
30.0 0.         0.00254041 1.         1.         0.022471774369478226
2.0 0.4802416  0.05744761 0.9484077  0.97684294 0.021680381149053574
15.0 0.51563716 0.08114842 0.9360448  0.9714608  0.02159869112074375
40.0 0.5145965  0.08989874 0.92642266 0.8747988  0.02147321216762066
31.0 0.5251249  0.13459533 0.7909286  0.7169391  0.02118908241391182
31.0 0.43816462 0.13089545 0.9588889  0.61736214 0.020570961758494377
25.0 0.07591626 0.15948474 0.99902153 1.         0.020556580275297165
7.0 0.08285093 0.05444565 0.944016   0.9648509  0.020554425194859505
4.0 0.         0.         0.63194895 0.21730334 0.02023264952003956
27.0 0.51563716 0.08114842 0.9360448  0.9714608  0.02015284076333046
34.0 0.5027169  0.0757193  0.93238366 0.9684171  0.020012833178043365
12.0 0.02624741 0.05671588 0.78175664 1.         0.019897695630788803
25.0 0.43816462 0.13089545 0.9588889  0.61736214 0.019878415390849113
1.0 0.00115788 0.00638473 0.4777646  0.19668438 0.019308464601635933
29.0 0.43816462 0.13089545 0.9588889  0.61736214 0.019280824810266495
30.0 0.3756231  0.2118499  0.90635073 0.6997479  0.019252212718129158
28.0 0.35803896 0.18318346 0.78808194 0.9961817  0.019176678732037544
30.0 0.23915312 0.43908262 0.86227715 0.88905585 0.01914089173078537
21.0 0.01013575 0.2879097  0.15052098 0.6713723  0.01909502036869526
34.0 0.24745339 0.43169823 1.         1.         0.018786387518048286
24.0 0.04599991 0.14030427 0.976102   1.         0.018333744257688522
8.0 0.49512792 0.06804505 0.95280755 0.9886408  0.017656732350587845
34.0 0.        0.4497051 0.8548309 1.        0.01734192483127117
13.0 0.4586236  0.09044886 0.9806563  0.9795308  0.017298733815550804
17.0 0.49512792 0.06804505 0.95280755 0.9886408  0.017225349321961403
5.0 0.         0.00254041 1.         1.         0.01700351946055889
17.0 0.8427637  0.         0.99931544 0.29982734 0.016714638099074364
4.0 0.         0.544738   0.57234406 1.         0.016569066792726517
34.0 0.26026642 0.31365192 0.83463955 0.940734   0.016487928107380867
26.0 0.         0.38080826 0.45463872 0.9299327  0.01645255833864212
19.0 0.06430566 0.18728366 0.98554933 0.9944624  0.016372887417674065
10.0 0.04599991 0.14030427 0.976102   1.         0.016177307814359665
10.0 0.51563716 0.08114842 0.9360448  0.9714608  0.016098009422421455
38.0 0.8427637  0.         0.99931544 0.29982734 0.016056260094046593
32.0 0.         0.00474063 0.41911197 0.20220731 0.01605367660522461
24.0 0.        0.5612196 0.592399  1.        0.01582312025129795
17.0 0.9308871  0.         1.         0.15171543 0.015783272683620453
35.0 0.53217226 0.17527762 0.7441363  0.47574088 0.015761539340019226
16.0 0.43816462 0.13089545 0.9588889  0.61736214 0.015648923814296722
33.0 0.51563716 0.08114842 0.9360448  0.9714608  0.0152673851698637
9.0 0.49512792 0.06804505 0.95280755 0.9886408  0.015211605466902256
7.0 0.51563716 0.08114842 0.9360448  0.9714608  0.015106692910194397
0.0 0.76193416 0.63699275 1.         0.9953831  0.015021356754004955
4.0 0.26732317 0.09739271 0.84988177 1.         0.014817378483712673
0.0 0.47430077 0.15516783 0.86742306 0.5318558  0.014691267162561417
16.0 0.62741053 0.         1.         0.97885287 0.01448167022317648
16.0 0.52219987 0.1698865  0.73018265 0.39653513 0.014428209513425827
32.0 0.51563716 0.08114842 0.9360448  0.9714608  0.014339322224259377
41.0 0.07165462 0.05983075 0.89088356 1.         0.014333506114780903
35.0 0.51563716 0.08114842 0.9360448  0.9714608  0.014281471259891987
0.0 0.84053326 0.7503563  1.         0.9538003  0.014266408048570156
28.0 0.03502589 0.10264829 0.5211666  1.         0.01421085000038147
40.0 0.8047206 0.592716  1.        1.        0.014019952155649662
14.0 0.0036678  0.00991495 0.3991649  0.18410045 0.013951491564512253
34.0 0.01312093 0.1199438  0.28098404 0.9415876  0.013943111523985863
37.0 0.        0.5702263 0.5862895 1.        0.013712036423385143
24.0 0.         0.         0.42421383 0.25323248 0.013704068027436733
30.0 0.7164083  0.14990953 0.9811501  1.         0.01360217947512865
