10.0 0.40810388 0.13895309 0.69394547 0.9098002  0.6079115271568298
28.0 0.4223256  0.12460196 0.7201636  0.8867953  0.24947933852672577
1.0 0.40439308 0.14051774 0.69405556 0.94020057 0.1544150710105896
4.0 0.4156261  0.12859392 0.7200238  0.88226974 0.14946028590202332
21.0 0.4223256  0.12460196 0.7201636  0.8867953  0.12178456038236618
41.0 0.40810388 0.13895309 0.69394547 0.9098002  0.0925295427441597
5.0 0.02062941 0.8121656  0.53513545 1.         0.0852777287364006
38.0 0.4606273  0.19305784 0.69156766 0.8616684  0.07711900770664215
31.0 0.5853733  0.20689039 0.69771945 0.47356123 0.07574201375246048
29.0 0.4223256  0.12460196 0.7201636  0.8867953  0.07179559022188187
25.0 0.4138982  0.13943517 0.71496546 0.89002573 0.06250383704900742
26.0 0.4223256  0.12460196 0.7201636  0.8867953  0.06097080931067467
34.0 0.41458234 0.13789234 0.72740245 0.8994359  0.055568628013134
40.0 0.42528403 0.12752607 0.7027464  0.8816818  0.05019484460353851
24.0 0.04219696 0.8311217  0.5238366  1.         0.049372121691703796
10.0 0.4764281  0.3712092  0.70969075 0.8215794  0.04849629104137421
38.0 0.47298607 0.5447265  0.6962681  0.8334776  0.04515727609395981
9.0 0.42528403 0.12752607 0.7027464  0.8816818  0.04150783643126488
29.0 0.42075813 0.09104183 1.         0.8898214  0.04137513041496277
30.0 0.4138982  0.13943517 0.71496546 0.89002573 0.04135800525546074
20.0 0.40810388 0.13895309 0.69394547 0.9098002  0.040204089134931564
10.0 0.3299146  0.18032217 0.8629658  0.83288264 0.03841419145464897
42.0 0.40810388 0.13895309 0.69394547 0.9098002  0.037483327090740204
10.0 0.41063637 0.26326793 0.66040915 0.6498725  0.03481273725628853
27.0 0.40810388 0.13895309 0.69394547 0.9098002  0.03403002396225929
12.0 0.4223256  0.12460196 0.7201636  0.8867953  0.032912448048591614
5.0 0.4138982  0.13943517 0.71496546 0.89002573 0.03151532635092735
0.0 0.4138982  0.13943517 0.71496546 0.89002573 0.031016506254673004
17.0 0.4223256  0.12460196 0.7201636  0.8867953  0.026356106624007225
7.0 0.4138982  0.13943517 0.71496546 0.89002573 0.025715647265315056
10.0 0.40186685 0.2599516  0.563337   0.5877675  0.024868011474609375
15.0 0.04219696 0.8311217  0.5238366  1.         0.02466435544192791
1.0 0.44499615 0.24027947 0.69192433 0.57845986 0.024427112191915512
13.0 0.39755878 0.148491   0.73972523 0.8711369  0.024127542972564697
40.0 0.34433123 0.         0.99028087 0.9418808  0.022952426224946976
33.0 0.41826797 0.14005414 0.7178533  0.9074037  0.02248488739132881
31.0 0.4138982  0.13943517 0.71496546 0.89002573 0.02193140611052513
23.0 0.3976327  0.13152945 0.73187935 0.90714645 0.021592948585748672
1.0 0.36332646 0.08276573 0.89378786 0.8749634  0.021426944062113762
34.0 0.05656213 0.8410676  0.5084046  0.99460715 0.020257070660591125
14.0 0.4272164  0.1680266  0.66931796 0.86143327 0.020236128941178322
38.0 0.42997417 0.24537727 0.6929406  0.47029194 0.020125824958086014
18.0 0.4606273  0.19305784 0.69156766 0.8616684  0.019675662741065025
31.0 0.34433123 0.         0.99028087 0.9418808  0.019077152013778687
5.0 0.         0.71216166 0.44450226 0.99413025 0.01891494356095791
7.0 0.4066445  0.23376425 0.6621531  0.5911534  0.018455758690834045
36.0 0.4223256  0.12460196 0.7201636  0.8867953  0.018380139023065567
8.0 0.41826797 0.14005414 0.7178533  0.9074037  0.01823689043521881
29.0 0.19311708 0.         1.         1.         0.01809648424386978
5.0 0.01609567 0.83171314 0.36144575 0.9864159  0.017735160887241364
28.0 0.34953928 0.06139162 0.94275427 0.8856865  0.017029665410518646
25.0 0.5905467  0.21856655 0.6918452  0.43858665 0.016919782385230064
16.0 0.5906529  0.21343412 0.6929286  0.39079785 0.01686740294098854
24.0 0.15893942 0.834306   0.59180903 1.         0.016790417954325676
37.0 0.4138982  0.13943517 0.71496546 0.89002573 0.016696544364094734
24.0 0.00404841 0.7536995  0.4665798  1.         0.016552750021219254
3.0 0.41458234 0.13789234 0.72740245 0.8994359  0.016343923285603523
4.0 0.53898275 0.23974895 0.714697   0.84685314 0.016329867765307426
0.0 0.         0.8852046  0.16500372 1.         0.01626899465918541
10.0 0.42997417 0.24537727 0.6929406  0.47029194 0.01620424911379814
10.0 0.52980286 0.47219485 0.68225783 0.8382819  0.015781879425048828
15.0 0.00404841 0.7536995  0.4665798  1.         0.015674423426389694
0.0 0.0206313  0.8230707  0.46023154 1.         0.015570185147225857
39.0 0.4223256  0.12460196 0.7201636  0.8867953  0.01537227537482977
17.0 0.5741578  0.20672652 0.7021664  0.4613721  0.015215077437460423
20.0 0.34953928 0.06139162 0.94275427 0.8856865  0.015189619734883308
40.0 0.00101334 0.         1.         1.         0.015180627815425396
16.0 0.4138982  0.13943517 0.71496546 0.89002573 0.014995929785072803
0.0 0.6213667  0.78146386 1.         1.         0.014929880388081074
2.0 0.3976327  0.13152945 0.73187935 0.90714645 0.014906111173331738
10.0 0.34433123 0.         0.99028087 0.9418808  0.014795051887631416
22.0 0.41483846 0.13422462 0.7100401  0.9055239  0.014772041700780392
32.0 0.41826797 0.14005414 0.7178533  0.9074037  0.014507647603750229
18.0 0.42997417 0.24537727 0.6929406  0.47029194 0.014474689029157162
0.0 0.503222   0.29406604 0.6885903  0.86805356 0.014413584023714066
17.0 0.503222   0.29406604 0.6885903  0.86805356 0.014201181009411812
40.0 0.57652426 0.19438186 0.699965   0.5282155  0.014078094623982906
42.0 0.503222   0.29406604 0.6885903  0.86805356 0.013786531053483486
9.0 0.34433123 0.         0.99028087 0.9418808  0.013500046916306019
38.0 0.39928448 0.14115205 0.79987895 0.9361938  0.013412880711257458
38.0 0.36938033 0.23273697 0.73465276 0.5892799  0.01324146892875433
4.0 0.14715499 0.         1.         1.         0.013174666091799736
19.0 0.0650475  0.8352161  0.56913835 1.         0.012996929697692394
16.0 0.01609567 0.83171314 0.36144575 0.9864159  0.012927955016493797
6.0 0.41483846 0.13422462 0.7100401  0.9055239  0.012778464704751968
19.0 0.4138982  0.13943517 0.71496546 0.89002573 0.01241037156432867
26.0 0.32821184 0.         0.815227   0.96310997 0.012125023640692234
40.0 0.44499615 0.24027947 0.69192433 0.57845986 0.012029510922729969
38.0 0.5278599 0.7158194 0.6741147 0.8296221 0.011649413965642452
1.0 0.503222   0.29406604 0.6885903  0.86805356 0.011593000963330269
0.0 0.5334957  0.21678832 0.7233828  0.44400105 0.011525220237672329
40.0 0.4819747 0.4234115 0.7076082 0.8498553 0.011514942161738873
16.0 0.01336519 0.61084336 0.32566124 1.         0.011500919237732887
39.0 0.51097965 0.00520533 1.         0.9198762  0.0113260168582201
38.0 0.5853733  0.20689039 0.69771945 0.47356123 0.011227761395275593
41.0 0.40320385 0.26819855 0.5587116  0.6004674  0.011215566657483578
0.0 0.348577   0.         0.98200905 1.         0.011205561459064484
28.0 0.40902537 0.19173092 0.61578494 0.7925254  0.011113745160400867
27.0 0.4159441  0.1568067  1.         0.89508355 0.010973934084177017
17.0 0.34433123 0.         0.99028087 0.9418808  0.010953696444630623
