12.0 0.4589122  0.28271198 0.6968046  0.6584036  0.766322135925293
3.0 0.46417198 0.27571523 0.69015217 0.6600159  0.16685622930526733
21.0 0.46195102 0.21382606 0.7360872  0.8251797  0.16311761736869812
4.0 0.46195102 0.21382606 0.7360872  0.8251797  0.12157736718654633
1.0 0.46417052 0.27488798 0.6899728  0.66123164 0.10569295287132263
33.0 0.46417052 0.27488798 0.6899728  0.66123164 0.09643812477588654
20.0 0.46125317 0.28020155 0.6953851  0.66455555 0.09640946239233017
6.0 0.46125317 0.28020155 0.6953851  0.66455555 0.09426978975534439
26.0 0.46174875 0.21267173 0.7251712  0.8042674  0.09296727180480957
39.0 0.46417198 0.27571523 0.69015217 0.6600159  0.08220303058624268
41.0 0.4589122  0.28271198 0.6968046  0.6584036  0.08181532472372055
8.0 0.46417052 0.27488798 0.6899728  0.66123164 0.0780622735619545
34.0 0.46195102 0.21382606 0.7360872  0.8251797  0.06522002071142197
12.0 0.44416845 0.11743572 0.72145236 0.7783421  0.06357386708259583
10.0 0.46417052 0.27488798 0.6899728  0.66123164 0.06318992376327515
22.0 0.46417052 0.27488798 0.6899728  0.66123164 0.062191400676965714
28.0 0.46174875 0.21267173 0.7251712  0.8042674  0.05453905090689659
23.0 0.46174875 0.21267173 0.7251712  0.8042674  0.050354212522506714
21.0 0.37523937 0.         0.7900046  0.9152919  0.049519624561071396
5.0 0.46417052 0.27488798 0.6899728  0.66123164 0.04609965905547142
12.0 0.37523937 0.         0.7900046  0.9152919  0.040883634239435196
30.0 0.46174875 0.21267173 0.7251712  0.8042674  0.03497917950153351
25.0 0.46174875 0.21267173 0.7251712  0.8042674  0.03356296941637993
34.0 0.41039723 0.05677849 0.80632466 0.9509477  0.0317784883081913
26.0 0.43585   0.1192084 0.8113307 0.9655263 0.03143061697483063
26.0 0.49024266 0.2915632  0.6777107  0.6818644  0.03043140098452568
19.0 0.46174875 0.21267173 0.7251712  0.8042674  0.030169514939188957
4.0 0.41039723 0.05677849 0.80632466 0.9509477  0.02934318035840988
12.0 0.46271756 0.30279958 0.6707163  0.4840113  0.028156744316220284
10.0 0.4699416  0.40888226 0.7161693  0.9793484  0.02689462900161743
33.0 0.46622184 0.22132337 0.7889366  0.85092056 0.02623884752392769
10.0 0.46622184 0.22132337 0.7889366  0.85092056 0.02617645636200905
1.0 0.44416845 0.11743572 0.72145236 0.7783421  0.025891656056046486
13.0 0.46174875 0.21267173 0.7251712  0.8042674  0.025711121037602425
3.0 0.47298196 0.2991487  0.6664746  0.5213735  0.02410074509680271
17.0 0.46174875 0.21267173 0.7251712  0.8042674  0.023049481213092804
11.0 0.46125317 0.28020155 0.6953851  0.66455555 0.022959116846323013
21.0 0.45478085 0.27992195 0.674165   0.6688351  0.022770952433347702
8.0 0.45334822 0.1610429  0.7531759  0.84894943 0.02252933382987976
34.0 0.47245395 0.27347142 0.6861986  0.65988946 0.022269558161497116
9.0 0.91168493 0.         0.9997639  0.1303086  0.021278822794556618
3.0 0.45334822 0.1610429  0.7531759  0.84894943 0.02116214483976364
5.0 0.46622184 0.22132337 0.7889366  0.85092056 0.01965629868209362
2.0 0.4435001  0.25805664 0.74693984 0.7337024  0.019213814288377762
20.0 0.45095083 0.27693954 0.7914758  0.81125534 0.01828780211508274
25.0 0.5465008 0.622648  0.7339711 1.        0.017985394224524498
39.0 0.4115665  0.3194008  0.7807214  0.76584756 0.017731208354234695
28.0 0.49024266 0.2915632  0.6777107  0.6818644  0.017692722380161285
29.0 0.46622184 0.22132337 0.7889366  0.85092056 0.016832204535603523
3.0 0.48499423 0.30684197 0.65365595 0.4266957  0.016764216125011444
9.0 0.46174875 0.21267173 0.7251712  0.8042674  0.015367723070085049
16.0 0.46174875 0.21267173 0.7251712  0.8042674  0.015366957522928715
21.0 0.4699416  0.40888226 0.7161693  0.9793484  0.014908231794834137
32.0 0.46417052 0.27488798 0.6899728  0.66123164 0.014862462878227234
3.0 0.46475345 0.45536503 0.67117995 0.64360225 0.014816704206168652
41.0 0.4699416  0.40888226 0.7161693  0.9793484  0.014751181937754154
4.0 0.50048643 0.3395474  0.6733369  0.82337475 0.014732586219906807
21.0 0.37405413 0.15765165 0.78566784 0.6198635  0.014101403765380383
17.0 0.91168493 0.         0.9997639  0.1303086  0.014082152396440506
34.0 0.51569545 0.44272906 0.7800416  0.9903359  0.0137856500223279
4.0 0.48499423 0.30684197 0.65365595 0.4266957  0.013664307072758675
21.0 0.49492532 0.2826736  0.93604165 0.8409517  0.013598239049315453
4.0 0.4511413  0.31757754 0.7078777  0.6242747  0.013349895365536213
0.0 0.46174875 0.21267173 0.7251712  0.8042674  0.013167147524654865
23.0 0.14342275 0.9039948  0.29283342 1.         0.012910490855574608
37.0 0.46174875 0.21267173 0.7251712  0.8042674  0.012873627245426178
41.0 0.4115665  0.3194008  0.7807214  0.76584756 0.012732893228530884
3.0 0.47449797 0.31968617 0.6139626  0.6273662  0.012700536288321018
26.0 0.4699416  0.40888226 0.7161693  0.9793484  0.012253006920218468
17.0 0.37932068 0.12914672 0.85496134 0.8706945  0.012242312543094158
31.0 0.46174875 0.21267173 0.7251712  0.8042674  0.012097512371838093
14.0 0.46417052 0.27488798 0.6899728  0.66123164 0.011995730921626091
36.0 0.47245395 0.27347142 0.6861986  0.65988946 0.011893059127032757
40.0 0.4435001  0.25805664 0.74693984 0.7337024  0.011877070181071758
23.0 0.49024266 0.2915632  0.6777107  0.6818644  0.01178218424320221
28.0 0.42972738 0.13098246 0.83562785 1.         0.011726217344403267
17.0 0.8786043 0.7312506 0.9959005 1.        0.01171371340751648
7.0 0.46417052 0.27488798 0.6899728  0.66123164 0.0116857485845685
32.0 0.13504949 0.8914363  0.45590773 1.         0.011233326978981495
35.0 0.4435001  0.25805664 0.74693984 0.7337024  0.011140251532196999
3.0 0.48225915 0.5390226  0.6601566  0.63941354 0.01106170192360878
4.0 0.4699416  0.40888226 0.7161693  0.9793484  0.010984533466398716
26.0 0.37405413 0.15765165 0.78566784 0.6198635  0.010824925266206264
34.0 0.         0.700434   0.51464236 1.         0.010819943621754646
34.0 0.50048643 0.3395474  0.6733369  0.82337475 0.010740783996880054
34.0 0.43041286 0.29056886 0.95701563 0.82203555 0.010706563480198383
28.0 0.4699416  0.40888226 0.7161693  0.9793484  0.010685130022466183
18.0 0.46174875 0.21267173 0.7251712  0.8042674  0.010632418096065521
25.0 0.47241986 0.31898192 0.9233526  0.77896166 0.010568803176283836
10.0 0.49923488 0.6251212  0.6923321  1.         0.010480587370693684
22.0 0.46271756 0.30279958 0.6707163  0.4840113  0.010325862094759941
9.0 0.8786043 0.7312506 0.9959005 1.        0.010012025013566017
23.0 0.19724041 0.90469813 0.3575285  1.         0.00998957734555006
12.0 0.25030476 0.0475595  0.9584108  1.         0.009960907511413097
39.0 0.46271756 0.30279958 0.6707163  0.4840113  0.009926075115799904
10.0 0.57743245 0.66822004 0.70176166 1.         0.00984988920390606
38.0 0.55785334 0.59419465 0.9954349  1.         0.009825767949223518
27.0 0.46349204 0.2787577  0.7058798  0.84495974 0.009469011798501015
42.0 0.45181155 0.2582538  0.70457923 0.6854777  0.009443892166018486
36.0 0.8557064  0.         0.99973303 0.23754005 0.009237929247319698
