38.0 0.47354373 0.         0.6867486  0.22629546 0.3957497775554657
7.0 0.471278   0.         0.68299335 0.22340581 0.3463943302631378
39.0 0.38930428 0.         0.9639648  0.96939397 0.3046760857105255
10.0 0.38930428 0.         0.9639648  0.96939397 0.22064539790153503
27.0 0.38216445 0.         0.95994854 1.         0.19176983833312988
18.0 0.47076297 0.         0.6838076  0.22401491 0.16824176907539368
42.0 0.47095302 0.         0.68359506 0.22670636 0.15351884067058563
21.0 0.3817539  0.         0.924734   0.99489385 0.133234903216362
41.0 0.3847359  0.         1.         0.86332095 0.13317783176898956
40.0 0.47076297 0.         0.6838076  0.22401491 0.11949849873781204
14.0 0.47076297 0.         0.6838076  0.22401491 0.109140545129776
27.0 0.41017756 0.62705755 0.94458294 1.         0.10868106782436371
0.0 0.4781424  0.01151264 0.6951302  0.21933642 0.09587959945201874
41.0 0.47125858 0.         0.68424183 0.22532147 0.08373977988958359
5.0 0.40486085 0.         0.94912624 0.9799576  0.0792069062590599
41.0 0.4232826 0.012963  0.9575219 0.4399047 0.06849120557308197
10.0 0.4781424  0.01151264 0.6951302  0.21933642 0.06525563448667526
10.0 0.4232826 0.012963  0.9575219 0.4399047 0.055564966052770615
9.0 0.47361553 0.         0.6841214  0.22280434 0.052371323108673096
20.0 0.38930428 0.         0.9639648  0.96939397 0.0521041639149189
27.0 0.471278   0.         0.68299335 0.22340581 0.04549402371048927
27.0 0.40897688 0.01221783 0.9538158  0.36640888 0.04353037476539612
20.0 0.41017756 0.62705755 0.94458294 1.         0.04121862351894379
7.0 0.4525944  0.00132757 0.92229855 0.26397115 0.03917499631643295
38.0 0.4525944  0.00132757 0.92229855 0.26397115 0.038891714066267014
5.0 0.48029375 0.00655148 0.6929326  0.2317014  0.03847689926624298
7.0 0.46559614 0.         0.7907161  0.18209857 0.037402454763650894
38.0 0.47205198 0.10938036 0.6320784  0.21577224 0.03717200830578804
16.0 0.4781424  0.01151264 0.6951302  0.21933642 0.036893222481012344
20.0 0.4781424  0.01151264 0.6951302  0.21933642 0.03488953784108162
38.0 0.46559614 0.         0.7907161  0.18209857 0.032600387930870056
20.0 0.4525944  0.00132757 0.92229855 0.26397115 0.03209283947944641
36.0 0.47415572 0.         0.68595225 0.22706616 0.03204139322042465
25.0 0.3600724 0.        1.        1.        0.03156566247344017
22.0 0.35543832 0.         1.         0.96174455 0.031004726886749268
22.0 0.47125858 0.         0.68424183 0.22532147 0.027894113212823868
5.0 0.4232826 0.012963  0.9575219 0.4399047 0.027573196217417717
36.0 0.42200434 0.58888894 0.7533344  0.9982757  0.02636348083615303
42.0 0.4889707  0.00571048 0.6634794  0.1275799  0.02635592594742775
14.0 0.4525944  0.00132757 0.92229855 0.26397115 0.025951601564884186
21.0 0.00983432 0.3506687  0.1370962  0.8059406  0.025811154395341873
41.0 0.34004796 0.         1.         0.32192746 0.024980351328849792
39.0 0.47138774 0.08452034 1.         1.         0.024837281554937363
6.0 0.47076297 0.         0.6838076  0.22401491 0.024299895390868187
1.0 0.46589348 0.         0.68850005 0.22378604 0.023842651396989822
10.0 0.4358039  0.09494478 0.7625481  0.8976666  0.023756662383675575
41.0 0.46668705 0.00205526 0.91194427 0.24321586 0.02359539456665516
28.0 0.47125858 0.         0.68424183 0.22532147 0.023378852754831314
12.0 0.38930428 0.         0.9639648  0.96939397 0.023165162652730942
42.0 0.46668705 0.00205526 0.91194427 0.24321586 0.023108867928385735
41.0 0.21063012 0.         1.         1.         0.022975588217377663
8.0 0.40213716 0.6147436  0.8410022  0.99756205 0.022970547899603844
18.0 0.49075723 0.08065256 0.6683396  0.21033952 0.02275526337325573
10.0 0.34004796 0.         1.         0.32192746 0.022392913699150085
36.0 0.38216445 0.         0.95994854 1.         0.022347526624798775
38.0 0.49832228 0.03321704 0.66822135 0.17673959 0.022213393822312355
31.0 0.48474386 0.         0.69465166 0.20718235 0.022189348936080933
7.0 0.37472102 0.         1.         0.37517175 0.021842876449227333
11.0 0.38982707 0.         1.         0.29610762 0.021824656054377556
42.0 0.46559614 0.         0.7907161  0.18209857 0.021764962002635002
10.0 0.30755654 0.         1.         0.5807698  0.02154192142188549
27.0 0.10357475 0.         1.         1.         0.020960619673132896
21.0 0.00783002 0.6269274  0.15423232 1.         0.020738836377859116
41.0 0.47138774 0.08452034 1.         1.         0.020461974665522575
21.0 0.00756086 0.2389133  0.25780612 1.         0.02018554136157036
21.0 0.40897688 0.01221783 0.9538158  0.36640888 0.01994670182466507
17.0 0.48029375 0.00655148 0.6929326  0.2317014  0.019586747512221336
42.0 0.5126182  0.         0.68868375 0.08134198 0.01958225667476654
39.0 0.4232826 0.012963  0.9575219 0.4399047 0.01953376829624176
27.0 0.4266855 0.5395484 0.7428604 0.9872844 0.019364168867468834
9.0 0.4525944  0.00132757 0.92229855 0.26397115 0.019360410049557686
42.0 0.38216445 0.         0.95994854 1.         0.01875174045562744
38.0 0.5841248  0.00617748 1.         0.3358984  0.018630195409059525
42.0 0.4232826 0.012963  0.9575219 0.4399047 0.017931723967194557
8.0 0.39434254 0.         0.86426497 1.         0.017727138474583626
25.0 0.4719048  0.         0.70007783 0.22045586 0.01766969822347164
18.0 0.46559614 0.         0.7907161  0.18209857 0.017329685389995575
17.0 0.5126182  0.         0.68868375 0.08134198 0.0172346830368042
10.0 0.17052811 0.         1.         1.         0.017123933881521225
18.0 0.49275777 0.01933965 0.67112523 0.15760927 0.016982046887278557
7.0 0.49670482 0.05885092 0.6756563  0.1894157  0.016734132543206215
27.0 0.6897625  0.83829343 1.         0.9978292  0.016609814018011093
42.0 0.49670482 0.05885092 0.6756563  0.1894157  0.01658782549202442
7.0 0.40486085 0.         0.94912624 0.9799576  0.016441134735941887
15.0 0.4786732  0.0086143  0.69183266 0.23077673 0.016376841813325882
21.0 0.01046979 0.18973269 0.13744822 0.6485343  0.016363367438316345
0.0 0.46559614 0.         0.7907161  0.18209857 0.01620899885892868
27.0 0.45178747 0.         0.9677839  0.22399041 0.016141608357429504
40.0 0.4142219 0.5982435 0.7602968 0.9944235 0.016054557636380196
39.0 0.13461393 0.         1.         0.98500484 0.015946784988045692
10.0 0.46453473 0.         0.724296   0.34372845 0.015825914219021797
27.0 0.37843233 0.41673467 1.         1.         0.015699317678809166
11.0 0.47125858 0.         0.68424183 0.22532147 0.015586352907121181
2.0 0.4786732  0.0086143  0.69183266 0.23077673 0.015576676465570927
18.0 0.4525944  0.00132757 0.92229855 0.26397115 0.015230159275233746
10.0 0.43214935 0.         0.7561534  0.20154858 0.014873072504997253
21.0 0.13461393 0.         1.         0.98500484 0.01472777035087347
17.0 0.39434254 0.         0.86426497 1.         0.014702633023262024
24.0 0.45819628 0.         0.7275182  0.29510748 0.014645339921116829
16.0 0.40127996 0.         0.9275944  1.         0.014564876444637775
