31.0 0.44630602 0.01768193 0.5869413  0.1796667  0.25836217403411865
28.0 0.3652645  0.32165134 0.5570756  1.         0.20426814258098602
29.0 0.3480908 0.        0.9608995 1.        0.1862613409757614
4.0 0.36695296 0.30830523 0.5509878  1.         0.177830770611763
1.0 0.35088727 0.         0.97171354 1.         0.14758023619651794
28.0 0.34114173 0.         0.88040507 1.         0.12936104834079742
20.0 0.35088727 0.         0.97171354 1.         0.12516340613365173
10.0 0.3629534  0.00565994 0.94782054 1.         0.12456092238426208
12.0 0.35088727 0.         0.97171354 1.         0.11393216252326965
29.0 0.44630602 0.01768193 0.5869413  0.1796667  0.08955655246973038
19.0 0.44355756 0.01957566 0.589086   0.18115243 0.08911725133657455
21.0 0.3361033 0.        0.9141723 1.        0.08541733771562576
31.0 0.45385432 0.0594485  0.5001591  0.17372467 0.08257149904966354
35.0 0.44424713 0.02314834 0.5905576  0.18120968 0.07626762986183167
26.0 0.3361033 0.        0.9141723 1.        0.0729604959487915
6.0 0.35088727 0.         0.97171354 1.         0.06683282554149628
33.0 0.35088727 0.         0.97171354 1.         0.062814861536026
1.0 0.38278842 0.35325056 0.53997386 0.99527293 0.06268253177404404
29.0 0.3811072  0.29762557 0.5974515  1.         0.06142924726009369
23.0 0.38135436 0.38439083 0.5364793  0.9874873  0.06125738471746445
40.0 0.38135436 0.38439083 0.5364793  0.9874873  0.06086473912000656
13.0 0.44355756 0.01957566 0.589086   0.18115243 0.05899682268500328
31.0 0.3916451  0.40782663 0.53394556 0.98027694 0.058280836790800095
13.0 0.3916451  0.40782663 0.53394556 0.98027694 0.05555213615298271
1.0 0.34450728 0.15443319 0.6335886  1.         0.055550165474414825
26.0 0.3652645  0.32165134 0.5570756  1.         0.052673034369945526
40.0 0.43462285 0.01286702 0.6269337  0.21060185 0.052631229162216187
10.0 0.35995618 0.32769027 0.56433725 1.         0.047870442271232605
4.0 0.3430472  0.11615518 0.67880565 1.         0.04651306942105293
15.0 0.44424713 0.02314834 0.5905576  0.18120968 0.044614821672439575
34.0 0.36695296 0.30830523 0.5509878  1.         0.044130388647317886
40.0 0.32325566 0.13123196 0.8424481  1.         0.042851150035858154
30.0 0.3916451  0.40782663 0.53394556 0.98027694 0.042070839554071426
31.0 0.40654144 0.6404895  0.49737635 0.9297944  0.04103134199976921
8.0 0.35088727 0.         0.97171354 1.         0.040444910526275635
37.0 0.44630602 0.01768193 0.5869413  0.1796667  0.04011763632297516
30.0 0.34450728 0.15443319 0.6335886  1.         0.040025319904088974
19.0 0.44662416 0.04128229 0.5142857  0.18076321 0.03960655629634857
21.0 0.34450728 0.15443319 0.6335886  1.         0.03958692029118538
29.0 0.3005523  0.17320973 0.72695035 1.         0.03885101526975632
40.0 0.3211463  0.46383217 0.6070376  1.         0.038819752633571625
32.0 0.44630602 0.01768193 0.5869413  0.1796667  0.037665631622076035
20.0 0.39465412 0.02586968 0.9325696  0.4123494  0.03707911819219589
31.0 0.50055814 0.02406001 0.58884776 0.12687677 0.03612855076789856
23.0 0.32105732 0.28436828 0.67278314 0.96246207 0.035715989768505096
29.0 0.44840038 0.00489908 0.62455344 0.26315647 0.03373919799923897
23.0 0.44284174 0.00240358 0.6193992  0.23928043 0.03336455672979355
34.0 0.3430472  0.11615518 0.67880565 1.         0.03306947648525238
10.0 0.36620158 0.39868632 0.49008107 0.9613626  0.031982697546482086
36.0 0.35088727 0.         0.97171354 1.         0.031723927706480026
29.0 0.37295198 0.39770436 0.9375191  0.94434094 0.03091915138065815
10.0 0.3430472  0.11615518 0.67880565 1.         0.030313394963741302
35.0 0.50118023 0.03223163 0.5867279  0.10833123 0.029048483818769455
30.0 0.2548761  0.09619915 0.8120202  1.         0.02856127731502056
30.0 0.44284174 0.00240358 0.6193992  0.23928043 0.02825237438082695
13.0 0.45385432 0.0594485  0.5001591  0.17372467 0.028016239404678345
28.0 0.32105732 0.28436828 0.67278314 0.96246207 0.027888143435120583
34.0 0.33751228 0.         0.9086319  1.         0.027802834287285805
39.0 0.35088727 0.         0.97171354 1.         0.027360811829566956
37.0 0.44840038 0.00489908 0.62455344 0.26315647 0.026406731456518173
20.0 0.45267093 0.         0.9092432  0.6671283  0.025684157386422157
19.0 0.36504358 0.3357426  0.5539889  0.9840945  0.02559082582592964
26.0 0.33888796 0.10489583 0.6511587  1.         0.02503107115626335
29.0 0.44396943 0.2985169  0.6890258  1.         0.024683553725481033
29.0 0.32680544 0.4440318  0.6991806  0.8901669  0.02448135055601597
23.0 0.35582468 0.06166497 0.8615581  0.69089687 0.024385148659348488
27.0 0.3779653 0.        1.        1.        0.024314895272254944
10.0 0.6420514  0.34781906 0.9675043  1.         0.024283524602651596
17.0 0.45385432 0.0594485  0.5001591  0.17372467 0.024139121174812317
1.0 0.37295198 0.39770436 0.9375191  0.94434094 0.023991823196411133
31.0 0.40543413 0.75555444 0.48086536 0.91891193 0.023952513933181763
3.0 0.3361033 0.        0.9141723 1.        0.02391037717461586
0.0 0.44355756 0.01957566 0.589086   0.18115243 0.023820389062166214
31.0 0.3751769  0.13391119 0.769621   1.         0.02382010966539383
4.0 0.44662416 0.04128229 0.5142857  0.18076321 0.02368602529168129
21.0 0.3828651  0.34779674 0.53589284 0.9996061  0.023631909862160683
22.0 0.32814127 0.         1.         1.         0.02335977554321289
17.0 0.3916451  0.40782663 0.53394556 0.98027694 0.023005561903119087
28.0 0.44840038 0.00489908 0.62455344 0.26315647 0.022985389456152916
1.0 0.44840038 0.00489908 0.62455344 0.26315647 0.022363994270563126
4.0 0.33751228 0.         0.9086319  1.         0.021976135671138763
31.0 0.44840038 0.00489908 0.62455344 0.26315647 0.021557193249464035
30.0 0.44662416 0.04128229 0.5142857  0.18076321 0.021269073709845543
2.0 0.3916451  0.40782663 0.53394556 0.98027694 0.02126741036772728
9.0 0.3828651  0.34779674 0.53589284 0.9996061  0.021044958382844925
19.0 0.44840038 0.00489908 0.62455344 0.26315647 0.020790623500943184
29.0 0.3888532  0.49169254 0.5391782  0.98475397 0.0206153504550457
26.0 0.44840038 0.00489908 0.62455344 0.26315647 0.020254822447896004
32.0 0.3720396  0.         0.94995177 1.         0.020083796232938766
13.0 0.34450728 0.15443319 0.6335886  1.         0.01998390071094036
26.0 0.43564692 0.         0.68591714 0.38429558 0.019596699625253677
26.0 0.3591659  0.0242449  0.8534007  0.49948418 0.01952349580824375
1.0 0.34452918 0.48945034 0.51507014 0.86547375 0.019507238641381264
20.0 0.37295198 0.39770436 0.9375191  0.94434094 0.01943350024521351
8.0 0.3916451  0.40782663 0.53394556 0.98027694 0.019431019201874733
17.0 0.39752516 0.62140954 0.50034225 0.93062973 0.019348984584212303
16.0 0.44485575 0.01710533 0.58900386 0.18437597 0.019335562363266945
23.0 0.34497178 0.0317532  0.8571862  0.39490652 0.019325537607073784
38.0 0.38135436 0.38439083 0.5364793  0.9874873  0.01929684728384018
1.0 0.40842927 0.0122129  0.93815565 0.5200839  0.018963783979415894
