8.0 0.02550507 0.01698217 1.         1.         0.6923968195915222
22.0 0.02550507 0.01698217 1.         1.         0.2764987349510193
39.0 2.1039844e-03 1.0073185e-05 1.0000000e+00 9.8966199e-01 0.2145593911409378
12.0 0.00437176 0.0079979  1.         0.94310904 0.0925198569893837
20.0 0.00437176 0.0079979  1.         0.94310904 0.08297709375619888
3.0 0. 0. 1. 1. 0.06435151398181915
27.0 0. 0. 1. 1. 0.05025390535593033
36.0 0. 0. 1. 1. 0.04896931350231171
17.0 0.01629081 0.         1.         0.9956317  0.040242042392492294
8.0 0.       0.       1.       0.918597 0.039197806268930435
9.0 0. 0. 1. 1. 0.038842495530843735
31.0 0.02058101 0.         0.9991702  0.9702396  0.03720656782388687
8.0 0.03348792 0.31013253 0.71226454 0.95483863 0.03412944823503494
6.0 0.01525927 0.         0.98692536 0.97572976 0.031078260391950607
3.0 0.02289167 0.06033555 0.970489   0.8044021  0.02988537959754467
8.0 0.         0.45228958 0.43633294 1.         0.027927158400416374
8.0 0.01135111 0.         1.         1.         0.02656550332903862
42.0 0. 0. 1. 1. 0.024126162752509117
8.0 0.37275153 0.07168284 0.914058   0.84035945 0.022414853796362877
16.0 0.01256436 0.         0.9937665  1.         0.022341053932905197
22.0 0.00339347 0.         1.         0.7995025  0.02168397046625614
24.0 0.07946901 0.36894575 0.2947359  0.54718447 0.01998569443821907
39.0 0.07654262 0.         1.         1.         0.018950749188661575
39.0 0.       0.       1.       0.918597 0.017534585669636726
22.0 0.01135111 0.         1.         1.         0.016827691346406937
25.0 0. 0. 1. 1. 0.016542786732316017
4.0 0.12243506 0.12785414 0.8933854  0.56548274 0.016348544508218765
33.0 2.1039844e-03 1.0073185e-05 1.0000000e+00 9.8966199e-01 0.016090452671051025
3.0 0.        0.        0.8705065 1.        0.015783842653036118
21.0 0.00437176 0.0079979  1.         0.94310904 0.014686918817460537
17.0 0.       0.       1.       0.918597 0.014262707903981209
27.0 0.8113371  0.67713696 0.9931145  1.         0.014236128889024258
32.0 0. 0. 1. 1. 0.013375974260270596
22.0 0.12243506 0.12785414 0.8933854  0.56548274 0.013370814733207226
8.0 0.        0.        1.        0.7830383 0.013297833502292633
24.0 0.03727324 0.9114265  0.19403148 0.98884946 0.012639163993299007
8.0 0.1354824  0.23008081 0.88439095 0.70352876 0.01262905728071928
35.0 2.1039844e-03 1.0073185e-05 1.0000000e+00 9.8966199e-01 0.012004946358501911
8.0 0.32509905 0.09800643 1.         1.         0.0118924081325531
27.0 0.56765175 0.68719006 0.99638057 1.         0.01156238280236721
39.0 0.        0.        0.8705065 1.        0.011494047939777374
22.0 0.         0.         1.         0.96445954 0.011464467272162437
8.0 0.         0.         0.95457256 1.         0.01131015457212925
27.0 0.        0.        0.8705065 1.        0.01109674759209156
24.0 0.11828016 0.9236948  0.28390327 0.99845415 0.010951496660709381
36.0 0.15427107 0.01924914 0.9589321  0.92173016 0.010918217711150646
4.0 0.15554824 0.01391567 0.9558548  0.42791945 0.010769209824502468
16.0 0.8113371  0.67713696 0.9931145  1.         0.010702831670641899
36.0 0.        0.        0.8705065 1.        0.010625823400914669
3.0 0.         0.         1.         0.96445954 0.010352805256843567
22.0 0.        0.        0.8705065 1.        0.010135816410183907
4.0 2.1039844e-03 1.0073185e-05 1.0000000e+00 9.8966199e-01 0.010072674602270126
22.0 0.13096598 0.31741774 0.859856   0.79637563 0.009928615763783455
4.0 0.08258703 0.27084655 0.83124673 0.6961863  0.00983197707682848
3.0 0.12243506 0.12785414 0.8933854  0.56548274 0.009801655076444149
41.0 0.         0.06552672 0.96661747 1.         0.00979730486869812
38.0 0. 0. 1. 1. 0.009648311883211136
22.0 0.37275153 0.07168284 0.914058   0.84035945 0.009621712379157543
8.0 0.3827014 0.        1.        0.922878  0.009595004841685295
27.0 0.15427107 0.01924914 0.9589321  0.92173016 0.009382395073771477
20.0 0.4940315 0.6955791 0.9702979 1.        0.009366441518068314
32.0 0.04167703 0.37278304 0.29043773 0.5231032  0.009350955486297607
20.0 0.07654262 0.         1.         1.         0.009326551109552383
20.0 0.        0.        0.8705065 1.        0.00912923738360405
2.0 0. 0. 1. 1. 0.009006432257592678
20.0 0.37275153 0.07168284 0.914058   0.84035945 0.008941938169300556
3.0 0.00459355 0.1734843  0.62209374 0.9798683  0.008720451965928078
4.0 0.0243759 0.3724629 0.2862637 0.5230218 0.008719050325453281
16.0 0.07654262 0.         1.         1.         0.008705909363925457
18.0 0. 0. 1. 1. 0.008704732172191143
39.0 0.10597274 0.3932537  0.83844805 0.8948227  0.008688478730618954
3.0 0.28467888 0.03514077 0.9738837  0.27845412 0.008567612618207932
6.0 0.07654262 0.         1.         1.         0.008458330295979977
39.0 0.        0.        0.9138638 0.6842413 0.008171669207513332
4.0 0.02592783 0.38987422 0.25194252 0.47330916 0.008031697943806648
5.0 0.         0.06552672 0.96661747 1.         0.008026943542063236
41.0 0.        0.        0.7758894 1.        0.007961482740938663
12.0 0.12243506 0.12785414 0.8933854  0.56548274 0.007873215712606907
17.0 0.39680874 0.03173241 0.948295   0.9386376  0.007864497601985931
16.0 0.        0.        0.8705065 1.        0.007845982909202576
39.0 0.1354824  0.23008081 0.88439095 0.70352876 0.007840721867978573
3.0 0.00339347 0.         1.         0.7995025  0.00779516389593482
39.0 0.4940315 0.6955791 0.9702979 1.        0.0077917012386024
13.0 0.         0.         0.93708026 1.         0.007743847090750933
22.0 0.08461231 0.1496808  0.6554813  0.9392418  0.007678696420043707
8.0 0.47758478 0.6687743  0.6933127  0.8078247  0.0076370080932974815
39.0 0.37275153 0.07168284 0.914058   0.84035945 0.00763216707855463
24.0 0.11520012 0.380959   0.2865498  0.47481385 0.007598070427775383
39.0 0.3827014 0.        1.        0.922878  0.00757179269567132
22.0 0.32509905 0.09800643 1.         1.         0.00755109591409564
4.0 0.42829302 0.11501913 0.79937494 0.23124497 0.007447618059813976
24.0 0.01165701 0.892553   0.31070793 1.         0.00741958525031805
12.0 0.        0.        0.8705065 1.        0.007358079310506582
33.0 0.07654262 0.         1.         1.         0.007327109109610319
20.0 0.31809834 0.         0.95641196 0.24002051 0.007320290431380272
8.0 0.15964589 0.4120925  0.9673189  0.86268955 0.007269670721143484
41.0 0.16894817 0.02827513 1.         1.         0.007253230083733797
11.0 0.01525927 0.         0.98692536 0.97572976 0.007247151806950569
6.0 0.        0.        0.8705065 1.        0.00716970581561327
3.0 0.32509905 0.09800643 1.         1.         0.007087815552949905
