1.0 0.47497624 0.6230532  0.6060886  0.7975389  0.1765197515487671
29.0 0.19418135 0.17404106 0.7219386  0.72963667 0.1589626967906952
28.0 0.23297288 0.1725184  0.6826502  0.7382457  0.148091658949852
30.0 0.23297288 0.1725184  0.6826502  0.7382457  0.08732695877552032
23.0 0.20776965 0.23137416 0.70691276 0.7273285  0.08665385842323303
28.0 0.38858038 0.29847884 0.7612936  0.88850117 0.08118186146020889
1.0 0.47721195 0.6822611  0.57943416 0.78442264 0.08068430423736572
1.0 0.19418135 0.17404106 0.7219386  0.72963667 0.06817340105772018
1.0 0.03948358 0.60980505 0.22388846 0.7795693  0.06378038972616196
37.0 0.20647207 0.19588155 0.7115667  0.73013645 0.061240892857313156
26.0 0.1798287  0.18951148 0.7195911  0.7255278  0.05330044776201248
19.0 0.26767606 0.2304256  0.5778986  0.7233618  0.052828602492809296
11.0 0.13389722 0.50545496 0.25993413 0.56568116 0.05069237947463989
28.0 0.47794667 0.6309856  0.60134774 0.79035854 0.04972540959715843
30.0 0.28794372 0.2640167  0.54542726 0.7004665  0.04476115107536316
26.0 0.01369094 0.6039409  0.22979352 0.7871577  0.04365841671824455
0.0 0.16283156 0.8445873  0.26355144 0.92026246 0.04102737456560135
40.0 0.27708292 0.24793997 0.713778   0.7098775  0.04071201756596565
23.0 0.03021857 0.6124818  0.2288943  0.769654   0.04045478254556656
28.0 0.47156963 0.6098051  0.6279526  0.92979836 0.04022512957453728
28.0 0.34942162 0.09820974 0.8683957  0.96863985 0.03887343034148216
40.0 0.4788934  0.61602503 0.6029799  0.80409414 0.03843124955892563
34.0 0.20647207 0.19588155 0.7115667  0.73013645 0.03670012578368187
23.0 0.28794372 0.2640167  0.54542726 0.7004665  0.03613557666540146
29.0 0.3427221  0.22163019 0.8610724  0.8483143  0.035587411373853683
26.0 0.28842977 0.1514056  0.81520355 0.9566734  0.03356969729065895
13.0 0.26767606 0.2304256  0.5778986  0.7233618  0.03356219828128815
13.0 0.47897825 0.6661939  0.5857519  0.7818026  0.033394765108823776
1.0 0.34377018 0.24885476 0.78621554 0.90638316 0.03321947157382965
4.0 0.23395915 0.19755277 0.701534   0.8278955  0.032753266394138336
4.0 0.43906084 0.4872546  0.6618881  0.9362494  0.03176559507846832
29.0 0.29776263 0.25348556 0.59206474 0.70533437 0.03151771426200867
3.0 0.37471145 0.         0.93030554 0.24162805 0.03150736913084984
34.0 0.28842977 0.1514056  0.81520355 0.9566734  0.030788565054535866
28.0 0.4763613  0.5447893  0.7102236  0.98415005 0.029987601563334465
33.0 0.23297288 0.1725184  0.6826502  0.7382457  0.02969571202993393
1.0 0.48602045 0.7158977  0.5704801  0.77399087 0.02882317453622818
18.0 0.47597083 0.667558   0.5802243  0.7829729  0.028546174988150597
3.0 0.3886307  0.         0.73312193 0.15494841 0.028241906315088272
10.0 0.47224176 0.6399118  0.6039064  0.7774805  0.026867462322115898
0.0 0.4547376  0.5995403  0.64085954 0.8378064  0.02660597302019596
1.0 0.47156963 0.6098051  0.6279526  0.92979836 0.026437457650899887
19.0 0.14990565 0.15559953 0.6893258  0.73872346 0.026129066944122314
4.0 0.38858038 0.29847884 0.7612936  0.88850117 0.02596092037856579
1.0 0.03852664 0.5895622  0.2697698  0.9349545  0.025641003623604774
1.0 0.4810098  0.7765083  0.60960186 0.9919949  0.025111457332968712
14.0 0.4788934  0.61602503 0.6029799  0.80409414 0.02493758499622345
18.0 0.49144575 0.71967477 0.5757115  0.7743415  0.02482231706380844
28.0 0.04456359 0.25544673 0.8181785  0.84685606 0.024201910942792892
7.0 0.4788934  0.61602503 0.6029799  0.80409414 0.023837480694055557
23.0 0.38858038 0.29847884 0.7612936  0.88850117 0.023620683699846268
30.0 0.38858038 0.29847884 0.7612936  0.88850117 0.02325199358165264
29.0 0.17884225 0.03729627 1.         0.7549881  0.023090189322829247
26.0 0.01021613 0.5584591  0.28107727 0.9603991  0.02294500544667244
0.0 0.19824171 0.2740147  0.7257475  0.7229049  0.022881731390953064
10.0 0.26082724 0.19457978 0.7487399  0.7377743  0.022278031334280968
28.0 0.20068195 0.4191143  0.7415432  0.79865974 0.022133806720376015
0.0 0.47794667 0.6309856  0.60134774 0.79035854 0.022002017125487328
28.0 0.45762858 0.48261434 0.62467897 0.8197022  0.021586576476693153
28.0 0.20305803 0.         1.         0.8277616  0.021561959758400917
1.0 0.49678767 0.6415993  0.5767865  0.7512839  0.021283773705363274
32.0 0.20647207 0.19588155 0.7115667  0.73013645 0.021205641329288483
1.0 0.43298188 0.53809774 0.63825583 0.78055596 0.021203605458140373
37.0 0.16283156 0.8445873  0.26355144 0.92026246 0.020216714590787888
0.0 0.16897312 0.835193   0.25112888 0.88211924 0.020021017640829086
28.0 0.43435666 0.43032944 0.90334725 0.9393246  0.020006824284791946
24.0 0.09925719 0.741641   0.46045142 1.         0.01941216178238392
10.0 0.8095354  0.6636487  0.98702157 1.         0.019282568246126175
29.0 0.48236662 0.62241435 0.5976005  0.7985345  0.019049806520342827
4.0 0.4709419  0.56594914 0.6277876  0.8737579  0.01887897029519081
28.0 0.14970353 0.8399293  0.2664901  0.9300918  0.018692482262849808
11.0 0.4547376  0.5995403  0.64085954 0.8378064  0.018518272787332535
0.0 0.49144575 0.71967477 0.5757115  0.7743415  0.018506575375795364
0.0 0.42080522 0.5697429  0.65320873 0.75547004 0.018254581838846207
13.0 0.1625912 0.8435198 0.2617052 0.9481759 0.018107883632183075
10.0 0.4004483  0.47167698 0.920035   0.9098648  0.017495807260274887
11.0 0.47597083 0.667558   0.5802243  0.7829729  0.017399461939930916
37.0 0.14111109 0.82043684 0.41925007 0.99494267 0.017277993261814117
24.0 0.15562631 0.83628166 0.26144913 0.9375043  0.017239561304450035
13.0 0.1349733  0.51246595 0.23935853 0.56004024 0.01721761003136635
1.0 0.16212395 0.8408982  0.26638544 0.9420937  0.01710469089448452
26.0 0.4406408  0.54287827 0.6583172  0.9679092  0.017051270231604576
34.0 0.3090596  0.4349618  0.82675326 0.8350707  0.016947709023952484
10.0 0.38330626 0.28695294 0.845469   0.80810666 0.016919758170843124
37.0 0.48236662 0.62241435 0.5976005  0.7985345  0.016880549490451813
4.0 0.334701   0.31883657 0.6042749  0.8178673  0.016807224601507187
18.0 0.47832525 0.6160675  0.60201466 0.8084667  0.016707923263311386
28.0 0.28794372 0.2640167  0.54542726 0.7004665  0.016503414139151573
18.0 0.16768958 0.84741586 0.24498366 0.89776987 0.016463063657283783
14.0 0.47597083 0.667558   0.5802243  0.7829729  0.016372257843613625
1.0 0.4763613  0.5447893  0.7102236  0.98415005 0.016345754265785217
40.0 0.47597083 0.667558   0.5802243  0.7829729  0.016342051327228546
1.0 0.28794372 0.2640167  0.54542726 0.7004665  0.016271322965621948
24.0 0.16768958 0.84741586 0.24498366 0.89776987 0.016266485676169395
37.0 0.28794372 0.2640167  0.54542726 0.7004665  0.016096627339720726
37.0 0.38858038 0.29847884 0.7612936  0.88850117 0.015918226912617683
21.0 0.32820988 0.18879515 0.74081385 0.7784267  0.015830645337700844
13.0 0.17600653 0.11024359 0.73759043 0.8643806  0.015750203281641006
34.0 0.43906084 0.4872546  0.6618881  0.9362494  0.015706731006503105
10.0 0.46433654 0.29884997 1.         1.         0.015697091817855835
