20.0 0.4462754  0.35305297 1.         0.87549436 0.8024726510047913
1.0 0.4462754  0.35305297 1.         0.87549436 0.2931305468082428
32.0 0.4462754  0.35305297 1.         0.87549436 0.240217924118042
8.0 0.4462754  0.35305297 1.         0.87549436 0.17755535244941711
6.0 0.4462754  0.35305297 1.         0.87549436 0.1575232744216919
14.0 0.43858016 0.3576368  1.         0.86616266 0.1426990032196045
29.0 0.45092207 0.34431678 0.9941332  0.86998624 0.11537136882543564
10.0 0.4462754  0.35305297 1.         0.87549436 0.10934510082006454
36.0 0.45577145 0.351984   0.99040127 0.8768785  0.093075230717659
33.0 0.4462754  0.35305297 1.         0.87549436 0.07580975443124771
39.0 0.44921595 0.33916923 0.9978611  0.8759382  0.07477206736803055
12.0 0.4462754  0.35305297 1.         0.87549436 0.07140585780143738
27.0 0.4462754  0.35305297 1.         0.87549436 0.0690789595246315
40.0 0.43948773 0.3859555  0.99928045 0.8543586  0.059314221143722534
7.0 0.44502705 0.3610546  0.99689275 0.86611074 0.05535479262471199
22.0 0.4601373  0.36186874 0.9893995  0.8717556  0.052985779941082
11.0 0.45039913 0.37503272 0.99294484 0.8618929  0.04399070888757706
41.0 0.44502705 0.3610546  0.99689275 0.86611074 0.03917377069592476
23.0 0.43948773 0.3859555  0.99928045 0.8543586  0.03586745262145996
24.0 0.45039913 0.37503272 0.99294484 0.8618929  0.034901849925518036
5.0 0.45690548 0.32101098 0.9716369  0.8762046  0.033652715384960175
9.0 0.43948773 0.3859555  0.99928045 0.8543586  0.03249001130461693
28.0 0.40994054 0.05393216 0.97938114 0.8669174  0.03103352151811123
38.0 0.4444248  0.36318874 0.9869172  0.87130463 0.030167143791913986
19.0 0.43948773 0.3859555  0.99928045 0.8543586  0.02995189279317856
3.0 0.45938796 0.3297088  0.9779244  0.8905537  0.028048556298017502
20.0 0.5689213  0.17352399 1.         1.         0.025765081867575645
29.0 0.3174159  0.105086   1.         0.92429245 0.025758512318134308
20.0 0.34538308 0.02455771 1.         0.8322351  0.02247588336467743
37.0 0.46038753 0.35921258 0.9420859  0.87012154 0.020458871498703957
35.0 0.43948773 0.3859555  0.99928045 0.8543586  0.020269475877285004
13.0 0.43948773 0.3859555  0.99928045 0.8543586  0.01947188749909401
4.0 0.18479621 0.         1.         1.         0.018451320007443428
1.0 0.3886212  0.13062006 0.99971104 1.         0.0178799107670784
10.0 0.34538308 0.02455771 1.         0.8322351  0.017644571140408516
20.0 0.50528586 0.41326216 0.8403518  0.7193804  0.017634017392992973
26.0 0.43461463 0.3070436  0.9967563  0.9134272  0.017053596675395966
31.0 0.43948773 0.3859555  0.99928045 0.8543586  0.015151776373386383
42.0 0.46038753 0.35921258 0.9420859  0.87012154 0.01511937752366066
21.0 0.43948773 0.3859555  0.99928045 0.8543586  0.014600597321987152
38.0 0.5612322  0.         0.99443483 0.324376   0.01380839105695486
28.0 0.4596206  0.36383697 0.92456305 0.8801429  0.013609674759209156
1.0 0.47887987 0.37779117 0.7984161  0.82052505 0.013309520669281483
17.0 0.9146015  0.00211574 0.99691147 0.05525398 0.013124080374836922
16.0 0.5502064  0.37265766 1.         0.8026544  0.012999280355870724
4.0 0.4965525  0.44352868 0.9033122  0.6589376  0.01284698024392128
17.0 0.83375895 0.00236715 0.98974216 0.10054477 0.012730401940643787
29.0 0.17532125 0.         1.         0.8440994  0.012672822922468185
11.0 0.5689213  0.17352399 1.         1.         0.012622655369341373
40.0 0.3802576  0.09865046 0.99093044 1.         0.012618210166692734
15.0 0.45459336 0.3381406  0.9851101  0.87627256 0.012191594578325748
40.0 0.14368737 0.         1.         1.         0.011888907290995121
21.0 0.00786696 0.02548468 0.17225581 0.40881833 0.011766924522817135
17.0 0.8805878 0.        0.9986297 0.3079064 0.01174320001155138
38.0 0.8120438  0.         0.9953184  0.35945994 0.011709116399288177
34.0 8.5356832e-04 6.8779933e-01 5.0708365e-01 1.0000000e+00 0.011657393537461758
34.0 0.3886212  0.13062006 0.99971104 1.         0.011597799137234688
6.0 0.46433255 0.18260175 1.         0.81342155 0.011571111157536507
30.0 0.00786696 0.02548468 0.17225581 0.40881833 0.011479884386062622
11.0 0.49093866 0.39957282 0.862154   0.5904432  0.011429405771195889
4.0 0.3886212  0.13062006 0.99971104 1.         0.011416330933570862
32.0 0.3886212  0.13062006 0.99971104 1.         0.011232150718569756
28.0 0.30683738 0.         1.         1.         0.011120602488517761
23.0 0.3886212  0.13062006 0.99971104 1.         0.01092174556106329
18.0 0.46038753 0.35921258 0.9420859  0.87012154 0.010800603777170181
2.0 0.4601373  0.36186874 0.9893995  0.8717556  0.010736529715359211
21.0 0.3802576  0.09865046 0.99093044 1.         0.010645191185176373
4.0 0.4468784  0.35246187 1.         0.878956   0.010448276065289974
29.0 0.07121253 0.         1.         0.9839306  0.010233469307422638
8.0 0.2627827 0.        1.        1.        0.01008069422096014
9.0 0.3886212  0.13062006 0.99971104 1.         0.009942115284502506
31.0 0.8271427  0.         0.99116504 0.3371855  0.0099180331453681
31.0 0.3802576  0.09865046 0.99093044 1.         0.009861573576927185
14.0 0.47887987 0.37779117 0.7984161  0.82052505 0.009851029142737389
36.0 0.50528586 0.41326216 0.8403518  0.7193804  0.009811586700379848
7.0 0.02566439 0.         1.         1.         0.00966621283441782
33.0 0.3886212  0.13062006 0.99971104 1.         0.009632396511733532
34.0 0.43557838 0.3640676  1.         0.86870414 0.009599251672625542
23.0 0.14368737 0.         1.         1.         0.009581171907484531
14.0 0.3886212  0.13062006 0.99971104 1.         0.009515871293842793
1.0 0.46433255 0.18260175 1.         0.81342155 0.009514078497886658
32.0 0.47887987 0.37779117 0.7984161  0.82052505 0.009385064244270325
37.0 0.3886212  0.13062006 0.99971104 1.         0.009299572557210922
30.0 0.43948773 0.3859555  0.99928045 0.8543586  0.009287240915000439
40.0 0.53383255 0.14069733 1.         0.88902307 0.009260537102818489
41.0 0.07121253 0.         1.         0.9839306  0.009250498376786709
1.0 0.4965525  0.44352868 0.9033122  0.6589376  0.009169752709567547
17.0 0.9037057  0.00386138 1.         0.10133973 0.009128798730671406
9.0 0.8120438  0.         0.9953184  0.35945994 0.009037827141582966
13.0 0.3886212  0.13062006 0.99971104 1.         0.009019379504024982
1.0 0.23549938 0.         1.         0.9469974  0.008705086074769497
7.0 0.38898557 0.07478344 1.         1.         0.008653863333165646
0.0 0.3886212  0.13062006 0.99971104 1.         0.008651727810502052
40.0 0.7432678  0.         1.         0.37408978 0.008589882403612137
1.0 0.7126434  0.37328956 0.9681318  0.811447   0.008577384054660797
18.0 0.3886212  0.13062006 0.99971104 1.         0.008515549823641777
17.0 0.9020935  0.         1.         0.07517238 0.00846549216657877
40.0 0.8271427  0.         0.99116504 0.3371855  0.008432148024439812
2.0 0.3886212  0.13062006 0.99971104 1.         0.008384881541132927
32.0 0.51570725 0.4339915  0.9411824  0.6717368  0.008355873636901379
