0.0 0.5556545  0.10007936 1.         0.6025575  0.5052602887153625
0.0 0.24798378 0.07256562 1.         0.74921215 0.41877609491348267
31.0 0.60530096 0.0747745  1.         0.68284523 0.2408059686422348
16.0 0.55377483 0.10436535 1.         0.46773434 0.16116845607757568
25.0 0.60530096 0.0747745  1.         0.68284523 0.14873377978801727
5.0 0.1165998  0.06159618 0.9709523  0.73778903 0.10718982666730881
15.0 0.2820068  0.09026462 0.9895106  0.65820724 0.0785350501537323
0.0 0.7051616 0.7968507 1.        1.        0.0758306160569191
37.0 0.24798378 0.07256562 1.         0.74921215 0.07081446796655655
30.0 0.33242038 0.         0.9800286  0.89905035 0.06941861659288406
30.0 0.6224471  0.06369168 0.99237436 0.73181605 0.06791356205940247
29.0 0.33242038 0.         0.9800286  0.89905035 0.061474092304706573
5.0 0. 0. 1. 1. 0.06145454943180084
34.0 0.16493759 0.01095071 1.         0.9115151  0.055966176092624664
2.0 0.5556545  0.10007936 1.         0.6025575  0.05527513101696968
15.0 0.7070902  0.75756776 1.         1.         0.0551200769841671
17.0 0.60530096 0.0747745  1.         0.68284523 0.05061700567603111
0.0 0.6525752  0.02901918 1.         0.44467533 0.049340564757585526
18.0 0.5556545  0.10007936 1.         0.6025575  0.04851448908448219
28.0 0.33242038 0.         0.9800286  0.89905035 0.04796864092350006
4.0 0.5927441  0.03174591 0.9800856  0.8951117  0.046910665929317474
31.0 0.6932179  0.01151446 1.         0.50081587 0.0419636070728302
35.0 0.60530096 0.0747745  1.         0.68284523 0.04103131592273712
16.0 0.74799293 0.79813224 1.         1.         0.04098982363939285
5.0 0.01365554 0.65963006 0.5049312  1.         0.0383027009665966
25.0 0.33242038 0.         0.9800286  0.89905035 0.03765270486474037
41.0 0.33242038 0.         0.9800286  0.89905035 0.03573019057512283
13.0 0.60530096 0.0747745  1.         0.68284523 0.03567587956786156
0.0 0.527955   0.         0.9716534  0.94026256 0.034822262823581696
0.0 0.        0.        1.        0.9469104 0.0348065122961998
37.0 0.60530096 0.0747745  1.         0.68284523 0.03394339233636856
16.0 0.6224471  0.06369168 0.99237436 0.73181605 0.03381463885307312
37.0 0.05752319 0.         0.9714609  1.         0.03345214203000069
15.0 0.08551052 0.         1.         1.         0.03303035721182823
21.0 0.00185509 0.5999433  0.10613109 1.         0.032562512904405594
21.0 0.02107267 0.3372508  0.26306355 1.         0.0323624461889267
5.0 0.34469593 0.12021153 0.97187054 0.5414527  0.032317254692316055
34.0 0.         0.6220232  0.41102657 1.         0.03093266487121582
19.0 0.6224471  0.06369168 0.99237436 0.73181605 0.030909955501556396
31.0 0.7967457  0.7414579  0.99500376 1.         0.030830183997750282
25.0 0.6920553  0.09313945 0.9811035  0.4770102  0.029897352680563927
15.0 0.55377483 0.10436535 1.         0.46773434 0.029789255931973457
38.0 0.6695495  0.12096003 1.         0.5262935  0.02955259382724762
38.0 0.850569   0.30837896 0.99875593 0.40034553 0.02917652390897274
5.0 0.6224471  0.06369168 0.99237436 0.73181605 0.028835659846663475
0.0 0.79795206 0.6430729  0.99378276 1.         0.027191774919629097
7.0 0.2820068  0.09026462 0.9895106  0.65820724 0.0270138680934906
0.0 0.7242519  0.05150375 1.         0.7582613  0.02648295648396015
31.0 0.75425    0.11144838 0.98308676 0.45088002 0.025859953835606575
16.0 0.24798378 0.07256562 1.         0.74921215 0.025734417140483856
0.0 0.75425    0.11144838 0.98308676 0.45088002 0.025220852345228195
28.0 0.5705597  0.04299194 0.98619395 0.76540434 0.02511763758957386
0.0 0.11420062 0.13023882 0.5233582  0.48329002 0.024861512705683708
21.0 0.00486936 0.35187086 0.1548872  0.6907234  0.024761391803622246
15.0 0.6224471  0.06369168 0.99237436 0.73181605 0.024204401299357414
0.0 0.30286175 0.05054213 0.9691215  0.4686823  0.024197570979595184
24.0 0.08551052 0.         1.         1.         0.023960938677191734
21.0 0.01980799 0.49997088 0.18145525 1.         0.023372415453195572
18.0 0.27168885 0.05597934 1.         0.74713874 0.023285342380404472
16.0 0.8118609  0.6740256  0.99218404 1.         0.023216523230075836
24.0 0.6143447  0.7341331  0.99364066 1.         0.02298250049352646
17.0 0.67104    0.00351653 0.9860056  0.17914408 0.022535571828484535
17.0 0.81783116 0.05823132 1.         0.26198894 0.02234509401023388
34.0 0.0071289 0.4463572 0.2083992 1.        0.02206750400364399
17.0 0.6920553  0.09313945 0.9811035  0.4770102  0.02177591063082218
0.0 0.6064212  0.17567027 1.         0.4335267  0.021320292726159096
25.0 0.34469593 0.12021153 0.97187054 0.5414527  0.02069886215031147
34.0 0.2060526  0.12334134 0.89837724 0.5233462  0.020533842965960503
21.0 0.32453004 0.         0.97027314 1.         0.020497670397162437
0.0 0.00657728 0.26741564 0.12692787 0.3724947  0.020054852589964867
29.0 0.5705597  0.04299194 0.98619395 0.76540434 0.019936393946409225
31.0 0.33242038 0.         0.9800286  0.89905035 0.019890649244189262
7.0 0.6224471  0.06369168 0.99237436 0.73181605 0.01981339417397976
12.0 0.33242038 0.         0.9800286  0.89905035 0.019768549129366875
17.0 0.63866264 0.         1.         0.32650778 0.01950031705200672
42.0 0.55377483 0.10436535 1.         0.46773434 0.019464636221528053
25.0 0.7315351 0.        1.        0.5835476 0.019192170351743698
7.0 0.2127837  0.         0.98947406 0.99375784 0.019167518243193626
40.0 0.5429568  0.05344222 1.         0.41895974 0.018862303346395493
0.0 0.12505907 0.         1.         0.7196106  0.018855197355151176
30.0 0.45524904 0.11780399 1.         0.5563391  0.018810629844665527
28.0 0.01942804 0.5916413  0.17094044 1.         0.01860412396490574
29.0 0.06607664 0.         1.         0.6705873  0.018480472266674042
0.0 0.63866264 0.         1.         0.32650778 0.01844373159110546
17.0 0.5429568  0.05344222 1.         0.41895974 0.018375227227807045
5.0 0.2811018  0.12933993 1.         0.9577143  0.018374601379036903
30.0 0.06114778 0.         0.8269392  0.95824856 0.018331874161958694
30.0 0.         0.56300485 0.29952243 1.         0.018302258104085922
5.0 0.25591832 0.66542214 0.52381843 1.         0.01826973259449005
17.0 0.65351176 0.0605318  1.         0.29681587 0.01792389154434204
10.0 0.32453004 0.         0.97027314 1.         0.01773650571703911
38.0 0.5705597  0.04299194 0.98619395 0.76540434 0.017611846327781677
30.0 0.01029683 0.6326108  0.08455081 0.84448004 0.017525888979434967
3.0 0.527955   0.         0.9716534  0.94026256 0.01751839369535446
2.0 0.6525752  0.02901918 1.         0.44467533 0.01741185039281845
0.0 0.619512   0.67676544 1.         1.         0.01738976314663887
34.0 0.00443556 0.6055737  0.1178036  1.         0.01736563630402088
4.0 0.27168885 0.05597934 1.         0.74713874 0.01728808507323265
0.0 0.82063174 0.81607753 1.         0.99564666 0.01690463162958622
4.0 0.01980799 0.49997088 0.18145525 1.         0.016666008159518242
