37.0 0.1236541 0.1890392 0.9273975 0.7464448 0.4623351991176605
34.0 0.06834057 0.19076872 0.99142003 0.8075311  0.3584330677986145
5.0 0.0979645  0.18875235 0.97028804 0.76032764 0.2801986038684845
24.0 0.12444684 0.1852273  0.925454   0.7399756  0.27076804637908936
15.0 0.0979645  0.18875235 0.97028804 0.76032764 0.18395330011844635
19.0 0.12027726 0.19846529 0.92310596 0.7358852  0.11280272156000137
34.0 0.13583156 0.40677994 0.87032473 0.7903684  0.0989002138376236
30.0 0.11586678 0.18132868 0.9166417  0.73954284 0.09287825226783752
15.0 0.36959904 0.21490413 0.9051307  0.57437235 0.08679264783859253
0.0 0.11532629 0.19295296 0.9310641  0.744704   0.07037857174873352
4.0 0.13820314 0.17928952 0.92654216 0.7513233  0.06902079284191132
28.0 0.13061056 0.20660847 0.9401679  0.74647427 0.05307114124298096
24.0 0.36959904 0.21490413 0.9051307  0.57437235 0.04588323086500168
24.0 0. 0. 1. 1. 0.044008638709783554
0.0 0.16458063 0.5328145  0.46641916 0.71706295 0.0410674586892128
24.0 0.1756355  0.4234973  0.53150207 0.7503214  0.038030922412872314
24.0 0.49125284 0.23765823 0.85690314 0.41461638 0.03773804008960724
37.0 0.16458063 0.5328145  0.46641916 0.71706295 0.0336080826818943
34.0 0.         0.29433265 1.         1.         0.033496130257844925
37.0 0.         0.1513552  0.9935709  0.98070997 0.03288763388991356
5.0 0.        0.        1.        0.9795169 0.03250773996114731
32.0 0.0979645  0.18875235 0.97028804 0.76032764 0.03156406804919243
15.0 0.12999785 0.         1.         0.9223167  0.0313614197075367
34.0 0.15927094 0.2542681  0.7493986  0.71768284 0.031233854591846466
38.0 0.7252903 0.8052123 1.        0.9989678 0.030118020251393318
15.0 0.16458063 0.5328145  0.46641916 0.71706295 0.029608452692627907
39.0 0.0979645  0.18875235 0.97028804 0.76032764 0.02786908857524395
24.0 0.16458063 0.5328145  0.46641916 0.71706295 0.027776576578617096
34.0 0.18739809 0.529539   0.51449513 0.71675503 0.027048463001847267
0.0 0.3547057  0.22661808 0.92763627 0.57247496 0.02667744643986225
34.0 0.0215416  0.         1.         0.69717777 0.02661716379225254
30.0 0.        0.        1.        0.7418449 0.026234718039631844
0.0 0.1507392  0.43142146 0.5325723  0.7115703  0.02375026047229767
4.0 0. 0. 1. 1. 0.023434769362211227
37.0 0.14843008 0.33618736 0.6241989  0.7286912  0.023228073492646217
15.0 0.         0.         1.         0.77959573 0.02318182960152626
15.0 0.18295702 0.61692446 0.3379645  0.71152073 0.022292234003543854
5.0 0.16458063 0.5328145  0.46641916 0.71706295 0.021523667499423027
24.0 0.2001989 0.2928241 0.6900896 0.7333062 0.021453412249684334
24.0 0.5501908  0.35288587 0.89811647 0.512105   0.021287210285663605
41.0 0.13818455 0.17302051 0.9699576  0.9879067  0.020326778292655945
24.0 0.18258594 0.5801412  0.37283546 0.7226987  0.01974530518054962
11.0 0.04596463 0.15553078 1.         0.8158002  0.019698945805430412
29.0 0.10978863 0.16060466 0.87578094 0.72943264 0.019369415938854218
4.0 0.10111374 0.47371942 0.80504584 0.8094122  0.01893809251487255
0.0 0.1769848  0.57406217 0.36607617 0.7117966  0.018565496429800987
5.0 0.02493364 0.         1.         0.6877646  0.017852382734417915
5.0 0.32673827 0.21552357 0.89556587 0.5963316  0.017409663647413254
10.0 0.0979645  0.18875235 0.97028804 0.76032764 0.017352517694234848
29.0 0.0215416  0.         1.         0.69717777 0.01733805052936077
3.0 0.20342931 0.         0.5927149  0.10580826 0.017106592655181885
34.0 0.13397443 0.58659977 0.84229535 0.9624298  0.01653899997472763
24.0 0.10111374 0.47371942 0.80504584 0.8094122  0.016274986788630486
5.0 0.13583156 0.40677994 0.87032473 0.7903684  0.015980252996087074
37.0 0.01544952 0.         1.         0.7565725  0.015963412821292877
26.0 0.13783932 0.19893435 0.9258901  0.7512392  0.015949726104736328
34.0 0.17560595 0.5927148  0.49287617 0.7802372  0.015915291383862495
18.0 0.0979645  0.18875235 0.97028804 0.76032764 0.01536763459444046
34.0 0.17382559 0.4601177  0.63002646 0.7487873  0.015320820733904839
37.0 0.         0.17888445 1.         1.         0.014679440297186375
21.0 0.0979645  0.18875235 0.97028804 0.76032764 0.014473063871264458
24.0 0.         0.08479464 0.976635   1.         0.014419477432966232
15.0 0.49125284 0.23765823 0.85690314 0.41461638 0.01441306434571743
3.0 0.33404085 0.         0.5279543  0.08086853 0.014305892400443554
24.0 0.         0.         1.         0.77959573 0.014304743148386478
19.0 0.01544952 0.         1.         0.7565725  0.0142966965213418
4.0 0.13397443 0.58659977 0.84229535 0.9624298  0.014081397093832493
11.0 0.16089815 0.345209   0.83511287 0.79634917 0.014068594202399254
30.0 0.22582781 0.28971237 0.71875453 0.79957515 0.014005213044583797
15.0 0. 0. 1. 1. 0.013767542317509651
34.0 0.         0.         1.         0.77959573 0.013725720345973969
16.0 0.37441525 0.21548383 0.9246093  0.58772504 0.013488545082509518
37.0 0.18518674 0.6128131  0.3670804  0.70921385 0.013420114293694496
24.0 0.23814788 0.35536835 0.9309828  0.874827   0.013253843411803246
24.0 0.18273184 0.63367707 0.32521954 0.7154586  0.013208630494773388
28.0 0.18468097 0.40320963 0.9646177  0.8500442  0.012854710221290588
10.0 0.8136094  0.70324886 0.98930246 1.         0.012344812043011189
41.0 0.6835203  0.47896335 0.9851903  1.         0.012130959890782833
0.0 0.18565802 0.6326954  0.3080634  0.70984167 0.011989623308181763
19.0 0.16543733 0.5003165  0.43852353 0.73274934 0.011750977486371994
25.0 0.14454138 0.10952169 1.         0.7644825  0.01172592956572771
17.0 0.92295426 0.00260157 0.9952188  0.05273436 0.011677908711135387
41.0 0.0215416  0.         1.         0.69717777 0.011573150753974915
37.0 0.14137383 0.5964421  0.43999434 0.7868837  0.01157134585082531
0.0 0.02493364 0.         1.         0.6877646  0.011374103836715221
7.0 0.0979645  0.18875235 0.97028804 0.76032764 0.01135699637234211
4.0 0.20959198 0.5378098  0.5860105  0.7204563  0.011291341856122017
19.0 0.57969844 0.17867589 1.         0.6743294  0.011164198629558086
24.0 0.21775171 0.4808867  0.616722   0.68998504 0.011157373897731304
24.0 0.6210843  0.24230045 0.82407814 0.3251729  0.010964530520141125
28.0 0.        0.        0.9784708 0.6947519 0.010930356569588184
0.0 0.         0.1513552  0.9935709  0.98070997 0.010739650577306747
15.0 0.55751485 0.29847285 0.8946809  0.50869954 0.010593828745186329
24.0 0.69343567 0.42309102 0.89072907 0.50211143 0.010535883717238903
15.0 0.17118761 0.5697193  0.3584182  0.73513854 0.010477349162101746
10.0 0.6835203  0.47896335 0.9851903  1.         0.010346733964979649
24.0 0.15837492 0.57323956 0.4199043  0.81180155 0.010345244780182838
37.0 0.10111374 0.47371942 0.80504584 0.8094122  0.010288767516613007
24.0 0.12640432 0.5067076  0.4862232  0.8661973  0.010189857333898544
24.0 0.37390208 0.1039723  0.9210242  0.42719126 0.010141195729374886
