15.0 0.12107517 0.07011242 0.49700946 0.33272558 0.6541551947593689
0.0 0.09714416 0.02942702 0.98002744 0.3757167  0.5692582130432129
15.0 0.09156325 0.03209363 0.92427564 0.3752401  0.3517904579639435
0.0 0.1217996  0.06756358 0.5091322  0.33063936 0.17901116609573364
2.0 0.122466   0.07451077 0.5011009  0.33632398 0.15422476828098297
18.0 0.09815988 0.02368811 0.96706307 0.34665433 0.14669570326805115
37.0 0.09714416 0.02942702 0.98002744 0.3757167  0.1416768729686737
0.0 0.48516408 0.02781114 1.         0.5369158  0.12838856875896454
2.0 0.10362431 0.03055708 0.8997747  0.34239006 0.12310291826725006
5.0 0.09815988 0.02368811 0.96706307 0.34665433 0.10127869248390198
35.0 0.12107517 0.07011242 0.49700946 0.33272558 0.0950770154595375
0.0 0.5470563  0.00359049 0.99347794 0.33375803 0.08924654126167297
0.0 0.6705277  0.         1.         0.44114476 0.07941895723342896
24.0 0.12046102 0.07137367 0.5022522  0.3366476  0.07749808579683304
16.0 0.4677292  0.         1.         0.36386573 0.07542734593153
25.0 0.6043335  0.         0.98314154 0.47223318 0.07293779402971268
18.0 0.44112113 0.00929233 1.         0.41580698 0.06349091231822968
25.0 0.7985291  0.00359228 0.9768242  0.3267294  0.05966922640800476
31.0 0.6705277  0.         1.         0.44114476 0.05848896503448486
41.0 0.03061718 0.7206857  0.7462945  1.         0.05651035159826279
31.0 0.12069021 0.06926277 0.50291383 0.32832712 0.05445700138807297
2.0 0.44112113 0.00929233 1.         0.41580698 0.05387680232524872
0.0 0.10732731 0.         0.9972279  0.84806216 0.05203580856323242
0.0 0.6328817  0.52381665 0.9996124  0.9944914  0.04768470302224159
0.0 0.7464726  0.01475686 0.995458   0.2948597  0.04640687629580498
24.0 0.08488509 0.         0.80441785 0.43995816 0.0458708219230175
0.0 0.62590885 0.         1.         0.28694093 0.04575083777308464
15.0 0.13079351 0.00621171 0.5845373  0.43758404 0.04532104358077049
40.0 0.11616559 0.07832228 0.48681802 0.3348838  0.044827114790678024
31.0 0.10868534 0.02962542 0.69308877 0.37211207 0.04336324706673622
34.0 0.10362431 0.03055708 0.8997747  0.34239006 0.04278966784477234
17.0 8.2800072e-01 7.0247054e-04 9.9331993e-01 1.0617473e-01 0.042127251625061035
31.0 0.7985291  0.00359228 0.9768242  0.3267294  0.04170146584510803
15.0 0.44112113 0.00929233 1.         0.41580698 0.04155967757105827
19.0 0.12581125 0.04637825 0.78369486 0.33898237 0.040088724344968796
0.0 0.4079314 0.        1.        0.3698861 0.03948170691728592
17.0 0.6196549  0.         1.         0.17459103 0.038416266441345215
17.0 0.4677292  0.         1.         0.36386573 0.038203172385692596
37.0 0.12107517 0.07011242 0.49700946 0.33272558 0.03768208995461464
35.0 0.13079351 0.00621171 0.5845373  0.43758404 0.0370948351919651
41.0 0.        0.5387019 0.9385936 1.        0.03623886778950691
11.0 0.09815988 0.02368811 0.96706307 0.34665433 0.035524703562259674
31.0 0.48516408 0.02781114 1.         0.5369158  0.03542514890432358
32.0 0.11616559 0.07832228 0.48681802 0.3348838  0.03493389114737511
20.0 0.03061718 0.7206857  0.7462945  1.         0.03423354774713516
4.0 0.09359467 0.         0.9810008  0.42463562 0.03388356417417526
21.0 0.03061718 0.7206857  0.7462945  1.         0.03250914067029953
33.0 0.09714416 0.02942702 0.98002744 0.3757167  0.032416172325611115
30.0 0.60798335 0.         0.9785187  0.6159471  0.032409247010946274
16.0 0.72065425 0.         0.9862782  0.50007296 0.03218153491616249
3.0 0.09815988 0.02368811 0.96706307 0.34665433 0.031240815296769142
16.0 0.62590885 0.         1.         0.28694093 0.031199242919683456
25.0 0.372413 0.       1.       0.618912 0.031065884977579117
41.0 0.15399545 0.         0.98961    0.86791533 0.030829494819045067
2.0 0.13079351 0.00621171 0.5845373  0.43758404 0.030715102329850197
0.0 0.648249   0.02706251 0.9669258  0.79710746 0.030435195192694664
40.0 0.12581125 0.04637825 0.78369486 0.33898237 0.029931213706731796
21.0 0.         0.26423833 0.9676433  1.         0.029695922508835793
30.0 0.44341993 0.         0.96529925 0.9306093  0.02947373129427433
4.0 0.55351096 0.         0.97157806 0.86869323 0.02934320829808712
13.0 0.12107517 0.07011242 0.49700946 0.33272558 0.02809840627014637
31.0 0.47888526 0.         1.         0.3322741  0.028082583099603653
0.0 0.09236467 0.         0.65521467 0.3163215  0.027676492929458618
17.0 0.8094031 0.        1.        0.1467492 0.027430405840277672
7.0 0.09815988 0.02368811 0.96706307 0.34665433 0.02726108394563198
25.0 0.6792131 0.        1.        0.3235709 0.02606067806482315
25.0 0.7358388 0.        1.        0.6449982 0.026037313044071198
38.0 0.6391464  0.01008192 1.         0.38903797 0.02559717558324337
25.0 4.361203e-01 8.316189e-04 1.000000e+00 3.457523e-01 0.025591623038053513
16.0 0.6328817  0.52381665 0.9996124  0.9944914  0.02494705468416214
5.0 0.         0.72122526 0.7241762  1.         0.02476084977388382
18.0 0.6148677  0.59247106 0.99937403 1.         0.02471538446843624
2.0 0.12081897 0.         0.8346798  0.5466615  0.024657584726810455
18.0 0.12069021 0.06926277 0.50291383 0.32832712 0.02458488941192627
5.0 0.        0.5387019 0.9385936 1.        0.02451372519135475
2.0 0.6196549  0.         1.         0.17459103 0.02426879107952118
16.0 0.07219172 0.         0.8917997  0.33142614 0.024213401600718498
17.0 0.68297726 0.         0.9758634  0.4164896  0.024176383391022682
26.0 0.10362431 0.03055708 0.8997747  0.34239006 0.023993361741304398
16.0 0.7985291  0.00359228 0.9768242  0.3267294  0.02389996126294136
30.0 0.44112113 0.00929233 1.         0.41580698 0.023711787536740303
25.0 0.6523077  0.01479347 0.9901232  0.2871883  0.023677773773670197
5.0 0.15399545 0.         0.98961    0.86791533 0.023671291768550873
32.0 0.12581125 0.04637825 0.78369486 0.33898237 0.023140564560890198
38.0 0.62590885 0.         1.         0.28694093 0.022847292944788933
28.0 0.55351096 0.         0.97157806 0.86869323 0.022585315629839897
25.0 0.648249   0.02706251 0.9669258  0.79710746 0.022563138976693153
35.0 0.56589574 0.         0.98988646 0.48860437 0.022470781579613686
17.0 0.62590885 0.         1.         0.28694093 0.022303076460957527
35.0 0.16328448 0.         0.78788584 0.47642213 0.02198997139930725
15.0 0.01295871 0.         0.8027776  0.42568958 0.021784605458378792
0.0 0.76752734 0.59581757 0.9873142  1.         0.021503811702132225
38.0 0.09714416 0.02942702 0.98002744 0.3757167  0.0208099577575922
2.0 0.62590885 0.         1.         0.28694093 0.020602308213710785
16.0 0.6523077  0.01479347 0.9901232  0.2871883  0.020398728549480438
37.0 0.13079351 0.00621171 0.5845373  0.43758404 0.020232900977134705
7.0 0.         0.72122526 0.7241762  1.         0.02017194591462612
17.0 0.8088309  0.00449131 1.         0.20462835 0.020075878128409386
38.0 0.38048914 0.72522104 0.9832579  1.         0.02006763033568859
18.0 0.62590885 0.         1.         0.28694093 0.020054327324032784
