17.0 0.32455224 0.35197318 0.45141083 0.45590723 0.06260491162538528
27.0 0.1557126  0.05307084 0.9923489  1.         0.06200708448886871
39.0 0.16794187 0.         0.99105436 0.98634464 0.059543199837207794
5.0 0.14886266 0.1015172  0.9334424  0.97182035 0.05953552573919296
25.0 0.1557126  0.05307084 0.9923489  1.         0.055379755795001984
10.0 0.1557126  0.05307084 0.9923489  1.         0.05119645968079567
2.0 0.3227619 0.3475845 0.475008  0.4711414 0.0463009774684906
17.0 0.33237475 0.3636185  0.4230116  0.4185866  0.044575285166502
31.0 0.3309433  0.25682124 0.5086941  0.5286474  0.043841708451509476
16.0 0.17675996 0.06196859 0.92365074 0.98715913 0.04107224568724632
27.0 0.         0.9013763  0.16031344 0.9996298  0.03950916603207588
7.0 0.17967084 0.07299095 0.95678747 1.         0.038820333778858185
41.0 0.1557126  0.05307084 0.9923489  1.         0.037384212017059326
38.0 0.17967084 0.07299095 0.95678747 1.         0.03441166505217552
27.0 0.3790174  0.15652508 0.9042005  0.9172422  0.027566423639655113
17.0 0.93194646 0.01087271 1.         0.15533237 0.026535721495747566
8.0 0.         0.90123343 0.1491713  1.         0.026456769555807114
25.0 0.3790174  0.15652508 0.9042005  0.9172422  0.025641990825533867
9.0 0.93343365 0.03242074 0.999701   0.15171742 0.023325495421886444
5.0 0.02253564 0.5671113  0.30599082 0.9955496  0.021642515435814857
21.0 0.16794187 0.         0.99105436 0.98634464 0.021364720538258553
29.0 0.21646798 0.0276185  0.9165002  0.94276893 0.02070869877934456
17.0 0.3309433  0.25682124 0.5086941  0.5286474  0.020161308348178864
31.0 0.32543018 0.35375968 0.4723536  0.46472242 0.01954798400402069
16.0 0.3431551  0.13201934 0.82292956 0.8447092  0.01911275088787079
0.0 0.17967084 0.07299095 0.95678747 1.         0.018744641914963722
5.0 0. 0. 1. 1. 0.01781727746129036
42.0 0.17967084 0.07299095 0.95678747 1.         0.017377130687236786
17.0 0.32934025 0.36019588 0.39123335 0.4416467  0.01709817536175251
21.0 0.01825984 0.47263345 0.3484255  1.         0.017001846805214882
38.0 0.7912494 0.5835115 1.        0.8220283 0.016674865037202835
38.0 0.5383972  0.14809898 0.9639127  0.91646373 0.016580501571297646
40.0 0.32712436 0.06196934 1.         1.         0.0158527921885252
40.0 0.         0.9002965  0.15026894 1.         0.015820277854800224
27.0 0. 0. 1. 1. 0.015052125789225101
14.0 0.8320401 0.        1.        0.0752411 0.015050318092107773
10.0 0.5383972  0.14809898 0.9639127  0.91646373 0.014544768258929253
38.0 0.         0.90182555 0.15460968 0.9981879  0.014267615042626858
39.0 0.         0.         0.5381237  0.30471885 0.01426161453127861
7.0 0.31316796 0.17420167 0.8253846  0.9084589  0.014152760617434978
16.0 0.01581512 0.6457572  0.23744957 0.99593806 0.013728935271501541
20.0 0.         0.90176237 0.14349887 0.99884284 0.013219543732702732
25.0 0.59442097 0.14563832 0.92345065 0.79059553 0.01321430690586567
32.0 0.         0.9013763  0.16031344 0.9996298  0.012830560095608234
16.0 0.5383972  0.14809898 0.9639127  0.91646373 0.01270225178450346
31.0 0.3029613  0.17453589 0.55545074 0.5948696  0.012688918970525265
12.0 0.0138053  0.         0.64101076 0.24899092 0.012553766369819641
0.0 4.0010363e-04 8.0458492e-01 1.5713251e-01 8.8589698e-01 0.01246691308915615
41.0 0.3898995 0.1607275 1.        1.        0.012364396825432777
2.0 0.3309433  0.25682124 0.5086941  0.5286474  0.012087629176676273
0.0 0.55001336 0.2261233  0.9526947  0.98878133 0.01200875360518694
17.0 0.3591928  0.03222528 1.         1.         0.011907076463103294
17.0 0.33992547 0.35104084 0.42835587 0.4014349  0.011683844029903412
17.0 0.3029613  0.17453589 0.55545074 0.5948696  0.011572491377592087
39.0 0.03078118 0.         0.8295319  0.79650116 0.011455753818154335
36.0 0.         0.9002965  0.15026894 1.         0.011307978071272373
21.0 0.         0.         0.58686113 0.2942307  0.011163056828081608
22.0 0.05714902 0.06033391 0.9316256  1.         0.01100555993616581
9.0 0.9203362  0.0027682  1.         0.21793985 0.010749772191047668
9.0 0.32455224 0.35197318 0.45141083 0.45590723 0.010610626079142094
25.0 0.01581512 0.6457572  0.23744957 0.99593806 0.010522366501390934
25.0 0.01392657 0.5312866  0.3384465  1.         0.010492511093616486
40.0 0.9277431 0.        1.        0.1561589 0.010435105301439762
38.0 0.40139917 0.16134876 1.         0.90944046 0.01042213011533022
41.0 0.01825984 0.47263345 0.3484255  1.         0.010381189174950123
40.0 0.32735917 0.21688385 0.5102744  0.49923152 0.010341559536755085
25.0 0.26308137 0.42539516 1.         1.         0.010259127244353294
31.0 0.42389283 0.10239941 0.9821769  0.9625066  0.010258300229907036
28.0 0.32712436 0.06196934 1.         1.         0.01024097204208374
7.0 0.55001336 0.2261233  0.9526947  0.98878133 0.010225918143987656
40.0 0.55001336 0.2261233  0.9526947  0.98878133 0.010204179212450981
9.0 0.4237441  0.15585122 0.97743726 1.         0.01012815535068512
42.0 0.5383972  0.14809898 0.9639127  0.91646373 0.010084344074130058
38.0 0.6626954  0.17012985 1.         0.58782905 0.010051757097244263
39.0 0.         0.2766408  0.98528934 1.         0.010006246156990528
5.0 0.31890985 0.32395595 1.         1.         0.009901092387735844
27.0 0.       0.       1.       0.839666 0.009859190322458744
27.0 0.2734459  0.13792923 0.71135485 0.8286885  0.009796763770282269
3.0 0.5034466  0.         0.68132913 0.08298804 0.009652947075664997
39.0 0.01758856 0.39663038 0.3576651  0.94873846 0.009588504210114479
7.0 0.3898995 0.1607275 1.        1.        0.009551514871418476
5.0 0.01048958 0.59620273 0.5320308  0.95062125 0.009546716697514057
20.0 0.05714902 0.06033391 0.9316256  1.         0.009450732730329037
38.0 0.39402187 0.40582317 1.         0.87309045 0.009426742792129517
39.0 0.00177982 0.26854104 0.1341326  0.36190265 0.009340818971395493
21.0 0.        0.        1.        0.8663408 0.009281622245907784
9.0 0.         0.9013763  0.16031344 0.9996298  0.009169133380055428
27.0 0.31890985 0.32395595 1.         1.         0.009146589785814285
0.0 0.01199307 0.6184558  0.26632303 1.         0.009130062535405159
7.0 0.41015995 0.34545636 0.8672373  1.         0.009006408043205738
39.0 0.        0.        1.        0.9493959 0.008978658355772495
25.0 0.3309433  0.25682124 0.5086941  0.5286474  0.008968892507255077
3.0 0.26064575 0.         0.4620977  0.05885337 0.008921408094465733
29.0 0.         0.37477374 1.         1.         0.008908734656870365
41.0 0. 0. 1. 1. 0.008802613243460655
36.0 0.17967084 0.07299095 0.95678747 1.         0.008794043213129044
9.0 0.3309433  0.25682124 0.5086941  0.5286474  0.00872700847685337
10.0 0.3431551  0.13201934 0.82292956 0.8447092  0.008530030958354473
0.0 0.31316796 0.17420167 0.8253846  0.9084589  0.008512388914823532
35.0 0.32549188 0.33744597 0.46860185 0.4836951  0.008444911800324917
