5.0 0.24818835 0.08963394 0.98734486 0.9618492  0.38364753127098083
2.0 0.23046789 0.00773972 0.43246314 0.20126313 0.3719642162322998
31.0 0.23046789 0.00773972 0.43246314 0.20126313 0.2648073136806488
39.0 0.168381   0.07187673 0.9832896  0.9704964  0.13433749973773956
35.0 0.23435459 0.01441686 0.4476674  0.19757085 0.12433969229459763
13.0 0.23435459 0.01441686 0.4476674  0.19757085 0.09979123622179031
25.0 0.19505206 0.00494695 0.98571277 0.9776317  0.07164601236581802
17.0 0.23435459 0.01441686 0.4476674  0.19757085 0.0694694072008133
40.0 0.23320353 0.00763229 0.4759637  0.19737044 0.06935874372720718
5.0 0.5656437  0.19445446 0.9751876  0.91235864 0.060905635356903076
29.0 0.15911597 0.         0.96796256 0.8086437  0.053956057876348495
5.0 0.29459915 0.42688465 0.9372833  0.89092064 0.05263034626841545
21.0 0.24941829 0.01631668 0.9853202  0.9445988  0.04618828743696213
25.0 0.5656437  0.19445446 0.9751876  0.91235864 0.04501796141266823
5.0 0.03151575 0.35627535 0.9338081  1.         0.04257821664214134
41.0 0.0528037  0.17936885 0.97615665 1.         0.04250296577811241
2.0 0.22919543 0.         0.533864   0.1900134  0.04133150354027748
27.0 0.24941829 0.01631668 0.9853202  0.9445988  0.039992865175008774
15.0 0.23046789 0.00773972 0.43246314 0.20126313 0.03969893977046013
5.0 0. 0. 1. 1. 0.03945092111825943
19.0 0.23435459 0.01441686 0.4476674  0.19757085 0.037241075187921524
39.0 0.38689208 0.41403824 0.9816203  0.8884961  0.03534412756562233
9.0 0.23435459 0.01441686 0.4476674  0.19757085 0.0350203774869442
16.0 0.49305236 0.12588733 0.9776944  0.95668286 0.034566398710012436
40.0 0.21212173 0.         0.668568   0.22361706 0.03330949321389198
10.0 0.25165072 0.         0.96629584 0.89296645 0.033003512769937515
31.0 0.2023505  0.         0.49598074 0.25754052 0.032389022409915924
32.0 0.19240776 0.01047744 0.79698145 0.3149718  0.031549226492643356
27.0 0.5656437  0.19445446 0.9751876  0.91235864 0.03003746271133423
35.0 0.22919543 0.         0.533864   0.1900134  0.0265352725982666
16.0 0.25165072 0.         0.96629584 0.89296645 0.026231728494167328
13.0 0.2023505  0.         0.49598074 0.25754052 0.025070911273360252
33.0 0.2223921  0.00695873 0.49603587 0.20921502 0.024672357365489006
8.0 0.23435459 0.01441686 0.4476674  0.19757085 0.024202149361371994
23.0 0.22272824 0.00408757 0.4601761  0.2139616  0.02418844774365425
21.0 0.         0.21110031 0.9271977  1.         0.022498706355690956
41.0 0.39555538 0.3184828  0.97783065 0.9278233  0.022205308079719543
20.0 0.25165072 0.         0.96629584 0.89296645 0.02000088430941105
39.0 0.5931803  0.12376222 0.97137094 0.89130163 0.019517209380865097
24.0 0.19240776 0.01047744 0.79698145 0.3149718  0.019473116844892502
27.0 0. 0. 1. 1. 0.019439201802015305
16.0 0.7075105  0.18393546 1.         0.89357585 0.019421059638261795
20.0 0.46931237 0.         0.97323483 0.25162777 0.019398583099246025
33.0 0.15911597 0.         0.96796256 0.8086437  0.01920202001929283
21.0 0.29459915 0.42688465 0.9372833  0.89092064 0.019156308844685555
17.0 0.22919543 0.         0.533864   0.1900134  0.018788281828165054
25.0 0.73452014 0.09679231 1.         0.842353   0.01871958188712597
40.0 0.19240776 0.01047744 0.79698145 0.3149718  0.018089113757014275
30.0 0.25165072 0.         0.96629584 0.89296645 0.01801464334130287
20.0 0.19240776 0.01047744 0.79698145 0.3149718  0.017598353326320648
32.0 0.11833271 0.         0.69052005 0.24465406 0.01756240613758564
39.0 0.        0.        1.        0.9524111 0.01746995560824871
15.0 0.19240776 0.01047744 0.79698145 0.3149718  0.017023401334881783
34.0 0.15911597 0.         0.96796256 0.8086437  0.01684531569480896
23.0 0.23400222 0.         0.5372371  0.26313537 0.01660686358809471
20.0 0.16536546 0.2861432  0.352414   0.46149507 0.016527395695447922
0.0 0.23082274 0.0091942  0.43294066 0.20336498 0.01607404835522175
5.0 0.21571696 0.12891173 1.         1.         0.01589968241751194
25.0 0. 0. 1. 1. 0.015893759205937386
19.0 0.2023505  0.         0.49598074 0.25754052 0.01522221602499485
29.0 0.19396952 0.         0.75164545 0.2827968  0.01465564500540495
39.0 0.06548673 0.34534478 1.         1.         0.014454114250838757
29.0 0.23953356 0.         0.44596153 0.19105855 0.01425377931445837
23.0 0.19240776 0.01047744 0.79698145 0.3149718  0.014190332032740116
41.0 0.36678094 0.         1.         1.         0.014125940389931202
5.0 0.4997342  0.0564512  1.         0.65980315 0.01405966654419899
2.0 0.25212115 0.         0.40517062 0.10774688 0.013542458415031433
16.0 0.23435459 0.01441686 0.4476674  0.19757085 0.01348643284291029
19.0 0.19240776 0.01047744 0.79698145 0.3149718  0.013476145453751087
39.0 0.43520248 0.15023553 1.         1.         0.013294444419443607
21.0 0.        0.        1.        0.9524111 0.013231465592980385
8.0 0.00820154 0.         0.10865015 0.08930342 0.013204989954829216
40.0 0.15573566 0.         0.5484259  0.32796758 0.01316752564162016
28.0 0.25165072 0.         0.96629584 0.89296645 0.01312148105353117
7.0 0.24941829 0.01631668 0.9853202  0.9445988  0.013115919195115566
21.0 0.5656437  0.19445446 0.9751876  0.91235864 0.013085936196148396
33.0 0.13770431 0.         0.8685183  0.38805237 0.013053222559392452
24.0 0.23435459 0.01441686 0.4476674  0.19757085 0.013037499040365219
16.0 0.19240776 0.01047744 0.79698145 0.3149718  0.012990986928343773
5.0 0.19926694 0.         1.         0.6302976  0.012832867912948132
5.0 0.19240776 0.01047744 0.79698145 0.3149718  0.01265648566186428
29.0 0.49582058 0.07039955 0.97681946 0.93792653 0.012592523358762264
38.0 0.23017484 0.00692489 0.4552319  0.20154315 0.012523951008915901
25.0 0.6372087 0.        1.        0.9624301 0.012511844746768475
39.0 0.19926694 0.         1.         0.6302976  0.012451200745999813
18.0 0.23334813 0.00642323 0.44294417 0.20947373 0.012350318022072315
32.0 0.23982559 0.00922932 0.45289993 0.2006801  0.012263684533536434
4.0 0.23953356 0.         0.44596153 0.19105855 0.012255438603460789
7.0 0.16728884 0.         0.8003559  0.25891286 0.01218496821820736
17.0 0.24267116 0.         0.4164628  0.08268355 0.012181468307971954
32.0 0.07936919 0.         0.93193805 0.47815323 0.012092379853129387
25.0 0.6191687 0.4346863 1.        0.8693392 0.012039297260344028
27.0 0.29459915 0.42688465 0.9372833  0.89092064 0.011986710131168365
37.0 0.15911597 0.         0.96796256 0.8086437  0.011736882850527763
33.0 0.19396952 0.         0.75164545 0.2827968  0.01167154312133789
10.0 0.49305236 0.12588733 0.9776944  0.95668286 0.011665026657283306
5.0 0.14403892 0.62718606 0.8595753  0.9866446  0.011620329692959785
16.0 0.6191687 0.4346863 1.        0.8693392 0.011567866429686546
20.0 0.11980379 0.         0.6244056  0.27591205 0.011363090947270393
27.0 0.21577269 0.         0.8698233  0.32508725 0.011341416276991367
