30.0 0.27698863 0.23485643 0.56281495 0.7708817  0.388592392206192
31.0 0.23260048 0.2423057  0.77551425 0.7599669  0.2810709476470947
29.0 0.23840007 0.24664119 0.7749095  0.7652762  0.21720117330551147
25.0 0.24672726 0.23457462 0.7051852  0.7697534  0.18529395759105682
16.0 0.25551885 0.26358753 0.763272   0.72975713 0.1216258779168129
4.0 0.27343363 0.22573474 0.5048369  0.76808965 0.11756519973278046
29.0 0.23781887 0.21394673 0.99201035 1.         0.10747889429330826
30.0 0.21033767 0.1473274  0.76762605 0.8304726  0.10176022350788116
19.0 0.27698863 0.23485643 0.56281495 0.7708817  0.08830846101045609
25.0 0.27343363 0.22573474 0.5048369  0.76808965 0.08145682513713837
30.0 0.26559177 0.32032824 0.46478477 0.6966648  0.07709153741598129
0.0 0.22697034 0.24467877 0.78116715 0.76323366 0.07532688230276108
31.0 0.28949615 0.24593243 0.5338237  0.75768137 0.06734923273324966
31.0 0.24462095 0.15233508 0.9439652  1.         0.06576550751924515
25.0 0.7431387 0.4600245 1.        1.        0.059501100331544876
19.0 0.21033767 0.1473274  0.76762605 0.8304726  0.05911023169755936
29.0 0.28949615 0.24593243 0.5338237  0.75768137 0.0558926984667778
2.0 0.23413837 0.24612007 0.7806443  0.7575352  0.05345675349235535
40.0 0.22697034 0.24467877 0.78116715 0.76323366 0.05112988501787186
31.0 0.48480695 0.25805712 0.7980531  0.70904094 0.05009453371167183
31.0 0.5771864  0.3533257  0.7783614  0.66102993 0.049591001123189926
34.0 0.27343363 0.22573474 0.5048369  0.76808965 0.03781035542488098
25.0 0.7924397 0.        1.        0.4450798 0.03741387650370598
17.0 0.24360672 0.27644035 0.8336166  0.7640128  0.03662705793976784
15.0 0.23840007 0.24664119 0.7749095  0.7652762  0.03532896935939789
33.0 0.19996157 0.18098772 0.85451496 0.75973964 0.03513021767139435
29.0 0.21836942 0.         1.         1.         0.03210034221410751
16.0 0.22689253 0.19251773 0.9230692  0.94811845 0.031667862087488174
28.0 0.27698863 0.23485643 0.56281495 0.7708817  0.03160795196890831
35.0 0.24672726 0.23457462 0.7051852  0.7697534  0.030346466228365898
16.0 0.6786257 0.4810047 1.        1.        0.02814776822924614
5.0 0.22697034 0.24467877 0.78116715 0.76323366 0.027090905234217644
16.0 0.43888557 0.2891441  0.8179003  0.6853181  0.027043281123042107
13.0 0.24644063 0.24003896 0.71335566 0.7682055  0.026957044377923012
16.0 0.2863865  0.24665067 0.53204656 0.7562797  0.024943038821220398
31.0 0.25866282 0.29867715 0.46160674 0.6826093  0.024222595617175102
40.0 0.24462095 0.15233508 0.9439652  1.         0.022795837372541428
4.0 0.23418976 0.1940335  0.6543289  0.828683   0.022021600976586342
21.0 0.28884053 0.24218509 0.47569728 0.7640531  0.02154870703816414
8.0 0.23840007 0.24664119 0.7749095  0.7652762  0.020857028663158417
31.0 0.8195767  0.         0.99328893 0.34563762 0.01978972740471363
0.0 0.29619688 0.24743912 1.         0.96757245 0.01962788961827755
28.0 0.20561713 0.19576389 0.7751094  0.82386297 0.019138291478157043
37.0 0.24672726 0.23457462 0.7051852  0.7697534  0.019086111336946487
31.0 0.40251106 0.0737696  0.8528634  0.7191669  0.01881510764360428
37.0 0.24222818 0.14342257 0.96917224 1.         0.018588276579976082
38.0 0.22697034 0.24467877 0.78116715 0.76323366 0.01858670264482498
31.0 0.6542834  0.52908397 1.         1.         0.01830502226948738
30.0 0.24222818 0.14342257 0.96917224 1.         0.01827593520283699
32.0 0.24672726 0.23457462 0.7051852  0.7697534  0.01807677000761032
40.0 0.67271686 0.         1.         0.3284723  0.017845461145043373
33.0 0.24883933 0.25241148 0.6104482  0.7566116  0.017738966271281242
34.0 0.2328492  0.26258606 0.6972452  0.74155945 0.01771392486989498
17.0 0.722713   0.51148796 1.         1.         0.01764601841568947
25.0 0.24462095 0.15233508 0.9439652  1.         0.017327338457107544
16.0 0.5771864  0.3533257  0.7783614  0.66102993 0.017184028401970863
21.0 0.24672726 0.23457462 0.7051852  0.7697534  0.017163585871458054
35.0 0.24462095 0.15233508 0.9439652  1.         0.01695503480732441
13.0 0.2853053  0.25521323 0.44391176 0.74940395 0.01680300012230873
19.0 0.28011256 0.25914454 0.4431603  0.72614086 0.01668601855635643
23.0 0.23300126 0.24911654 0.75459754 0.7622372  0.016196327283978462
29.0 0.04566902 0.         1.         0.95955646 0.016179926693439484
29.0 0.28174546 0.25787532 0.42431685 0.7088312  0.01606951653957367
17.0 0.28844336 0.24553508 0.4726906  0.7591842  0.015967825427651405
0.0 0.52855873 0.6088654  1.         1.         0.015755193307995796
0.0 0.337334  0.354553  0.7805326 0.6692078 0.015301569364964962
8.0 0.2853053  0.25521323 0.44391176 0.74940395 0.014615753665566444
16.0 0.7924397 0.        1.        0.4450798 0.014512388035655022
15.0 0.24222818 0.14342257 0.96917224 1.         0.014468031004071236
2.0 0.48480695 0.25805712 0.7980531  0.70904094 0.014330401085317135
16.0 0.21836942 0.         1.         1.         0.014175803400576115
2.0 0.24462095 0.15233508 0.9439652  1.         0.014116492122411728
25.0 0.25779772 0.30643868 0.5399748  0.5708987  0.014013656415045261
0.0 0.55732894 0.38814497 0.7920419  0.64219654 0.013996748253703117
2.0 0.55732894 0.38814497 0.7920419  0.64219654 0.013874729163944721
13.0 0.24462095 0.15233508 0.9439652  1.         0.013577570207417011
2.0 0.28884053 0.24218509 0.47569728 0.7640531  0.013502733781933784
29.0 0.06881398 0.         1.         0.6752256  0.013372248969972134
9.0 0.23574144 0.24824    0.74471754 0.76623166 0.013370135799050331
24.0 0.24987733 0.2431235  0.7614199  0.7523538  0.013234766200184822
12.0 0.21592632 0.2516101  0.78891146 0.76791054 0.013150695711374283
17.0 0.81922334 0.63110936 0.99237543 1.         0.01281039696186781
9.0 0.28844336 0.24553508 0.4726906  0.7591842  0.012751555070281029
26.0 0.22516078 0.20139796 0.60674    0.78566605 0.012442855164408684
10.0 0.24672726 0.23457462 0.7051852  0.7697534  0.012434583157300949
17.0 0.5698526  0.39620435 0.8018675  0.6452137  0.01242536585777998
31.0 0.48756588 0.25711253 0.94877005 0.86552036 0.012409168295562267
19.0 0.1714404  0.09695855 1.         1.         0.012390551157295704
0.0 0.22003025 0.15853935 1.         1.         0.012117292732000351
15.0 0.2863865  0.24665067 0.53204656 0.7562797  0.012073937803506851
23.0 0.28884053 0.24218509 0.47569728 0.7640531  0.011855896562337875
29.0 0.25779772 0.30643868 0.5399748  0.5708987  0.011732751503586769
6.0 0.21033767 0.1473274  0.76762605 0.8304726  0.011689488776028156
40.0 0.02491665 0.         1.         1.         0.01168487872928381
32.0 0.24222818 0.14342257 0.96917224 1.         0.011652467772364616
0.0 0.11736786 0.         1.         1.         0.01156307477504015
31.0 0.7878659  0.59006715 0.992484   1.         0.011450986377894878
17.0 0.8296851  0.         0.99865806 0.31002116 0.01136715803295374
30.0 0.02491665 0.         1.         1.         0.011349509470164776
35.0 0.5531229  0.31556773 0.7840482  0.6885654  0.010991310700774193
