30.0 0.19084328 0.1317332  0.424272   0.42646623 0.34692278504371643
25.0 0.1867899  0.13190486 0.43305448 0.42116815 0.2802150547504425
27.0 0.13189343 0.37638912 0.73405135 0.7397834  0.25905027985572815
27.0 0.13408098 0.16902089 0.88586617 0.8314493  0.1368076503276825
29.0 0.1867899  0.13190486 0.43305448 0.42116815 0.10217060148715973
28.0 0.19084328 0.1317332  0.424272   0.42646623 0.07477566599845886
5.0 0.19084328 0.1317332  0.424272   0.42646623 0.07447017729282379
15.0 0.7832414  0.4650341  0.9970534  0.62105846 0.06348471343517303
21.0 0.19084328 0.1317332  0.424272   0.42646623 0.058190058916807175
16.0 0.19084328 0.1317332  0.424272   0.42646623 0.055274561047554016
27.0 0.        0.        1.        0.9733043 0.053983792662620544
25.0 0.82205844 0.17930943 1.         0.73999304 0.05067311227321625
36.0 0.13300359 0.37608898 0.74518687 0.74083793 0.04505942761898041
38.0 0.14056078 0.38334307 0.7338922  0.7410978  0.04313415288925171
42.0 0.13189343 0.37638912 0.73405135 0.7397834  0.039268650114536285
4.0 0.19135109 0.1294016  0.42905936 0.42930296 0.03623490780591965
20.0 0.12468052 0.02916014 0.8397615  0.7557976  0.03589092195034027
9.0 0.13189343 0.37638912 0.73405135 0.7397834  0.035699263215065
22.0 0.12230301 0.28197595 0.8339748  0.8143548  0.03379182517528534
34.0 0.1867899  0.13190486 0.43305448 0.42116815 0.03357451781630516
36.0 0.13408098 0.16902089 0.88586617 0.8314493  0.03282953053712845
0.0 0.80077255 0.4657581  0.9956591  0.61582184 0.03203262388706207
39.0 0.16007823 0.         0.8015522  0.8097496  0.029651377350091934
42.0 0.14702427 0.13359043 0.8175029  0.8947598  0.02958475425839424
30.0 0.21278867 0.14354905 0.33529952 0.37437114 0.029016882181167603
29.0 0.16007823 0.         0.8015522  0.8097496  0.02829456515610218
10.0 0.16007823 0.         0.8015522  0.8097496  0.02744087018072605
31.0 0.19084328 0.1317332  0.424272   0.42646623 0.027130063623189926
27.0 0.145747   0.14764766 0.75687987 0.57289755 0.027054650709033012
24.0 0.28130046 0.71656734 1.         1.         0.026901008561253548
25.0 0.85962653 0.15788443 0.99130166 0.57113564 0.02627359889447689
19.0 0.19995835 0.12699132 0.38334468 0.41745812 0.025212490931153297
0.0 0.19084328 0.1317332  0.424272   0.42646623 0.025102172046899796
16.0 0.84136343 0.338296   0.99156606 0.7160041  0.024958675727248192
37.0 0.19084328 0.1317332  0.424272   0.42646623 0.022985078394412994
21.0 0.11667383 0.         0.7095238  0.8007163  0.022981608286499977
20.0 0.0590454  0.22377717 1.         0.9266542  0.021925387904047966
20.0 0.15182328 0.19847232 0.6299549  0.8008643  0.02148214913904667
14.0 0.14056078 0.38334307 0.7338922  0.7410978  0.020693952217698097
21.0 0.8835656  0.13655491 0.99733955 0.5484196  0.019603295251727104
10.0 0.19084328 0.1317332  0.424272   0.42646623 0.019498802721500397
29.0 0.21278867 0.14354905 0.33529952 0.37437114 0.01907849870622158
0.0 0.84136343 0.338296   0.99156606 0.7160041  0.017888084053993225
21.0 0.6092642  0.70007885 1.         0.83536327 0.017838718369603157
5.0 0.16007823 0.         0.8015522  0.8097496  0.0176999568939209
24.0 0.7839961  0.45882004 1.         0.62452143 0.017651548609137535
7.0 0.16189834 0.17298663 0.7642822  0.85505176 0.01760867051780224
10.0 0.15320869 0.06960878 0.5693422  0.6577282  0.01748155802488327
23.0 0.3046318  0.92335045 0.4278958  1.         0.017079496756196022
10.0 0.8850581  0.13942283 0.998776   0.54431677 0.01683626137673855
30.0 0.82205844 0.17930943 1.         0.73999304 0.01677846349775791
22.0 0.05667102 0.06328508 0.9431632  1.         0.016438143327832222
27.0 0.        0.        1.        0.8857602 0.016122914850711823
16.0 0.17732766 0.04260018 0.7399163  0.7427316  0.016030635684728622
25.0 0.82434314 0.00255425 0.9914693  0.30956542 0.015626315027475357
3.0 0.6092642  0.70007885 1.         0.83536327 0.014950498007237911
41.0 0.12874448 0.2735598  0.87417245 0.8198452  0.014934663660824299
25.0 0.8334855  0.32573637 1.         0.62537444 0.01490761712193489
9.0 0.76306254 0.6594434  0.99144834 1.         0.014384262263774872
16.0 0.7495931 0.2504777 1.        0.7977272 0.014260716736316681
27.0 0.8862231  0.19237725 0.9976953  0.30665895 0.013645785860717297
20.0 0.6092642  0.70007885 1.         0.83536327 0.01344367116689682
39.0 0.8879534  0.17449671 0.9854511  0.44536752 0.013106194324791431
5.0 0.84136343 0.338296   0.99156606 0.7160041  0.012929536402225494
39.0 0.0590454  0.22377717 1.         0.9266542  0.012871900573372841
32.0 0.15182328 0.19847232 0.6299549  0.8008643  0.012716928496956825
30.0 0.12682372 0.0750275  0.4864838  0.3698403  0.012559294700622559
40.0 0.15320869 0.06960878 0.5693422  0.6577282  0.012404044158756733
26.0 0.19084328 0.1317332  0.424272   0.42646623 0.012269154191017151
7.0 0.05667102 0.06328508 0.9431632  1.         0.012243794277310371
31.0 0.15320869 0.06960878 0.5693422  0.6577282  0.01222146861255169
29.0 0.15320869 0.06960878 0.5693422  0.6577282  0.012143462896347046
16.0 0.04271156 0.1591892  1.         0.95702124 0.012081203050911427
31.0 0.84136343 0.338296   0.99156606 0.7160041  0.012005574069917202
25.0 0.15320869 0.06960878 0.5693422  0.6577282  0.011898293159902096
14.0 0.11886692 0.26201263 0.904091   0.9023799  0.011835981160402298
4.0 0.6092642  0.70007885 1.         0.83536327 0.01173582673072815
30.0 0.16782124 0.16344903 0.48056906 0.5340132  0.011701603420078754
25.0 0.16007823 0.         0.8015522  0.8097496  0.011450393125414848
40.0 0.16007823 0.         0.8015522  0.8097496  0.011442557908594608
36.0 0.00925788 0.         1.         1.         0.011410729959607124
28.0 0.14076263 0.02317086 0.6285862  0.71127987 0.011374125257134438
10.0 0.0590454  0.22377717 1.         0.9266542  0.011328746564686298
17.0 0.15182328 0.19847232 0.6299549  0.8008643  0.011235472746193409
33.0 0.19084328 0.1317332  0.424272   0.42646623 0.01118474267423153
11.0 0.14702427 0.13359043 0.8175029  0.8947598  0.011084755882620811
38.0 0.16007823 0.         0.8015522  0.8097496  0.011006799526512623
27.0 0.19084328 0.1317332  0.424272   0.42646623 0.01091341394931078
25.0 0.2000613  0.1546149  0.34515035 0.27472174 0.01091273408383131
21.0 0.15320869 0.06960878 0.5693422  0.6577282  0.010858461260795593
26.0 0.04563291 0.8718778  0.4175663  0.99923337 0.010745538398623466
0.0 0.8634662  0.48304105 1.         0.58431375 0.010663355700671673
31.0 0.21278867 0.14354905 0.33529952 0.37437114 0.010615186765789986
10.0 0.16782124 0.16344903 0.48056906 0.5340132  0.010474931448698044
10.0 0.14681196 0.27232152 0.7250278  0.6950566  0.01039288379251957
33.0 0.12468052 0.02916014 0.8397615  0.7557976  0.010332492180168629
2.0 0.19135109 0.1294016  0.42905936 0.42930296 0.010270172730088234
30.0 0.2000613  0.1546149  0.34515035 0.27472174 0.010222124867141247
20.0 0.14060321 0.15192981 0.65492094 0.5346204  0.010192550718784332
0.0 0.76411194 0.4716882  1.         0.70102566 0.010181039571762085
