34.0 0.02700856 0.444338   0.8577999  0.7302002  0.46953001618385315
24.0 0.         0.48513246 0.7143947  0.6711149  0.3071332275867462
21.0 0.         0.43663228 0.9076107  0.7486819  0.2622438073158264
34.0 0.02440712 0.51574796 0.6659181  0.64840025 0.18762648105621338
24.0 0.        0.5154882 0.410846  0.6307451 0.1600797325372696
28.0 0.         0.43663228 0.9076107  0.7486819  0.15381641685962677
4.0 0.         0.44697058 0.888999   0.725639   0.1494068056344986
26.0 0.02700856 0.444338   0.8577999  0.7302002  0.14210717380046844
34.0 0.         0.24052495 0.89083004 0.79054576 0.13902011513710022
5.0 0.         0.43663228 0.9076107  0.7486819  0.1230386346578598
4.0 0.02255216 0.51602703 0.5873343  0.64004785 0.11638262122869492
37.0 0.         0.45934153 0.7376568  0.70050037 0.09275414049625397
34.0 0.04867338 0.49027675 0.44124645 0.6796197  0.09169545769691467
24.0 0.06013988 0.5307113  0.31469613 0.60687745 0.0828196182847023
24.0 0.         0.42476133 0.5299501  0.7412808  0.07302119582891464
34.0 0.00409597 0.381496   0.61646205 0.6543173  0.06983349472284317
5.0 0.         0.48513246 0.7143947  0.6711149  0.06598962098360062
34.0 0.         0.51166785 0.39065313 0.6182046  0.0610470287501812
28.0 0.         0.48513246 0.7143947  0.6711149  0.06014800816774368
21.0 0.         0.17750132 0.9422541  0.7898498  0.058228764683008194
26.0 0.02255216 0.51602703 0.5873343  0.64004785 0.05599650368094444
32.0 0.6876495  0.56336296 0.8621532  0.6654397  0.05599329248070717
40.0 0.6669545  0.5558883  0.86558664 0.6695318  0.05349487438797951
24.0 0.01062474 0.36996976 0.86120296 0.8115865  0.05312953516840935
4.0 0.         0.4287695  0.53448594 0.66786855 0.05296466872096062
19.0 0.         0.45356488 0.7634562  0.7004179  0.05150085687637329
21.0 0.80889523 0.         1.         0.7144096  0.051494941115379333
40.0 0.78988004 0.5547992  1.         1.         0.051251914352178574
4.0 0.         0.51166785 0.39065313 0.6182046  0.050421107560396194
21.0 0.         0.48513246 0.7143947  0.6711149  0.04909469187259674
4.0 0.02218843 0.33972982 0.8686986  0.88493323 0.04835910722613335
26.0 0.         0.3409285  0.94435847 0.9183498  0.04782108590006828
34.0 0.17288214 0.47864404 0.5961619  0.69193256 0.04706034064292908
37.0 0.02156906 0.51435035 0.49058253 0.64241594 0.04702064022421837
10.0 0.         0.43663228 0.9076107  0.7486819  0.04458487778902054
15.0 0.691768   0.56336755 0.86274105 0.6654182  0.04189879447221756
4.0 0.02388348 0.5422101  0.33704358 0.60281813 0.038597527891397476
21.0 0.6663063  0.01011613 0.9827408  0.8423431  0.03733156621456146
35.0 0.691768   0.56336755 0.86274105 0.6654182  0.0358683243393898
12.0 0.         0.41258842 0.94470465 0.7505879  0.03570740297436714
11.0 0.         0.48513246 0.7143947  0.6711149  0.03515888378024101
10.0 0.80889523 0.         1.         0.7144096  0.03498951345682144
34.0 0.1176739  0.45575213 0.7263441  0.62213147 0.03415257856249809
37.0 0.01062474 0.36996976 0.86120296 0.8115865  0.033223774284124374
4.0 0.06170261 0.46545145 0.70723    0.62364084 0.032799042761325836
41.0 0.         0.44697058 0.888999   0.725639   0.03271128609776497
8.0 0.691768   0.56336755 0.86274105 0.6654182  0.032070375978946686
27.0 0.7077353  0.5573534  0.85830224 0.6606326  0.03144393116235733
24.0 0.08213383 0.46537468 0.4776004  0.65399456 0.03092338889837265
19.0 0.02255216 0.51602703 0.5873343  0.64004785 0.030625876039266586
26.0 9.0539455e-05 5.0974172e-01 3.6997217e-01 6.2016910e-01 0.03061038814485073
34.0 0.02388348 0.5422101  0.33704358 0.60281813 0.030046163126826286
34.0 0.11649302 0.50029665 0.9591471  0.839263   0.03002096526324749
17.0 0.691768   0.56336755 0.86274105 0.6654182  0.029174476861953735
11.0 0.         0.43663228 0.9076107  0.7486819  0.02883593924343586
36.0 0.691768   0.56336755 0.86274105 0.6654182  0.028658907860517502
26.0 0.         0.4287695  0.53448594 0.66786855 0.027656314894557
28.0 0.         0.31074646 0.991584   0.9026352  0.027605807408690453
32.0 0.         0.48513246 0.7143947  0.6711149  0.027324402704834938
15.0 0.         0.48513246 0.7143947  0.6711149  0.02704031951725483
34.0 0.03745352 0.3585868  0.50725037 0.84211195 0.026926888152956963
18.0 0.         0.48513246 0.7143947  0.6711149  0.026915419846773148
34.0 0.2127789  0.28947124 0.98616433 0.64438987 0.025126449763774872
10.0 0.         0.48513246 0.7143947  0.6711149  0.02485152892768383
30.0 0.02381423 0.41576248 0.78816485 0.7717839  0.024799341335892677
24.0 0.0014766  0.53340524 0.2466025  0.5929155  0.024656156077980995
34.0 0.01990986 0.4025001  0.9060839  1.         0.02375558763742447
28.0 0.09685808 0.364885   0.618613   0.81909406 0.02362619899213314
39.0 0.         0.41258842 0.94470465 0.7505879  0.023089095950126648
16.0 0.70943797 0.5556881  0.8571713  0.6613557  0.022894112393260002
28.0 0.6938392  0.05706489 0.98096395 0.7914313  0.022660616785287857
18.0 0.         0.43663228 0.9076107  0.7486819  0.022513912990689278
4.0 0.07110813 0.5531689  0.5862372  0.7013445  0.022509222850203514
26.0 0.09685808 0.364885   0.618613   0.81909406 0.02234722673892975
0.0 0.         0.45934153 0.7376568  0.70050037 0.021845776587724686
3.0 0.         0.41258842 0.94470465 0.7505879  0.02152176760137081
1.0 0.81120604 0.5733944  0.9991289  1.         0.020975498482584953
21.0 0.2127789  0.28947124 0.98616433 0.64438987 0.0208713598549366
4.0 0.6663063  0.01011613 0.9827408  0.8423431  0.020798001438379288
31.0 0.70289767 0.5601714  0.8453803  0.6621997  0.020543508231639862
26.0 0.04181222 0.53211474 0.28793582 0.5958283  0.020272299647331238
4.0 0.00808612 0.488258   0.596787   0.79597783 0.0202363021671772
41.0 0.02604321 0.29837373 1.         0.9062592  0.019821692258119583
10.0 0.02604321 0.29837373 1.         0.9062592  0.019651833921670914
40.0 0.7289312  0.4400795  0.99853253 0.9365646  0.019342927262187004
5.0 0.         0.17750132 0.9422541  0.7898498  0.019069889560341835
4.0 0.80889523 0.         1.         0.7144096  0.01836380921304226
21.0 0.2769512  0.         0.966869   0.68869805 0.018311118707060814
24.0 0.20168112 0.509945   0.6606717  0.6489926  0.01826866902410984
20.0 0.691768   0.56336755 0.86274105 0.6654182  0.01773504540324211
24.0 0.07110813 0.5531689  0.5862372  0.7013445  0.017604125663638115
34.0 0.06951496 0.55237937 0.6522609  0.71031296 0.017350396141409874
11.0 0.02338107 0.49111724 0.38236368 0.678949   0.017318880185484886
36.0 0.7949163 0.552131  1.        1.        0.017148582264780998
26.0 0.17288214 0.47864404 0.5961619  0.69193256 0.01695193536579609
19.0 0.         0.51166785 0.39065313 0.6182046  0.016888655722141266
5.0 0.02156906 0.51435035 0.49058253 0.64241594 0.016861949115991592
2.0 0.691768   0.56336755 0.86274105 0.6654182  0.01650543510913849
34.0 0.02914588 0.422243   0.46367788 0.5914868  0.01642472669482231
21.0 0.42969966 0.13862455 0.91027176 0.78336084 0.01626328006386757
