39.0 0.1914863  0.22750962 0.92622656 0.9737834  0.1849990040063858
22.0 0.18239903 0.17622915 0.98964834 0.9858568  0.14566746354103088
20.0 0.11000359 0.24308226 0.8705597  0.9042295  0.08320561796426773
41.0 0.16961119 0.23875022 0.9034226  0.9625385  0.0695880874991417
27.0 0.2040548 0.0952121 0.9759468 1.        0.06346471607685089
10.0 0.18239903 0.17622915 0.98964834 0.9858568  0.02365691028535366
38.0 0.5009897  0.         0.99854875 0.2222518  0.023083457723259926
22.0 0.         0.         1.         0.96971035 0.021655695512890816
17.0 0.91178346 0.33075517 0.98735464 0.5248741  0.020925628021359444
27.0 0.         0.01124829 1.         1.         0.020042406395077705
20.0 0.31278417 0.2972973  1.         0.9797427  0.01925823651254177
27.0 0.23643357 0.3235064  0.7103536  0.7635992  0.019168779253959656
31.0 0.8802307 0.6554302 0.9734425 0.8764082 0.018584707751870155
20.0 0.0292297 0.        1.        1.        0.01816924847662449
3.0 0.18542275 0.20085767 0.89026177 0.9996383  0.017680054530501366
12.0 0.18264508 0.26108372 0.8836911  0.94315517 0.01759354956448078
22.0 0.19439563 0.27387506 0.82219017 0.75779    0.0171663761138916
22.0 0.31952727 0.40558425 0.9537647  0.8806447  0.016516508534550667
20.0 0.24083558 0.31140852 0.7050252  0.76399505 0.01588490977883339
29.0 0.7476566 0.3349579 0.967064  0.8878991 0.01577933318912983
39.0 0.61598706 0.30868855 0.9666393  0.98579466 0.0153805548325181
8.0 0.22398633 0.24532339 0.98925894 0.94595015 0.015304089523851871
10.0 0.61598706 0.30868855 0.9666393  0.98579466 0.015270690433681011
36.0 0.2040548 0.0952121 0.9759468 1.        0.015148595906794071
9.0 0.41470453 0.         0.99082375 0.21049654 0.01459062471985817
39.0 0.2121993  0.         0.9767153  0.80283505 0.014337306842207909
27.0 0.303511   0.33164853 0.9512228  0.8352311  0.014211652800440788
22.0 0.2121993  0.         0.9767153  0.80283505 0.013858342543244362
27.0 0.61598706 0.30868855 0.9666393  0.98579466 0.013274910859763622
41.0 0.         0.12762177 1.         1.         0.013225173577666283
40.0 0.7262647  0.30685243 0.9769664  0.9158125  0.01297589298337698
31.0 0.8323586  0.51842517 0.97965264 0.9281668  0.012929670512676239
29.0 0.8399824 0.3471155 1.        0.9252988 0.01255468837916851
17.0 0.8893498 0.6691542 0.9641377 0.8832583 0.01246009860187769
20.0 0.61598706 0.30868855 0.9666393  0.98579466 0.012323806062340736
39.0 0.         0.06696153 1.         1.         0.01229157205671072
38.0 0.815728   0.         0.9941502  0.28810245 0.012213222682476044
5.0 0.18542275 0.20085767 0.89026177 0.9996383  0.011679565533995628
39.0 0.19036663 0.3390923  0.77225506 0.79685754 0.01167513057589531
22.0 0.         0.37325758 1.         1.         0.011563641019165516
10.0 0.76091254 0.36029395 0.94923604 0.8676362  0.01124262623488903
21.0 0.11000359 0.24308226 0.8705597  0.9042295  0.010800893418490887
22.0 0.61598706 0.30868855 0.9666393  0.98579466 0.010347413830459118
31.0 0.91178346 0.33075517 0.98735464 0.5248741  0.010194002650678158
21.0 0.61598706 0.30868855 0.9666393  0.98579466 0.010064931586384773
41.0 0.41132396 0.20143867 1.         1.         0.010022707283496857
12.0 0.61598706 0.30868855 0.9666393  0.98579466 0.00997216161340475
5.0 0.3338685 0.6749224 0.5076984 0.7796555 0.009965799748897552
6.0 0.01068314 0.         0.14679056 0.09099063 0.009772264398634434
27.0 0.7527345  0.34455562 0.9567128  0.8366896  0.009692064486443996
38.0 0.65823424 0.         1.         0.31845868 0.009679353795945644
3.0 0.4559728  0.15557027 1.         1.         0.009647862054407597
1.0 0.61598706 0.30868855 0.9666393  0.98579466 0.009598031640052795
39.0 0.4559728  0.15557027 1.         1.         0.009509819559752941
27.0 0.        0.        1.        0.8359459 0.009377122856676579
22.0 0.41132396 0.20143867 1.         1.         0.009321093559265137
40.0 0.8323586  0.51842517 0.97965264 0.9281668  0.009126723743975163
25.0 0.61598706 0.30868855 0.9666393  0.98579466 0.008918187581002712
38.0 7.2125602e-01 7.8613311e-04 1.0000000e+00 1.7855787e-01 0.008900717832148075
27.0 0.02857539 0.         0.821223   0.8058629  0.00874490849673748
32.0 0.7476566 0.3349579 0.967064  0.8878991 0.008672508411109447
21.0 0.4559728  0.15557027 1.         1.         0.008524962700903416
41.0 0.12119728 0.04071057 1.         1.         0.008450823836028576
10.0 0.31952727 0.40558425 0.9537647  0.8806447  0.008428863249719143
4.0 0.7838552  0.36198378 0.9927254  0.94983566 0.008394485339522362
38.0 0.76191443 0.6850041  0.97327167 0.8762984  0.008276124484837055
16.0 0.61598706 0.30868855 0.9666393  0.98579466 0.008262574672698975
8.0 0.61598706 0.30868855 0.9666393  0.98579466 0.008230743929743767
40.0 0.5009897  0.         0.99854875 0.2222518  0.008182134479284286
10.0 0.15688545 0.27656066 0.7388088  0.8555423  0.008101443760097027
7.0 0.2040548 0.0952121 0.9759468 1.        0.008068171329796314
17.0 0.82437277 0.7509772  0.96813035 0.86091286 0.007968720048666
22.0 0.16589785 0.31185552 0.63345575 0.94920444 0.007927666418254375
40.0 0.01801297 0.60452926 0.20895405 0.80258584 0.007872962392866611
31.0 0.75353277 0.31189045 1.         0.9893807  0.007845745421946049
5.0 0.61598706 0.30868855 0.9666393  0.98579466 0.007790858391672373
29.0 0.01683684 0.56002545 0.18237486 0.8074498  0.0077907065860927105
19.0 0.61598706 0.30868855 0.9666393  0.98579466 0.007786896545439959
0.0 0.07673323 0.62640584 0.31428924 0.7927196  0.007735888939350843
27.0 0.41132396 0.20143867 1.         1.         0.007618437521159649
42.0 0.2040548 0.0952121 0.9759468 1.        0.007598178461194038
41.0 0.31952727 0.40558425 0.9537647  0.8806447  0.007581774145364761
40.0 0.09530687 0.69079447 0.19045785 0.80112934 0.007555774413049221
24.0 8.241832e-05 7.598301e-01 4.302640e-01 1.000000e+00 0.00744740292429924
28.0 0.7579226  0.3493787  0.96360916 0.9001193  0.007411035243421793
17.0 0.91861165 0.37090617 0.98096156 0.42492104 0.007390857674181461
32.0 0.61193067 0.25720114 0.9721046  0.9548395  0.007374571170657873
4.0 0.04484089 0.8525417  0.3920521  1.         0.007335535250604153
17.0 0.61598706 0.30868855 0.9666393  0.98579466 0.007164718117564917
41.0 0.61598706 0.30868855 0.9666393  0.98579466 0.006966773420572281
4.0 0.19036663 0.3390923  0.77225506 0.79685754 0.006874297745525837
26.0 3.4981966e-04 7.9325312e-01 2.2597174e-01 1.0000000e+00 0.006872084923088551
16.0 0.7527345  0.34455562 0.9567128  0.8366896  0.006870174780488014
9.0 0.61598706 0.30868855 0.9666393  0.98579466 0.006858306471258402
36.0 0.7262647  0.30685243 0.9769664  0.9158125  0.006779305636882782
3.0 0.0166131  0.         0.97030604 1.         0.006721846293658018
4.0 5.541146e-04 7.985908e-01 3.223149e-01 9.951248e-01 0.006704704370349646
36.0 0.53158766 0.24893165 0.9788621  1.         0.0066931042820215225
20.0 0. 0. 1. 1. 0.006671752780675888
26.0 0.61598706 0.30868855 0.9666393  0.98579466 0.006658035796135664
