28.0 0.3324664  0.         0.95601094 0.87984264 0.3706303834915161
18.0 0.31975052 0.00295859 0.6234262  0.17038548 0.22798971831798553
13.0 0.33342442 0.00166015 0.6122886  0.17914763 0.11738055944442749
1.0 0.3064063  0.00416028 0.89328444 0.70759714 0.10392509400844574
13.0 0.38584453 0.06215391 0.4891109  0.15432295 0.09524368494749069
18.0 0.38408262 0.06146857 0.49286324 0.1529958  0.09413464367389679
29.0 0.3324664  0.         0.95601094 0.87984264 0.09337320923805237
0.0 0.31975052 0.00295859 0.6234262  0.17038548 0.0865056961774826
1.0 0.30099759 0.01863441 0.8534094  0.39252543 0.07721050083637238
40.0 0.58094305 0.41052005 0.6857535  0.49995354 0.07060535997152328
10.0 0.22696733 0.03949755 1.         1.         0.06965868175029755
28.0 0.35647643 0.         0.81623876 0.54377604 0.06304845213890076
10.0 3.2927746e-01 6.6506863e-04 9.4321197e-01 7.1714628e-01 0.06268330663442612
28.0 0. 0. 1. 1. 0.0552159883081913
7.0 0.31778207 0.         0.96982384 0.8667748  0.05392367020249367
14.0 0.5714259  0.41082633 0.6855471  0.50021094 0.052378155291080475
0.0 0.3324664  0.         0.95601094 0.87984264 0.052376292645931244
41.0 0.32970384 0.         0.96292794 1.         0.05154323950409889
13.0 0.59146357 0.40960884 0.68961346 0.49860227 0.05106122046709061
28.0 0.30927113 0.04679942 0.70614505 0.78263706 0.048846811056137085
0.0 0.30099759 0.01863441 0.8534094  0.39252543 0.04624094069004059
1.0 0.5714259  0.41082633 0.6855471  0.50021094 0.04591268673539162
1.0 0.38384387 0.06266536 0.4923949  0.154488   0.041699063032865524
10.0 0.30099759 0.01863441 0.8534094  0.39252543 0.0415768027305603
40.0 0.31975052 0.00295859 0.6234262  0.17038548 0.03918689861893654
37.0 0.30099759 0.01863441 0.8534094  0.39252543 0.03863413631916046
28.0 0.2054565  0.34567046 0.9421812  0.9637203  0.037839312106370926
23.0 0.30099759 0.01863441 0.8534094  0.39252543 0.03692077845335007
14.0 0.33342442 0.00166015 0.6122886  0.17914763 0.03364923596382141
1.0 0.31975052 0.00295859 0.6234262  0.17038548 0.033326271921396255
11.0 0.31975052 0.00295859 0.6234262  0.17038548 0.032963141798973083
37.0 3.2927746e-01 6.6506863e-04 9.4321197e-01 7.1714628e-01 0.03251020610332489
40.0 0.3064063  0.00416028 0.89328444 0.70759714 0.031962957233190536
13.0 0.30099759 0.01863441 0.8534094  0.39252543 0.031392619013786316
40.0 0.30099759 0.01863441 0.8534094  0.39252543 0.03043268248438835
26.0 0.31556436 0.         0.8876884  0.77083766 0.030095797032117844
0.0 0.36664388 0.02597839 0.66141367 0.24243194 0.030009761452674866
18.0 0.5714259  0.41082633 0.6855471  0.50021094 0.029749611392617226
32.0 0.5714259  0.41082633 0.6855471  0.50021094 0.029506193473935127
11.0 0.31224072 0.01023623 0.85196614 0.45607957 0.028112975880503654
5.0 0.3693956  0.02719346 0.9428979  0.97334874 0.02765032835304737
40.0 0.6402062  0.18738255 0.83838046 0.46525267 0.027212494984269142
28.0 0.38671523 0.19668493 0.8070733  1.         0.026822788640856743
37.0 0.31975052 0.00295859 0.6234262  0.17038548 0.02624032087624073
18.0 0.35416585 0.01214433 0.68800896 0.26890868 0.025946233421564102
7.0 0.30099759 0.01863441 0.8534094  0.39252543 0.025316471233963966
18.0 0.30099759 0.01863441 0.8534094  0.39252543 0.025303225964307785
40.0 0.38665992 0.06159483 0.48668593 0.15439276 0.025093495845794678
10.0 0.3817115 0.3578037 0.9502679 0.9685812 0.024369623512029648
18.0 0.2784157  0.         0.66356933 0.20113249 0.0241322573274374
28.0 0.32508892 0.27466387 0.8767174  0.75795895 0.024092920124530792
14.0 0.31224072 0.01023623 0.85196614 0.45607957 0.023381473496556282
1.0 0.19663423 0.         0.94632155 0.45233026 0.023284630849957466
28.0 0.30633798 0.14477661 1.         1.         0.023144427686929703
40.0 0.42185855 0.17325348 0.7406559  0.74154675 0.02303638495504856
1.0 0.21190888 0.         0.759001   0.31810677 0.02299642376601696
23.0 0.31975052 0.00295859 0.6234262  0.17038548 0.022827256470918655
28.0 0.30057234 0.         0.8654421  0.33769387 0.022523725405335426
11.0 0.55880004 0.4107093  0.68240815 0.49828795 0.022319598123431206
4.0 0.31556436 0.         0.8876884  0.77083766 0.022312894463539124
40.0 0.61001444 0.41583186 0.6712061  0.48961985 0.02228705957531929
13.0 0.31694782 0.         0.71982443 0.20458838 0.02188015542924404
38.0 0.6262932  0.19457193 0.8482033  0.44309235 0.021656135097146034
0.0 0.38408262 0.06146857 0.49286324 0.1529958  0.021522225812077522
41.0 0.14062423 0.2998113  0.96712416 1.         0.02149793691933155
28.0 0.06341055 0.         0.757012   0.86760324 0.021174639463424683
30.0 0.29527274 0.         0.91682875 0.988638   0.02086344175040722
9.0 0.31029826 0.         0.6428211  0.14962754 0.02075534500181675
28.0 0.12350601 0.         1.         0.6919732  0.019896529614925385
28.0 0.19663423 0.         0.94632155 0.45233026 0.01924828626215458
0.0 0.3301928  0.         0.98642576 0.30128083 0.019245250150561333
34.0 0.23451796 0.         0.8512496  0.8816732  0.01875031366944313
7.0 0.5714259  0.41082633 0.6855471  0.50021094 0.0184475127607584
21.0 0.25569972 0.         0.91154945 1.         0.018218446522951126
0.0 0.5906174 0.4120912 0.6810409 0.4963103 0.018026279285550117
18.0 0.35541964 0.01124068 0.5144155  0.14894229 0.017979472875595093
13.0 0.3495828  0.01725382 0.52932787 0.14306808 0.017909886315464973
23.0 0.57715994 0.41052482 0.68916315 0.50119185 0.017865696921944618
23.0 0.3599952  0.01082927 0.82820064 0.69735855 0.01756821572780609
7.0 0.3301928  0.         0.98642576 0.30128083 0.017185429111123085
42.0 0.3324664  0.         0.95601094 0.87984264 0.016727261245250702
0.0 0.40359312 0.40805793 0.74296576 0.70740604 0.016529139131307602
26.0 0.24446881 0.00948477 0.76244783 0.42820597 0.01637035235762596
14.0 0.3324664  0.         0.95601094 0.87984264 0.01632169634103775
7.0 0.26943278 0.         1.         0.4532724  0.016245516017079353
0.0 0.40010583 0.0613572  1.         0.52762383 0.01578797586262226
23.0 0.38560683 0.06391045 0.48850435 0.15528964 0.015781834721565247
38.0 0.5714259  0.41082633 0.6855471  0.50021094 0.015752945095300674
7.0 0.2054565  0.34567046 0.9421812  0.9637203  0.015582520514726639
34.0 0.11368063 0.1648745  1.         1.         0.015540891326963902
40.0 0.39950144 0.138674   0.5140689  0.39135796 0.01531723141670227
24.0 0.56481594 0.407389   0.688304   0.4972722  0.015219263732433319
14.0 0.21268532 0.         0.94562113 0.33548737 0.015067270956933498
13.0 0.35416585 0.01214433 0.68800896 0.26890868 0.014954852871596813
24.0 0.2819563 0.        0.8831228 0.5534996 0.014925099909305573
32.0 0.30099759 0.01863441 0.8534094  0.39252543 0.014865066856145859
10.0 0.3301928  0.         0.98642576 0.30128083 0.014689127914607525
1.0 0.02136405 0.02883783 0.14824383 0.30340177 0.014644535258412361
18.0 0.6154601  0.4138074  0.6793936  0.49117875 0.014596878550946712
10.0 0. 0. 1. 1. 0.014561654068529606
