18.0 0.08322355 0.7643558  0.4357843  0.9943541  0.7837719917297363
9.0 0.40957618 0.13370842 0.7343552  0.6005172  0.4422563910484314
38.0 0.43007186 0.14765304 0.7121365  0.58609784 0.38977357745170593
40.0 0.43007186 0.14765304 0.7121365  0.58609784 0.2275766134262085
13.0 0.07958661 0.7617288  0.42931783 0.9944108  0.1956409513950348
1.0 0.41652256 0.12710465 0.75977105 0.6056012  0.15118291974067688
10.0 0.41652256 0.12710465 0.75977105 0.6056012  0.14154119789600372
18.0 0.42133063 0.13553526 0.7132593  0.5913057  0.13228283822536469
9.0 0.07958661 0.7617288  0.42931783 0.9944108  0.11724387854337692
2.0 0.08822365 0.7621885  0.43068904 1.         0.11550440639257431
14.0 0.42780948 0.14009346 0.7095562  0.59369516 0.11082661896944046
14.0 0.08169328 0.76148283 0.43705708 0.9994613  0.09892036020755768
9.0 0.42046833 0.2943114  0.6924342  0.55476874 0.09490297734737396
17.0 0.43007186 0.14765304 0.7121365  0.58609784 0.08818461745977402
18.0 0.02735019 0.75646013 0.6407498  1.         0.08542666584253311
38.0 0.06414576 0.75454026 0.42901367 1.         0.08424164354801178
42.0 0.42133063 0.13553526 0.7132593  0.5913057  0.07741756737232208
36.0 0.43007186 0.14765304 0.7121365  0.58609784 0.0754324197769165
40.0 0.08092183 0.7575312  0.43605393 1.         0.06934769451618195
13.0 0.41652256 0.12710465 0.75977105 0.6056012  0.06044527515769005
0.0 0.08509012 0.7574887  0.4344936  1.         0.05666416138410568
13.0 0.02735019 0.75646013 0.6407498  1.         0.05523282289505005
31.0 0.42845184 0.10685354 0.746213   0.6494463  0.04960884526371956
20.0 0.42845184 0.10685354 0.746213   0.6494463  0.04879086837172508
28.0 0.42845184 0.10685354 0.746213   0.6494463  0.043947573751211166
38.0 0.4205135  0.05844933 0.8225143  0.67968583 0.0418095700442791
42.0 0.11162107 0.7314575  0.43692452 1.         0.0399724617600441
40.0 0.4205135  0.05844933 0.8225143  0.67968583 0.034923482686281204
29.0 0.42845184 0.10685354 0.746213   0.6494463  0.031185729429125786
8.0 0.42845184 0.10685354 0.746213   0.6494463  0.03034191019833088
2.0 0.42634958 0.13865857 0.7151715  0.58764946 0.02978007309138775
12.0 0.42845184 0.10685354 0.746213   0.6494463  0.029488302767276764
11.0 0.02735019 0.75646013 0.6407498  1.         0.027856841683387756
0.0 0.09149802 0.75925034 0.7552458  1.         0.027538277208805084
6.0 0.41652256 0.12710465 0.75977105 0.6056012  0.02531842328608036
7.0 0.42675677 0.10230106 0.7487104  0.6569362  0.025137221440672874
28.0 0.10355832 0.73963296 0.43031764 1.         0.02439684234559536
27.0 0.42845184 0.10685354 0.746213   0.6494463  0.02337534725666046
18.0 0.         0.66168106 0.7623548  1.         0.021547701209783554
4.0 0.4128272  0.07041314 0.7660995  0.6980456  0.021486371755599976
41.0 0.10355832 0.73963296 0.43031764 1.         0.02145971916615963
22.0 0.42845184 0.10685354 0.746213   0.6494463  0.021387213841080666
38.0 0.46184468 0.1754205  0.73212504 0.43022516 0.021249301731586456
10.0 0.3708102 0.        0.7979978 0.7639498 0.021019205451011658
0.0 0.42675677 0.10230106 0.7487104  0.6569362  0.020850270986557007
1.0 0.08796836 0.7083739  0.41223747 1.         0.020305078476667404
1.0 0.02735019 0.75646013 0.6407498  1.         0.020223166793584824
9.0 0.3708102 0.        0.7979978 0.7639498 0.020164690911769867
1.0 0.1526623  0.         0.99860036 0.91470414 0.019474366679787636
28.0 0.0754915  0.48600304 0.3979814  0.9683775  0.0194229818880558
36.0 0.4205135  0.05844933 0.8225143  0.67968583 0.019209161400794983
3.0 0.10509792 0.76468956 0.42710403 0.9906373  0.018987862393260002
10.0 0.0754915  0.48600304 0.3979814  0.9683775  0.01881721056997776
14.0 0.05555075 0.7060413  0.61737025 0.98121613 0.018677230924367905
37.0 0.02735019 0.75646013 0.6407498  1.         0.018642863258719444
40.0 0.009092  0.6774939 0.6570989 1.        0.017942534759640694
26.0 0.09657025 0.768003   0.42095584 0.9994185  0.017561575397849083
18.0 0.43795234 0.3649913  0.7167478  0.5856415  0.017384450882673264
23.0 0.02735019 0.75646013 0.6407498  1.         0.017093095928430557
17.0 0.927883   0.00148626 0.99662864 0.05708479 0.016817115247249603
10.0 0.05402717 0.7385414  0.58849037 1.         0.0166595708578825
18.0 0.11745995 0.5965345  0.510328   1.         0.016539009287953377
15.0 0.12965953 0.7654333  0.4183753  1.         0.016514571383595467
28.0 0.38547823 0.03166303 0.8572209  0.8087518  0.016493186354637146
6.0 0.374085  0.0511176 1.        0.6416141 0.016332734376192093
0.0 0.45901352 0.68661916 1.         1.         0.01632090099155903
26.0 0.42845184 0.10685354 0.746213   0.6494463  0.016171259805560112
18.0 0.02208385 0.7261814  0.39321622 1.         0.01613481715321541
41.0 0.0754915  0.48600304 0.3979814  0.9683775  0.015824243426322937
11.0 0.08322355 0.7643558  0.4357843  0.9943541  0.015724092721939087
0.0 0.        0.7343155 0.5025526 1.        0.015683144330978394
17.0 0.11162107 0.7314575  0.43692452 1.         0.015526940114796162
21.0 0.01589285 0.         0.26627576 0.8541074  0.015433433465659618
33.0 0.42845184 0.10685354 0.746213   0.6494463  0.015228591859340668
32.0 0.42845184 0.10685354 0.746213   0.6494463  0.01520716305822134
1.0 0.36882544 0.         0.81209266 0.76901674 0.015192730352282524
24.0 0.08201878 0.7619966  0.43045187 1.         0.014972775243222713
9.0 0.42034343 0.178682   0.69214535 0.45633855 0.014253090135753155
1.0 0.0754915  0.48600304 0.3979814  0.9683775  0.013934976421296597
23.0 0.42845184 0.10685354 0.746213   0.6494463  0.013806929811835289
13.0 0.11745995 0.5965345  0.510328   1.         0.013668260537087917
17.0 0.8142369 0.6772527 0.9940654 1.        0.013546924106776714
7.0 0.02735019 0.75646013 0.6407498  1.         0.013383401557803154
42.0 0.3708102 0.        0.7979978 0.7639498 0.013379580341279507
11.0 0.43523747 0.14981204 0.71618265 0.6052025  0.013295401819050312
7.0 0.11162107 0.7314575  0.43692452 1.         0.013135356828570366
17.0 0.91697    0.         1.         0.12794949 0.013094542548060417
9.0 0.44028392 0.1145494  0.9537281  0.5694382  0.013065249659121037
40.0 0.21577236 0.         0.940325   1.         0.013058168813586235
13.0 0.32427454 0.01428047 0.7924483  0.8069818  0.01304637547582388
13.0 0.         0.66168106 0.7623548  1.         0.013022849336266518
24.0 0.43089986 0.1468921  0.7148535  0.58754313 0.012651083059608936
9.0 0.06689638 0.62083775 0.56755203 1.         0.012611855752766132
31.0 0.08006035 0.75510746 0.43337703 0.99661404 0.012202637270092964
11.0 0.36882544 0.         0.81209266 0.76901674 0.012161466293036938
3.0 0.43007186 0.14765304 0.7121365  0.58609784 0.012129462324082851
2.0 0.11614628 0.6912788  0.5294661  1.         0.012054046615958214
41.0 0.42675677 0.10230106 0.7487104  0.6569362  0.011981740593910217
4.0 0.06689638 0.62083775 0.56755203 1.         0.011750578880310059
25.0 0.43007186 0.14765304 0.7121365  0.58609784 0.011707974597811699
