0.0 0.09007007 0.2639475  0.722139   0.7398008  0.679213285446167
37.0 0.08676562 0.25800785 0.7264272  0.7354084  0.2968670129776001
7.0 0.08676562 0.25800785 0.7264272  0.7354084  0.1289893388748169
5.0 0.08676562 0.25800785 0.7264272  0.7354084  0.12346158176660538
34.0 0.08492178 0.26737267 0.72780883 0.7454197  0.10417649149894714
18.0 0.10242552 0.26911506 0.729047   0.7335619  0.09323778003454208
15.0 0.08336946 0.26455534 0.7279477  0.74709225 0.08831634372472763
24.0 0.0937531  0.29147232 0.714958   0.7155843  0.06594204157590866
28.0 0.08180812 0.25543433 0.7245703  0.7464941  0.06307382136583328
40.0 0.09183687 0.30854183 0.72401565 0.7190632  0.048934172838926315
38.0 0.09183687 0.30854183 0.72401565 0.7190632  0.04635496810078621
10.0 0.08676562 0.25800785 0.7264272  0.7354084  0.03708596155047417
38.0 0.39199328 0.3252834  0.6718917  0.7016704  0.03410884737968445
13.0 0.08676562 0.25800785 0.7264272  0.7354084  0.03323100507259369
0.0 0.06246454 0.20184684 0.8789415  1.         0.032415229827165604
37.0 0.05174336 0.14257693 0.7881261  1.         0.030484093353152275
4.0 0.08731925 0.25806716 0.71684706 0.74340725 0.030271148309111595
30.0 0.09779289 0.22295514 0.73703766 0.791018   0.029383130371570587
29.0 0.09779289 0.22295514 0.73703766 0.791018   0.027708107605576515
32.0 0.08492178 0.26737267 0.72780883 0.7454197  0.025253774598240852
41.0 0.10251752 0.1872423  0.72193587 0.77459705 0.02415572851896286
11.0 0.09007007 0.2639475  0.722139   0.7398008  0.02404925227165222
40.0 0.39199328 0.3252834  0.6718917  0.7016704  0.023549003526568413
19.0 0.07714352 0.26497895 0.7278855  0.7432577  0.023379964753985405
38.0 0.41968578 0.5800897  0.5614914  0.6933688  0.02312510833144188
25.0 0.10242552 0.26911506 0.729047   0.7335619  0.02062886767089367
25.0 0.74306417 0.5012785  1.         1.         0.020465610548853874
24.0 0.11507376 0.3370573  0.28099763 0.41273224 0.019349247217178345
0.0 0.39199328 0.3252834  0.6718917  0.7016704  0.019199514761567116
24.0 0.10863957 0.27361023 0.61974597 0.5306701  0.01861252821981907
35.0 0.1243929  0.25237018 0.69878554 0.75846034 0.01847565546631813
31.0 0.10242552 0.26911506 0.729047   0.7335619  0.018309742212295532
14.0 0.16121948 0.26741368 0.69025844 0.7374621  0.017574569210410118
16.0 0.16121948 0.26741368 0.69025844 0.7374621  0.0168992280960083
37.0 0.10499695 0.3195004  0.62331307 0.6098932  0.01683824136853218
15.0 0.11216751 0.33664808 0.2722465  0.41497722 0.016378208994865417
18.0 0.29432002 0.31066006 0.64921486 0.7096854  0.015872279182076454
0.0 0.11725445 0.3439169  0.58440346 0.6311108  0.01579054817557335
23.0 0.10242552 0.26911506 0.729047   0.7335619  0.01570591889321804
26.0 0.08492178 0.26737267 0.72780883 0.7454197  0.01569320261478424
0.0 0.5471687 0.6526198 1.        1.        0.01502898521721363
24.0 0.17853355 0.31794187 0.51920986 0.5835861  0.014923365786671638
38.0 0.41213763 0.4959001  0.5588824  0.58989877 0.014918439090251923
16.0 0.6898917  0.53477824 1.         1.         0.014910375699400902
2.0 0.12529582 0.24156779 0.69867694 0.7520021  0.014035522006452084
24.0 0.14129168 0.59822714 0.33792767 0.6642008  0.013963638804852962
37.0 0.16326833 0.31674373 0.43946326 0.6650999  0.01386414933949709
1.0 0.0887883  0.28891534 0.7154974  0.71810097 0.013235289603471756
15.0 0.13445169 0.29600188 0.5183718  0.6981672  0.013125397264957428
18.0 0.46179286 0.3711022  0.66330314 0.66033804 0.013086947612464428
42.0 0.10251752 0.1872423  0.72193587 0.77459705 0.012783012352883816
34.0 0.14894842 0.338072   0.60155386 0.54003584 0.012614469043910503
31.0 0.6611064  0.56711257 1.         1.         0.012493915855884552
7.0 0.05174336 0.14257693 0.7881261  1.         0.012156123295426369
5.0 0.13685602 0.34535682 0.546084   0.52714175 0.012031211517751217
5.0 0.10499695 0.3195004  0.62331307 0.6098932  0.011973659507930279
9.0 0.38562226 0.30925703 0.6735846  0.69295144 0.01187126338481903
0.0 0.10572939 0.31146598 0.3975988  0.56124544 0.011619338765740395
17.0 0.16121948 0.26741368 0.69025844 0.7374621  0.01148253120481968
38.0 0.46873677 0.38484406 0.69604266 0.66022277 0.011187463998794556
29.0 0.         0.         0.85376835 0.7266879  0.011167367920279503
0.0 0.         0.32949862 0.88166    1.         0.011089314706623554
7.0 0.29432002 0.31066006 0.64921486 0.7096854  0.011052113026380539
24.0 0.12803167 0.27891275 0.50799465 0.43412247 0.01089470461010933
30.0 0.16441183 0.29376882 0.5590161  0.70362    0.01084478572010994
15.0 0.03120488 0.0357523  0.8336923  1.         0.010522142983973026
37.0 0.13685602 0.34535682 0.546084   0.52714175 0.010521026328206062
24.0 0.09302661 0.32997644 0.47509333 0.47091842 0.010383561253547668
28.0 0.05174336 0.14257693 0.7881261  1.         0.010381507687270641
24.0 0.22510886 0.3818802  0.580814   0.64245796 0.010368214920163155
17.0 0.8199998  0.63866895 0.9940785  1.         0.010319553315639496
9.0 0.08774072 0.2988601  0.7290526  0.7136091  0.010231392458081245
0.0 0.3923579 0.1488935 0.8014887 0.7368622 0.01017781626433134
24.0 0.         0.12958243 0.8842442  1.         0.010152608156204224
35.0 0.05140364 0.14536077 0.755655   0.98580307 0.010128217749297619
41.0 0.16441183 0.29376882 0.5590161  0.70362    0.010094273835420609
7.0 0.4046484  0.3585638  0.62764525 0.65644085 0.010052226483821869
15.0 0.2873518  0.30045688 0.6523645  0.6974955  0.010047031566500664
37.0 0.2860083  0.34919548 0.5257133  0.6430628  0.009904487058520317
4.0 0.14940695 0.27414536 0.56797487 0.44296563 0.009849968366324902
17.0 0.9201414  0.0021075  0.996149   0.05568873 0.009807154536247253
38.0 0.31101927 0.40864778 0.731627   0.63264084 0.009751908481121063
24.0 0.149545   0.42535713 0.6474447  0.7683457  0.00970609299838543
0.0 0.         0.11166286 0.6702342  0.8208689  0.009665577672421932
29.0 0.         0.03199244 0.98011655 1.         0.0096270851790905
0.0 0.27361602 0.4397973  0.68752944 0.6645313  0.009534001350402832
0.0 0.10949604 0.33937    0.33549178 0.45544702 0.009478176012635231
33.0 0.12169152 0.21976346 0.6994044  0.7450357  0.009460125118494034
0.0 0.3496852  0.35889775 0.5780858  0.6589436  0.009435661137104034
31.0 0.46179286 0.3711022  0.66330314 0.66033804 0.009288284927606583
37.0 0.         0.41910282 0.8018354  1.         0.009135114960372448
17.0 0.8690087  0.         1.         0.27524167 0.009058842435479164
4.0 0.14894842 0.338072   0.60155386 0.54003584 0.0090505201369524
4.0 0.2804127  0.10008216 0.8067589  0.8093268  0.009031240828335285
2.0 0.39199328 0.3252834  0.6718917  0.7016704  0.008977546356618404
5.0 0.05174336 0.14257693 0.7881261  1.         0.008751719258725643
18.0 0.2234472  0.40715918 0.70780855 0.63047034 0.008683551102876663
24.0 0.1267178  0.52863985 0.4520082  0.67388576 0.008636025711894035
34.0 0.17706552 0.40580893 0.61797774 0.632251   0.008617364801466465
12.0 0.09779289 0.22295514 0.73703766 0.791018   0.008578767068684101
