26.0 0.12578875 0.33561808 0.98712355 0.9335701  0.5484512448310852
34.0 0.12766269 0.33325696 0.9870137  0.9308437  0.5283473134040833
28.0 0.10388342 0.35310197 0.96287835 0.9310286  0.3933357298374176
4.0 0.13010916 0.35600895 0.98989165 0.9321967  0.2408493608236313
26.0 0.         0.14410532 1.         1.         0.12999217212200165
37.0 0.06864673 0.291571   1.         0.97240067 0.1169455498456955
21.0 0.13010916 0.35600895 0.98989165 0.9321967  0.09802704304456711
24.0 0.02493951 0.1943256  1.         1.         0.09422722458839417
11.0 0.06864673 0.291571   1.         0.97240067 0.08478739112615585
4.0 0.         0.14410532 1.         1.         0.08030235022306442
40.0 0.83884835 0.01429793 0.995201   0.44793516 0.0597526878118515
10.0 0.10388342 0.35310197 0.96287835 0.9310286  0.05627434700727463
34.0 0. 0. 1. 1. 0.0535319559276104
26.0 0.22207177 0.46079308 1.         1.         0.05018831044435501
34.0 0.22207177 0.46079308 1.         1.         0.048685405403375626
33.0 0.06666774 0.31261453 1.         0.9624158  0.0478820875287056
12.0 0.13346359 0.33697283 0.995116   0.93224216 0.04718552529811859
0.0 0.0733327 0.294686  1.        0.9876542 0.03834299370646477
34.0 3.6241710e-03 3.2767653e-04 9.9022901e-01 7.9256976e-01 0.03622278571128845
26.0 5.3937018e-02 6.2039495e-04 9.5923871e-01 8.2921731e-01 0.03617602214217186
3.0 0.08977428 0.23874354 0.9835596  0.932037   0.03440147638320923
19.0 0.06666774 0.31261453 1.         0.9624158  0.03435354679822922
40.0 0.7573793  0.         1.         0.39404076 0.03381906449794769
34.0 0.         0.42636254 0.9200153  1.         0.033553287386894226
26.0 0.        0.2574191 1.        1.        0.032650791108608246
4.0 0.20580086 0.6287552  0.9023459  1.         0.03182874992489815
4.0 0.22207177 0.46079308 1.         1.         0.03145405277609825
30.0 0.15007892 0.17923018 0.9886291  0.96774507 0.0312039852142334
11.0 0.         0.42636254 0.9200153  1.         0.030479373410344124
37.0 0.         0.35806736 0.9739856  1.         0.030084583908319473
28.0 0.        0.        0.997931  0.8270917 0.030011607334017754
26.0 0.20580086 0.6287552  0.9023459  1.         0.027674831449985504
26.0 0.        0.        1.        0.9328117 0.026528343558311462
40.0 0.7668663  0.35247788 0.9876156  0.9589652  0.026476416736841202
34.0 0.30817354 0.42742947 0.8200072  0.9490613  0.025113094598054886
24.0 0.20104915 0.41874176 0.934159   0.95153743 0.024148736149072647
4.0 0.        0.2574191 1.        1.        0.023451559245586395
2.0 0.0733327 0.294686  1.        0.9876542 0.023090790957212448
26.0 0.5286568  0.27050284 0.98515564 0.9245573  0.023010360077023506
31.0 0.88711053 0.         0.9977898  0.2779212  0.021829763427376747
31.0 0.8518636  0.02804522 0.9917717  0.4273584  0.02134723961353302
34.0 0.20580086 0.6287552  0.9023459  1.         0.021192297339439392
24.0 0.17233497 0.28453952 1.         1.         0.020606447011232376
34.0 0.07871357 0.42247334 0.795771   0.7696762  0.020311914384365082
34.0 0.5286568  0.27050284 0.98515564 0.9245573  0.020280899479985237
23.0 0.06666774 0.31261453 1.         0.9624158  0.019890811294317245
11.0 0.20580086 0.6287552  0.9023459  1.         0.019694671034812927
19.0 0.554893   0.32839963 1.         0.9624475  0.01944991573691368
28.0 0.         0.11598003 1.         1.         0.018666349351406097
32.0 0.6680578  0.37493578 1.         0.9231427  0.018516911193728447
5.0 0.14556256 0.22792497 0.9609672  0.9739251  0.018420735374093056
18.0 0.         0.22417778 1.         1.         0.01828109845519066
11.0 0.22207177 0.46079308 1.         1.         0.01826312579214573
19.0 0.73480314 0.2102252  1.         0.8863611  0.01783817633986473
26.0 0.30817354 0.42742947 0.8200072  0.9490613  0.017717508599162102
0.0 0.83884835 0.01429793 0.995201   0.44793516 0.017103008925914764
26.0 0.        0.        0.8263631 0.5621833 0.01708967424929142
4.0 0.07871357 0.42247334 0.795771   0.7696762  0.01694205403327942
0.0 0.86950254 0.19155213 0.9988271  0.48063722 0.016853127628564835
12.0 3.6241710e-03 3.2767653e-04 9.9022901e-01 7.9256976e-01 0.016524022445082664
26.0 0.02430579 0.33488563 0.60345316 0.8174976  0.016519466415047646
15.0 0.0733327 0.294686  1.        0.9876542 0.01521771214902401
0.0 0.         0.11598003 1.         1.         0.015139705501496792
5.0 0.         0.42636254 0.9200153  1.         0.015083023346960545
32.0 0.11246148 0.35156307 0.9818131  0.9468484  0.014988367445766926
23.0 0.50556654 0.33851907 0.9727836  0.95554066 0.014627727679908276
32.0 0.83884835 0.01429793 0.995201   0.44793516 0.01456189900636673
40.0 0.86950254 0.19155213 0.9988271  0.48063722 0.01447996310889721
33.0 0.22207177 0.46079308 1.         1.         0.014290516264736652
1.0 0.7206824 0.3244737 1.        0.9543282 0.014179470017552376
13.0 0.83884835 0.01429793 0.995201   0.44793516 0.014170892536640167
30.0 0.        0.        1.        0.9328117 0.014012240804731846
41.0 0.13257307 0.24707633 0.9815095  0.9134169  0.013779939152300358
31.0 0.8884083  0.19016603 0.99653256 0.47799858 0.013758828863501549
24.0 0.19847214 0.27861091 1.         0.78738725 0.013618369586765766
0.0 0.8858597  0.22682542 0.9956738  0.3291735  0.013514058664441109
4.0 0.05089375 0.0344139  0.9333837  0.7001877  0.013485251925885677
9.0 0.6680578  0.37493578 1.         0.9231427  0.013479063287377357
0.0 0.84055984 0.10537377 1.         0.32487553 0.013473656959831715
34.0 0.        0.        1.        0.9601151 0.013452191837131977
37.0 0.22207177 0.46079308 1.         1.         0.01341764535754919
28.0 0.22207177 0.46079308 1.         1.         0.013314268551766872
28.0 0.07871357 0.42247334 0.795771   0.7696762  0.013138089329004288
16.0 0.86950254 0.19155213 0.9988271  0.48063722 0.012905862182378769
3.0 0.6680578  0.37493578 1.         0.9231427  0.01276600081473589
37.0 0. 0. 1. 1. 0.012734195217490196
13.0 0.06864673 0.291571   1.         0.97240067 0.012608137913048267
18.0 0.83884835 0.01429793 0.995201   0.44793516 0.012599142268300056
19.0 0.2839827  0.37473428 1.         0.810297   0.01236481498926878
33.0 0.6680578  0.37493578 1.         0.9231427  0.012229823507368565
40.0 0.8257728 0.5213826 0.9931471 0.9974114 0.01207527332007885
0.0 0.80929303 0.01241432 1.         0.290582   0.012036806903779507
33.0 0.         0.42636254 0.9200153  1.         0.011954146437346935
9.0 0.8518636  0.02804522 0.9917717  0.4273584  0.011920913122594357
23.0 0.7206824 0.3244737 1.        0.9543282 0.011908642016351223
31.0 0.73480314 0.2102252  1.         0.8863611  0.011897379532456398
38.0 0.83884835 0.01429793 0.995201   0.44793516 0.011803578585386276
24.0 0.58851784 0.44292188 1.         0.85811305 0.011443226598203182
6.0 0.12217292 0.18846005 0.95308197 0.99317056 0.011377863585948944
6.0 0.6680578  0.37493578 1.         0.9231427  0.011338464915752411
