40.0 0.3639221  0.38290626 0.74233305 0.5915446  0.5643649697303772
15.0 0.3639221  0.38290626 0.74233305 0.5915446  0.5079396367073059
18.0 0.3639221  0.38290626 0.74233305 0.5915446  0.22699502110481262
2.0 0.35908782 0.3761743  0.7583562  0.59306204 0.19338349997997284
0.0 0.3639221  0.38290626 0.74233305 0.5915446  0.1788003146648407
13.0 0.35908782 0.3761743  0.7583562  0.59306204 0.12738938629627228
32.0 0.36340398 0.3753774  0.7374652  0.5926291  0.11337579786777496
35.0 0.36340398 0.3753774  0.7374652  0.5926291  0.08181792497634888
14.0 0.35908782 0.3761743  0.7583562  0.59306204 0.07001329213380814
24.0 0.3639221  0.38290626 0.74233305 0.5915446  0.06845466047525406
7.0 0.36484027 0.38381413 0.7356645  0.5823216  0.06600690633058548
17.0 0.37619418 0.3855914  0.7421909  0.58236295 0.06472162902355194
38.0 0.36340398 0.3753774  0.7374652  0.5926291  0.057076115161180496
16.0 0.3697202 0.3812083 0.7482712 0.5821846 0.049151062965393066
31.0 0.35855657 0.37928873 0.7484631  0.58946234 0.045842014253139496
9.0 0.36484027 0.38381413 0.7356645  0.5823216  0.04577519744634628
37.0 0.35908782 0.3761743  0.7583562  0.59306204 0.04485484957695007
33.0 0.3639221  0.38290626 0.74233305 0.5915446  0.03898677974939346
40.0 0.3829329  0.24967586 0.7572335  0.66730857 0.03542209416627884
5.0 0.35908782 0.3761743  0.7583562  0.59306204 0.03527849540114403
27.0 0.37619418 0.3855914  0.7421909  0.58236295 0.03518948704004288
42.0 0.37619418 0.3855914  0.7421909  0.58236295 0.029505612328648567
15.0 0.3829329  0.24967586 0.7572335  0.66730857 0.028579356148838997
25.0 0.7696298 0.3854994 1.        1.        0.028420427814126015
31.0 0.3829329  0.24967586 0.7572335  0.66730857 0.028090424835681915
20.0 0.37619418 0.3855914  0.7421909  0.58236295 0.02671821415424347
36.0 0.36266667 0.3804515  0.74427897 0.58438826 0.024885129183530807
16.0 0.3829329  0.24967586 0.7572335  0.66730857 0.024868793785572052
32.0 0.3829329  0.24967586 0.7572335  0.66730857 0.023327868431806564
0.0 0.3829329  0.24967586 0.7572335  0.66730857 0.021650150418281555
40.0 0.4500323  0.38603383 0.63501793 0.579576   0.021589018404483795
35.0 0.3829329  0.24967586 0.7572335  0.66730857 0.02035791054368019
23.0 0.35956427 0.37936264 0.74429286 0.586552   0.019067900255322456
40.0 0.28320637 0.06965369 0.8368455  0.85039467 0.018955757841467857
19.0 0.331204   0.38038197 0.80559057 0.6640824  0.018047388643026352
25.0 0.36406448 0.36820194 0.7417395  0.5982438  0.01770736277103424
7.0 0.3829329  0.24967586 0.7572335  0.66730857 0.017546014860272408
23.0 0.3829329  0.24967586 0.7572335  0.66730857 0.017073718830943108
34.0 0.331204   0.38038197 0.80559057 0.6640824  0.016737811267375946
4.0 0.35908782 0.3761743  0.7583562  0.59306204 0.01606789603829384
18.0 0.3829329  0.24967586 0.7572335  0.66730857 0.01599341817200184
11.0 0.36340398 0.3753774  0.7374652  0.5926291  0.01587328501045704
26.0 0.35908782 0.3761743  0.7583562  0.59306204 0.015548807568848133
17.0 0.8198405  0.         0.99904805 0.2779858  0.015334149822592735
24.0 0.30891803 0.22928107 0.799652   0.66113335 0.015326770953834057
5.0 0.3835607  0.31497157 0.7759558  0.7243866  0.015248464420437813
37.0 0.3835607  0.31497157 0.7759558  0.7243866  0.014812812209129333
21.0 0.37619418 0.3855914  0.7421909  0.58236295 0.014299613423645496
29.0 0.3829329  0.24967586 0.7572335  0.66730857 0.014001487754285336
38.0 0.3829329  0.24967586 0.7572335  0.66730857 0.013705415651202202
15.0 0.28320637 0.06965369 0.8368455  0.85039467 0.01351913157850504
8.0 0.35908782 0.3761743  0.7583562  0.59306204 0.01341996155679226
27.0 0.05949047 0.09248096 0.8582815  1.         0.013028280809521675
4.0 0.34445676 0.25183526 0.7947693  0.77122664 0.01270932238548994
10.0 0.34737375 0.36309946 0.7915454  0.67968845 0.012121682986617088
17.0 0.9192368  0.00182723 0.9967115  0.056236   0.012056038714945316
40.0 0.6564197 0.        1.        0.3042025 0.011686001904308796
27.0 0.3829329  0.24967586 0.7572335  0.66730857 0.011683187447488308
2.0 0.3835607  0.31497157 0.7759558  0.7243866  0.011595886200666428
0.0 0.34576365 0.38747662 0.8558761  0.70134276 0.01159290224313736
18.0 0.4728148  0.38421646 0.65710473 0.5797996  0.010953427292406559
31.0 0.8128437  0.         0.9948064  0.32626206 0.010841988027095795
38.0 0.5652186  0.         1.         0.30972588 0.010833557695150375
29.0 0.36484027 0.38381413 0.7356645  0.5823216  0.010828480124473572
33.0 0.28305098 0.2702434  0.82743776 0.62599593 0.010802091099321842
15.0 0.26702103 0.35250682 0.8634316  0.7178448  0.010775805450975895
42.0 0.3829329  0.24967586 0.7572335  0.66730857 0.010715284384787083
17.0 0.8302335  0.00245848 0.9925763  0.10501596 0.010659323073923588
29.0 0.28320637 0.06965369 0.8368455  0.85039467 0.010593128390610218
0.0 0.28320637 0.06965369 0.8368455  0.85039467 0.010557231493294239
11.0 0.28320637 0.06965369 0.8368455  0.85039467 0.010482505895197392
39.0 0.35956427 0.37936264 0.74429286 0.586552   0.010382472537457943
28.0 0.3835607  0.31497157 0.7759558  0.7243866  0.010331867262721062
1.0 0.35956427 0.37936264 0.74429286 0.586552   0.010328679345548153
25.0 0.3835607  0.31497157 0.7759558  0.7243866  0.010171952657401562
36.0 0.3317629  0.16409174 0.7706034  0.71293354 0.010043044574558735
30.0 0.2963774  0.15757963 0.83591354 0.8682692  0.01000937819480896
25.0 0.8094351  0.         1.         0.49524137 0.009981581941246986
9.0 0.3829329  0.24967586 0.7572335  0.66730857 0.009970753453671932
16.0 0.4728148  0.38421646 0.65710473 0.5797996  0.009915472008287907
20.0 0.3829329  0.24967586 0.7572335  0.66730857 0.009893275797367096
14.0 0.3835607  0.31497157 0.7759558  0.7243866  0.009854722768068314
3.0 0.37619418 0.3855914  0.7421909  0.58236295 0.009847140870988369
40.0 0.43883765 0.40760255 0.7142781  0.5174614  0.00977850891649723
26.0 0.3835607  0.31497157 0.7759558  0.7243866  0.009725669398903847
40.0 0.26702103 0.35250682 0.8634316  0.7178448  0.009697136469185352
13.0 0.28305098 0.2702434  0.82743776 0.62599593 0.00967715959995985
24.0 0.28320637 0.06965369 0.8368455  0.85039467 0.009542600251734257
16.0 0.7077431  0.41240203 1.         1.         0.009500567801296711
34.0 0.0016129 0.6824417 0.5829326 1.        0.009476440027356148
15.0 0.4728148  0.38421646 0.65710473 0.5797996  0.009387976489961147
39.0 0.05949047 0.09248096 0.8582815  1.         0.009080419316887856
2.0 0.4782306  0.40104726 0.74386907 0.5148939  0.00905817374587059
38.0 0.4728148  0.38421646 0.65710473 0.5797996  0.00905004981905222
29.0 0.01612294 0.2708299  1.         1.         0.009006552398204803
30.0 0.331204   0.38038197 0.80559057 0.6640824  0.008928358554840088
17.0 0.3829329  0.24967586 0.7572335  0.66730857 0.00891150999814272
20.0 0.2639193 0.        0.8169413 0.728205  0.008627011440694332
14.0 0.33812493 0.22785613 0.74836606 0.558882   0.008547114208340645
17.0 0.9107311  0.         0.9999981  0.12114222 0.008450011722743511
