0.0 0.43555713 0.00779256 0.76344216 0.30860272 0.3631080389022827
40.0 0.43370438 0.00593087 0.75626326 0.31795177 0.28794750571250916
15.0 0.438479   0.00894611 0.8798031  0.3346035  0.20192937552928925
5.0 0.3259193 0.        0.9643078 0.9158279 0.181147500872612
17.0 0.46002823 0.80135405 0.8493013  0.994943   0.1631639450788498
5.0 0.438479   0.00894611 0.8798031  0.3346035  0.15918134152889252
7.0 0.41212827 0.02740669 0.92511946 0.35566038 0.11213953793048859
0.0 0.44813392 0.01763043 0.98591745 0.3807054  0.09539683908224106
29.0 0.23652267 0.07878122 1.         1.         0.09402775019407272
37.0 4.2843446e-01 6.4370036e-04 7.6650608e-01 3.0839217e-01 0.0890270248055458
16.0 0.4261964  0.01581553 0.9236533  0.3934808  0.0803086906671524
32.0 0.43370438 0.00593087 0.75626326 0.31795177 0.07951351255178452
5.0 0.45413613 0.01662597 0.91055894 0.6617327  0.07198458909988403
27.0 0.23684186 0.29745987 0.9312008  1.         0.06808878481388092
24.0 0.438479   0.00894611 0.8798031  0.3346035  0.06637973338365555
10.0 0.23719928 0.04032707 0.9869226  1.         0.0639343112707138
5.0 0.19919452 0.28665486 0.9337938  1.         0.06246672943234444
18.0 0.43555713 0.00779256 0.76344216 0.30860272 0.057441286742687225
15.0 0.7294275  0.         1.         0.22401981 0.05697226524353027
7.0 0.27162224 0.05568758 0.97335345 1.         0.05386626347899437
20.0 0.27162224 0.05568758 0.97335345 1.         0.053621806204319
16.0 0.4480207  0.01243493 0.7532331  0.31083575 0.048584774136543274
0.0 0.37976202 0.02369714 0.96753013 0.6669609  0.04775718227028847
31.0 0.43188524 0.00123982 0.76448154 0.30180603 0.04724220186471939
38.0 0.24408135 0.44274518 0.9798775  1.         0.045611802488565445
13.0 0.5527305 0.656325  0.6106693 0.708043  0.044107504189014435
24.0 0.7082881  0.00541411 0.9974239  0.15670763 0.043606407940387726
13.0 0.4322347  0.00376782 0.7541341  0.31257448 0.04267146438360214
7.0 0.43122903 0.01156569 0.7513106  0.2955951  0.04238693043589592
1.0 0.40367037 0.01159026 0.75322515 0.31945878 0.04182286560535431
39.0 0.23719928 0.04032707 0.9869226  1.         0.0416351817548275
32.0 0.38285846 0.46704254 0.6565165  0.58450526 0.04122912138700485
37.0 0.45413613 0.01662597 0.91055894 0.6617327  0.04061935842037201
35.0 0.4411164  0.0064742  0.7532577  0.30702013 0.03867913782596588
35.0 0.5533786  0.658722   0.60551286 0.7016354  0.037991348654031754
16.0 0.2707808  0.19102803 0.94766176 1.         0.03726706653833389
37.0 0.3259193 0.        0.9643078 0.9158279 0.036659326404333115
41.0 0.3259193 0.        0.9643078 0.9158279 0.036291781812906265
34.0 0.41212827 0.02740669 0.92511946 0.35566038 0.03586260601878166
29.0 0.4322347  0.00376782 0.7541341  0.31257448 0.03516993671655655
29.0 0.4261964  0.01581553 0.9236533  0.3934808  0.03413229435682297
25.0 0.41212827 0.02740669 0.92511946 0.35566038 0.033551331609487534
31.0 0.42725402 0.         0.9502993  0.32865837 0.03254055231809616
0.0 0.34976175 0.         0.8978642  0.28969485 0.031970053911209106
38.0 0.46546635 0.77092594 0.91960084 1.         0.030985591933131218
7.0 0.41962144 0.         0.9377804  0.7167965  0.030641566962003708
29.0 0.38277775 0.         0.95258087 0.7665411  0.029928058385849
24.0 0.38948226 0.4670409  0.642421   0.5824332  0.02983851172029972
40.0 0.3938587 0.        0.98176   0.3111204 0.029293242841959
15.0 0.43260288 0.         0.9276346  0.535284   0.029278399422764778
14.0 0.40367037 0.01159026 0.75322515 0.31945878 0.027528652921319008
38.0 0.4480207  0.01243493 0.7532331  0.31083575 0.027046743780374527
23.0 0.5506391  0.65169257 0.61399025 0.7148141  0.026875216513872147
10.0 0.41212827 0.02740669 0.92511946 0.35566038 0.026573069393634796
38.0 0.4261964  0.01581553 0.9236533  0.3934808  0.026361310854554176
7.0 0.4495801 0.        1.        0.3097325 0.02627256140112877
16.0 0.4495801 0.        1.        0.3097325 0.026169227436184883
16.0 0.594676  0.        0.9884906 0.498446  0.0260863546282053
5.0 0.7082881  0.00541411 0.9974239  0.15670763 0.02580568939447403
15.0 0.77399886 0.00563295 1.         0.13825946 0.024862609803676605
27.0 0.22390237 0.5517015  0.4000843  0.82692534 0.024655938148498535
18.0 0.42725402 0.         0.9502993  0.32865837 0.024635333567857742
37.0 0.36178604 0.00754818 0.9756423  0.40882722 0.024572808295488358
17.0 0.438479   0.00894611 0.8798031  0.3346035  0.023638254031538963
30.0 0.41212827 0.02740669 0.92511946 0.35566038 0.023476408794522285
28.0 0.23719928 0.04032707 0.9869226  1.         0.02331317961215973
40.0 0.46546635 0.77092594 0.91960084 1.         0.023012438789010048
31.0 0.55330336 0.6515735  0.60964596 0.7131795  0.02289419248700142
40.0 0.23719928 0.04032707 0.9869226  1.         0.02255529910326004
32.0 0.4594233  0.         0.9061471  0.46423602 0.022353045642375946
28.0 0.41962144 0.         0.9377804  0.7167965  0.022020215168595314
27.0 0.41212827 0.02740669 0.92511946 0.35566038 0.021336890757083893
5.0 0.54977405 0.         1.         0.46720037 0.021215716376900673
27.0 0.2190788  0.48954433 0.66784567 0.84610337 0.020708689466118813
0.0 0.32990846 0.         1.         0.4240295  0.020397379994392395
23.0 0.43122903 0.01156569 0.7513106  0.2955951  0.020301800221204758
34.0 0.37976202 0.02369714 0.96753013 0.6669609  0.020165886729955673
7.0 0.38040367 0.4027459  0.90018773 1.         0.020051319152116776
5.0 0.4115131  0.         1.         0.33676356 0.01994388736784458
13.0 0.54778695 0.63719577 0.61946476 0.72905356 0.019756946712732315
16.0 0.30174184 0.5383848  0.95162094 0.98762155 0.019751524552702904
16.0 0.7849833  0.         0.9933654  0.27050763 0.019717874005436897
16.0 0.46682787 0.73703706 0.92785203 0.9969276  0.019339848309755325
16.0 0.41962144 0.         0.9377804  0.7167965  0.019184058532118797
0.0 0.59412104 0.         1.         0.44201517 0.019104180857539177
19.0 0.3880309  0.02588819 0.87053955 0.33115482 0.018948398530483246
9.0 0.47477877 0.8075618  0.8054726  1.         0.018749641254544258
30.0 0.38277775 0.         0.95258087 0.7665411  0.01864965446293354
25.0 0.23719928 0.04032707 0.9869226  1.         0.018475430086255074
20.0 0.3880309  0.02588819 0.87053955 0.33115482 0.018343305215239525
32.0 0.23719928 0.04032707 0.9869226  1.         0.018169313669204712
35.0 0.4594233  0.         0.9061471  0.46423602 0.017645439133048058
36.0 0.2707808  0.19102803 0.94766176 1.         0.017503323033452034
15.0 0.5874979 0.        1.        0.3249873 0.017432617023587227
2.0 0.5527305 0.656325  0.6106693 0.708043  0.017331626266241074
28.0 0.4070163  0.         0.82783294 0.46213502 0.017206791788339615
15.0 0.4521734  0.         0.748584   0.23850527 0.01691400818526745
24.0 0.76288307 0.         1.         0.2599308  0.016713181510567665
0.0 0.57918394 0.         1.         0.28263754 0.016617098823189735
40.0 0.55109245 0.6513376  0.6033409  0.714748   0.016314581036567688
