0.0 0.70588684 0.58392847 0.99744165 0.85289824 0.5211060643196106
0.0 0.7359648  0.45315742 1.         0.73326147 0.2953651547431946
0.0 0.78495026 0.349663   1.         0.6486584  0.22178758680820465
18.0 0.71612334 0.544372   0.9983765  0.7910238  0.18276631832122803
0.0 0.6646534  0.43502486 1.         0.9477303  0.14220574498176575
0.0 0.6997617 0.6180943 0.8767417 0.7877598 0.13607242703437805
7.0 0.71612334 0.544372   0.9983765  0.7910238  0.11446798592805862
3.0 0.01412326 0.         0.94648045 0.4510678  0.11262194812297821
28.0 0.69760656 0.34015852 0.9890896  0.9913482  0.08653154969215393
3.0 0.12506706 0.         0.7689708  0.28814203 0.08043469488620758
18.0 0.7543793  0.37089705 1.         0.68436396 0.07795878499746323
7.0 0.7543793  0.37089705 1.         0.68436396 0.07703948020935059
40.0 0.7154559 0.5442993 0.9943545 0.9587894 0.06470740586519241
40.0 0.74058855 0.37401974 0.99368966 0.7966702  0.06263323873281479
18.0 0.70493776 0.4029845  1.         0.8957907  0.05606486275792122
37.0 0.69760656 0.34015852 0.9890896  0.9913482  0.05566827207803726
37.0 0.02074185 0.43957725 0.9241295  1.         0.05467110872268677
0.0 0.         0.57607555 0.44403517 0.98109496 0.05460203066468239
28.0 0.6611609  0.03549448 0.9920756  0.867756   0.05355599895119667
38.0 0.74058855 0.37401974 0.99368966 0.7966702  0.05104922875761986
0.0 0.7431993  0.27329186 1.         0.8449837  0.050910744816064835
0.0 0.7219689  0.70245665 0.9974128  0.9333325  0.0505211241543293
40.0 0.79932535 0.19388881 0.9924513  0.64376867 0.049439869821071625
4.0 0.688213   0.13775101 1.         0.96539223 0.04788881167769432
0.0 0.35361943 0.5630372  0.97609425 1.         0.0458621121942997
37.0 0.70588684 0.58392847 0.99744165 0.85289824 0.045361943542957306
15.0 0.71652055 0.50978297 0.9925066  0.91436344 0.0449601449072361
0.0 0.7009751  0.64961505 0.8506096  0.7475456  0.043274786323308945
7.0 0.6646534  0.43502486 1.         0.9477303  0.042958591133356094
38.0 0.71652055 0.50978297 0.9925066  0.91436344 0.04158543795347214
0.0 0.         0.563702   0.80240965 1.         0.04058607667684555
15.0 0.74058855 0.37401974 0.99368966 0.7966702  0.040135324001312256
7.0 0.6986209  0.5961154  0.9056413  0.78467447 0.03949727863073349
0.0 0.71221524 0.7406471  0.8470692  0.8178892  0.03948412835597992
38.0 0.7784855  0.14414081 0.999697   0.67535365 0.03905991464853287
28.0 0.16230866 0.36187235 1.         1.         0.03903396055102348
0.0 0.81413096 0.482281   1.         0.6799246  0.0381535068154335
0.0 0.8169237  0.5589257  1.         0.74632865 0.037981174886226654
5.0 0.69760656 0.34015852 0.9890896  0.9913482  0.034139085561037064
0.0 0.7510072 0.5432519 1.        1.        0.03387925401329994
7.0 0.7094673  0.6062835  0.9977648  0.91504306 0.033193495124578476
0.0 0.6611609  0.03549448 0.9920756  0.867756   0.03223530203104019
14.0 4.486668e-02 5.494356e-04 6.089592e-01 2.821371e-01 0.0314534530043602
10.0 0.83010566 0.         0.987993   0.46648628 0.030615586787462234
0.0 0.73226106 0.03603327 1.         0.6119051  0.029930980876088142
7.0 0.06804705 0.2687191  0.44663996 0.57161665 0.029869241639971733
6.0 4.486668e-02 5.494356e-04 6.089592e-01 2.821371e-01 0.029437178745865822
24.0 0.76017255 0.3742806  1.         0.6011838  0.029021812602877617
28.0 0.73226106 0.03603327 1.         0.6119051  0.028457261621952057
7.0 0.02074185 0.43957725 0.9241295  1.         0.02832135558128357
40.0 0.71972376 0.57794785 0.99781126 0.75758123 0.027991674840450287
1.0 0.69760656 0.34015852 0.9890896  0.9913482  0.027844911441206932
0.0 0.8239542 0.6157464 1.        0.8170222 0.027702994644641876
41.0 0.70270413 0.08364508 0.9883092  0.80946064 0.02746981754899025
13.0 0.70588684 0.58392847 0.99744165 0.85289824 0.027320552617311478
28.0 0.4033982  0.5395896  0.99991    0.88572544 0.026873532682657242
5.0 0.72759086 0.5385721  0.98200184 0.8901082  0.026873033493757248
31.0 0.7921726  0.33874604 0.99258107 0.72089326 0.02684854343533516
18.0 0.79932535 0.19388881 0.9924513  0.64376867 0.02648714929819107
38.0 0.8186174  0.         0.99200815 0.4748795  0.02636641636490822
18.0 0.71221524 0.7406471  0.8470692  0.8178892  0.026057394221425056
3.0 0.         0.         0.85184634 0.34231302 0.0257763359695673
31.0 0.73226106 0.03603327 1.         0.6119051  0.025728315114974976
1.0 0.73226106 0.03603327 1.         0.6119051  0.0256723053753376
0.0 0.01408567 0.58312166 0.3092748  0.86897266 0.024994732812047005
13.0 0.69760656 0.34015852 0.9890896  0.9913482  0.024744296446442604
24.0 0.70447546 0.49992585 1.         0.8299186  0.0245146956294775
37.0 0.7518926  0.40387917 0.9852739  0.776381   0.023915397003293037
0.0 0.23275982 0.63026834 0.306378   0.6736028  0.023621082305908203
7.0 0.81336737 0.21862973 0.988804   0.6286868  0.023520516231656075
31.0 0.26996213 0.61768126 0.30734825 0.6892872  0.02336054854094982
18.0 0.71198666 0.6460075  1.         0.88368374 0.02319277636706829
25.0 0.76623785 0.06902513 1.         0.8095422  0.02297312207520008
31.0 0.7379118  0.48339784 0.9804102  0.83622205 0.022534463554620743
34.0 0.69760656 0.34015852 0.9890896  0.9913482  0.022478248924016953
5.0 0.7518926  0.40387917 0.9852739  0.776381   0.022419122979044914
18.0 0.76399857 0.5496754  0.9945894  0.9737609  0.02235088311135769
16.0 0.7014131  0.08969189 1.         0.5338709  0.02191658690571785
5.0 0.76623785 0.06902513 1.         0.8095422  0.021832333877682686
0.0 0.7055526  0.6547762  0.8182348  0.71228766 0.0218137688934803
7.0 0.33652294 0.62534684 0.9846201  0.9876886  0.021808238700032234
37.0 0.33652294 0.62534684 0.9846201  0.9876886  0.02177804335951805
40.0 0.67905176 0.2624089  1.         1.         0.021770842373371124
7.0 0.70270413 0.08364508 0.9883092  0.80946064 0.021616412326693535
30.0 0.7429378  0.12907055 1.         0.7402097  0.02154015190899372
37.0 0.79783815 0.29823557 0.9942915  0.6840522  0.021462202072143555
0.0 0.82419485 0.08687977 0.9849337  0.5509781  0.021338514983654022
23.0 0.69760656 0.34015852 0.9890896  0.9913482  0.02112773433327675
35.0 0.7379118  0.48339784 0.9804102  0.83622205 0.021037276834249496
10.0 0.73226106 0.03603327 1.         0.6119051  0.020810279995203018
0.0 0.71254915 0.70669633 0.8762235  0.80460256 0.020808348432183266
0.0 0.20221218 0.28112692 1.         1.         0.0207075048238039
29.0 0.76623785 0.06902513 1.         0.8095422  0.02067572996020317
0.0 0.54131246 0.5718113  0.97797203 0.90021443 0.020671110600233078
15.0 0.71972376 0.57794785 0.99781126 0.75758123 0.02064659632742405
38.0 0.7014131  0.08969189 1.         0.5338709  0.020572446286678314
40.0 0.73226106 0.03603327 1.         0.6119051  0.020442070439457893
42.0 0.69760656 0.34015852 0.9890896  0.9913482  0.020419109612703323
34.0 0.05589807 0.40565854 0.9852166  1.         0.020304517820477486
40.0 0.73920745 0.49191076 1.         0.693966   0.02028440684080124
