7.0 0.02016124 0.27747813 0.971997   0.9837874  0.21166612207889557
28.0 0.02371275 0.30480236 0.965824   0.97129756 0.17916181683540344
37.0 0.02016124 0.27747813 0.971997   0.9837874  0.1607489436864853
1.0 0.03587943 0.21397623 0.9835984  0.9546     0.1395147740840912
11.0 0.02016124 0.27747813 0.971997   0.9837874  0.13644173741340637
37.0 0.00793475 0.7913209  0.3130059  0.991755   0.12317986786365509
10.0 0.02371275 0.30480236 0.965824   0.97129756 0.11946795880794525
24.0 0.00793475 0.7913209  0.3130059  0.991755   0.10650597512722015
14.0 0.03221229 0.15005845 0.98512113 0.9375225  0.10231035947799683
37.0 0.00356217 0.7006279  0.49100685 1.         0.09970951080322266
15.0 0.01606262 0.78176653 0.3025163  0.9965805  0.08484674990177155
34.0 0.02016124 0.27747813 0.971997   0.9837874  0.07948026061058044
24.0 0.00708759 0.6789222  0.481938   1.         0.06540127843618393
32.0 0.05023208 0.2317656  0.9944316  0.9821446  0.0641680508852005
41.0 0.02016124 0.27747813 0.971997   0.9837874  0.06289437413215637
29.0 0.05023208 0.2317656  0.9944316  0.9821446  0.06055325269699097
32.0 0.00793475 0.7913209  0.3130059  0.991755   0.060121502727270126
24.0 0.02016124 0.27747813 0.971997   0.9837874  0.05987122282385826
0.0 0.00793475 0.7913209  0.3130059  0.991755   0.05933435261249542
20.0 0.0619233  0.19643912 1.         0.9982593  0.058390311896800995
5.0 0.00793475 0.7913209  0.3130059  0.991755   0.053887803107500076
26.0 0.02016124 0.27747813 0.971997   0.9837874  0.05165547505021095
5.0 0.02016124 0.27747813 0.971997   0.9837874  0.04834234341979027
0.0 0.00356217 0.7006279  0.49100685 1.         0.04620020091533661
10.0 0.01568341 0.0241504  1.         0.7975439  0.042719293385744095
0.0 0.         0.26278824 0.17587124 0.43982428 0.04266151040792465
7.0 0.01216473 0.7474757  0.3100037  0.9953267  0.03776993229985237
4.0 0.02371275 0.30480236 0.965824   0.97129756 0.03649130091071129
6.0 0.08976251 0.09725797 1.         1.         0.03578595817089081
5.0 0.00356217 0.7006279  0.49100685 1.         0.03500756621360779
34.0 0.00356217 0.7006279  0.49100685 1.         0.03468083590269089
7.0 0.05052423 0.06925887 0.98081565 0.7013788  0.03314034268260002
7.0 0.54280245 0.         0.99436116 0.3580763  0.03260768577456474
28.0 0.01568341 0.0241504  1.         0.7975439  0.032105375081300735
28.0 0.         0.55904305 0.8219483  1.         0.030374381691217422
34.0 0.02506098 0.6293213  0.7710142  0.9740791  0.03012101724743843
34.0 0.00793475 0.7913209  0.3130059  0.991755   0.029907841235399246
40.0 0.05023208 0.2317656  0.9944316  0.9821446  0.028557879850268364
24.0 0.02506098 0.6293213  0.7710142  0.9740791  0.02715795487165451
0.0 0.02016124 0.27747813 0.971997   0.9837874  0.02692941576242447
28.0 0.00356217 0.7006279  0.49100685 1.         0.025346586480736732
37.0 0.         0.55904305 0.8219483  1.         0.02494240552186966
4.0 0.02506098 0.6293213  0.7710142  0.9740791  0.024467244744300842
11.0 0.04380268 0.5946605  0.8820714  0.96958816 0.024280423298478127
24.0 0.55902344 0.         0.99032015 0.36655736 0.024226225912570953
7.0 0.         0.55904305 0.8219483  1.         0.02306031808257103
40.0 0.01022209 0.8017358  0.2875821  0.9881316  0.023031702265143394
19.0 0.00793475 0.7913209  0.3130059  0.991755   0.02265770174562931
4.0 0.07660434 0.7469562  0.81900716 1.         0.022154584527015686
36.0 0.08976251 0.09725797 1.         1.         0.022147508338093758
4.0 0.01539293 0.78923005 0.3470308  0.98963374 0.020781518891453743
37.0 0.01232162 0.75192547 0.71120334 1.         0.020735599100589752
20.0 0.00970676 0.81108934 0.2542802  1.         0.02071947045624256
42.0 0.08976251 0.09725797 1.         1.         0.020624248310923576
11.0 0. 0. 1. 1. 0.0203878004103899
18.0 0.02016124 0.27747813 0.971997   0.9837874  0.01959064044058323
3.0 0.02016124 0.27747813 0.971997   0.9837874  0.019543249160051346
4.0 0.        0.5879884 0.9296112 1.        0.019464680925011635
29.0 0.         0.         1.         0.75615907 0.01944885216653347
0.0 0.009883   0.35503674 0.15312769 0.43230867 0.019417809322476387
11.0 0.09336704 0.02838722 0.9693461  0.7790185  0.019263694062829018
34.0 0.01232162 0.75192547 0.71120334 1.         0.01903192512691021
16.0 0.8254773  0.         0.99073786 0.25085598 0.018763959407806396
4.0 0.00356217 0.7006279  0.49100685 1.         0.018707402050495148
24.0 0.00109515 0.5158936  0.89993715 1.         0.0186728835105896
32.0 0.56825954 0.         0.99362344 0.26884723 0.01850438490509987
37.0 1.4725327e-04 6.6031331e-01 2.9834130e-01 1.0000000e+00 0.01847657561302185
7.0 0.         0.02928007 0.9301676  1.         0.01821138709783554
10.0 0.         0.55904305 0.8219483  1.         0.018182290717959404
5.0 0.5823574  0.         0.99493766 0.368739   0.017951812595129013
11.0 0.01606262 0.78176653 0.3025163  0.9965805  0.017940878868103027
7.0 0.6456283  0.00967932 0.9938505  0.20982072 0.017768070101737976
20.0 0.49065548 0.         0.985169   0.29115015 0.017560075968503952
37.0 0.6222608  0.         0.9852712  0.42237544 0.01742333173751831
14.0 0.19258434 0.3854413  0.7597128  0.70732975 0.017208445817232132
15.0 0.01724783 0.17307663 1.         1.         0.01688702590763569
7.0 0.28035823 0.04438436 1.         1.         0.01666862703859806
24.0 0.68426704 0.00164843 0.99559927 0.1828289  0.016651364043354988
1.0 0.10776281 0.         1.         1.         0.016308672726154327
38.0 0.64521897 0.43606228 0.76129735 0.5335667  0.016241850331425667
15.0 0.00356217 0.7006279  0.49100685 1.         0.016229290515184402
21.0 0.02371275 0.30480236 0.965824   0.97129756 0.016223004087805748
11.0 0.07660434 0.7469562  0.81900716 1.         0.015960700809955597
18.0 0.01539293 0.78923005 0.3470308  0.98963374 0.015927715227007866
37.0 0.22466356 0.45035547 1.         1.         0.015689712017774582
12.0 0.02016124 0.27747813 0.971997   0.9837874  0.015605667605996132
32.0 0.01363158 0.82538104 0.18869273 1.         0.015301065519452095
26.0 0.04380268 0.5946605  0.8820714  0.96958816 0.015265929512679577
24.0 0.01232162 0.75192547 0.71120334 1.         0.015231002122163773
10.0 0.17956609 0.26952493 1.         0.7101918  0.014884267002344131
32.0 0.19258434 0.3854413  0.7597128  0.70732975 0.014678013511002064
5.0 0.01495375 0.8199622  0.18578753 1.         0.0146688437089324
0.0 0.01080231 0.39268225 0.1476247  0.45989674 0.014607960358262062
1.0 0.36429244 0.33545256 0.9066531  0.96093154 0.014594889245927334
14.0 0.28035823 0.04438436 1.         1.         0.014580756425857544
28.0 0.17956609 0.26952493 1.         0.7101918  0.014359730295836926
37.0 0.         0.84890145 0.2808868  1.         0.013874395750463009
20.0 0.        0.7068819 0.3062533 0.9999651 0.013838148675858974
5.0 0.         0.55904305 0.8219483  1.         0.013829797506332397
10.0 0.22466356 0.45035547 1.         1.         0.013766901567578316
