9.0 0.35140958 0.36062032 0.82272565 0.7322244  0.930022120475769
40.0 0.33564624 0.35602435 0.82599556 0.7365873  0.5078169703483582
6.0 0.35140958 0.36062032 0.82272565 0.7322244  0.27591824531555176
13.0 0.3658238  0.3413193  0.80879074 0.74263513 0.22638173401355743
14.0 0.34507772 0.35278794 0.81804514 0.73258305 0.17722515761852264
38.0 0.3658238  0.3413193  0.80879074 0.74263513 0.14463384449481964
17.0 0.3658238  0.3413193  0.80879074 0.74263513 0.11112427711486816
18.0 0.350214   0.35627574 0.8139037  0.7326003  0.08902420848608017
1.0 0.35758513 0.2969939  0.80581623 0.77112526 0.06891079992055893
31.0 0.36488873 0.32692307 0.7949448  0.7594039  0.06621302664279938
36.0 0.3590612  0.31658757 0.8026948  0.75833833 0.06326260417699814
8.0 0.36488873 0.32692307 0.7949448  0.7594039  0.05086888372898102
20.0 0.34412342 0.36411998 0.82286173 0.7351364  0.04736126586794853
9.0 0.30591395 0.24076152 0.86503065 0.8870834  0.04538269340991974
9.0 0.36174423 0.40362757 0.73206645 0.6081396  0.04439063370227814
2.0 0.3590612  0.31658757 0.8026948  0.75833833 0.04359208047389984
4.0 0. 0. 1. 1. 0.03803027421236038
42.0 0.3590612  0.31658757 0.8026948  0.75833833 0.03637378662824631
9.0 0.34013975 0.36602563 0.5760721  0.7018525  0.0357435904443264
10.0 0.3658238  0.3413193  0.80879074 0.74263513 0.03455807641148567
13.0 0.30591395 0.24076152 0.86503065 0.8870834  0.03209866210818291
17.0 0.25984362 0.         0.94775367 0.9246875  0.02973957173526287
6.0 0.31293422 0.17690176 1.         0.75459355 0.028820233419537544
23.0 0.03714603 0.         1.         1.         0.027692314237356186
29.0 0.34412342 0.36411998 0.82286173 0.7351364  0.026286857202649117
28.0 0.35758513 0.2969939  0.80581623 0.77112526 0.025786204263567924
9.0 0.1434589  0.01085371 1.         0.8826712  0.025471635162830353
12.0 0.36915028 0.3204041  0.7944133  0.75203425 0.024599818512797356
13.0 0.1434589  0.01085371 1.         0.8826712  0.024538515135645866
32.0 0.352302   0.3442     0.83938366 0.73967755 0.02329116500914097
1.0 0.25984362 0.         0.94775367 0.9246875  0.023270146921277046
4.0 0.25984362 0.         0.94775367 0.9246875  0.023053377866744995
8.0 0.03714603 0.         1.         1.         0.02264571003615856
40.0 0.30658785 0.10135561 0.8582014  0.7827462  0.022404491901397705
9.0 0.5454587 0.3637791 0.797964  0.6951921 0.0196763314306736
33.0 0.36488873 0.32692307 0.7949448  0.7594039  0.01915614679455757
9.0 0. 0. 1. 1. 0.01834362931549549
17.0 0. 0. 1. 1. 0.017916465178132057
2.0 0.3557155  0.37156963 0.6759834  0.65245306 0.016912391409277916
40.0 0.5454587 0.3637791 0.797964  0.6951921 0.016475412994623184
1.0 0.10739774 0.         1.         1.         0.01582813449203968
21.0 0.03714603 0.         1.         1.         0.01579950377345085
26.0 0. 0. 1. 1. 0.015560307539999485
10.0 0.30658785 0.10135561 0.8582014  0.7827462  0.015390649437904358
26.0 0.30658785 0.10135561 0.8582014  0.7827462  0.015285569243133068
17.0 0.37463838 0.36223078 0.621131   0.6967671  0.015216569416224957
23.0 0.         0.         1.         0.89241683 0.015010332688689232
19.0 0. 0. 1. 1. 0.014945801347494125
22.0 0.36915028 0.3204041  0.7944133  0.75203425 0.014859420247375965
4.0 0.04713684 0.         1.         0.93513066 0.014814108610153198
34.0 0. 0. 1. 1. 0.014678185805678368
36.0 0.33596084 0.17127052 0.888064   0.8974873  0.01444784551858902
23.0 0.35758513 0.2969939  0.80581623 0.77112526 0.014379131607711315
9.0 0.3638607  0.38195646 0.5260246  0.6243416  0.014331040903925896
8.0 0.23392874 0.         0.94426125 0.7655207  0.01422000490128994
4.0 0.36915028 0.3204041  0.7944133  0.75203425 0.014176896773278713
13.0 0. 0. 1. 1. 0.014134720899164677
17.0 0.3878016  0.33394438 0.7867722  0.5660627  0.014084828086197376
17.0 0.04713684 0.         1.         0.93513066 0.013493197038769722
28.0 0.03714603 0.         1.         1.         0.013437727466225624
9.0 0.3878016  0.33394438 0.7867722  0.5660627  0.013419666327536106
31.0 0.25984362 0.         0.94775367 0.9246875  0.01322170253843069
19.0 0.35758513 0.2969939  0.80581623 0.77112526 0.01308039017021656
35.0 0.3522317  0.3612886  0.8189436  0.72166485 0.012951848097145557
2.0 0.25984362 0.         0.94775367 0.9246875  0.01248787622898817
8.0 0.30658785 0.10135561 0.8582014  0.7827462  0.01239105872809887
34.0 0.25984362 0.         0.94775367 0.9246875  0.012330867350101471
29.0 0.25984362 0.         0.94775367 0.9246875  0.012098264880478382
40.0 0. 0. 1. 1. 0.012040062807500362
27.0 0.36488873 0.32692307 0.7949448  0.7594039  0.012038337998092175
3.0 0.32024115 0.22275966 0.8295215  0.809032   0.011869551613926888
29.0 0.         0.         1.         0.89241683 0.011808957904577255
26.0 0.04713684 0.         1.         0.93513066 0.011770258657634258
18.0 0.30591395 0.24076152 0.86503065 0.8870834  0.011620488949120045
6.0 0. 0. 1. 1. 0.01161118783056736
40.0 0.69987535 0.         1.         0.29464716 0.011454954743385315
21.0 0.30658785 0.10135561 0.8582014  0.7827462  0.011417746543884277
40.0 0.         0.         1.         0.89241683 0.011301188729703426
21.0 0.         0.16131148 0.21787992 0.9086944  0.011099249124526978
11.0 0.30591395 0.24076152 0.86503065 0.8870834  0.01103993970900774
18.0 0.36174423 0.40362757 0.73206645 0.6081396  0.010886923409998417
13.0 0.32750198 0.3460167  0.6286237  0.7042621  0.01083729974925518
21.0 0.23392874 0.         0.94426125 0.7655207  0.01054905541241169
24.0 0.35382003 0.28983456 0.80901104 0.7885018  0.010504111647605896
9.0 0.4030361  0.40752536 0.6495608  0.73217255 0.01042549405246973
36.0 0.48083138 0.37315995 0.771019   0.70037955 0.010252544656395912
29.0 0. 0. 1. 1. 0.010136380791664124
21.0 0.00924946 0.2560016  0.14828965 0.60032475 0.010132793337106705
18.0 0.37463838 0.36223078 0.621131   0.6967671  0.009825145825743675
31.0 0.5454587 0.3637791 0.797964  0.6951921 0.00965795386582613
40.0 0.75376755 0.         1.         0.23562327 0.009599019773304462
33.0 0.25984362 0.         0.94775367 0.9246875  0.009453992359340191
42.0 0.25984362 0.         0.94775367 0.9246875  0.009413153864443302
23.0 0.30708274 0.1278153  0.37997672 0.17462847 0.009409500285983086
6.0 0.03714603 0.         1.         1.         0.009397679939866066
8.0 0.10268444 0.         1.         1.         0.00936148688197136
17.0 0.36174423 0.40362757 0.73206645 0.6081396  0.009311468340456486
38.0 0.30658785 0.10135561 0.8582014  0.7827462  0.00929786916822195
14.0 0.37463838 0.36223078 0.621131   0.6967671  0.009277435950934887
36.0 0.36936802 0.37555444 0.654278   0.7008287  0.00922873429954052
