22.0 0.27518535 0.00255156 1.         0.98417825 0.3767082095146179
39.0 0.28244293 0.         1.         1.         0.2964573800563812
20.0 0.28103623 0.         1.         0.9846988  0.18994709849357605
27.0 0.28244293 0.         1.         1.         0.1629364937543869
10.0 0.28244293 0.         1.         1.         0.1375836580991745
8.0 0.28103623 0.         1.         0.9846988  0.12307161837816238
0.0 0.         0.71201336 0.47752133 1.         0.11568573862314224
6.0 0.39274138 0.         0.98633677 1.         0.11015059053897858
12.0 0.27234536 0.         1.         0.98559165 0.09847693145275116
9.0 0.39274138 0.         0.98633677 1.         0.07908005267381668
9.0 0.8145236  0.18473753 0.99606836 0.7420815  0.06589974462985992
41.0 0.27006102 0.         1.         0.9699096  0.06413571536540985
19.0 0.8706773 0.6597625 0.9983373 1.        0.06276144832372665
3.0 0.39274138 0.         0.98633677 1.         0.05571077764034271
36.0 0.39274138 0.         0.98633677 1.         0.05188637599349022
17.0 0.4037755 0.        0.9922382 0.9643102 0.0478924959897995
15.0 0.         0.7547658  0.49232686 0.9999762  0.04247665777802467
1.0 0.39274138 0.         0.98633677 1.         0.04189259186387062
21.0 0.39274138 0.         0.98633677 1.         0.041642926633358
40.0 0.39274138 0.         0.98633677 1.         0.036994583904743195
21.0 0.01074518 0.12317072 0.13652232 0.52748173 0.03655418008565903
21.0 0.1009703  0.         0.8300772  0.97354543 0.036104265600442886
22.0 0.25292462 0.         1.         0.8944523  0.03483034670352936
5.0 0.        0.6956414 0.4938909 1.        0.03435920178890228
23.0 0.82606477 0.6366185  0.9945155  1.         0.031956836581230164
1.0 0.81756145 0.5465544  0.99693793 1.         0.031488195061683655
13.0 0.8018114  0.42798367 1.         1.         0.029889706522226334
37.0 0.82606477 0.6366185  0.9945155  1.         0.028968622907996178
9.0 0.7432103 0.258402  1.        0.6603566 0.028663652017712593
30.0 0.8706773 0.6597625 0.9983373 1.        0.027874037623405457
24.0 0.45265874 0.3119921  0.6180434  0.37405205 0.02763294242322445
5.0 0.19811499 0.         0.98324585 0.9961606  0.02621140144765377
16.0 0.06782191 0.7984039  0.49703014 0.9859205  0.026106618344783783
22.0 0.        0.        1.        0.7325592 0.02489778958261013
31.0 0.39274138 0.         0.98633677 1.         0.024432744830846786
19.0 0.39274138 0.         0.98633677 1.         0.02410843037068844
40.0 0.8018114  0.42798367 1.         1.         0.023585360497236252
6.0 0.4713162  0.09262627 1.         0.9246822  0.0225454680621624
27.0 0.36530092 0.6990968  0.8821764  0.99312437 0.02231684699654579
13.0 0.39274138 0.         0.98633677 1.         0.02230118401348591
38.0 0.39274138 0.         0.98633677 1.         0.02150985226035118
27.0 0.08293182 0.         1.         1.         0.021082036197185516
23.0 0.8095038 0.5368959 1.        1.        0.02102440781891346
25.0 0.17141736 0.80721664 0.52587545 0.98599267 0.02088008262217045
35.0 0.48136947 0.00140268 0.59598505 0.06622271 0.02064538560807705
39.0 0.44680294 0.         1.         0.8860739  0.020315278321504593
24.0 0.848627  0.7153183 1.        1.        0.020182283595204353
9.0 0.7946983  0.39148235 1.         0.66555655 0.020024601370096207
10.0 0.08293182 0.         1.         1.         0.02000938355922699
31.0 0.15692523 0.58455443 0.202831   0.6507112  0.019497910514473915
29.0 0.39274138 0.         0.98633677 1.         0.018715322017669678
5.0 0.4537848  0.32011557 0.6186531  0.38420898 0.018547266721725464
37.0 0.76262957 0.6465174  1.         0.9922756  0.018429450690746307
20.0 0.06496048 0.         1.         1.         0.018198654055595398
4.0 0.39274138 0.         0.98633677 1.         0.01788059063255787
39.0 0.0169403 0.        1.        1.        0.017615895718336105
41.0 0.09205288 0.         1.         1.         0.01737658493220806
13.0 0.8160507  0.24347985 0.9956469  0.79150987 0.017116190865635872
6.0 0.7426253  0.32097346 1.         0.71482664 0.016814403235912323
32.0 0.8091407  0.60360074 0.9985839  1.         0.016779998317360878
42.0 0.39274138 0.         0.98633677 1.         0.016774579882621765
16.0 0.29014868 0.77648526 0.47689217 1.         0.016743754968047142
9.0 0.85429436 0.36546153 0.99185044 0.6585843  0.01652434840798378
25.0 0.39274138 0.         0.98633677 1.         0.016491267830133438
0.0 0.06781708 0.80911416 0.5269365  1.         0.016486885026097298
19.0 0.8046258 0.6006583 1.        1.        0.016481850296258926
20.0 0.25292462 0.         1.         0.8944523  0.016397394239902496
24.0 4.6467534e-01 4.7266856e-04 5.9393489e-01 7.0258439e-02 0.016370583325624466
32.0 0.76262957 0.6465174  1.         0.9922756  0.016201799735426903
16.0 0.01004112 0.6928488  0.51951444 1.         0.015441839583218098
14.0 0.39274138 0.         0.98633677 1.         0.015284205786883831
34.0 0.39274138 0.         0.98633677 1.         0.015193307772278786
0.0 0.4537848  0.32011557 0.6186531  0.38420898 0.014658129774034023
27.0 0.25292462 0.         1.         0.8944523  0.014628111384809017
42.0 0.08293182 0.         1.         1.         0.0144431684166193
24.0 0.         0.6864834  0.47850883 1.         0.01440059207379818
22.0 0.3485196 0.0626491 0.9920366 0.6305249 0.014387263916432858
24.0 0.45808664 0.33116084 0.61643976 0.39898437 0.014359068125486374
24.0 0.8046258 0.6006583 1.        1.        0.01433496829122305
25.0 0.28760988 0.7396085  0.48379797 0.9976609  0.01421866100281477
7.0 0.27006102 0.         1.         0.9699096  0.014053430408239365
5.0 0. 0. 1. 1. 0.014037990011274815
28.0 0.39274138 0.         0.98633677 1.         0.0140369338914752
34.0 0.         0.6665597  0.47205722 1.         0.013949903659522533
37.0 0.84179974 0.54613507 1.         1.         0.013804769143462181
37.0 0.         0.71201336 0.47752133 1.         0.013776769861578941
35.0 0.82606477 0.6366185  0.9945155  1.         0.013761813752353191
32.0 0.39274138 0.         0.98633677 1.         0.013729910366237164
37.0 0.83190936 0.8056098  1.         0.98874843 0.013687655329704285
17.0 0.8145236  0.18473753 0.99606836 0.7420815  0.01357340719550848
36.0 0.08293182 0.         1.         1.         0.01351377833634615
9.0 0.7484739  0.29015425 1.         0.8726262  0.013499089516699314
41.0 0.35610193 0.         1.         0.7726538  0.01348824705928564
33.0 0.18036783 0.         0.99888754 0.9129087  0.013289378955960274
9.0 0.8273113  0.40104324 0.9947102  0.9184682  0.013284021057188511
25.0 0.05333579 0.75953484 0.57880026 1.         0.013162835501134396
24.0 0.4563808  0.29501128 0.6022005  0.35401636 0.012921483255922794
23.0 0.8368439 0.7446246 1.        0.9427798 0.012908493168652058
16.0 0.19496031 0.73524874 0.44869506 0.9997881  0.012598607689142227
10.0 0.25292462 0.         1.         0.8944523  0.01253785751760006
