8.0 0.13846344 0.10591382 0.8543803  0.59358186 0.8273376226425171
22.0 0.14070421 0.11484051 0.85631764 0.5869801  0.14562174677848816
39.0 0.15125275 0.06817344 0.8513776  0.7811998  0.10571233928203583
27.0 0.15125275 0.06817344 0.8513776  0.7811998  0.07186067849397659
8.0 0.07920939 0.         1.         0.8220018  0.0651799738407135
20.0 0.14407149 0.10743198 0.83695483 0.58726716 0.06214193254709244
17.0 0.14070421 0.11484051 0.85631764 0.5869801  0.057588037103414536
12.0 0.14567709 0.09049863 0.85544145 0.60642964 0.052931398153305054
6.0 0.15125275 0.06817344 0.8513776  0.7811998  0.05277292802929878
36.0 0.12874371 0.11467499 0.8556966  0.5830593  0.052448876202106476
33.0 0.15774196 0.04413009 0.8246286  0.778191   0.05094229429960251
3.0 0.14407149 0.10743198 0.83695483 0.58726716 0.046100180596113205
17.0 0.07920939 0.         1.         0.8220018  0.044848158955574036
42.0 0.15125275 0.06817344 0.8513776  0.7811998  0.03344454988837242
1.0 0.15774196 0.04413009 0.8246286  0.778191   0.02957758679986
32.0 0.15774196 0.04413009 0.8246286  0.778191   0.028719373047351837
31.0 0.15125275 0.06817344 0.8513776  0.7811998  0.02814217284321785
20.0 0.13263094 0.02613342 0.9395114  0.91814506 0.027635054662823677
35.0 0.13754079 0.13696398 0.84104514 0.55838656 0.027422405779361725
16.0 0.15125275 0.06817344 0.8513776  0.7811998  0.02713073045015335
29.0 0.11232731 0.04107416 0.9280019  0.8654758  0.024392802268266678
19.0 0.12324092 0.08043092 0.84382963 0.61923134 0.01960756815969944
37.0 0.15125275 0.06817344 0.8513776  0.7811998  0.01925448141992092
8.0 0.06871188 0.         1.         0.49300337 0.018510764464735985
9.0 0.12874371 0.11467499 0.8556966  0.5830593  0.017017951235175133
5.0 0.15125275 0.06817344 0.8513776  0.7811998  0.017009522765874863
8.0 0.00721228 0.         1.         0.86468494 0.016564413905143738
8.0 0.17664984 0.15969533 0.5629866  0.54165924 0.015995893627405167
23.0 0.1210503 0.        1.        1.        0.01513782236725092
11.0 0.13021228 0.00509977 0.9273976  0.8714293  0.014844752848148346
36.0 0.10140094 0.03879568 0.90332305 0.89088285 0.014810649678111076
27.0 0.07512188 0.         1.         1.         0.014730439521372318
33.0 0.12694037 0.         0.9354085  0.5350472  0.014481445774435997
17.0 0.01839691 0.         1.         0.6599414  0.014251763001084328
23.0 0.1681472 0.        0.9730128 0.7686147 0.013691531494259834
38.0 0.14928603 0.59048796 0.74377966 0.99714303 0.01357613317668438
11.0 0.18607336 0.10983494 0.76988274 0.60177255 0.013143970631062984
9.0 0.07920939 0.         1.         0.8220018  0.012884835712611675
40.0 0.11453366 0.0634768  0.9067247  0.76665974 0.012880009599030018
16.0 0.1325011  0.         1.         0.93897104 0.012497158721089363
36.0 0.05345148 0.         1.         1.         0.011977039277553558
25.0 0.12371176 0.1365112  0.86566085 0.5588964  0.011868209578096867
10.0 0.15774196 0.04413009 0.8246286  0.778191   0.011636120267212391
4.0 0.14508152 0.12770462 0.81568134 0.56051457 0.011396167799830437
41.0 0.15125275 0.06817344 0.8513776  0.7811998  0.011063939891755581
0.0 0.14688087 0.08146089 0.85603774 0.9970884  0.011058458127081394
8.0 0.22121477 0.         1.         0.6371989  0.010732357390224934
33.0 0.00721228 0.         1.         0.86468494 0.01047300361096859
23.0 0.14407149 0.10743198 0.83695483 0.58726716 0.010418514721095562
14.0 0.15774196 0.04413009 0.8246286  0.778191   0.010268650949001312
39.0 0.07246295 0.         0.8812715  0.5169805  0.009909491054713726
24.0 0.13913861 0.14476581 0.8526138  0.5548294  0.009878484532237053
17.0 0.26169816 0.         0.8148451  0.5286759  0.009845243766903877
15.0 0.13754079 0.13696398 0.84104514 0.55838656 0.00974338036030531
2.0 0.17262766 0.09327781 0.7909837  0.60331285 0.009623943828046322
26.0 0.15125275 0.06817344 0.8513776  0.7811998  0.009613042697310448
31.0 0.07246295 0.         0.8812715  0.5169805  0.009588331915438175
7.0 0.14688087 0.08146089 0.85603774 0.9970884  0.009464683011174202
0.0 0.8307403 0.8135077 1.        0.9919896 0.009258350357413292
32.0 0.1325011  0.         1.         0.93897104 0.009237545542418957
8.0 0.31586877 0.         0.7793257  0.49154615 0.008848613128066063
2.0 0.13021228 0.00509977 0.9273976  0.8714293  0.008793311193585396
35.0 0.11242875 0.03731832 0.8870733  0.9091803  0.008719556964933872
4.0 0. 0. 1. 1. 0.008688581176102161
14.0 0.14928603 0.59048796 0.74377966 0.99714303 0.008529555052518845
38.0 0.15774196 0.04413009 0.8246286  0.778191   0.008526482619345188
30.0 0.7899296  0.3561602  1.         0.99553144 0.008406583219766617
29.0 0.2085639  0.         0.86438143 0.605252   0.008235427550971508
22.0 0.07589972 0.00432619 0.9564289  0.8965657  0.008090456947684288
7.0 0.1471842  0.5212753  0.76063156 0.99061835 0.00796930119395256
32.0 0.17519906 0.13736781 0.71044683 0.57516253 0.007954590022563934
36.0 0.13410407 0.         1.         0.5680815  0.007882230915129185
0.0 0.7969959  0.68933165 1.         0.9920628  0.0077751269564032555
3.0 0.08862883 0.         0.91869706 1.         0.007749627809971571
0.0 0.7385138  0.80635375 0.99041235 0.9870842  0.007681960240006447
36.0 0.24222685 0.24372564 0.60030687 0.51136136 0.00757564976811409
19.0 0.1210503 0.        1.        1.        0.007552257739007473
2.0 0.00721228 0.         1.         0.86468494 0.0074042933993041515
35.0 0.05389613 0.         1.         0.65247536 0.007310542277991772
25.0 0.7899296  0.3561602  1.         0.99553144 0.007229371462017298
18.0 0.15125275 0.06817344 0.8513776  0.7811998  0.007225802633911371
32.0 0.1210503 0.        1.        1.        0.007122780662029982
12.0 0.16344449 0.00169879 0.95093083 1.         0.007097610738128424
9.0 0.        0.        1.        0.7735958 0.0070229764096438885
13.0 0.17067593 0.08065522 0.8023463  0.6284021  0.006996145471930504
8.0 0. 0. 1. 1. 0.006972076371312141
33.0 0.2159352  0.13970399 1.         0.9138633  0.006851295009255409
9.0 0.26169816 0.         0.8148451  0.5286759  0.0068367160856723785
38.0 0.72066337 0.82084686 0.9994957  1.         0.006725250743329525
8.0 0.194015   0.24140936 0.6643995  0.46644652 0.00669416319578886
39.0 0.00721228 0.         1.         0.86468494 0.006662237923592329
24.0 0.         0.80529445 0.33760697 1.         0.006657774094492197
24.0 0.11910012 0.12356767 0.8874335  0.98590004 0.006633711978793144
1.0 0.1210503 0.        1.        1.        0.006610828451812267
16.0 0.1210503 0.        1.        1.        0.006599833723157644
40.0 0.8221853  0.73721457 0.9943111  1.         0.006558241322636604
21.0 0.15125275 0.06817344 0.8513776  0.7811998  0.006487052422016859
6.0 0.26169816 0.         0.8148451  0.5286759  0.006483737844973803
3.0 0.21255325 0.15154307 0.6126613  0.5461149  0.006373981013894081
34.0 0.1681472 0.        0.9730128 0.7686147 0.006320372689515352
