0.0 0.49159646 0.30535227 0.6980877  0.4849512  0.3497108817100525
26.0 0.         0.10223398 0.74469    0.6156337  0.20114398002624512
34.0 0.01360574 0.10182293 0.7479447  0.5907637  0.18146879971027374
24.0 0.07701397 0.23359025 0.68166625 0.5130465  0.1400587111711502
37.0 0.47735515 0.25428092 0.7075929  0.49274933 0.13941042125225067
37.0 0.0076102  0.13852504 0.7565253  0.54653394 0.12223883718252182
30.0 0.4786256  0.25788885 0.70860773 0.49685055 0.10299237817525864
37.0 0.17486775 0.22971095 0.70276994 0.50918883 0.09283922612667084
28.0 0.         0.09779966 0.78546494 0.59296894 0.08842416107654572
24.0 0.01360574 0.10182293 0.7479447  0.5907637  0.08653133362531662
4.0 0.         0.13455929 0.7436348  0.5737949  0.0815519243478775
0.0 0.3650502  0.25676352 0.7084968  0.5052925  0.07537031918764114
34.0 0.17486775 0.22971095 0.70276994 0.50918883 0.06878776103258133
5.0 0.49357355 0.24655928 0.6989256  0.50183123 0.05661498382687569
19.0 0.04007345 0.16819651 0.7337261  0.5165774  0.055826056748628616
19.0 0.47735515 0.25428092 0.7075929  0.49274933 0.052282433956861496
15.0 0.4786256  0.25788885 0.70860773 0.49685055 0.048124417662620544
29.0 0.49357355 0.24655928 0.6989256  0.50183123 0.045487336814403534
32.0 0.0076102  0.13852504 0.7565253  0.54653394 0.04546705260872841
26.0 0.02482376 0.23798189 0.65426946 0.5102602  0.04412497207522392
31.0 0.49357355 0.24655928 0.6989256  0.50183123 0.043053243309259415
24.0 0.3891023  0.25738472 0.7067586  0.47487116 0.04273039102554321
25.0 0.49357355 0.24655928 0.6989256  0.50183123 0.04251329228281975
23.0 0.04007345 0.16819651 0.7337261  0.5165774  0.04127005487680435
4.0 0.         0.10427321 0.39805394 0.2318277  0.04000706598162651
28.0 0.49242043 0.25005612 0.6957387  0.49874237 0.03845714405179024
5.0 0.17486775 0.22971095 0.70276994 0.50918883 0.03733225166797638
34.0 0.47735515 0.25428092 0.7075929  0.49274933 0.03635754808783531
34.0 0.         0.10148166 0.43040836 0.23030876 0.03327673301100731
40.0 0.01577029 0.48107952 0.18842037 0.6738636  0.03298350051045418
23.0 0.49242043 0.25005612 0.6957387  0.49874237 0.030877036973834038
4.0 0.         0.05440408 0.69396496 0.29826444 0.02992139384150505
26.0 0.         0.10427321 0.39805394 0.2318277  0.028528882190585136
32.0 0.17486775 0.22971095 0.70276994 0.50918883 0.028390854597091675
24.0 0.         0.09781462 0.6991091  0.35583583 0.028309129178524017
35.0 0.49357355 0.24655928 0.6989256  0.50183123 0.028097521513700485
30.0 0.30997747 0.21828914 0.7091535  0.52366287 0.027879996225237846
34.0 0.         0.05440408 0.69396496 0.29826444 0.02736612781882286
15.0 0.50106966 0.34165496 0.6844959  0.47094452 0.026930293068289757
4.0 0.02573889 0.13710263 0.31366757 0.2009578  0.026468077674508095
28.0 0.17486775 0.22971095 0.70276994 0.50918883 0.02594095468521118
7.0 0.4786256  0.25788885 0.70860773 0.49685055 0.025908995419740677
13.0 0.4786256  0.25788885 0.70860773 0.49685055 0.02578119933605194
40.0 0.4786256  0.25788885 0.70860773 0.49685055 0.02539071999490261
18.0 0.4786256  0.25788885 0.70860773 0.49685055 0.025340067222714424
4.0 0.44351014 0.18649487 0.71471334 0.548122   0.025282075628638268
23.0 0.00497454 0.26025957 0.5559695  0.5507741  0.025155620649456978
24.0 0.03946646 0.0916748  0.51990837 0.20724231 0.02515239268541336
11.0 0.04708657 0.22555953 0.72112894 0.5719649  0.02503044344484806
33.0 0.01360574 0.10182293 0.7479447  0.5907637  0.02472527138888836
34.0 0.2975565  0.14332658 0.7264824  0.6702856  0.024424659088253975
32.0 0.47735515 0.25428092 0.7075929  0.49274933 0.02411758527159691
26.0 0.2975565  0.14332658 0.7264824  0.6702856  0.02402748167514801
19.0 0.30997747 0.21828914 0.7091535  0.52366287 0.023905841633677483
21.0 0.00644797 0.18460692 0.76063687 0.60573334 0.023148532956838608
9.0 0.8425582  0.0063125  1.         0.13744424 0.02312866598367691
30.0 0.03212771 0.         0.74816155 0.7518537  0.023024646565318108
23.0 0.2848961  0.09398344 0.72159743 0.61184466 0.02297331392765045
19.0 0.00497454 0.26025957 0.5559695  0.5507741  0.02289878949522972
4.0 0.01100457 0.2450068  0.5826661  0.5111415  0.02279900759458542
15.0 0.25490677 0.50374234 0.35465473 0.5426309  0.02277710661292076
5.0 0.0076102  0.13852504 0.7565253  0.54653394 0.022082818672060966
4.0 0.08622444 0.09351377 0.547824   0.20578726 0.0219101682305336
28.0 0.2975565  0.14332658 0.7264824  0.6702856  0.021820465102791786
34.0 0.00497454 0.26025957 0.5559695  0.5507741  0.021785428747534752
0.0 0.49472794 0.3511638  0.6564174  0.46228433 0.021245716139674187
28.0 0.         0.10148166 0.43040836 0.23030876 0.021176571026444435
16.0 0.49357355 0.24655928 0.6989256  0.50183123 0.02098342776298523
10.0 0.0076102  0.13852504 0.7565253  0.54653394 0.020860277116298676
26.0 0.         0.05440408 0.69396496 0.29826444 0.020837604999542236
0.0 0.0076102  0.13852504 0.7565253  0.54653394 0.02064119279384613
26.0 0.         0.24958707 0.42043078 0.5919496  0.02030862122774124
26.0 0.17651674 0.03964627 0.77518594 0.48786676 0.01965889148414135
4.0 0.03514419 0.12071851 0.3654582  0.17381093 0.019506463780999184
0.0 0.57267165 0.28080827 0.6865835  0.4721918  0.019184058532118797
30.0 0.04497877 0.14910293 0.7329582  0.5541689  0.01890229806303978
23.0 0.10248257 0.2911436  0.33122128 0.48142684 0.018807221204042435
18.0 0.5095384  0.34526208 0.68957436 0.46928725 0.018393350765109062
31.0 0.02454878 0.49704576 0.14566678 0.6690644  0.018320057541131973
2.0 0.4786256  0.25788885 0.70860773 0.49685055 0.01831073872745037
24.0 0.         0.17372912 0.54014826 0.46309447 0.018228141590952873
5.0 0.5095384  0.34526208 0.68957436 0.46928725 0.017938703298568726
26.0 0.         0.         0.8224043  0.50122297 0.017697636038064957
15.0 0.17486775 0.22971095 0.70276994 0.50918883 0.01752365566790104
24.0 0.00388867 0.24807493 0.47111398 0.5819043  0.017385095357894897
23.0 0.24801639 0.29593256 0.36950174 0.3980811  0.01738003082573414
19.0 0.         0.07298779 0.7642807  0.6982682  0.017335183918476105
24.0 0.284448   0.13601686 0.83976233 0.49847525 0.017226139083504677
34.0 0.00268412 0.18023057 0.62418276 0.43723792 0.017152946442365646
24.0 0.46630335 0.24476069 0.6967915  0.41015226 0.017097165808081627
34.0 0.08622444 0.09351377 0.547824   0.20578726 0.016982540488243103
32.0 0.24526307 0.11540209 0.40173164 0.19319163 0.016626037657260895
21.0 0.         0.10427321 0.39805394 0.2318277  0.01640838012099266
29.0 0.01984552 0.50904244 0.15617296 0.66633266 0.016290171071887016
26.0 0.01289916 0.28222352 0.6780136  0.71703345 0.01628575474023819
24.0 0.23058975 0.1150337  0.3890596  0.19186209 0.01603260636329651
34.0 0.06006703 0.29199657 0.72620463 0.708537   0.015838783234357834
24.0 0.03089844 0.12729235 0.17932333 0.19810353 0.015823261812329292
7.0 0.5095384  0.34526208 0.68957436 0.46928725 0.01577548310160637
1.0 0.         0.13455929 0.7436348  0.5737949  0.015709038823843002
