39.0 0.014763   0.20495981 0.9734176  1.         0.23269395530223846
5.0 0.05747172 0.10663891 0.98567736 1.         0.21511241793632507
41.0 0.06553388 0.14959228 0.99084115 1.         0.14955639839172363
21.0 0.04664838 0.13757902 0.8199251  1.         0.1417345255613327
15.0 0.2656221  0.8946478  0.40869567 1.         0.06844690442085266
32.0 0.         0.6054369  0.60108435 1.         0.06663913279771805
10.0 0.24112847 0.         0.9807348  0.97781503 0.06575343757867813
35.0 0.2381293 0.8952717 0.4098087 0.9965125 0.05655338987708092
20.0 0.3053153  0.00423245 0.9607879  0.24278146 0.05420322343707085
27.0 0.00396276 0.25305024 0.9733832  1.         0.05347692221403122
20.0 0.        0.5702877 0.6134239 1.        0.0428520143032074
25.0 0.08569396 0.16651914 0.99608696 1.         0.04224295914173126
40.0 0.         0.6054369  0.60108435 1.         0.04028772562742233
29.0 0.01164073 0.15401188 0.968854   1.         0.0385894849896431
21.0 0.        0.4011884 1.        1.        0.03654821217060089
21.0 0.00886836 0.39589852 0.13192926 0.8080767  0.03547665476799011
2.0 0.2381293 0.8952717 0.4098087 0.9965125 0.03444501757621765
28.0 0.04664838 0.13757902 0.8199251  1.         0.03407229110598564
20.0 0.00851622 0.29991692 0.91190743 1.         0.03227164223790169
5.0 0.05584049 0.51839626 0.61226916 1.         0.030096059665083885
31.0 0.2742492  0.89140916 0.40462887 1.         0.029905296862125397
29.0 0.        0.5702877 0.6134239 1.        0.029766732826828957
21.0 0.39614302 0.         0.9657672  1.         0.029563555493950844
27.0 0.3874995  0.00575957 0.97437555 0.31201273 0.029265863820910454
16.0 0.2684205 0.8954833 0.4026375 1.        0.028249142691493034
10.0 0.55662614 0.         0.98019713 0.8465617  0.027933869510889053
25.0 0.61504376 0.02475891 0.9716077  0.9100007  0.027471352368593216
5.0 0.37547854 0.         0.95833683 0.8414552  0.027446473017334938
12.0 0.05931267 0.12141922 0.9359386  1.         0.026978684589266777
34.0 0.03258118 0.14785603 0.9584515  1.         0.026387786492705345
10.0 0.         0.32058597 1.         1.         0.026125719770789146
27.0 0.45536858 0.         0.9752237  1.         0.025782262906432152
39.0 0.3047206  0.         0.97327256 0.8797575  0.023843850940465927
27.0 0.62457335 0.002536   0.9781215  0.7865667  0.02375834248960018
21.0 0.11567622 0.4867626  0.91743344 0.95223856 0.023546157404780388
27.0 0.         0.01138061 1.         1.         0.023279432207345963
38.0 0.7044907  0.8222754  1.         0.99812603 0.022819759324193
10.0 0.053709   0.18909991 0.6817689  1.         0.0219182837754488
39.0 0.11567622 0.4867626  0.91743344 0.95223856 0.021911583840847015
21.0 0.01046789 0.2467568  0.13814679 0.6622651  0.021579457446932793
30.0 0.04664838 0.13757902 0.8199251  1.         0.019702212885022163
32.0 0.26633024 0.8963848  0.40328187 1.         0.019645782187581062
21.0 0.00425208 0.05133513 0.20801371 0.907825   0.01944277435541153
26.0 0.04664838 0.13757902 0.8199251  1.         0.01938163861632347
21.0 0.00954671 0.09506397 0.14152445 0.48918843 0.01927523873746395
27.0 0.7479765  0.01286364 0.9751757  0.3660704  0.019174469634890556
41.0 0.45536858 0.         0.9752237  1.         0.018842119723558426
41.0 0.273789   0.39121532 1.         1.         0.018673904240131378
7.0 0.24112847 0.         0.9807348  0.97781503 0.018440110608935356
14.0 0.2851076  0.00296038 0.90143645 0.22766107 0.01836594194173813
40.0 0.25555927 0.89586246 0.39991653 1.         0.018253453075885773
39.0 0.10097194 0.         1.         1.         0.017643455415964127
21.0 0.01605217 0.19129765 0.41505992 0.9972584  0.017482712864875793
39.0 0.         0.45337003 0.890635   1.         0.01741844415664673
39.0 0.35431984 0.22574234 1.         1.         0.01734483614563942
20.0 0.05021268 0.         0.9931347  0.8105614  0.017183037474751472
27.0 0.6677965  0.00385273 0.9932411  0.22030622 0.01704159379005432
41.0 0.0145314  0.4772038  0.85080147 1.         0.016981448978185654
1.0 0.        0.5702877 0.6134239 1.        0.01695174351334572
0.0 0.26633024 0.8963848  0.40328187 1.         0.016868669539690018
22.0 0.04518566 0.4694806  0.93087494 1.         0.01666448637843132
21.0 0. 0. 1. 1. 0.016406357288360596
5.0 0.         0.19623834 0.919237   1.         0.01611812599003315
24.0 0.2684205 0.8954833 0.4026375 1.        0.015480048023164272
21.0 0.0026249 0.5245271 0.6006887 0.9914497 0.015335561707615852
7.0 0.        0.5702877 0.6134239 1.        0.015223367139697075
38.0 0.37113446 0.0077576  0.98310333 0.26610756 0.015026310458779335
27.0 0.07423198 0.5041359  0.8227232  0.9718347  0.014992163516581059
25.0 0.73112714 0.         0.9941684  0.6847148  0.014964381232857704
16.0 0.05931267 0.12141922 0.9359386  1.         0.01426487322896719
10.0 0.07423198 0.5041359  0.8227232  0.9718347  0.014198464341461658
24.0 0.         0.5556541  0.61781883 1.         0.014054888859391212
16.0 0.62457335 0.002536   0.9781215  0.7865667  0.013801262713968754
27.0 0.273789   0.39121532 1.         1.         0.013721345923841
41.0 0.04895639 0.03059971 1.         1.         0.013547242619097233
34.0 0.00512191 0.23098007 0.21250054 0.98361945 0.01331313420087099
26.0 0.02905339 0.3440955  0.3283488  1.         0.01321483589708805
34.0 0.0026249 0.5245271 0.6006887 0.9914497 0.01317814365029335
41.0 0.3874995  0.00575957 0.97437555 0.31201273 0.013047252781689167
38.0 0.76447123 0.         0.99708754 0.55808425 0.01295284740626812
20.0 0.         0.45337003 0.890635   1.         0.012930919416248798
21.0 0.         0.19199395 1.         1.         0.01290462352335453
17.0 0.2381293 0.8952717 0.4098087 0.9965125 0.012885908596217632
22.0 0.17662477 0.01155055 0.98462653 1.         0.012840843759477139
27.0 0.36317062 0.067278   0.98689055 0.52488446 0.012770756147801876
29.0 0.30942693 0.00159097 0.9896283  0.8012639  0.012762329541146755
39.0 0.62457335 0.002536   0.9781215  0.7865667  0.012716695666313171
5.0 0.5586355  0.03879738 1.         0.6492249  0.01209404319524765
28.0 0.        0.4011884 1.        1.        0.01197989471256733
34.0 0.02905339 0.3440955  0.3283488  1.         0.011780201457440853
5.0 0.1305362  0.30489817 0.82101846 0.9049928  0.011751770041882992
5.0 0.273789   0.39121532 1.         1.         0.0116751529276371
33.0 0.03258118 0.14785603 0.9584515  1.         0.011640282347798347
41.0 0.62457335 0.002536   0.9781215  0.7865667  0.011580697260797024
7.0 0.3874995  0.00575957 0.97437555 0.31201273 0.01151655986905098
25.0 0.6832844  0.08048137 1.         0.5353316  0.011414732784032822
28.0 0.0026249 0.5245271 0.6006887 0.9914497 0.011395641602575779
26.0 0.00512191 0.23098007 0.21250054 0.98361945 0.011181282810866833
41.0 0.         0.33652565 0.83566284 1.         0.0111369164660573
39.0 0.28972417 0.30460414 0.8022594  0.98457265 0.010786841623485088
