27.0 0.5066531 0.7318805 0.7680613 0.9404536 0.24492108821868896
10.0 0.46218202 0.         0.975647   0.90602773 0.2287268340587616
16.0 0.50483024 0.7294168  0.7660961  0.9403879  0.1814076155424118
25.0 4.4825011e-01 2.8999150e-04 7.2441310e-01 2.0973392e-01 0.14925548434257507
0.0 0.44414437 0.00691631 0.7999207  0.21141218 0.14814326167106628
31.0 4.4825011e-01 2.8999150e-04 7.2441310e-01 2.0973392e-01 0.14643117785453796
5.0 0.43874905 0.03076825 0.9829632  0.2823815  0.13446855545043945
16.0 0.4374147  0.00614531 0.809532   0.21495572 0.11891979724168777
25.0 0.37262636 0.         1.         0.97937846 0.1172921359539032
5.0 0.45966768 0.00394654 0.983971   0.9022184  0.09744884818792343
7.0 0.50483024 0.7294168  0.7660961  0.9403879  0.07922768592834473
41.0 0.44630495 0.         0.976979   0.89220095 0.07831437885761261
21.0 0.46218202 0.         0.975647   0.90602773 0.0706331878900528
27.0 0.5473648  0.72059983 0.9806258  0.9870679  0.06857986003160477
27.0 0.45704237 0.         0.99161744 0.92015064 0.06417831778526306
5.0 0.50483024 0.7294168  0.7660961  0.9403879  0.06135169044137001
0.0 0.43874905 0.03076825 0.9829632  0.2823815  0.058950770646333694
25.0 0.4260224  0.02498284 0.97065556 0.4553884  0.05767136812210083
7.0 0.45966768 0.00394654 0.983971   0.9022184  0.057365532964468
38.0 0.44414437 0.00691631 0.7999207  0.21141218 0.05267399922013283
5.0 0.7235202  0.7605878  0.9110269  0.83848643 0.0521814301609993
25.0 0.42670527 0.02205539 0.9651967  0.24221453 0.04989893361926079
38.0 0.50378937 0.73317033 0.783256   0.9396817  0.049594420939683914
25.0 0.50488913 0.72939    0.77181983 0.94343233 0.0493561215698719
16.0 0.43874905 0.03076825 0.9829632  0.2823815  0.04853625223040581
38.0 0.5638561  0.74221873 0.9982327  1.         0.04784584790468216
16.0 0.50664204 0.6804887  0.87784284 0.9945241  0.04732782766222954
18.0 0.4524482  0.00779999 0.7692123  0.21478945 0.043779704719781876
39.0 0.46218202 0.         0.975647   0.90602773 0.043001603335142136
15.0 0.50119007 0.7135029  0.78447366 0.9505304  0.03874994069337845
27.0 0.3794883  0.6982714  0.77468914 0.9779917  0.03847324848175049
41.0 0.50672966 0.73352426 0.77149457 0.94079596 0.0353049673140049
0.0 0.45920068 0.00220525 0.9737665  0.84102505 0.03414343670010567
2.0 0.4524482  0.00779999 0.7692123  0.21478945 0.03296691179275513
16.0 0.45920068 0.00220525 0.9737665  0.84102505 0.03284590691328049
15.0 0.44414437 0.00691631 0.7999207  0.21141218 0.032820649445056915
17.0 0.44414437 0.00691631 0.7999207  0.21141218 0.03235921636223793
25.0 0.6340005  0.04200786 1.         0.8375824  0.030755585059523582
27.0 0.49608225 0.6398619  0.8970793  0.9354772  0.030652185901999474
38.0 0.45920068 0.00220525 0.9737665  0.84102505 0.028669608756899834
27.0 0.7209861 0.7909556 1.        1.        0.028020303696393967
17.0 0.51775676 0.7346603  0.85586065 0.95168    0.027603335678577423
0.0 0.31560275 0.         0.8993918  0.29429018 0.027216283604502678
5.0 0.4374147  0.00614531 0.809532   0.21495572 0.027200771495699883
30.0 4.4825011e-01 2.8999150e-04 7.2441310e-01 2.0973392e-01 0.026593293994665146
7.0 0.34054518 0.02782048 0.9295702  0.33583033 0.02577454224228859
25.0 0.5724839  0.08554207 1.         0.53690714 0.025560997426509857
13.0 0.12504162 0.01710612 0.1852266  0.1192194  0.02522801049053669
42.0 0.44801134 0.         0.99544543 0.8930184  0.024754051119089127
5.0 0.5473648  0.72059983 0.9806258  0.9870679  0.023610569536685944
16.0 0.43350428 0.         0.6989967  0.17970689 0.023541098460555077
25.0 0.46986413 0.         0.82713664 0.26508206 0.023472804576158524
28.0 0.4376789 0.        0.979988  0.8468921 0.02326153591275215
27.0 0.5271765  0.77440804 0.7410015  0.8982299  0.023255320265889168
15.0 0.43874905 0.03076825 0.9829632  0.2823815  0.02279118448495865
41.0 0.7244847  0.7623751  0.90910983 0.84254444 0.02270197682082653
21.0 0.42670527 0.02205539 0.9651967  0.24221453 0.022152913734316826
40.0 0.4374147  0.00614531 0.809532   0.21495572 0.022104064002633095
38.0 0.40464586 0.02628629 0.963895   0.3782307  0.022013427689671516
0.0 0.50378937 0.73317033 0.783256   0.9396817  0.02183273620903492
10.0 0.3670571 0.        1.        1.        0.02140500582754612
39.0 0.50334543 0.73531616 0.7769044  0.9423814  0.021388961002230644
20.0 0.5052024  0.7294485  0.77437675 0.9387929  0.021167416125535965
34.0 0.43874905 0.03076825 0.9829632  0.2823815  0.021081607788801193
38.0 0.3794883  0.6982714  0.77468914 0.9779917  0.020990269258618355
27.0 0.44697812 0.03190145 1.         0.31952402 0.02095085196197033
42.0 0.50378937 0.73317033 0.783256   0.9396817  0.02071705088019371
16.0 0.3794883  0.6982714  0.77468914 0.9779917  0.02025412768125534
27.0 0.70517725 0.00444994 1.         0.12842312 0.01988436095416546
29.0 0.40773633 0.         0.9840827  0.710186   0.019434697926044464
8.0 0.12914504 0.87824625 0.45157677 1.         0.019390376284718513
38.0 0.0617117  0.6313573  0.48999187 0.97452056 0.019365910440683365
41.0 0.48221043 0.08334553 1.         1.         0.01932273618876934
7.0 0.44215977 0.02064593 0.85474956 0.20769204 0.019179994240403175
6.0 0.01127252 0.         0.14283556 0.09033179 0.01906837895512581
25.0 0.14539677 0.         1.         0.932111   0.019064314663410187
18.0 0.42670527 0.02205539 0.9651967  0.24221453 0.018936414271593094
27.0 0.5038643  0.37581998 0.9088479  1.         0.018893899396061897
17.0 0.43874905 0.03076825 0.9829632  0.2823815  0.018560849130153656
30.0 0.44255793 0.         0.9566755  0.62813854 0.01842374913394451
38.0 0.7209861 0.7909556 1.        1.        0.018372343853116035
16.0 0.11332783 0.631868   0.48624662 0.98057675 0.018102161586284637
5.0 0.3670571 0.        1.        1.        0.01808224804699421
24.0 0.42670527 0.02205539 0.9651967  0.24221453 0.018070613965392113
27.0 0.22318265 0.6735648  0.6755123  0.99629843 0.017943089827895164
38.0 0.15967123 0.6475187  0.45109892 0.8597067  0.017891202121973038
5.0 0.3794883  0.6982714  0.77468914 0.9779917  0.017767537385225296
27.0 0.09106022 0.63049465 0.5061715  0.97796124 0.01741589605808258
29.0 0.4473403  0.00526879 0.7598316  0.20620811 0.017311641946434975
25.0 0.29598397 0.         0.7685769  0.24014564 0.015950579196214676
41.0 0.23233098 0.         1.         1.         0.01581769436597824
0.0 0.33702075 0.01895316 1.         0.4671064  0.015770040452480316
5.0 0.47329843 0.01513694 1.         0.48691648 0.015669789165258408
42.0 0.40464586 0.02628629 0.963895   0.3782307  0.015606793574988842
18.0 0.4260224  0.02498284 0.97065556 0.4553884  0.015538330189883709
28.0 0.        0.        0.8308145 0.8826313 0.014972930774092674
38.0 0.5009613  0.7019435  0.81821966 1.         0.014949213713407516
41.0 0.49596384 0.         1.         0.8269979  0.014938234351575375
4.0 0.35360414 0.         0.9046461  0.56899524 0.014758065342903137
16.0 0.64587355 0.         1.         0.751291   0.014723854139447212
