0.0 0.21412158 0.17187506 0.9132875  0.72741246 0.4413225054740906
37.0 0.22096509 0.15246335 0.9120596  0.7308599  0.2132592648267746
0.0 0.29248375 0.37585586 0.95365804 0.8229881  0.1329919695854187
5.0 0.20611823 0.17517695 0.93972576 0.74030507 0.10451476275920868
7.0 0.21412158 0.17187506 0.9132875  0.72741246 0.0850120410323143
15.0 0.24200085 0.28941432 0.9589925  0.71691155 0.07392982393503189
5.0 0.44978625 0.40881315 0.9664449  0.73184633 0.06453531235456467
24.0 0.42972308 0.3802457  0.95859224 0.7408873  0.06409317255020142
40.0 0.22228248 0.2136081  0.66405785 0.6435073  0.061714258044958115
29.0 0.21360931 0.0769968  1.         0.81000257 0.06065373867750168
18.0 0.24200085 0.28941432 0.9589925  0.71691155 0.056458283215761185
0.0 0.20389456 0.24084751 0.70888966 0.60751635 0.056308235973119736
28.0 0.21659085 0.08678064 0.92236793 0.73048043 0.051380764693021774
34.0 0.24200085 0.28941432 0.9589925  0.71691155 0.04849979653954506
24.0 0.20611823 0.17517695 0.93972576 0.74030507 0.04790383204817772
7.0 0.22228248 0.2136081  0.66405785 0.6435073  0.04777820408344269
34.0 0.18768257 0.1651851  1.         0.9583584  0.045531559735536575
40.0 0.22096509 0.15246335 0.9120596  0.7308599  0.04517555609345436
37.0 0.14120641 0.09994787 1.         1.         0.044151272624731064
37.0 0.39301696 0.31254172 0.9157245  0.8607315  0.04272279888391495
32.0 0.22228248 0.2136081  0.66405785 0.6435073  0.03899756446480751
15.0 0.4789102  0.45114738 0.9577069  0.71938413 0.038890670984983444
0.0 0.30726498 0.52570677 0.9430601  1.         0.0377347394824028
24.0 0.51767063 0.49126434 0.9504354  0.6975075  0.03338420018553734
13.0 0.21412158 0.17187506 0.9132875  0.72741246 0.033300600945949554
14.0 0.22169942 0.21324448 0.65597767 0.621112   0.03244957700371742
0.0 0.27116933 0.2159504  1.         0.94542646 0.030996734276413918
26.0 0.21659085 0.08678064 0.92236793 0.73048043 0.030657345429062843
10.0 0.219062   0.1995163  0.9031515  0.70814115 0.03028334304690361
24.0 0.5914931 0.5608544 0.9232836 0.7181726 0.029020817950367928
24.0 0.4521077  0.49147764 0.96069586 0.88782644 0.02829134650528431
4.0 0.20866874 0.18193355 0.97213745 0.7559583  0.027850870043039322
0.0 0.4789102  0.45114738 0.9577069  0.71938413 0.027526337653398514
0.0 0.4091662  0.286511   0.97517765 0.67758405 0.02697575092315674
24.0 0.22228248 0.2136081  0.66405785 0.6435073  0.026752330362796783
31.0 0.22571436 0.20289767 0.85098064 0.6866452  0.025643134489655495
30.0 0.21748427 0.12066913 1.         0.7326457  0.024871790781617165
0.0 0.6232321  0.15613624 1.         0.6951966  0.02432985045015812
24.0 0.14120641 0.09994787 1.         1.         0.024221310392022133
37.0 0.44978625 0.40881315 0.9664449  0.73184633 0.024152051657438278
37.0 0.2257103  0.19745454 0.6600839  0.6567235  0.02400469221174717
30.0 0.51840657 0.22055024 0.9532042  0.7386727  0.023675017058849335
0.0 0.14612639 0.38062966 1.         1.         0.023672690615057945
7.0 0.39301696 0.31254172 0.9157245  0.8607315  0.023029860109090805
25.0 0.8029687  0.         1.         0.54382914 0.021482130512595177
29.0 0.3515917 0.        1.        0.9708023 0.021185752004384995
1.0 0.22212267 0.17446041 0.8802402  0.7127497  0.020719381049275398
32.0 0.2239508  0.10410425 0.90234727 0.71498775 0.02067490480840206
0.0 0.4391344  0.         0.97818935 0.7475704  0.02059897594153881
23.0 0.22571436 0.20289767 0.85098064 0.6866452  0.020382069051265717
34.0 0.44978625 0.40881315 0.9664449  0.73184633 0.02024376392364502
5.0 0.5336864 0.5208594 0.9448167 0.7224893 0.020213361829519272
28.0 0.14757973 0.32427615 0.97380334 0.8368601  0.02005987986922264
18.0 0.20577519 0.22050044 0.70577294 0.6263938  0.019176675006747246
15.0 0.21044682 0.21010031 0.69112444 0.66084796 0.01861632615327835
41.0 0.22724408 0.04797614 0.9109408  0.7828132  0.017962122336030006
35.0 0.34378123 0.20156756 0.92171836 0.77258503 0.017941666767001152
24.0 0.70603585 0.6217159  0.9230163  0.6980126  0.017656268551945686
7.0 0.24455673 0.24884477 0.6197124  0.48001632 0.017385656014084816
16.0 0.22571436 0.20289767 0.85098064 0.6866452  0.017385218292474747
29.0 0.24075666 0.19194518 0.8248879  0.68557316 0.017354020848870277
11.0 0.22169942 0.21324448 0.65597767 0.621112   0.01653216779232025
0.0 0.5089791 0.6744392 0.9941516 1.        0.01623750850558281
30.0 0.2664472  0.24079244 0.76459074 0.64670783 0.01611107401549816
5.0 0.27116933 0.2159504  1.         0.94542646 0.016018958762288094
29.0 0.04512313 0.         0.9771342  0.6634842  0.01577761396765709
31.0 0.8263359  0.         0.9913404  0.33606893 0.015568036586046219
20.0 0.22169942 0.21324448 0.65597767 0.621112   0.015354610048234463
15.0 0.1870783  0.00856709 1.         1.         0.015210883691906929
25.0 0.315248   0.23477001 1.         0.6698348  0.014776677824556828
19.0 0.24200085 0.28941432 0.9589925  0.71691155 0.014639340341091156
28.0 0.2664472  0.24079244 0.76459074 0.64670783 0.014551440253853798
34.0 0.06471813 0.3635782  1.         1.         0.014411965385079384
34.0 0.1482296  0.4167711  0.88765085 0.8223743  0.013788152486085892
31.0 0.7012446  0.09713343 1.         0.7305473  0.013720454648137093
33.0 0.2239508  0.10410425 0.90234727 0.71498775 0.01352486852556467
1.0 0.21166076 0.22197649 0.6588914  0.6051061  0.013395572081208229
29.0 0.21998942 0.         1.         0.77470607 0.013338049873709679
35.0 0.22240534 0.01224795 0.9890623  0.9049096  0.013332189060747623
15.0 0.21637005 0.03583136 0.84728056 0.7984085  0.01329878531396389
11.0 0.22601834 0.06310427 0.92472315 0.8039672  0.013256336562335491
0.0 0.5594588  0.456034   1.         0.86077076 0.013010602444410324
28.0 0.27116933 0.2159504  1.         0.94542646 0.012788249179720879
37.0 0.27261722 0.42358515 1.         1.         0.012503739446401596
12.0 0.21659085 0.08678064 0.92236793 0.73048043 0.012361089698970318
38.0 7.53596961e-01 1.08242035e-04 1.00000000e+00 2.00390205e-01 0.012348666787147522
28.0 0.50114447 0.2228938  0.96775883 0.80246425 0.012106703594326973
38.0 0.20389456 0.24084751 0.70888966 0.60751635 0.011990069411695004
37.0 0.5503567  0.03197452 0.9654711  0.6959337  0.011958704330027103
26.0 0.03866199 0.         0.6851721  0.21739955 0.011845304630696774
30.0 0.53707415 0.         1.         0.8793666  0.011830221861600876
25.0 0.7012446  0.09713343 1.         0.7305473  0.011743149720132351
15.0 0.5916633  0.54029065 0.9650436  0.72731334 0.011681030504405499
42.0 0.22724408 0.04797614 0.9109408  0.7828132  0.011649512685835361
2.0 0.23734719 0.16108316 0.7570562  0.72266257 0.011456305161118507
34.0 0.21065539 0.12287992 0.6417995  0.7511538  0.011402697302401066
16.0 0.55096483 0.21628669 1.         0.63540196 0.011330956593155861
28.0 0.7012446  0.09713343 1.         0.7305473  0.01125607080757618
26.0 0.2664472  0.24079244 0.76459074 0.64670783 0.0111460005864501
10.0 0.27116933 0.2159504  1.         0.94542646 0.011088095605373383
