0.0 0.43473658 0.38174382 0.98826873 0.89299715 0.26434779167175293
40.0 0.4640942  0.41341382 0.6455155  0.6351066  0.2230728715658188
13.0 0.4671809  0.41835523 0.62630075 0.6328435  0.16127419471740723
23.0 0.46546537 0.41671154 0.63897794 0.6327411  0.1389170140028
7.0 0.44857225 0.37495962 0.9846704  0.7915746  0.12563787400722504
1.0 0.4582514  0.41711807 0.6587344  0.641503   0.10185970366001129
40.0 0.44857225 0.37495962 0.9846704  0.7915746  0.09080406278371811
37.0 0.46693218 0.4174988  0.626552   0.63256574 0.0901222974061966
0.0 0.46083733 0.42228678 0.68532    0.6378205  0.08255215734243393
29.0 0.4671809  0.41835523 0.62630075 0.6328435  0.07898590713739395
32.0 0.46551555 0.4178178  0.6300556  0.6378379  0.07701221853494644
5.0 0.4555913  0.16676942 0.9538636  0.81698453 0.06525204330682755
0.0 0.55626184 0.5533889  1.         0.9407305  0.060469530522823334
37.0 0.45404774 0.34808573 0.96799546 0.91772485 0.059332914650440216
18.0 0.45059425 0.38346684 0.9983011  0.9051331  0.058645255863666534
37.0 0.45514017 0.41743577 0.78751725 0.6438664  0.05143553763628006
0.0 0.45878488 0.4018879  0.89887685 0.6524886  0.05003327503800392
15.0 0.44774306 0.31647494 0.98178244 0.95170844 0.04595628380775452
29.0 0.46886396 0.30873618 0.9626882  0.8299452  0.04301167279481888
0.0 0.58809114 0.38916916 1.         0.76173156 0.04167468100786209
38.0 0.44857225 0.37495962 0.9846704  0.7915746  0.041481662541627884
35.0 0.4672441  0.41909048 0.6199176  0.63272154 0.04123121500015259
10.0 0.4531974  0.40378892 0.9824649  0.7666187  0.04071691259741783
28.0 0.42165652 0.09642795 0.9947009  0.899624   0.038318932056427
7.0 0.42165652 0.09642795 0.9947009  0.899624   0.037898510694503784
31.0 0.46801147 0.41825864 0.6176882  0.63122636 0.03553665801882744
19.0 0.47128966 0.41922247 0.6239289  0.63840795 0.034123003482818604
14.0 0.47026965 0.3466419  1.         0.94049525 0.03396736457943916
16.0 0.44857225 0.37495962 0.9846704  0.7915746  0.032142750918865204
15.0 0.46693218 0.4174988  0.626552   0.63256574 0.03165329992771149
18.0 0.4582514  0.41711807 0.6587344  0.641503   0.031073588877916336
32.0 0.44857225 0.37495962 0.9846704  0.7915746  0.030920514836907387
18.0 0.63094926 0.6141404  1.         1.         0.030875589698553085
28.0 0.46017793 0.40275192 0.6476751  0.6602825  0.029576219618320465
40.0 0.42782968 0.3778441  0.70952827 0.68749154 0.029567722231149673
41.0 0.00118631 0.24642728 0.33265468 0.7255598  0.028352051973342896
4.0 0.46017793 0.40275192 0.6476751  0.6602825  0.025447605177760124
28.0 0.44199607 0.38211864 0.9116061  0.6783199  0.024235617369413376
40.0 0.45790046 0.18578094 1.         0.9706219  0.023423369973897934
41.0 0.42165652 0.09642795 0.9947009  0.899624   0.023155255243182182
14.0 0.4582514  0.41711807 0.6587344  0.641503   0.023153776302933693
13.0 0.4531974  0.40378892 0.9824649  0.7666187  0.02299274131655693
24.0 0.44199607 0.38211864 0.9116061  0.6783199  0.02272164076566696
0.0 0.6438203  0.6880535  0.94744134 0.90657866 0.022672098129987717
32.0 0.4639781  0.43367958 0.5972211  0.56533444 0.022507522255182266
31.0 0.45404774 0.34808573 0.96799546 0.91772485 0.021725483238697052
18.0 0.45878488 0.4018879  0.89887685 0.6524886  0.021698085591197014
1.0 0.4531974  0.40378892 0.9824649  0.7666187  0.021546756848692894
15.0 0.45884728 0.41440636 0.9463761  0.7450834  0.02139895036816597
18.0 0.58809114 0.38916916 1.         0.76173156 0.02085118182003498
13.0 0.45514017 0.41743577 0.78751725 0.6438664  0.020670203492045403
5.0 0.44199607 0.38211864 0.9116061  0.6783199  0.02052225172519684
36.0 0.47026965 0.3466419  1.         0.94049525 0.020332809537649155
23.0 0.4639781  0.43367958 0.5972211  0.56533444 0.020315876230597496
42.0 0.47026965 0.3466419  1.         0.94049525 0.020075445994734764
24.0 0.45893198 0.4263195  0.75980204 0.6305884  0.019958170130848885
26.0 0.4582514  0.41711807 0.6587344  0.641503   0.019954795017838478
7.0 0.62905544 0.3548133  1.         0.98351574 0.01981360651552677
0.0 0.42431384 0.24953835 1.         0.7189447  0.01965406723320484
2.0 0.46017793 0.40275192 0.6476751  0.6602825  0.019403399899601936
0.0 0.5410613  0.41448894 1.         1.         0.019315378740429878
40.0 0.4639781  0.43367958 0.5972211  0.56533444 0.019282374531030655
33.0 0.47304255 0.4168015  0.61408883 0.6349413  0.01912013627588749
7.0 0.45878488 0.4018879  0.89887685 0.6524886  0.019025079905986786
8.0 0.47304255 0.4168015  0.61408883 0.6349413  0.01879958063364029
11.0 0.42812735 0.19054142 1.         0.93942714 0.01865917444229126
40.0 0.5759976  0.53105825 0.9920087  0.9645682  0.018612675368785858
35.0 0.45404774 0.34808573 0.96799546 0.91772485 0.01838737539947033
23.0 0.42782968 0.3778441  0.70952827 0.68749154 0.018040765076875687
38.0 0.42165652 0.09642795 0.9947009  0.899624   0.018010077998042107
40.0 0.45878488 0.4018879  0.89887685 0.6524886  0.017803272232413292
38.0 0.57725817 0.4602574  1.         0.8687414  0.017769359052181244
10.0 0.42165652 0.09642795 0.9947009  0.899624   0.017606113106012344
0.0 0.2311709  0.49130428 0.971105   1.         0.01728448085486889
2.0 0.46886396 0.30873618 0.9626882  0.8299452  0.0171804279088974
20.0 0.02592978 0.5162588  0.216811   0.69677156 0.01696676015853882
13.0 0.4639781  0.43367958 0.5972211  0.56533444 0.016915207728743553
7.0 0.46083733 0.42228678 0.68532    0.6378205  0.016879981383681297
39.0 0.00118631 0.24642728 0.33265468 0.7255598  0.016728421673178673
34.0 0.46017793 0.40275192 0.6476751  0.6602825  0.016508733853697777
24.0 0.42812735 0.19054142 1.         0.93942714 0.01615050993859768
37.0 0.4639781  0.43367958 0.5972211  0.56533444 0.016117772087454796
20.0 0.42165652 0.09642795 0.9947009  0.899624   0.01601770520210266
24.0 0.4672441  0.41909048 0.6199176  0.63272154 0.015605214051902294
41.0 0.44857225 0.37495962 0.9846704  0.7915746  0.015501209534704685
10.0 0.4582514  0.41711807 0.6587344  0.641503   0.01532305870205164
23.0 0.46886396 0.30873618 0.9626882  0.8299452  0.015292116440832615
34.0 0.4531974  0.40378892 0.9824649  0.7666187  0.015141071751713753
27.0 0.05800779 0.5338883  0.18472548 0.62257    0.014948292635381222
15.0 0.458077   0.40130126 0.78018147 0.6562761  0.014939448796212673
9.0 0.46017793 0.40275192 0.6476751  0.6602825  0.014738810248672962
30.0 0.4582514  0.41711807 0.6587344  0.641503   0.01467225607484579
39.0 0.02592978 0.5162588  0.216811   0.69677156 0.01456119492650032
41.0 0.0290461  0.44409117 0.27721864 0.7084912  0.014539103955030441
33.0 0.44857225 0.37495962 0.9846704  0.7915746  0.014531767927110195
32.0 0.45514017 0.41743577 0.78751725 0.6438664  0.014409554190933704
40.0 0.6427948  0.68767196 0.8167879  0.8718416  0.014208219014108181
20.0 0.44857225 0.37495962 0.9846704  0.7915746  0.014191525988280773
31.0 0.64224416 0.6835303  0.8177565  0.874013   0.014183595776557922
21.0 0.02561255 0.07511839 0.30451715 0.7468463  0.014144930057227612
