29.0 0.18309066 0.07214919 0.8744688  0.87125933 0.572769820690155
29.0 0.24002972 0.09842199 0.63249815 0.79770243 0.21033518016338348
28.0 0.18309066 0.07214919 0.8744688  0.87125933 0.17074957489967346
40.0 0.76614255 0.20109439 0.9885538  0.8531587  0.13220329582691193
1.0 0.19113651 0.048518   0.9600936  0.8905632  0.1108962818980217
29.0 0.24241477 0.         1.         0.97910345 0.11068018525838852
5.0 0.19455713 0.07614487 0.8815616  0.8608985  0.09977193176746368
29.0 0.4984279  0.01710659 0.96784973 0.88142943 0.07551001012325287
30.0 0.20933108 0.1070925  0.6969378  0.82965684 0.07280834764242172
5.0 0.24228367 0.11392024 0.6301223  0.7891896  0.0719275251030922
37.0 0.20634866 0.0500783  0.95124876 0.8627249  0.06141249090433121
28.0 0.41664237 0.         0.97800595 0.94128835 0.05764907971024513
40.0 0.19325948 0.04903173 0.9696338  0.92188597 0.05284503847360611
10.0 0.18370679 0.06223878 0.79894006 0.9280387  0.05160930007696152
0.0 0.78175867 0.23980764 0.9869865  0.8430536  0.0514671765267849
37.0 0.24228367 0.11392024 0.6301223  0.7891896  0.051040444523096085
26.0 0.15559816 0.0725145  0.9193529  0.947281   0.04829910025000572
34.0 0.15559816 0.0725145  0.9193529  0.947281   0.04780963435769081
20.0 0.19325948 0.04903173 0.9696338  0.92188597 0.04369889944791794
12.0 0.18370679 0.06223878 0.79894006 0.9280387  0.03762545436620712
33.0 0.18370679 0.06223878 0.79894006 0.9280387  0.03691725432872772
30.0 0.18153962 0.02499646 0.9842472  0.91291994 0.036678023636341095
29.0 0.7491239  0.14382625 0.99191564 0.8674562  0.03630756959319115
28.0 0.28364474 0.09686649 0.63930106 0.80038553 0.035740964114665985
21.0 0.18370679 0.06223878 0.79894006 0.9280387  0.03541845083236694
5.0 0.8239856  0.07073557 0.99483466 0.6931269  0.0352020338177681
32.0 0.6987676 0.8375604 0.9999996 1.        0.03132982552051544
7.0 0.19455713 0.07614487 0.8815616  0.8608985  0.030555512756109238
6.0 0.18153962 0.02499646 0.9842472  0.91291994 0.03046262264251709
7.0 0.78175867 0.23980764 0.9869865  0.8430536  0.029754243791103363
41.0 0.18370679 0.06223878 0.79894006 0.9280387  0.02960664965212345
26.0 0.19990164 0.09068161 0.6131038  0.83689165 0.0279094148427248
31.0 0.7928165  0.18644777 0.9889251  0.82107174 0.02697279118001461
37.0 0.76614255 0.20109439 0.9885538  0.8531587  0.026703383773565292
1.0 0.19990164 0.09068161 0.6131038  0.83689165 0.02669900842010975
40.0 0.24002972 0.09842199 0.63249815 0.79770243 0.026600638404488564
39.0 0.21858394 0.06560144 0.85119295 0.86980414 0.025115039199590683
24.0 0.26609993 0.17725079 0.59862906 0.34405494 0.024757584556937218
32.0 0.22833145 0.10328975 0.73233134 0.84471965 0.024685891345143318
20.0 0.23044305 0.12446335 0.6854452  0.8214066  0.02378709614276886
10.0 0.4984279  0.01710659 0.96784973 0.88142943 0.023361744359135628
32.0 0.22621633 0.16835412 0.60611224 0.504102   0.023287715390324593
0.0 0.19113651 0.048518   0.9600936  0.8905632  0.022397823631763458
40.0 0.59580696 0.04576454 0.9786457  0.84700096 0.022110793739557266
32.0 0.78175867 0.23980764 0.9869865  0.8430536  0.02188587188720703
15.0 0.76614255 0.20109439 0.9885538  0.8531587  0.02150532603263855
27.0 0.24228367 0.11392024 0.6301223  0.7891896  0.020896747708320618
7.0 0.4984279  0.01710659 0.96784973 0.88142943 0.020681794732809067
29.0 0.12065214 0.         1.         0.9226323  0.020655173808336258
27.0 0.7900061  0.07163528 0.9964673  0.7891451  0.020650047808885574
5.0 0.4984279  0.01710659 0.96784973 0.88142943 0.020587604492902756
24.0 0.5370996  0.74886656 0.9888927  1.         0.02050134167075157
30.0 0.59580696 0.04576454 0.9786457  0.84700096 0.020460739731788635
0.0 0.24002972 0.09842199 0.63249815 0.79770243 0.02029220573604107
38.0 0.78175867 0.23980764 0.9869865  0.8430536  0.020178893581032753
4.0 0.28364474 0.09686649 0.63930106 0.80038553 0.02013375423848629
5.0 0.7683555  0.18886521 0.9829459  0.84725356 0.02004357799887657
29.0 0.83506024 0.09859791 0.9873818  0.66528547 0.020035888999700546
40.0 0.6933169  0.45878035 0.9870489  0.93921095 0.01999942772090435
24.0 0.23384815 0.14955093 0.61624265 0.6206931  0.019921250641345978
31.0 0.19325948 0.04903173 0.9696338  0.92188597 0.01979237236082554
16.0 0.8273606  0.13817677 0.98748547 0.7240137  0.019605962559580803
23.0 0.19395243 0.13211834 0.64915025 0.7864187  0.019557489082217216
34.0 0.19990164 0.09068161 0.6131038  0.83689165 0.019540298730134964
37.0 0.59580696 0.04576454 0.9786457  0.84700096 0.01915176585316658
28.0 0.08703434 0.         1.         0.86822945 0.019138319417834282
16.0 0.24002972 0.09842199 0.63249815 0.79770243 0.018883543089032173
18.0 0.78175867 0.23980764 0.9869865  0.8430536  0.018555138260126114
28.0 0.80468065 0.14677262 0.99137765 0.79164547 0.01852283999323845
0.0 0.59580696 0.04576454 0.9786457  0.84700096 0.018402021378278732
37.0 0.2936177  0.17642868 0.59205115 0.47438145 0.018271872773766518
29.0 0.23917198 0.10153079 1.         1.         0.01782085746526718
35.0 0.19325948 0.04903173 0.9696338  0.92188597 0.01781759411096573
29.0 0.6972253 0.        1.        0.9101509 0.01769902929663658
19.0 0.28364474 0.09686649 0.63930106 0.80038553 0.01752200536429882
40.0 0.8239856  0.07073557 0.99483466 0.6931269  0.017191825434565544
32.0 0.14356345 0.01938152 0.9449573  0.9745493  0.017082083970308304
4.0 0.41664237 0.         0.97800595 0.94128835 0.016995351761579514
32.0 0.26310447 0.1793865  0.5882274  0.3678255  0.01684361882507801
0.0 0.7771583  0.30067104 1.         0.6103416  0.01635342463850975
0.0 0.8239856  0.07073557 0.99483466 0.6931269  0.016253191977739334
29.0 0.3273478  0.16474329 0.5838227  0.6591599  0.01594746671617031
32.0 0.5222413 0.7771442 0.9940379 1.        0.015941601246595383
10.0 0.28412524 0.24514613 0.94623005 0.762552   0.01581818424165249
23.0 0.19113651 0.048518   0.9600936  0.8905632  0.01569592021405697
0.0 0.83253473 0.35497427 1.         0.5614644  0.015545128844678402
29.0 0.         0.19505253 0.97351396 1.         0.015422755852341652
19.0 0.18370679 0.06223878 0.79894006 0.9280387  0.01509766560047865
1.0 0.59580696 0.04576454 0.9786457  0.84700096 0.015043173916637897
41.0 0.24228367 0.11392024 0.6301223  0.7891896  0.01470194198191166
30.0 0.28412524 0.24514613 0.94623005 0.762552   0.014566012658178806
5.0 0.86645794 0.0312106  0.98953724 0.38363543 0.014515743590891361
42.0 0.18153962 0.02499646 0.9842472  0.91291994 0.014362098649144173
36.0 0.18153962 0.02499646 0.9842472  0.91291994 0.014059885405004025
25.0 0.28364474 0.09686649 0.63930106 0.80038553 0.014043291099369526
7.0 0.8239856  0.07073557 0.99483466 0.6931269  0.013963192701339722
28.0 0.7250484  0.00949776 1.         0.84513766 0.013869816437363625
40.0 0.07637995 0.         1.         0.764777   0.013862911611795425
11.0 0.17001987 0.         1.         1.         0.013856074772775173
4.0 0.18370679 0.06223878 0.79894006 0.9280387  0.013803328387439251
