7.0 0.17729968 0.4153994  0.5382075  0.6750033  0.702156662940979
16.0 0.68733853 0.26097912 0.92908925 0.6071821  0.4284699559211731
31.0 0.68733853 0.26097912 0.92908925 0.6071821  0.2819462716579437
41.0 0.17729968 0.4153994  0.5382075  0.6750033  0.2483624368906021
15.0 0.6814316  0.26543057 0.9364926  0.60400116 0.2298220992088318
18.0 0.1745074 0.4142496 0.5463386 0.672728  0.15180078148841858
0.0 0.6814316  0.26543057 0.9364926  0.60400116 0.13738685846328735
42.0 0.17729968 0.4153994  0.5382075  0.6750033  0.13415825366973877
38.0 0.17729968 0.4153994  0.5382075  0.6750033  0.12368506193161011
5.0 0.68733853 0.26097912 0.92908925 0.6071821  0.09999074786901474
37.0 0.68440926 0.2556783  0.93270195 0.6087209  0.09899292886257172
10.0 0.17729968 0.4153994  0.5382075  0.6750033  0.08982355892658234
0.0 0.17696418 0.40795034 0.5441066  0.6774816  0.08053171634674072
32.0 0.68440926 0.2556783  0.93270195 0.6087209  0.05957204848527908
41.0 0.12085909 0.24582224 0.5702113  0.719557   0.0490274503827095
27.0 0.68440926 0.2556783  0.93270195 0.6087209  0.04895026609301567
25.0 0.6759466  0.15018079 0.98498535 0.69946396 0.046182628720998764
5.0 0.17729968 0.4153994  0.5382075  0.6750033  0.04390309378504753
7.0 0.68440926 0.2556783  0.93270195 0.6087209  0.04313253238797188
41.0 0.14904414 0.40282857 0.5397221  0.8969245  0.0382227897644043
35.0 0.68383574 0.2587739  0.9308528  0.60890007 0.03728747367858887
28.0 0.15678485 0.38610786 0.5543203  0.7217174  0.03564287722110748
40.0 0.68733853 0.26097912 0.92908925 0.6071821  0.03504236415028572
24.0 0.18158545 0.4172723  0.53888756 0.6303201  0.03485265374183655
25.0 0.68733853 0.26097912 0.92908925 0.6071821  0.03455507010221481
29.0 0.68440926 0.2556783  0.93270195 0.6087209  0.03439423069357872
27.0 0.17760529 0.41516644 0.5368595  0.67215055 0.03193498030304909
11.0 0.1683257  0.40610752 0.56296575 0.7013358  0.03088768571615219
41.0 0.08709991 0.         0.60279024 0.79439735 0.030733326449990273
16.0 0.6759466  0.15018079 0.98498535 0.69946396 0.030406424775719643
25.0 0.26420626 0.39078367 0.51606    0.661899   0.0299638994038105
24.0 0.68620116 0.26041391 0.9211311  0.5771513  0.028004545718431473
20.0 0.15856513 0.40116554 0.53229535 0.68719333 0.02679062820971012
7.0 0.12449251 0.32600433 0.5721471  0.7759736  0.026455288752913475
3.0 0.18158545 0.4172723  0.53888756 0.6303201  0.024534069001674652
34.0 0.1683257  0.40610752 0.56296575 0.7013358  0.02373431995511055
14.0 0.18059464 0.41314694 0.53602743 0.67493117 0.023059917613863945
18.0 0.68440926 0.2556783  0.93270195 0.6087209  0.02023022621870041
10.0 0.12449251 0.32600433 0.5721471  0.7759736  0.020227579399943352
2.0 0.68440926 0.2556783  0.93270195 0.6087209  0.02018137276172638
21.0 0.1683257  0.40610752 0.56296575 0.7013358  0.02004319801926613
31.0 0.6759466  0.15018079 0.98498535 0.69946396 0.0197202879935503
16.0 0.17431039 0.41104797 0.5504186  0.6742604  0.019212951883673668
5.0 0.6759466  0.15018079 0.98498535 0.69946396 0.018837226554751396
0.0 0.69734627 0.20891592 1.         0.67194784 0.018491454422473907
40.0 0.19101879 0.41381824 0.5452894  0.6324879  0.018068967387080193
17.0 0.18158545 0.4172723  0.53888756 0.6303201  0.018035056069493294
38.0 0.68733853 0.26097912 0.92908925 0.6071821  0.017665237188339233
27.0 0.38228154 0.10834688 0.48865503 0.19828013 0.017192484810948372
5.0 0.12449251 0.32600433 0.5721471  0.7759736  0.01671362668275833
37.0 0.1683257  0.40610752 0.56296575 0.7013358  0.01643405854701996
28.0 0.11136128 0.4589903  0.5808703  0.8500668  0.016366077587008476
24.0 0.09476046 0.26601472 0.24528491 0.3288717  0.016351819038391113
15.0 0.17760529 0.41516644 0.5368595  0.67215055 0.016171857714653015
30.0 0.6759466  0.15018079 0.98498535 0.69946396 0.01611708477139473
7.0 0.39041072 0.11179876 0.4763803  0.16555512 0.0157859455794096
9.0 0.18158545 0.4172723  0.53888756 0.6303201  0.015162247233092785
36.0 0.68383574 0.2587739  0.9308528  0.60890007 0.015005582943558693
41.0 0.2708082  0.38139254 0.7192515  0.708564   0.014770189300179482
4.0 0.15345542 0.27123818 0.5563069  0.82184875 0.0146293630823493
4.0 0.6637163  0.09797513 1.         0.75198686 0.014572872780263424
22.0 0.16561507 0.27381358 0.53258735 0.7328855  0.014417744241654873
19.0 0.6804131  0.26002485 0.93870246 0.5993808  0.014289218001067638
26.0 0.19101879 0.41381824 0.5452894  0.6324879  0.01421451848000288
2.0 0.18158545 0.4172723  0.53888756 0.6303201  0.014182901941239834
33.0 0.6814316  0.26543057 0.9364926  0.60400116 0.013801964931190014
38.0 0.32779917 0.38648397 0.5234516  0.6579545  0.013394190929830074
21.0 0.13329996 0.35643744 0.55727094 0.9381794  0.013176326639950275
21.0 0.08709991 0.         0.60279024 0.79439735 0.012794126756489277
15.0 0.69264394 0.29269964 0.9133869  0.4865098  0.012786617502570152
17.0 0.9219439  0.00176442 0.9986292  0.05764297 0.012624746188521385
31.0 0.20744935 0.4131052  0.53973234 0.63260084 0.012486770749092102
0.0 0.09994242 0.26360637 0.2122713  0.32089466 0.01248258538544178
38.0 0.38217542 0.1078933  0.4898887  0.19061244 0.012381918728351593
17.0 0.6759466  0.15018079 0.98498535 0.69946396 0.012247249484062195
34.0 0.11136128 0.4589903  0.5808703  0.8500668  0.012208201922476292
25.0 0.67658126 0.3455258  1.         0.73264784 0.012055999599397182
41.0 0.1925132  0.15439156 0.8616458  0.72177684 0.01201319508254528
15.0 0.69734627 0.20891592 1.         0.67194784 0.011944468133151531
41.0 0.04030895 0.31456685 0.6442972  0.9943676  0.011568319983780384
0.0 0.68582755 0.2798684  0.9034063  0.4556428  0.011556885205209255
24.0 0.49921086 0.2120806  0.9897063  0.6441749  0.011494990438222885
10.0 0.32779917 0.38648397 0.5234516  0.6579545  0.011398397386074066
20.0 0.663894   0.24589057 0.92780143 0.6209673  0.01132615003734827
30.0 0.6704488  0.27348548 0.94550884 0.58983505 0.011292736046016216
27.0 0.6661498  0.04026285 0.98014563 0.62892425 0.011254998855292797
12.0 0.08709991 0.         0.60279024 0.79439735 0.011248511262238026
38.0 0.6759466  0.15018079 0.98498535 0.69946396 0.011222528293728828
17.0 0.34040624 0.41222668 0.52606577 0.5186755  0.011129625141620636
5.0 0.25465357 0.22707401 0.79898775 0.6725606  0.011122778058052063
0.0 0.21962844 0.3160653  0.5722399  0.78018665 0.011121116578578949
29.0 0.69734627 0.20891592 1.         0.67194784 0.011078903451561928
27.0 0.39041072 0.11179876 0.4763803  0.16555512 0.011006566695868969
0.0 0.6661498  0.04026285 0.98014563 0.62892425 0.010959198698401451
13.0 0.26420626 0.39078367 0.51606    0.661899   0.010848842561244965
16.0 0.72776407 0.22185454 1.         0.83873904 0.010840913280844688
4.0 0.27294242 0.3719455  0.5454618  0.6907197  0.010831504128873348
5.0 0.70219165 0.29323408 1.         0.7865312  0.010823970660567284
0.0 0.11226307 0.17379385 0.60950285 0.9268672  0.010754605755209923
36.0 0.2021439  0.41647643 0.5115656  0.6739101  0.010640195570886135
