6.0 0.20167315 0.08896664 0.9921566  0.97895825 0.2119646519422531
33.0 0.23761827 0.06101888 0.9426572  0.9764672  0.21101033687591553
26.0 0.23761827 0.06101888 0.9426572  0.9764672  0.12694863975048065
1.0 0.21481356 0.06511039 0.9260901  0.98539394 0.10862234234809875
26.0 0.24960694 0.668607   0.89238465 0.9143745  0.08784335851669312
4.0 0.24719056 0.71188986 0.8858763  0.9470993  0.0784081220626831
23.0 0.7294709 0.2934801 0.8348456 0.3467276 0.07603757083415985
12.0 0.23476204 0.06447145 0.97593033 0.96483684 0.0759158805012703
29.0 0.15153733 0.01283687 1.         0.9928933  0.06257586926221848
20.0 0.20537525 0.04287228 0.9933124  1.         0.06092743203043938
11.0 0.26256627 0.7014859  0.8660086  0.9484681  0.050692424178123474
24.0 0.24960694 0.668607   0.89238465 0.9143745  0.045942943543195724
26.0 0.3753469 0.7345568 0.8662932 0.8620094 0.04384865611791611
34.0 0.20412126 0.03236148 0.99379766 0.99965286 0.041852325201034546
4.0 0.25714633 0.59068024 0.8922037  0.8650069  0.03975537419319153
1.0 0.0598916 0.6026339 0.2707594 1.        0.03970874100923538
34.0 0.24960694 0.668607   0.89238465 0.9143745  0.03753328695893288
23.0 0.24411702 0.07002261 0.91315544 0.9762478  0.036743029952049255
35.0 0.7303233  0.29482502 0.8328284  0.3452462  0.03633078932762146
11.0 0.21332681 0.08020809 0.9404694  0.9879451  0.03382141888141632
32.0 0.23476204 0.06447145 0.97593033 0.96483684 0.031225930899381638
26.0 0.44856647 0.68127596 0.8655288  0.7960063  0.029880596324801445
3.0 0.19564453 0.         1.         1.         0.02845649980008602
26.0 0.42558724 0.62086564 0.84650344 0.73259336 0.02826828695833683
8.0 0.20537525 0.04287228 0.9933124  1.         0.027567585930228233
26.0 0.57842815 0.62611324 0.7576016  0.6749434  0.027106033638119698
1.0 0.07576913 0.         1.         0.94935876 0.026917092502117157
26.0 0.26449668 0.4996782  0.8886417  0.8052562  0.02652205340564251
6.0 0.07576913 0.         1.         0.94935876 0.02638665772974491
4.0 0.23179173 0.21930036 0.98732495 0.94703615 0.02524551749229431
28.0 0.20412126 0.03236148 0.99379766 0.99965286 0.024524332955479622
11.0 0.60728866 0.6385271  0.74060184 0.6638548  0.024507911875844002
23.0 0.18169409 0.         1.         0.9586011  0.024475323036313057
37.0 0.20412126 0.03236148 0.99379766 0.99965286 0.024181323125958443
4.0 0.33531958 0.7354573  0.8703248  0.8640939  0.023790927603840828
33.0 0.12286124 0.         1.         1.         0.023757049813866615
26.0 0.5874807  0.47064516 0.76256233 0.5205446  0.023337651044130325
11.0 0.62974656 0.7088054  0.78841937 0.76274914 0.023191329091787338
4.0 0.55919373 0.62635595 0.75099885 0.67526394 0.023118585348129272
26.0 0.4520136  0.46252495 0.8450328  0.5751048  0.02305804379284382
26.0 0.3523966  0.78154284 0.83718586 0.9157421  0.021845055744051933
26.0 0.60400254 0.7068291  0.7785973  0.76162803 0.021281162276864052
28.0 0.24960694 0.668607   0.89238465 0.9143745  0.021205952391028404
26.0 0.43376654 0.5536115  0.84750766 0.67483056 0.020997600629925728
13.0 0.7303233  0.29482502 0.8328284  0.3452462  0.0209941565990448
33.0 0.13167745 0.         1.         0.9493778  0.020610187202692032
11.0 0.62867045 0.6295899  0.7838664  0.67899823 0.01976553536951542
11.0 0.3002823  0.37399063 0.93810517 0.8777939  0.018970545381307602
24.0 0.55919373 0.62635595 0.75099885 0.67526394 0.018685001879930496
29.0 0.21107084 0.         1.         0.89822114 0.018529854714870453
26.0 0.5519602  0.7772267  0.74224466 0.8322257  0.018505319952964783
26.0 0.60728866 0.6385271  0.74060184 0.6638548  0.018260730430483818
4.0 0.5921972  0.6373674  0.7341484  0.66259664 0.01803484559059143
4.0 0.38993007 0.61857015 0.8508683  0.73283976 0.01800410822033882
11.0 0.6546408  0.6369653  0.7732738  0.66859376 0.017910070717334747
11.0 0.55919373 0.62635595 0.75099885 0.67526394 0.01787087880074978
4.0 0.62867045 0.6295899  0.7838664  0.67899823 0.017653390765190125
4.0 0.26618624 0.12738895 0.8812779  0.626565   0.017610453069210052
33.0 0.7303233  0.29482502 0.8328284  0.3452462  0.01755089871585369
11.0 0.6439255  0.7155945  0.7596207  0.74788994 0.017503956332802773
3.0 0.24960694 0.668607   0.89238465 0.9143745  0.017385583370923996
4.0 0.44856647 0.68127596 0.8655288  0.7960063  0.017195088788866997
4.0 0.60400254 0.7068291  0.7785973  0.76162803 0.017169449478387833
26.0 0.12286124 0.         1.         1.         0.016801228746771812
33.0 0.24876356 0.5450932  0.8833176  0.9467133  0.01674146205186844
4.0 0.29378754 0.80224633 0.8103737  0.965747   0.01662818156182766
19.0 0.23476204 0.06447145 0.97593033 0.96483684 0.0165049247443676
23.0 0.21673113 0.39383873 0.8408802  0.89236546 0.016166405752301216
4.0 0.5874807  0.47064516 0.76256233 0.5205446  0.016111239790916443
24.0 0.22144541 0.08174276 0.9907857  0.9910245  0.01609143242239952
11.0 0.6121073  0.4838844  0.7450105  0.50896186 0.015787895768880844
26.0 0.40921265 0.21193753 0.7643406  0.32922694 0.015705065801739693
33.0 0.60728866 0.6385271  0.74060184 0.6638548  0.01569846272468567
34.0 0.31009552 0.73519975 0.86478007 0.8665914  0.015488981269299984
24.0 0.26762515 0.7259046  0.83268946 1.         0.015379561111330986
2.0 0.5921972  0.6373674  0.7341484  0.66259664 0.015107475221157074
26.0 0.2632396  0.75457513 0.8693856  0.995903   0.015100239776074886
32.0 0.7294709 0.2934801 0.8348456 0.3467276 0.014978867955505848
26.0 0.6396286  0.5515164  0.7939835  0.59875023 0.014950315468013287
11.0 0.25714633 0.59068024 0.8922037  0.8650069  0.014837990514934063
11.0 0.65875745 0.5607419  0.7834135  0.58862257 0.014833816327154636
23.0 0.01172984 0.         1.         0.8910068  0.014806275255978107
33.0 0.25875038 0.39035982 1.         1.         0.014711656607687473
4.0 0.57245314 0.5500276  0.75190794 0.5979599  0.014682917855679989
11.0 0.666075  0.7258026 0.7891197 0.7584527 0.014399657025933266
11.0 0.61661136 0.56304806 0.7460197  0.5864231  0.014250485226511955
26.0 0.57245314 0.5500276  0.75190794 0.5979599  0.014150616712868214
11.0 0.5874807  0.47064516 0.76256233 0.5205446  0.014117076061666012
36.0 0.20537525 0.04287228 0.9933124  1.         0.014071152545511723
10.0 0.25946963 0.67483675 0.86370385 0.97291183 0.014059026725590229
4.0 0.5519602  0.7772267  0.74224466 0.8322257  0.01403139904141426
26.0 0.6466013  0.46758774 0.8023027  0.51754653 0.014011792838573456
4.0 0.6546408  0.6369653  0.7732738  0.66859376 0.013934198766946793
4.0 0.4520136  0.46252495 0.8450328  0.5751048  0.013930318877100945
4.0 0.39378655 0.7832841  0.83869267 0.9156818  0.013878936879336834
26.0 0.40278584 0.43138486 0.80546707 0.54444    0.013834994286298752
26.0 0.6396145  0.63541365 0.78142303 0.673049   0.013699447736144066
4.0 0.6121073  0.4838844  0.7450105  0.50896186 0.013474700972437859
4.0 0.6396286  0.5515164  0.7939835  0.59875023 0.013381260447204113
1.0 0.23970771 0.17368633 1.         1.         0.013284996151924133
