9.0 0.8252823  0.5159123  0.99055344 0.6133677  0.09824194014072418
20.0 0.4748319  0.09819688 0.9758196  0.43432492 0.06890127062797546
24.0 0.4443578  0.01367301 0.99241406 0.32160687 0.0550902783870697
32.0 0.4550418  0.05870922 0.9825394  0.38953876 0.05360002443194389
38.0 0.67968893 0.8752672  1.         1.         0.05344552546739578
20.0 0.30521923 0.01819795 1.         0.5590352  0.05208785459399223
21.0 0.07594055 0.03820735 1.         0.6470129  0.04564107581973076
9.0 0.18087234 0.00179201 0.30568388 0.07383301 0.044881951063871384
38.0 0.8562563  0.69468963 0.9994537  0.79077053 0.04274449124932289
38.0 0.8252823  0.5159123  0.99055344 0.6133677  0.04241839051246643
17.0 0.8401807 0.5267984 0.99172   0.6041396 0.0421714149415493
41.0 0.         0.20774382 0.9842426  1.         0.042111821472644806
41.0 0.18699947 0.03836215 1.         0.76521087 0.03640547767281532
39.0 0.07594055 0.03820735 1.         0.6470129  0.03553493320941925
12.0 0.07594055 0.03820735 1.         0.6470129  0.03419056907296181
9.0 0.8332644  0.15520538 0.9971172  0.44643933 0.03231856971979141
21.0 0.         0.18571246 0.94278723 0.9229734  0.03159795328974724
24.0 0.6764886  0.         1.         0.12747374 0.03118160553276539
27.0 0.8104078  0.51575476 0.9857711  0.61351603 0.02966334857046604
42.0 0.8104078  0.51575476 0.9857711  0.61351603 0.028840523213148117
7.0 0.4332377  0.02680635 1.         0.3948152  0.02728000096976757
10.0 0.30521923 0.01819795 1.         0.5590352  0.025485439226031303
32.0 0.44467703 0.         0.9951557  0.24566114 0.02530241571366787
10.0 0.18185899 0.         1.         1.         0.023753376677632332
17.0 0.8254513 0.1606173 0.9941059 0.4534685 0.023436566814780235
4.0 0.29442286 0.01912661 0.9814142  0.38124436 0.023246677592396736
38.0 0.8327324  0.87823963 1.         1.         0.02252422459423542
14.0 0.4748319  0.09819688 0.9758196  0.43432492 0.022277766838669777
24.0 0.4748319  0.09819688 0.9758196  0.43432492 0.021925734356045723
39.0 0.         0.14105785 0.9324126  0.9566494  0.02179683931171894
27.0 0.67968893 0.8752672  1.         1.         0.020468754693865776
4.0 0.64973104 0.         1.         0.12560993 0.01994328945875168
20.0 0.08807954 0.02351332 1.         0.83119774 0.01961061917245388
38.0 0.8519161  0.79567116 1.         0.8949633  0.01945708505809307
38.0 0.80759823 0.80782294 0.9879761  0.9828124  0.01868084818124771
17.0 0.9445704  0.5746043  1.         0.72857535 0.017819629982113838
20.0 0.4443578  0.01367301 0.99241406 0.32160687 0.017803972586989403
22.0 0.18185899 0.         1.         1.         0.017752954736351967
36.0 0.19672449 0.00176143 0.30225164 0.06121249 0.017456375062465668
5.0 0.16102561 0.0324173  1.         0.61485815 0.017342600971460342
14.0 0.3320701  0.9092537  0.48899126 0.99939704 0.01698889210820198
20.0 0.44460022 0.         1.         0.39394513 0.016852615401148796
36.0 0.8125663  0.5147915  0.98713446 0.6130452  0.01684551313519478
4.0 0.16503853 0.12869684 0.9320255  0.48659867 0.016749154776334763
7.0 0.47683838 0.14662598 0.9777101  0.4747632  0.016665829345583916
4.0 0.44467703 0.         0.9951557  0.24566114 0.016480522230267525
0.0 0.8409799  0.49375975 0.9938988  0.85358524 0.01646755076944828
17.0 0.9225833  0.79624057 0.99722594 0.8860878  0.01637507602572441
11.0 0.4443578  0.01367301 0.99241406 0.32160687 0.016166245564818382
34.0 0.07594055 0.03820735 1.         0.6470129  0.01598995178937912
32.0 0.44460022 0.         1.         0.39394513 0.015884820371866226
42.0 0.67968893 0.8752672  1.         1.         0.015597223304212093
21.0 0.26136622 0.09199379 0.9881518  0.4768244  0.01478810328990221
17.0 0.91426504 0.530455   1.         0.622265   0.014736677519977093
5.0 0.4748319  0.09819688 0.9758196  0.43432492 0.014731616713106632
41.0 0. 0. 1. 1. 0.014704656787216663
21.0 0.04704946 0.35284793 0.80077535 0.7615019  0.014594237320125103
36.0 0.8332644  0.15520538 0.9971172  0.44643933 0.014387053437530994
5.0 0.02134038 0.14033198 0.26871258 0.53830326 0.014163421466946602
34.0 0.4443578  0.01367301 0.99241406 0.32160687 0.014055708423256874
26.0 0.29442286 0.01912661 0.9814142  0.38124436 0.013839730992913246
41.0 0.01300699 0.10916731 0.28739327 0.56137025 0.013784749433398247
17.0 0.8882462  0.86887246 0.9970609  1.         0.013764720410108566
21.0 0.        0.7305871 0.1671941 0.7854408 0.013716491870582104
41.0 0.31632316 0.07842618 1.         1.         0.01366343256086111
37.0 0.4443578  0.01367301 0.99241406 0.32160687 0.013567732647061348
20.0 0.6019126  0.01001862 1.         0.38971278 0.013478974811732769
7.0 0.6367093  0.         1.         0.43716016 0.013393384404480457
20.0 0.         0.025665   0.3177665  0.40918034 0.013255339115858078
33.0 0.4443578  0.01367301 0.99241406 0.32160687 0.013009347952902317
27.0 0.5477341  0.11349195 0.9971501  0.4455235  0.012972907163202763
32.0 0.60249066 0.         1.         0.2838561  0.012886302545666695
38.0 0.5477341  0.11349195 0.9971501  0.4455235  0.012853264808654785
28.0 0.25063962 0.         0.9813455  0.81340533 0.012834649533033371
26.0 0.01300699 0.10916731 0.28739327 0.56137025 0.0128070879727602
34.0 0.26136622 0.09199379 0.9881518  0.4768244  0.012680396437644958
23.0 0.3983628  0.03282546 0.76797974 0.2715731  0.012673413380980492
11.0 0.4748319  0.09819688 0.9758196  0.43432492 0.012636855244636536
22.0 0.8104078  0.51575476 0.9857711  0.61351603 0.012539404444396496
11.0 0.64973104 0.         1.         0.12560993 0.012451757676899433
4.0 0.07594055 0.03820735 1.         0.6470129  0.012422943487763405
0.0 0.6860309  0.13010307 0.7540073  0.17394976 0.012406982481479645
17.0 0.80759823 0.80782294 0.9879761  0.9828124  0.012375407852232456
32.0 0.6764886  0.         1.         0.12747374 0.012183884158730507
7.0 0.2518585  0.09308499 0.9987488  0.723649   0.012165900319814682
3.0 0.25063962 0.         0.9813455  0.81340533 0.012004810385406017
22.0 0.20127478 0.06663635 0.9996563  0.55040574 0.011974381282925606
38.0 0.7616287  0.8851798  0.94080585 0.99846154 0.011906664818525314
19.0 0.4443578  0.01367301 0.99241406 0.32160687 0.011886710301041603
0.0 0.7076386  0.5308244  1.         0.80807674 0.011828749440610409
1.0 0.36128494 0.02561732 0.99987876 0.38865817 0.011772076599299908
12.0 0.         0.18571246 0.94278723 0.9229734  0.011659416370093822
4.0 0.46249855 0.01531519 0.90133953 0.17553009 0.01159991417080164
38.0 0.8286319  0.47113633 0.9985596  0.8745576  0.011595815420150757
38.0 0.53141814 0.84827185 1.         1.         0.01155138574540615
38.0 0.61675906 0.78200006 1.         1.         0.011469407938420773
10.0 0.01300699 0.10916731 0.28739327 0.56137025 0.01146879605948925
27.0 0.8519161  0.79567116 1.         0.8949633  0.011414878070354462
32.0 0.7015648 0.        1.        0.5055716 0.011281264014542103
32.0 0.3680831  0.01045625 0.8041849  0.30715615 0.011254489421844482
