41.0 0.02538928 0.15249622 0.61080647 0.8525691  0.7093479633331299
7.0 0.02538928 0.15249622 0.61080647 0.8525691  0.6656349301338196
42.0 0.02252841 0.15228176 0.6131707  0.85384524 0.11436036229133606
10.0 6.4122677e-04 1.6116005e-01 6.2936133e-01 8.4866899e-01 0.11065229773521423
0.0 0.02248645 0.13404119 0.6085543  0.842628   0.1014256477355957
28.0 0.02636477 0.16937375 0.61560106 0.85924125 0.06239188462495804
18.0 0.02248645 0.13404119 0.6085543  0.842628   0.04023260250687599
38.0 0.03304318 0.15438017 0.5930946  0.8636559  0.033814579248428345
7.0 0.         0.24680224 0.49651748 0.69039226 0.03375348448753357
40.0 0.01514313 0.1119771  0.6290246  0.9254385  0.029695037752389908
27.0 0.01514313 0.1119771  0.6290246  0.9254385  0.028223969042301178
5.0 0.02248645 0.13404119 0.6085543  0.842628   0.02775188535451889
1.0 0.02248645 0.13404119 0.6085543  0.842628   0.02583313174545765
37.0 0.         0.15746883 0.5733172  0.8033509  0.024798516184091568
0.0 0.01418966 0.49405563 0.603558   0.91186154 0.024014798924326897
4.0 0.42334393 0.22438395 0.6020836  0.8312341  0.022333040833473206
14.0 0.02248645 0.13404119 0.6085543  0.842628   0.02226409688591957
4.0 0.24056897 0.11872885 0.6657276  0.8325008  0.021562786772847176
25.0 0.21139154 0.13973498 0.5807233  0.86864626 0.02073896862566471
41.0 0.         0.24680224 0.49651748 0.69039226 0.0197315514087677
11.0 0.02248645 0.13404119 0.6085543  0.842628   0.01920146308839321
10.0 0.         0.         0.79543066 0.8166764  0.018746694549918175
36.0 0.01514313 0.1119771  0.6290246  0.9254385  0.01853216625750065
22.0 0.01514313 0.1119771  0.6290246  0.9254385  0.017832094803452492
0.0 0.00267324 0.7200848  0.6322955  1.         0.0161289069801569
29.0 0.         0.10661522 0.7358233  0.8619735  0.01510063000023365
26.0 0.02636477 0.16937375 0.61560106 0.85924125 0.01449898537248373
3.0 0.         0.15746883 0.5733172  0.8033509  0.014267059043049812
0.0 0.         0.27689886 0.64344704 1.         0.014186062850058079
20.0 0.         0.11640126 0.6401138  0.9012719  0.013784872367978096
9.0 0.01514313 0.1119771  0.6290246  0.9254385  0.013657746836543083
7.0 0.         0.         0.66617954 0.74059737 0.013495354913175106
0.0 0.         0.79544294 0.38108492 1.         0.01340197492390871
38.0 0.         0.         0.9592209  0.97127986 0.01280946284532547
41.0 0.         0.15329504 0.5300156  1.         0.012402758002281189
41.0 0.         0.         0.79543066 0.8166764  0.011990063823759556
16.0 0.01514313 0.1119771  0.6290246  0.9254385  0.011924422346055508
38.0 0.3916601  0.71587354 0.5710072  0.8104908  0.011905970983207226
12.0 0.02636477 0.16937375 0.61560106 0.85924125 0.011904819868505001
30.0 0.01172778 0.17612615 0.6459639  0.8372716  0.011854785494506359
24.0 0.02248645 0.13404119 0.6085543  0.842628   0.011798501014709473
25.0 0.45581865 0.05114174 0.8237611  0.7773183  0.011636228300631046
38.0 0.35008126 0.15176909 0.54826736 0.46457535 0.011565604247152805
25.0 0.7081291  0.52655864 1.         1.         0.011456266045570374
17.0 0.21139154 0.13973498 0.5807233  0.86864626 0.011450295336544514
42.0 0.         0.24680224 0.49651748 0.69039226 0.011222172528505325
34.0 0.3883932  0.16290551 0.60799813 0.8823826  0.011185506358742714
34.0 0.02636477 0.16937375 0.61560106 0.85924125 0.01112349797040224
0.0 0.2513117  0.2824174  0.68253636 0.9293319  0.011079278774559498
18.0 0.01418966 0.49405563 0.603558   0.91186154 0.010998466983437538
4.0 0.05298927 0.1713787  0.5694212  0.85339344 0.01099289208650589
7.0 0.01418966 0.49405563 0.603558   0.91186154 0.010540752671658993
6.0 0.01172778 0.17612615 0.6459639  0.8372716  0.010526379570364952
28.0 0.         0.24680224 0.49651748 0.69039226 0.010525381192564964
2.0 0.         0.01167893 0.7058559  1.         0.010277188383042812
23.0 0.02248645 0.13404119 0.6085543  0.842628   0.010021676309406757
42.0 0.38924327 0.72868556 0.57233006 0.81388694 0.009800368919968605
15.0 0.01514313 0.1119771  0.6290246  0.9254385  0.009742243215441704
7.0 0.         0.02022627 0.84737265 0.94473565 0.009593839757144451
4.0 0.         0.01167893 0.7058559  1.         0.009563472121953964
29.0 0.         0.         0.91121984 0.76075447 0.009468304924666882
38.0 0.27395964 0.16330764 0.5808196  0.3644633  0.009354480542242527
30.0 0.7081291  0.52655864 1.         1.         0.008941427804529667
27.0 0.         0.         0.66617954 0.74059737 0.008862285874783993
37.0 0.01418966 0.49405563 0.603558   0.91186154 0.008828633464872837
0.0 0.01670125 0.02720195 0.84773374 1.         0.008794416673481464
32.0 0.01514313 0.1119771  0.6290246  0.9254385  0.008715280331671238
21.0 0.21139154 0.13973498 0.5807233  0.86864626 0.008698846213519573
31.0 0.06241864 0.20255116 0.6366563  0.81328046 0.008631177246570587
10.0 0.         0.32178298 0.4791721  0.76477766 0.008619417436420918
25.0 0.         0.10661522 0.7358233  0.8619735  0.008570067584514618
11.0 0.         0.01852202 0.5988294  0.503836   0.008478221483528614
0.0 0.         0.         0.53318846 0.7762384  0.008470039814710617
20.0 0.         0.         0.66617954 0.74059737 0.008275886066257954
39.0 0.01514313 0.1119771  0.6290246  0.9254385  0.008151836693286896
37.0 0.00267324 0.7200848  0.6322955  1.         0.008042403496801853
27.0 0.23553565 0.14327863 0.57479596 0.86802626 0.007982461713254452
10.0 0.25345516 0.13968074 0.5704849  0.8428617  0.007944527082145214
10.0 0.45219168 0.3325012  0.579555   0.7162595  0.007800938095897436
29.0 0.7081291  0.52655864 1.         1.         0.00776786869391799
36.0 0.         0.         0.53318846 0.7762384  0.007747042924165726
7.0 0.         0.         0.9571078  0.95560384 0.007698217872530222
38.0 7.5796431e-01 7.1704388e-05 1.0000000e+00 1.8283585e-01 0.0076672970317304134
40.0 0.         0.         0.79543066 0.8166764  0.007645918056368828
22.0 0.         0.         0.79543066 0.8166764  0.007644492667168379
38.0 0.        0.        0.7991337 0.6618114 0.007635952904820442
10.0 0.        0.        1.        0.9999143 0.007615748792886734
9.0 0.3056423  0.19384149 0.5663275  0.8114673  0.007490376476198435
42.0 0.         0.         0.53318846 0.7762384  0.0074504101648926735
34.0 0.         0.24680224 0.49651748 0.69039226 0.00744101544842124
21.0 0.3883932  0.16290551 0.60799813 0.8823826  0.007375091314315796
7.0 0.         0.15329504 0.5300156  1.         0.007333791349083185
40.0 0.6534925  0.         1.         0.22147015 0.00732769537717104
25.0 0.614571   0.20109764 0.99278617 0.8612672  0.0073237004689872265
4.0 0.4349024  0.19008106 0.80978596 0.8288817  0.0073045967146754265
5.0 0.         0.         0.66617954 0.74059737 0.0072430395521223545
4.0 0.48885286 0.2703246  0.64255655 0.8045697  0.007216798607259989
17.0 0.3751346  0.1616784  0.61296207 0.87677073 0.007162716705352068
38.0 0.65146136 0.         1.         0.24827144 0.007146580144762993
16.0 0.7081291  0.52655864 1.         1.         0.0070970202796161175
