40.0 0.13831957 0.30333447 0.39476973 0.484132   0.6806422472000122
18.0 0.14371558 0.30093408 0.4063779  0.48121804 0.446028470993042
0.0 0.14376724 0.30288154 0.40765166 0.48129123 0.3481413424015045
9.0 0.1358138  0.30322534 0.40013084 0.4818473  0.28818902373313904
17.0 0.1358138  0.30322534 0.40013084 0.4818473  0.20352020859718323
2.0 0.14205712 0.30102134 0.406254   0.4803785  0.1789679080247879
15.0 0.13539943 0.3036429  0.40288416 0.48214534 0.16362184286117554
38.0 0.13831957 0.30333447 0.39476973 0.484132   0.15527348220348358
13.0 0.13899165 0.30388254 0.39868808 0.48423332 0.13651244342327118
14.0 0.13761728 0.304572   0.3984369  0.48495436 0.13050560653209686
31.0 0.13903697 0.30262882 0.39070964 0.4838572  0.12605494260787964
7.0 0.14376724 0.30288154 0.40765166 0.48129123 0.09906549751758575
0.0 0.54648936 0.00706673 1.         0.35506463 0.0893731340765953
16.0 0.13819958 0.30258822 0.39068276 0.4866643  0.0832318514585495
35.0 0.13903697 0.30262882 0.39070964 0.4838572  0.0765470415353775
28.0 0.12767848 0.18019365 0.41650322 0.5095614  0.07029496878385544
0.0 0.30229303 0.07669815 1.         0.5960243  0.06973524391651154
32.0 0.13689204 0.30758736 0.40027165 0.48238072 0.06911711394786835
5.0 0.51936567 0.01453492 0.98243237 0.80670536 0.06456004828214645
38.0 0.12767848 0.18019365 0.41650322 0.5095614  0.054795507341623306
27.0 0.13831957 0.30333447 0.39476973 0.484132   0.054771583527326584
0.0 0.12767848 0.18019365 0.41650322 0.5095614  0.054557252675294876
0.0 0.5412663  0.         0.99031174 0.7087555  0.05062902346253395
24.0 0.14205712 0.30102134 0.406254   0.4803785  0.0506112277507782
8.0 0.14137837 0.30579656 0.3782111  0.48284847 0.049850184470415115
36.0 0.13723966 0.3040528  0.39562425 0.48274562 0.049358170479536057
15.0 0.5681337  0.00918256 0.99953616 0.25077975 0.048761025071144104
16.0 0.5929159  0.00345656 0.98341346 0.6611266  0.04824415221810341
42.0 0.13689204 0.30758736 0.40027165 0.48238072 0.04443765804171562
40.0 0.12767848 0.18019365 0.41650322 0.5095614  0.041466545313596725
37.0 0.13761728 0.304572   0.3984369  0.48495436 0.03934691846370697
18.0 0.12767848 0.18019365 0.41650322 0.5095614  0.03777110204100609
4.0 0.15598401 0.17419954 0.4771383  0.6338072  0.0355006568133831
28.0 0.12998839 0.11149758 0.5095533  0.68024397 0.03511779010295868
20.0 0.14205712 0.30102134 0.406254   0.4803785  0.03348859027028084
6.0 0.1358138  0.30322534 0.40013084 0.4818473  0.03336061164736748
5.0 0.54648936 0.00706673 1.         0.35506463 0.032859984785318375
41.0 0.12767848 0.18019365 0.41650322 0.5095614  0.032364681363105774
5.0 0.15119287 0.07371837 0.46718547 0.55687    0.03114927001297474
30.0 0.6156148  0.01957095 1.         0.5739138  0.030022066086530685
25.0 0.5880094  0.06416994 0.97511476 0.755521   0.029293851926922798
29.0 0.15119287 0.07371837 0.46718547 0.55687    0.02906828746199608
1.0 0.13533369 0.30709922 0.40259686 0.4846055  0.028849536553025246
13.0 0.12767848 0.18019365 0.41650322 0.5095614  0.028357068076729774
33.0 0.14205712 0.30102134 0.406254   0.4803785  0.0283528920263052
7.0 0.10569729 0.16942455 0.43247175 0.48798597 0.02827898971736431
1.0 0.15119287 0.07371837 0.46718547 0.55687    0.027368173003196716
10.0 0.11673385 0.02540353 0.4082266  0.46853575 0.02716122381389141
11.0 0.14764066 0.302189   0.40084976 0.4845279  0.027149349451065063
5.0 0.30229303 0.07669815 1.         0.5960243  0.02702605165541172
26.0 0.15598401 0.17419954 0.4771383  0.6338072  0.026149125769734383
0.0 0.655544   0.04176635 1.         0.5911712  0.02570957876741886
7.0 0.51936567 0.01453492 0.98243237 0.80670536 0.025165850296616554
5.0 0.171294   0.10849866 0.991869   0.9245204  0.024765891954302788
30.0 0.15119287 0.07371837 0.46718547 0.55687    0.02422448992729187
37.0 0.5929159  0.00345656 0.98341346 0.6611266  0.023621857166290283
34.0 0.15598401 0.17419954 0.4771383  0.6338072  0.023447949439287186
37.0 0.15119287 0.07371837 0.46718547 0.55687    0.022918174043297768
25.0 0.15119287 0.07371837 0.46718547 0.55687    0.022629844024777412
23.0 0.14205712 0.30102134 0.406254   0.4803785  0.02181638590991497
16.0 0.5696629  0.00346349 1.         0.35712582 0.02177092432975769
29.0 0.43582037 0.         0.99309254 0.85983086 0.02174890786409378
23.0 0.15119287 0.07371837 0.46718547 0.55687    0.021192019805312157
26.0 0.13192908 0.3057487  0.3972057  0.48118436 0.021176444366574287
0.0 0.2307654 0.0519366 0.9667334 0.9655236 0.021144699305295944
16.0 0.62756866 0.09040973 1.         0.5211152  0.021130960434675217
10.0 0.14376724 0.30288154 0.40765166 0.48129123 0.021077878773212433
21.0 0.15119287 0.07371837 0.46718547 0.55687    0.020774392411112785
0.0 0.49106058 0.22545156 0.9729098  1.         0.02076624147593975
31.0 0.15189129 0.31340578 0.2919609  0.47135314 0.020478809252381325
16.0 0.35257187 0.         0.9665047  0.7607788  0.020120475441217422
5.0 0.14205712 0.30102134 0.406254   0.4803785  0.019771642982959747
4.0 0.09608421 0.         0.5857053  0.77454954 0.019690481945872307
25.0 0.7398652  0.         0.99394715 0.615256   0.019642990082502365
5.0 0.03339601 0.03982472 0.7916195  0.59926814 0.019402578473091125
20.0 0.12633164 0.1390138  0.4855528  0.5086473  0.019190482795238495
31.0 0.15119287 0.07371837 0.46718547 0.55687    0.019148068502545357
16.0 0.69531584 0.39073098 0.99221194 1.         0.01909502036869526
29.0 0.13819958 0.30258822 0.39068276 0.4866643  0.019083969295024872
10.0 0.12648502 0.24126664 0.5022466  0.5886805  0.019038241356611252
16.0 0.63225526 0.00649098 0.99831957 0.2118049  0.018926924094557762
25.0 0.62756866 0.09040973 1.         0.5211152  0.018882544711232185
15.0 0.5412663  0.         0.99031174 0.7087555  0.018872592598199844
25.0 0.14408517 0.1928673  0.3964538  0.48173887 0.018566211685538292
3.0 0.14205712 0.30102134 0.406254   0.4803785  0.01846722885966301
29.0 0.15342623 0.04130211 0.9443734  0.63719106 0.01785355433821678
24.0 0.5673336  0.01352984 0.99727297 0.46424532 0.017777325585484505
0.0 0.63225526 0.00649098 0.99831957 0.2118049  0.01776609756052494
40.0 0.1206535  0.00156611 0.48991758 0.5969001  0.017299016937613487
14.0 0.12767848 0.18019365 0.41650322 0.5095614  0.01728600263595581
12.0 0.15119287 0.07371837 0.46718547 0.55687    0.017268750816583633
7.0 0.03339601 0.03982472 0.7916195  0.59926814 0.017262836918234825
26.0 0.00456022 0.5591058  0.3121673  1.         0.01721230149269104
0.0 0.5735413  0.         1.         0.46134263 0.01703144609928131
28.0 0.13192908 0.3057487  0.3972057  0.48118436 0.016610337421298027
29.0 0.01715028 0.17673177 1.         1.         0.01643321104347706
0.0 0.581548   0.11540192 0.9830222  0.46018654 0.01623913086950779
5.0 0.655544   0.04176635 1.         0.5911712  0.01620008982717991
42.0 0.12767848 0.18019365 0.41650322 0.5095614  0.016115479171276093
16.0 0.15119287 0.07371837 0.46718547 0.55687    0.015972906723618507
