18.0 0.23243165 0.10364988 0.7804744  0.4291878  0.5488114953041077
1.0 0.12847087 0.05855289 0.99579895 0.97616506 0.32711756229400635
14.0 0.12847087 0.05855289 0.99579895 0.97616506 0.3192422091960907
40.0 0.13105422 0.04848653 0.99290854 0.9702309  0.22624312341213226
18.0 0.1715605  0.11089483 0.9438242  0.693486   0.18615537881851196
6.0 0.1024738  0.08318502 0.9869248  0.9771767  0.17845571041107178
13.0 0.1715605  0.11089483 0.9438242  0.693486   0.1315583437681198
29.0 0.10900128 0.06266508 0.99569404 0.99593544 0.12801708281040192
37.0 0.13105422 0.04848653 0.99290854 0.9702309  0.1279863566160202
0.0 0.13105422 0.04848653 0.99290854 0.9702309  0.11638285219669342
13.0 0.23243165 0.10364988 0.7804744  0.4291878  0.10042249411344528
7.0 0.13105422 0.04848653 0.99290854 0.9702309  0.10024556517601013
10.0 0.12847087 0.05855289 0.99579895 0.97616506 0.09215077012777328
18.0 0.47043818 0.6089622  0.9359272  0.9406756  0.09001687914133072
20.0 0.11859891 0.03591743 1.         0.9732624  0.08985237032175064
40.0 0.22207144 0.11767346 0.89932966 0.55645955 0.07901059836149216
9.0 0.22833806 0.11472529 0.76790875 0.4292261  0.07665438205003738
36.0 0.11859891 0.03591743 1.         0.9732624  0.07577872276306152
14.0 0.22113192 0.10577466 0.8377483  0.58847564 0.06654544174671173
38.0 0.22161168 0.10583171 0.7744798  0.4318808  0.06585870683193207
42.0 0.11859891 0.03591743 1.         0.9732624  0.0627933070063591
28.0 0.15633619 0.05776188 0.98941135 0.9490614  0.05628667771816254
9.0 0.15180832 0.07463327 0.97905594 0.9216298  0.05055355653166771
18.0 0.47964475 0.7188545  0.83065915 0.92997354 0.04341884329915047
40.0 0.48296058 0.13546368 0.9535377  0.8981987  0.04274921491742134
32.0 0.11914426 0.08255345 1.         0.99525374 0.04162473604083061
0.0 0.22207144 0.11767346 0.89932966 0.55645955 0.03917315974831581
2.0 0.22833806 0.11472529 0.76790875 0.4292261  0.03842034563422203
14.0 0.37945405 0.43339995 0.9497082  0.98911166 0.037163861095905304
40.0 0.37945405 0.43339995 0.9497082  0.98911166 0.037051402032375336
18.0 0.37945405 0.43339995 0.9497082  0.98911166 0.0356934517621994
40.0 0.47043818 0.6089622  0.9359272  0.9406756  0.0338621586561203
7.0 0.48296058 0.13546368 0.9535377  0.8981987  0.033355485647916794
11.0 0.04455373 0.         1.         1.         0.032531388103961945
41.0 0.13105422 0.04848653 0.99290854 0.9702309  0.03224640339612961
14.0 0.10881567 0.         1.         1.         0.03221582993865013
15.0 0.13105422 0.04848653 0.99290854 0.9702309  0.03183110058307648
0.0 0.48296058 0.13546368 0.9535377  0.8981987  0.030832737684249878
13.0 0.3364877  0.55571294 0.9785622  0.953352   0.029997320845723152
0.0 0.47043818 0.6089622  0.9359272  0.9406756  0.029703902080655098
38.0 0.47043818 0.6089622  0.9359272  0.9406756  0.02734636701643467
1.0 0.22207144 0.11767346 0.89932966 0.55645955 0.026059124618768692
1.0 0.20071644 0.08818734 1.         1.         0.02526509203016758
37.0 0.48296058 0.13546368 0.9535377  0.8981987  0.024967484176158905
38.0 0.13872546 0.07294628 0.99765724 0.9970963  0.024852382019162178
11.0 0.17503884 0.08932856 0.9663863  0.9067302  0.024656545370817184
2.0 0.48115093 0.6540572  0.84754246 0.93613106 0.024326493963599205
10.0 0.22207144 0.11767346 0.89932966 0.55645955 0.024257754907011986
0.0 0.37945405 0.43339995 0.9497082  0.98911166 0.02406163699924946
13.0 0.31137088 0.25716594 0.94732046 0.9226216  0.022811781615018845
14.0 0.48296058 0.13546368 0.9535377  0.8981987  0.021863477304577827
13.0 0.04936731 0.         1.         0.95019674 0.020957395434379578
7.0 0.2431854  0.12750608 0.9530407  0.5810056  0.020253829658031464
1.0 0.48296058 0.13546368 0.9535377  0.8981987  0.01999950222671032
42.0 0.21688777 0.11795618 0.76886237 0.43150693 0.01918107084929943
11.0 0.22207144 0.11767346 0.89932966 0.55645955 0.019004030153155327
1.0 0.19400948 0.3498209  0.9217163  0.8809112  0.018933353945612907
6.0 0.20071644 0.08818734 1.         1.         0.01891898922622204
3.0 0.13105422 0.04848653 0.99290854 0.9702309  0.018299991264939308
14.0 0.30307183 0.2122606  1.         1.         0.017958614975214005
18.0 0.066248   0.00785249 1.         1.         0.01791871152818203
7.0 0.27271095 0.37995535 0.97507167 0.8705588  0.016976067796349525
22.0 0.11859891 0.03591743 1.         0.9732624  0.01687812991440296
0.0 0.47964475 0.7188545  0.83065915 0.92997354 0.016829300671815872
40.0 0.69968605 0.17715827 1.         0.87625515 0.016695527359843254
38.0 0.18010852 0.10564652 0.9152708  0.6429895  0.01665453426539898
24.0 0.13165027 0.05190074 0.9752503  0.9705515  0.016602013260126114
13.0 0.47203314 0.6989092  0.8479246  0.9401832  0.016425427049398422
26.0 0.12191123 0.07036299 0.9739546  0.9703365  0.01619746908545494
40.0 0. 0. 1. 1. 0.01616033911705017
36.0 0.41226277 0.16051942 0.9170867  0.96473604 0.01608625426888466
14.0 0.47043818 0.6089622  0.9359272  0.9406756  0.015921371057629585
14.0 0.15631396 0.2747806  0.88440555 0.81738293 0.015863612294197083
0.0 0.69968605 0.17715827 1.         0.87625515 0.015846699476242065
27.0 0.11859891 0.03591743 1.         0.9732624  0.015790622681379318
1.0 0.69968605 0.17715827 1.         0.87625515 0.015737805515527725
18.0 0.48296058 0.13546368 0.9535377  0.8981987  0.015616695396602154
9.0 0.47043818 0.6089622  0.9359272  0.9406756  0.015589919872581959
40.0 0.20071644 0.08818734 1.         1.         0.01553821936249733
29.0 0.24395055 0.31882384 1.         1.         0.015296008437871933
2.0 0.13105422 0.04848653 0.99290854 0.9702309  0.015232069417834282
35.0 0.13872546 0.07294628 0.99765724 0.9970963  0.015195997431874275
12.0 0.11859891 0.03591743 1.         0.9732624  0.015013077296316624
9.0 0.2431854  0.12750608 0.9530407  0.5810056  0.01480384636670351
31.0 0.70901006 0.08601603 1.         0.7856499  0.014486019499599934
0.0 0.2273713  0.11874686 0.7549745  0.39694345 0.014424419030547142
36.0 0.18443638 0.         1.         1.         0.014193153940141201
32.0 0.41226277 0.16051942 0.9170867  0.96473604 0.014094074256718159
10.0 0.24395055 0.31882384 1.         1.         0.01386473048478365
42.0 0.48296058 0.13546368 0.9535377  0.8981987  0.013817926868796349
1.0 0.3364877  0.55571294 0.9785622  0.953352   0.013473610393702984
18.0 0.15960383 0.         0.95496416 0.5111667  0.013437974266707897
7.0 0.3478371  0.09858263 1.         1.         0.013412640430033207
14.0 0. 0. 1. 1. 0.013331600464880466
15.0 0.47043818 0.6089622  0.9359272  0.9406756  0.013220283202826977
37.0 0.69968605 0.17715827 1.         0.87625515 0.013175446540117264
23.0 0.22207144 0.11767346 0.89932966 0.55645955 0.013100102543830872
10.0 0.27271095 0.37995535 0.97507167 0.8705588  0.012943620793521404
14.0 0.69968605 0.17715827 1.         0.87625515 0.012737564742565155
29.0 0.48296058 0.13546368 0.9535377  0.8981987  0.012518231756985188
