30.0 0.22362769 0.2573863  0.94243383 0.99192274 0.7799755334854126
29.0 0.22407317 0.2366724  0.95075905 0.9917358  0.38077953457832336
30.0 0.31816792 0.25310358 0.6718034  1.         0.1628812849521637
34.0 0.14810559 0.19038081 1.         0.9896076  0.1198190450668335
30.0 0.05887121 0.         1.         1.         0.10909096151590347
25.0 0.17316005 0.22164625 0.9992441  0.98318416 0.10387604683637619
0.0 0.         0.6103233  0.37200055 0.9985398  0.10034248977899551
5.0 0.21079275 0.16048908 0.95865023 1.         0.09449973702430725
28.0 0.1876089  0.14682984 1.         0.99903965 0.08756925165653229
21.0 0.1876089  0.14682984 1.         0.99903965 0.07884585857391357
19.0 0.20451996 0.256773   0.9756825  0.9923327  0.05925941467285156
30.0 0.23692864 0.45432746 0.7824088  0.9204037  0.05369754508137703
0.0 0.         0.757039   0.31009614 0.9858828  0.04920738562941551
5.0 0.         0.04029799 1.         1.         0.04503745213150978
4.0 0.31194967 0.28338492 0.70797354 1.         0.042174648493528366
16.0 0.21079275 0.16048908 0.95865023 1.         0.03617280349135399
34.0 0.31194967 0.28338492 0.70797354 1.         0.035410452634096146
37.0 0.21079275 0.16048908 0.95865023 1.         0.03524813428521156
29.0 0.27632728 0.35922897 1.         1.         0.033652886748313904
29.0 0.1753338 0.        1.        1.        0.030727367848157883
30.0 0.35449198 0.23991734 1.         1.         0.03037863038480282
32.0 0.21504027 0.26547378 1.         0.9857326  0.030342068523168564
30.0 0.13061497 0.09816787 0.71853244 0.93603337 0.030168775469064713
16.0 0.        0.6001726 0.3195649 1.        0.028962574899196625
33.0 0.18956628 0.17542613 0.97873163 1.         0.027513181790709496
30.0 0.         0.         1.         0.94982094 0.026687704026699066
5.0 0.22457415 0.41394135 1.         1.         0.02664608508348465
30.0 0.18321744 0.38985118 0.5748209  1.         0.025861354544758797
10.0 0.21902266 0.21395865 0.92722344 0.9789922  0.025439636781811714
40.0 0.8504263 0.7054204 0.9985931 1.        0.02419486828148365
34.0 0.22457415 0.41394135 1.         1.         0.023784423246979713
28.0 0.         0.0182022  0.4624964  0.32456756 0.023582439869642258
34.0 0.0035736 0.        1.        1.        0.02189032733440399
4.0 0.1876089  0.14682984 1.         0.99903965 0.02139553800225258
28.0 0.19714491 0.28214198 0.68961173 1.         0.020030010491609573
25.0 0.11706263 0.         1.         0.9483979  0.019263362511992455
6.0 0.21504027 0.26547378 1.         0.9857326  0.01920790784060955
25.0 0.23692864 0.45432746 0.7824088  0.9204037  0.018829122185707092
7.0 0.21079275 0.16048908 0.95865023 1.         0.018228275701403618
25.0 0.22457415 0.41394135 1.         1.         0.01816423051059246
27.0 0.69528776 0.         0.999312   0.18717554 0.0174048263579607
21.0 0.22457415 0.41394135 1.         1.         0.017082402482628822
39.0 0.21079275 0.16048908 0.95865023 1.         0.01677093841135502
28.0 0.         0.02530891 0.2717232  0.20468822 0.016764506697654724
1.0 0.21504027 0.26547378 1.         0.9857326  0.01653280481696129
5.0 0.         0.33020258 0.9735746  1.         0.01633848063647747
41.0 0.166408   0.28511193 0.9006292  0.9879986  0.016250155866146088
20.0 0.21504027 0.26547378 1.         0.9857326  0.016197219491004944
30.0 0.40786424 0.         1.         0.88038695 0.015932021662592888
36.0 0.19286335 0.19886383 0.96178365 1.         0.015829671174287796
34.0 0.         0.0328519  0.30165464 0.19967851 0.01547242607921362
5.0 0.01271398 0.5552335  0.30347484 1.         0.015438643284142017
16.0 0.        0.7218133 0.2790991 0.9674816 0.015398155897855759
0.0 0.19714491 0.28214198 0.68961173 1.         0.01537154708057642
34.0 0.         0.02129781 0.5517448  0.3097975  0.015272197313606739
29.0 0.23692864 0.45432746 0.7824088  0.9204037  0.015003194101154804
16.0 0.23692864 0.45432746 0.7824088  0.9204037  0.014814595691859722
40.0 0.22476548 0.2247124  1.         1.         0.014783822931349277
34.0 0.05596933 0.         0.74144566 0.8579719  0.014371078461408615
40.0 0.77796686 0.5728313  1.         1.         0.014370260760188103
27.0 0.21079275 0.16048908 0.95865023 1.         0.01428645197302103
28.0 0.05596933 0.         0.74144566 0.8579719  0.014276302419602871
34.0 0.24566221 0.60466087 0.87748945 1.         0.014059046283364296
10.0 0.         0.0182022  0.4624964  0.32456756 0.013985835015773773
24.0 0.14810559 0.19038081 1.         0.9896076  0.013953243382275105
28.0 0.27632728 0.35922897 1.         1.         0.01394936628639698
37.0 0.00800535 0.01652053 0.33639523 0.18989913 0.013765702955424786
0.0 0.15121642 0.19298029 1.         0.9766402  0.013559909537434578
24.0 0.0043335  0.         0.44652948 0.34761125 0.013559616170823574
30.0 0.         0.5495845  0.35220313 1.         0.013488044030964375
4.0 0.         0.02129781 0.5517448  0.3097975  0.013382986187934875
5.0 0.        0.        1.        0.8967335 0.013240153901278973
34.0 0.        0.4457057 0.8905975 1.        0.013047694228589535
25.0 0.        0.5245265 0.3300987 1.        0.013037696480751038
4.0 0.         0.01704182 0.26660332 0.1682935  0.01299494318664074
0.0 0.00800535 0.01652053 0.33639523 0.18989913 0.0129845617339015
14.0 0.21902266 0.21395865 0.92722344 0.9789922  0.012977169826626778
13.0 0.25537723 0.29296446 0.88537747 1.         0.012914198450744152
42.0 0.25537723 0.29296446 0.88537747 1.         0.012866642326116562
10.0 0.0087226  0.04565032 0.33856475 0.25292695 0.012733289040625095
31.0 0.2426183  0.28245533 0.96649444 1.         0.012521863915026188
0.0 0.         0.6996806  0.29570132 1.         0.012439426966011524
19.0 0.         0.05425793 1.         1.         0.012432633899152279
26.0 0.         0.01704182 0.26660332 0.1682935  0.012387196533381939
38.0 0.69528776 0.         0.999312   0.18717554 0.012374329380691051
21.0 0.30510888 0.39106324 0.82364213 1.         0.012337361462414265
7.0 0.00800535 0.01652053 0.33639523 0.18989913 0.01220041885972023
25.0 0.        0.7218133 0.2790991 0.9674816 0.01211427990347147
28.0 0.         0.46742415 0.32927454 1.         0.012063681147992611
30.0 0.37186003 0.3654517  0.58271295 0.9958848  0.011923574842512608
29.0 0.        0.        1.        0.8496188 0.011886878870427608
17.0 0.9223118  0.00300664 0.99578357 0.05392619 0.011628159321844578
34.0 0.11701587 0.12117442 0.7624726  0.58032775 0.011580489575862885
26.0 0.25537723 0.29296446 0.88537747 1.         0.011491475626826286
24.0 0.00800535 0.01652053 0.33639523 0.18989913 0.011453766375780106
22.0 0.25537723 0.29296446 0.88537747 1.         0.011441506445407867
28.0 0.01969475 0.         1.         0.9425586  0.011412279680371284
11.0 0.01384453 0.00950544 0.31483877 0.21930197 0.011328131891787052
3.0 0.16888884 0.26418376 0.8055613  1.         0.011316063813865185
19.0 0.23692864 0.45432746 0.7824088  0.9204037  0.011233026161789894
