18.0 0.11882798 0.43163344 0.24275742 0.52927023 0.397475928068161
0.0 0.04431438 0.34758288 0.26840368 0.5720046  0.21428534388542175
7.0 0.5454948  0.15038285 0.9118725  0.3275698  0.20956933498382568
38.0 0.00287376 0.6508949  0.07475824 0.74944854 0.11716168373823166
18.0 0.5454948  0.15038285 0.9118725  0.3275698  0.10537330061197281
14.0 0.5454948  0.15038285 0.9118725  0.3275698  0.10126298666000366
0.0 0.12021105 0.432869   0.23936485 0.52870363 0.10025911778211594
38.0 0.12021105 0.432869   0.23936485 0.52870363 0.09546505659818649
18.0 0.04431438 0.34758288 0.26840368 0.5720046  0.07808393985033035
18.0 0.12676783 0.4516238  0.22557093 0.5121892  0.07492364197969437
7.0 0.5821992  0.15523475 0.92711973 0.46124524 0.07390287518501282
0.0 0.5662339  0.16004395 0.89487755 0.3535369  0.06606857478618622
31.0 0.00290092 0.6485975  0.073504   0.7509395  0.06461921334266663
17.0 0.00289314 0.6496928  0.07364981 0.7490746  0.06304429471492767
40.0 0.12021105 0.432869   0.23936485 0.52870363 0.0619242824614048
0.0 0.01101149 0.40216675 0.23017874 0.64728284 0.05938613414764404
13.0 0.11853512 0.4311018  0.2438957  0.52894163 0.05825849622488022
18.0 0.5821992  0.15523475 0.92711973 0.46124524 0.052536990493535995
40.0 0.5454948  0.15038285 0.9118725  0.3275698  0.05071316659450531
0.0 0.06126867 0.22844645 0.31333774 0.5639992  0.04636970907449722
7.0 0.47824442 0.0798917  0.961238   0.30771947 0.044521264731884
20.0 0.37961334 0.07673335 0.9703507  0.6247885  0.04281766340136528
10.0 0.37961334 0.07673335 0.9703507  0.6247885  0.04145920276641846
14.0 0.12083223 0.43090838 0.23514229 0.5308578  0.03939579427242279
24.0 0.49908686 0.14387122 0.90983295 0.35221955 0.03938961774110794
34.0 0.         0.29250968 0.94413376 1.         0.03860986977815628
15.0 0.5454948  0.15038285 0.9118725  0.3275698  0.035686343908309937
32.0 0.49908686 0.14387122 0.90983295 0.35221955 0.03563033044338226
16.0 0.00677389 0.65372795 0.07096367 0.74752945 0.03542032465338707
7.0 0.37961334 0.07673335 0.9703507  0.6247885  0.03391661122441292
40.0 0.02635743 0.3074944  0.28323036 0.6006072  0.03390369191765785
40.0 0.00266476 0.6478632  0.07380477 0.7661906  0.033896539360284805
0.0 0.         0.3100768  0.31065112 0.7157737  0.03229343146085739
38.0 0.49908686 0.14387122 0.90983295 0.35221955 0.0315585732460022
28.0 0.07467306 0.06739992 0.32178688 0.5669514  0.031284160912036896
11.0 0.5536508  0.146916   0.90790266 0.34029382 0.030295241624116898
14.0 0.47824442 0.0798917  0.961238   0.30771947 0.030054772272706032
25.0 0.00677389 0.65372795 0.07096367 0.74752945 0.029956547543406487
13.0 0.04431438 0.34758288 0.26840368 0.5720046  0.02995169721543789
14.0 0.5821992  0.15523475 0.92711973 0.46124524 0.0284102912992239
28.0 0.         0.29250968 0.94413376 1.         0.028258591890335083
0.0 0.         0.48518473 0.1770305  0.64376503 0.028028497472405434
7.0 0.04431438 0.34758288 0.26840368 0.5720046  0.027822835370898247
0.0 0.12168886 0.4456221  0.20090602 0.5147307  0.027666151523590088
20.0 0.49908686 0.14387122 0.90983295 0.35221955 0.02725556492805481
28.0 0.         0.08156347 0.8616631  0.7593138  0.027083655819296837
5.0 0.5454948  0.15038285 0.9118725  0.3275698  0.025824490934610367
40.0 0.59301907 0.14445385 0.90933686 0.6105535  0.02559495158493519
24.0 0.5671929  0.13190377 0.9424894  0.50258285 0.02530760131776333
10.0 0.48017594 0.13218175 0.91178334 0.37888432 0.02530030347406864
10.0 0.04275098 0.09279114 0.9438218  0.7570815  0.0250166617333889
18.0 0.12978621 0.4276925  0.20649861 0.47317973 0.024953076615929604
40.0 0.04347949 0.07960206 0.29493707 0.5816521  0.024753723293542862
21.0 0.09689805 0.17619395 0.93619144 1.         0.02419748716056347
0.0 0.02586529 0.5467478  0.17213094 0.6474643  0.024193502962589264
18.0 0.06126867 0.22844645 0.31333774 0.5639992  0.024048930034041405
5.0 0.6423621  0.16851804 0.9579536  0.6971562  0.023128580302000046
27.0 0.00677389 0.65372795 0.07096367 0.74752945 0.023052293807268143
0.0 0.0736981  0.38690975 0.24586415 0.5304899  0.02266772650182247
18.0 0.00481108 0.6520284  0.07217402 0.7490954  0.02255919575691223
37.0 0.5755255  0.16187757 0.89272213 0.38081145 0.022335520014166832
18.0 0.12780064 0.44453287 0.20537168 0.49325866 0.022299567237496376
23.0 0.09349419 0.01574158 0.3618279  0.19411159 0.022129390388727188
31.0 0.01168065 0.6182769  0.08339627 0.78322524 0.021976688876748085
1.0 0.11963468 0.4341042  0.23858008 0.52898    0.0218258798122406
37.0 0.10117453 0.02588488 0.3427824  0.2826349  0.02152826637029648
40.0 0.12415943 0.44088012 0.18994781 0.52018595 0.02139306254684925
13.0 0.12168886 0.4456221  0.20090602 0.5147307  0.02138477750122547
42.0 0.5454948  0.15038285 0.9118725  0.3275698  0.021151119843125343
40.0 0.0093024  0.6037491  0.09128989 0.792725   0.020855169743299484
37.0 0.59301907 0.14445385 0.90933686 0.6105535  0.02085064724087715
27.0 0.6423621  0.16851804 0.9579536  0.6971562  0.020780479535460472
0.0 0.00289314 0.6496928  0.07364981 0.7490746  0.020302826538681984
18.0 0.47824442 0.0798917  0.961238   0.30771947 0.019569512456655502
0.0 0.01714481 0.5136841  0.16960979 0.6072764  0.019516199827194214
26.0 0.01360893 0.24384436 0.92215925 1.         0.019082140177488327
5.0 0.45236257 0.07448515 0.9476061  0.75917006 0.018857790157198906
2.0 0.00289314 0.6496928  0.07364981 0.7490746  0.01877783238887787
1.0 0.06110197 0.12018839 0.27601677 0.56461596 0.018536347895860672
27.0 0.7431731  0.44010624 0.99728477 0.64416504 0.018489409238100052
34.0 0.04275098 0.09279114 0.9438218  0.7570815  0.01847333274781704
37.0 0.04431438 0.34758288 0.26840368 0.5720046  0.018255850300192833
11.0 0.47824442 0.0798917  0.961238   0.30771947 0.018051328137516975
0.0 0.6226931 0.1570124 0.9401873 0.6344613 0.018038814887404442
32.0 0.5043257  0.0900602  0.93241435 0.630743   0.017635943368077278
41.0 0.12153918 0.10505131 0.98723644 0.7437172  0.017582977190613747
41.0 0.5454948  0.15038285 0.9118725  0.3275698  0.01758057251572609
4.0 0.5454948  0.15038285 0.9118725  0.3275698  0.017253868281841278
0.0 0.04932656 0.43078658 0.22958261 0.5685071  0.017247609794139862
15.0 0.12164064 0.43267134 0.21900539 0.5298798  0.017202012240886688
7.0 0.12021105 0.432869   0.23936485 0.52870363 0.016991179436445236
1.0 0.00719509 0.         0.78674936 0.70938045 0.016788188368082047
1.0 0.40374514 0.12729616 0.98631716 0.5294668  0.016590306535363197
11.0 0.0653674  0.         0.9129195  0.70430994 0.016536038368940353
7.0 0.04275098 0.09279114 0.9438218  0.7570815  0.016217412427067757
9.0 0.01062525 0.6577118  0.06879023 0.74849707 0.01610647886991501
9.0 0.12083223 0.43090838 0.23514229 0.5308578  0.01609671115875244
24.0 0.4440096  0.07041777 0.9389815  0.30473697 0.01601932756602764
29.0 0.08228027 0.         0.3311702  0.51854813 0.01599893532693386
38.0 0.05332862 0.2086599  0.27153546 0.5970345  0.01599462516605854
