28.0 0.13346133 0.         0.51546407 0.7622557  0.17376714944839478
5.0 0.1150538 0.        0.9133645 0.9111142 0.15368083119392395
29.0 0.11175013 0.         0.90402937 0.8231821  0.10381258279085159
21.0 0.12695083 0.         0.5201231  0.9416802  0.10163699835538864
25.0 0.50268143 0.0460217  0.96959573 0.9624604  0.09452340006828308
29.0 0.13346133 0.         0.51546407 0.7622557  0.08776791393756866
40.0 0.76009136 0.         1.         0.24113493 0.07831133157014847
30.0 0.12730621 0.         0.5352967  0.86004853 0.07502849400043488
7.0 0.18731779 0.5841888  0.46944577 0.90395546 0.07038307189941406
25.0 0.719588   0.11408252 0.9679244  0.9139765  0.06016891822218895
1.0 0.09577416 0.01196715 0.5677242  0.5180143  0.05802246183156967
26.0 0.13346133 0.         0.51546407 0.7622557  0.057542264461517334
5.0 0.12695083 0.         0.5201231  0.9416802  0.056551940739154816
10.0 0.12695083 0.         0.5201231  0.9416802  0.05635968595743179
28.0 0.08761925 0.         0.7917577  0.88270235 0.053266458213329315
16.0 0.23600006 0.         0.96253264 0.9767991  0.051263369619846344
23.0 0.09577416 0.01196715 0.5677242  0.5180143  0.04991985857486725
23.0 0.14520879 0.00968876 0.5254106  0.21635431 0.04752957448363304
34.0 0.13346133 0.         0.51546407 0.7622557  0.04668288677930832
37.0 0.16240194 0.00729588 0.50082064 0.19594187 0.04343614727258682
31.0 0.7866555  0.         0.99645394 0.24134053 0.04278697073459625
5.0 0.11248991 0.11844018 0.32473263 0.6897756  0.0408695787191391
41.0 0.18731779 0.5841888  0.46944577 0.90395546 0.04012664407491684
4.0 0.13847624 0.         0.4940508  0.8480718  0.03919687494635582
10.0 0.11175013 0.         0.90402937 0.8231821  0.03711114823818207
25.0 0.12140599 0.         0.9958838  1.         0.03583284094929695
28.0 0.09513841 0.00537425 0.34293148 0.7371911  0.035562336444854736
32.0 0.75950205 0.         0.9991456  0.2037572  0.03449514880776405
5.0 0.21150148 0.51204836 0.45788485 0.9272382  0.034083444625139236
28.0 0.07323951 0.01497036 0.58494204 0.43778577 0.03256995230913162
12.0 0.12730621 0.         0.5352967  0.86004853 0.032348908483982086
41.0 0.10224265 0.         0.5728066  0.9594149  0.03230007365345955
34.0 0.06196085 0.0216763  0.7860136  0.6769645  0.03196854889392853
28.0 0.09534979 0.295085   0.51286757 0.93603307 0.031873926520347595
37.0 0.13346133 0.         0.51546407 0.7622557  0.03158937022089958
27.0 0.19894353 0.         0.97011423 0.9296792  0.030069125816226006
33.0 0.13346133 0.         0.51546407 0.7622557  0.029069337993860245
1.0 0.08897844 0.         0.7883687  0.80859894 0.028933586552739143
37.0 0.06130552 0.01699924 0.7835344  0.50499123 0.028779540210962296
1.0 0.13847624 0.         0.4940508  0.8480718  0.02867685817182064
20.0 0.20302826 0.6610451  0.46508592 0.8924688  0.02856159396469593
1.0 0.14520879 0.00968876 0.5254106  0.21635431 0.027664491906762123
7.0 0.12140599 0.         0.9958838  1.         0.027042804285883904
39.0 0.1150538 0.        0.9133645 0.9111142 0.02548191510140896
21.0 0.07317923 0.2550352  0.54511476 0.74493325 0.025253305211663246
40.0 0.7778412  0.         1.         0.23214564 0.02505776844918728
5.0 0. 0. 1. 1. 0.02500026486814022
27.0 0.59048784 0.10786435 0.9619229  0.9047959  0.024941574782133102
32.0 0.09577416 0.01196715 0.5677242  0.5180143  0.024178186431527138
21.0 0.19894353 0.         0.97011423 0.9296792  0.023919405415654182
41.0 0.09724534 0.03151101 0.3412484  0.71770555 0.023645538836717606
10.0 0.09724534 0.03151101 0.3412484  0.71770555 0.023373769596219063
27.0 0.75950205 0.         0.9991456  0.2037572  0.023312587291002274
34.0 0.05642125 0.12406892 0.56934583 1.         0.022756997495889664
16.0 0.59048784 0.10786435 0.9619229  0.9047959  0.022492336109280586
40.0 0.5826528  0.00197132 1.         0.29228628 0.022255370393395424
41.0 0.        0.0798803 0.8632262 0.9891079 0.022192006930708885
10.0 0.09577416 0.01196715 0.5677242  0.5180143  0.022151680663228035
30.0 0.06196085 0.0216763  0.7860136  0.6769645  0.022061893716454506
1.0 0.09238502 0.         0.78115773 0.41045916 0.0220059622079134
32.0 0.14520879 0.00968876 0.5254106  0.21635431 0.02199419029057026
21.0 0.07498498 0.45309556 0.5439179  0.8606007  0.02192235179245472
37.0 0.12701285 0.01489235 0.44920647 0.30413753 0.021270355209708214
34.0 0.07323951 0.01497036 0.58494204 0.43778577 0.021145010367035866
21.0 0.09724534 0.03151101 0.3412484  0.71770555 0.0204693004488945
41.0 0.14014524 0.34386465 0.43937415 0.9034529  0.020285524427890778
34.0 0.07498498 0.45309556 0.5439179  0.8606007  0.020281752571463585
39.0 0.10200632 0.3286867  0.27867332 0.6480071  0.020087042823433876
26.0 0.07250866 0.         0.7957306  0.6620148  0.020068302750587463
13.0 0.77460444 0.00544804 0.9983916  0.22204702 0.020030980929732323
25.0 0.13847624 0.         0.4940508  0.8480718  0.019949035719037056
10.0 0.20553635 0.6657154  0.4706115  0.878238   0.019851183518767357
29.0 0.07323951 0.01497036 0.58494204 0.43778577 0.01916012167930603
26.0 0.09534979 0.295085   0.51286757 0.93603307 0.01908371038734913
20.0 0.13346133 0.         0.51546407 0.7622557  0.019040700048208237
24.0 0.00892892 0.6953946  0.4847492  1.         0.019014403223991394
21.0 0.06830084 0.05206349 0.5795857  0.57440174 0.018887067213654518
26.0 0.09724534 0.03151101 0.3412484  0.71770555 0.018080197274684906
31.0 0.7954598 0.758285  1.        1.        0.018062766641378403
37.0 0.19589762 0.01148883 0.3695292  0.19017777 0.01785840466618538
40.0 0.13346133 0.         0.51546407 0.7622557  0.017748506739735603
5.0 0.11555719 0.05048695 0.70921373 0.5564681  0.017722100019454956
39.0 0.12695083 0.         0.5201231  0.9416802  0.01709969900548458
34.0 0.         0.6509598  0.46112883 0.9848377  0.017085181549191475
17.0 0.7954598 0.758285  1.        1.        0.017059089615941048
28.0 0.21174204 0.62886155 0.46590543 0.8960662  0.01686662994325161
31.0 0.72146034 0.         0.9911537  0.4435019  0.0165975671261549
0.0 0.23578629 0.06054083 0.35681215 0.1708362  0.016565874218940735
7.0 0.12730621 0.         0.5352967  0.86004853 0.016546858474612236
40.0 0.8082963  0.         1.         0.15474853 0.016423655673861504
23.0 0.13847624 0.         0.4940508  0.8480718  0.01636386662721634
29.0 0.44703957 0.         0.9891614  0.8658947  0.016360512003302574
24.0 0.11041102 0.01665406 0.70395625 0.40884125 0.016308795660734177
11.0 0.11041102 0.01665406 0.70395625 0.40884125 0.0160701721906662
0.0 0.12140599 0.         0.9958838  1.         0.016025559976696968
13.0 0.14520879 0.00968876 0.5254106  0.21635431 0.01574755646288395
16.0 0.04791093 0.         1.         1.         0.01565208099782467
28.0 0.02162316 0.62793446 0.48825005 0.9570267  0.01562844216823578
3.0 0.10883473 0.         0.5895463  0.8942257  0.01562468707561493
36.0 0.78904444 0.         1.         0.2197504  0.015468869358301163
