20.0 0.00310445 0.46947867 0.69253135 0.9996514  0.6229539513587952
15.0 0.30049813 0.20112666 0.7099674  0.44728795 0.5619267225265503
14.0 0.0039497  0.4744566  0.67854416 0.997552   0.34015288949012756
6.0 0.00310445 0.46947867 0.69253135 0.9996514  0.33323606848716736
24.0 0.29776293 0.1926024  0.7059019  0.4565159  0.21129347383975983
36.0 0.         0.47390702 0.70483136 1.         0.17494837939739227
32.0 0.29922938 0.2039864  0.70761704 0.4459507  0.16525188088417053
22.0 0.00310445 0.46947867 0.69253135 0.9996514  0.1255689561367035
5.0 0.30239862 0.20299873 0.71102923 0.4388142  0.11941041052341461
10.0 0.         0.46514356 0.6969865  1.         0.09078991413116455
40.0 0.         0.45804223 0.75661993 1.         0.08320463448762894
40.0 0.29709983 0.20395647 0.7088728  0.4448732  0.07495296746492386
1.0 0.00310445 0.46947867 0.69253135 0.9996514  0.07389307022094727
37.0 0.30049813 0.20112666 0.7099674  0.44728795 0.06774672865867615
0.0 0.29803142 0.20397875 0.7130822  0.44580737 0.062477126717567444
7.0 0.30049813 0.20112666 0.7099674  0.44728795 0.061877813190221786
40.0 0.         0.33148244 0.94421303 1.         0.05461224541068077
29.0 0.01874352 0.37453866 0.8307049  1.         0.05189656466245651
40.0 0.24808474 0.60847366 0.71002775 0.9998481  0.05057721212506294
32.0 0.         0.4001535  0.7291845  0.99485767 0.050430480390787125
20.0 0.         0.27987128 0.89348966 1.         0.04662500321865082
9.0 0.         0.50400704 0.60112846 1.         0.04654749482870102
3.0 0.02262616 0.4220264  0.6589233  1.         0.03867242485284805
24.0 0.28430825 0.21419328 0.64011925 0.37268686 0.03732137009501457
37.0 0.10985255 0.14515495 0.7163675  0.91669166 0.03558967262506485
20.0 0.10985255 0.14515495 0.7163675  0.91669166 0.03506450727581978
42.0 0.02262616 0.4220264  0.6589233  1.         0.03255803883075714
18.0 0.29709983 0.20395647 0.7088728  0.4448732  0.03227180987596512
7.0 0.         0.40534508 0.71688616 0.9850732  0.029876694083213806
34.0 0.30239862 0.20299873 0.71102923 0.4388142  0.028374535962939262
11.0 0.01295853 0.37622768 0.7276549  1.         0.027747884392738342
41.0 0.         0.40534508 0.71688616 0.9850732  0.02771792560815811
27.0 0.2964071  0.20343778 0.7140856  0.43366876 0.026384415104985237
40.0 0.10985255 0.14515495 0.7163675  0.91669166 0.025800619274377823
4.0 0.29900813 0.20545402 0.7151022  0.43985483 0.0255730077624321
14.0 0.29900813 0.20545402 0.7151022  0.43985483 0.02552753873169422
10.0 0.         0.18085802 0.7495563  0.91277635 0.025333454832434654
18.0 0.         0.45804223 0.75661993 1.         0.024495534598827362
27.0 0.02262616 0.4220264  0.6589233  1.         0.024305570870637894
8.0 0.00310445 0.46947867 0.69253135 0.9996514  0.02426203340291977
13.0 0.         0.45804223 0.75661993 1.         0.023756440728902817
19.0 0.29922938 0.2039864  0.70761704 0.4459507  0.023501478135585785
24.0 0.04513979 0.1556485  0.7701599  0.8962127  0.022853000089526176
36.0 0.         0.19645256 0.85077083 1.         0.022722890600562096
38.0 0.         0.45804223 0.75661993 1.         0.02235345169901848
14.0 0.         0.27987128 0.89348966 1.         0.022259851917624474
24.0 0.2511746  0.23276669 0.701982   0.61016977 0.02207557111978531
16.0 0.30138886 0.20384987 0.7191957  0.44959366 0.021746665239334106
24.0 0.3869185  0.36669165 0.60690886 0.42686754 0.020331641659140587
35.0 0.29709983 0.20395647 0.7088728  0.4448732  0.019009124487638474
32.0 0.21302575 0.14325078 0.7178972  0.5406025  0.018911652266979218
32.0 0.09419912 0.18916106 0.7431602  0.8485675  0.018669672310352325
15.0 0.29131457 0.2059527  0.5299509  0.3901177  0.017963500693440437
24.0 0.36015713 0.12190872 0.86167026 0.43946087 0.017740095034241676
31.0 0.3152907  0.21364763 0.71878743 0.43341509 0.01773623190820217
1.0 0.         0.27987128 0.89348966 1.         0.01767120510339737
24.0 0.         0.5086243  0.62946415 0.98207474 0.017426302656531334
28.0 0.01202607 0.39480498 0.70416886 1.         0.01735807955265045
15.0 0.3067812  0.23907022 0.50314915 0.3203717  0.01726883091032505
24.0 0.3632002  0.19192353 0.7123244  0.34708014 0.017127666622400284
25.0 0.80689466 0.39779478 1.         1.         0.016745159402489662
40.0 0.         0.28674376 1.         1.         0.016744695603847504
5.0 0.04513979 0.1556485  0.7701599  0.8962127  0.01643160730600357
9.0 0.04010046 0.31170952 0.81008464 1.         0.01625247299671173
30.0 0.10985255 0.14515495 0.7163675  0.91669166 0.016177307814359665
11.0 0.         0.02074933 1.         1.         0.015980837866663933
11.0 0.30648804 0.155293   0.69994557 0.5046899  0.01566978171467781
12.0 0.06221217 0.34681305 0.70154154 0.992692   0.015638142824172974
37.0 0.06315684 0.4276527  0.72644556 1.         0.015578636899590492
32.0 0.         0.43172604 0.92146367 1.         0.01529803965240717
15.0 0.5047515  0.65416276 0.72356135 0.8454472  0.015296884812414646
36.0 0.10985255 0.14515495 0.7163675  0.91669166 0.01504338439553976
39.0 0.30239862 0.20299873 0.71102923 0.4388142  0.014813133515417576
24.0 0.11022115 0.12230381 0.7781535  0.5622196  0.014702335931360722
1.0 0.10985255 0.14515495 0.7163675  0.91669166 0.014443522319197655
20.0 0.        0.3312395 0.6184163 1.        0.014190752059221268
29.0 0.16002288 0.17129642 0.6987146  0.87065977 0.0139218270778656
32.0 0.20084104 0.57785857 0.7168174  0.99668884 0.013808890245854855
33.0 0.09419912 0.18916106 0.7431602  0.8485675  0.013766777701675892
6.0 0.         0.27987128 0.89348966 1.         0.01375648658722639
20.0 0.29709983 0.20395647 0.7088728  0.4448732  0.013738752342760563
14.0 0.09419912 0.18916106 0.7431602  0.8485675  0.013626276515424252
20.0 0.         0.02074933 1.         1.         0.013399118557572365
4.0 0.01929677 0.22883907 0.70450205 0.7229698  0.01318297442048788
39.0 0.06221217 0.34681305 0.70154154 0.992692   0.013081061653792858
0.0 0.10985255 0.14515495 0.7163675  0.91669166 0.013000736944377422
27.0 0.10985255 0.14515495 0.7163675  0.91669166 0.012982062995433807
6.0 0.10985255 0.14515495 0.7163675  0.91669166 0.01296187937259674
7.0 0.09419912 0.18916106 0.7431602  0.8485675  0.012924141250550747
28.0 0.         0.1649979  0.79918104 0.88872826 0.012639908120036125
38.0 0.         0.43172604 0.92146367 1.         0.012627599760890007
31.0 0.04010046 0.31170952 0.81008464 1.         0.012616807594895363
36.0 0.29509524 0.21072406 0.6851307  0.4090863  0.01233438029885292
14.0 0.        0.3312395 0.6184163 1.        0.012326356023550034
35.0 0.04010046 0.31170952 0.81008464 1.         0.01217930018901825
26.0 0.10985255 0.14515495 0.7163675  0.91669166 0.012153401970863342
2.0 0.29617703 0.19935878 0.71630096 0.45092332 0.012069830670952797
15.0 0.04601675 0.34949827 0.71839654 1.         0.012023840099573135
32.0 0.075231   0.53006303 0.5628648  1.         0.01196730975061655
15.0 0.15216938 0.22123355 0.7149795  0.7565977  0.011671004816889763
