15.0 0.         0.7207952  0.60412765 1.         0.21863502264022827
5.0 0.         0.7207952  0.60412765 1.         0.21427632868289948
5.0 0.         0.33671954 0.96444273 1.         0.17259515821933746
24.0 0.         0.7207952  0.60412765 1.         0.14499406516551971
34.0 0.01482904 0.69275415 0.765541   0.99886644 0.11081819236278534
35.0 0.41632116 0.45689005 0.5003847  0.5306264  0.10002981126308441
37.0 0.         0.7207952  0.60412765 1.         0.09901756048202515
5.0 0.00412798 0.6164444  0.7761661  1.         0.09896239638328552
0.0 0.         0.7207952  0.60412765 1.         0.09453859180212021
8.0 0.41206628 0.45703718 0.4990558  0.53195035 0.08442705124616623
31.0 0.41577017 0.45694947 0.49892527 0.5346735  0.07427021116018295
40.0 0.4069917  0.45302036 0.5082936  0.53641963 0.05967743694782257
34.0 7.2816014e-04 3.7816933e-01 9.1558468e-01 1.0000000e+00 0.057593077421188354
17.0 0.41524237 0.45784876 0.49805278 0.53161174 0.057033173739910126
37.0 0.         0.6156715  0.89358675 1.         0.056992799043655396
32.0 0.4069917  0.45302036 0.5082936  0.53641963 0.05555068701505661
24.0 0.00412798 0.6164444  0.7761661  1.         0.046891819685697556
21.0 0.02681061 0.06182781 0.27116427 0.8143846  0.044548846781253815
0.0 0.00842887 0.6422778  0.93714553 1.         0.04173771291971207
41.0 0.        0.1402362 0.9664676 0.9631426 0.04057157412171364
15.0 6.6190958e-04 7.3786384e-01 3.0238745e-01 9.8325914e-01 0.04019971191883087
15.0 0.00412798 0.6164444  0.7761661  1.         0.040037885308265686
2.0 0.41632116 0.45689005 0.5003847  0.5306264  0.038372695446014404
9.0 0.41560704 0.45690465 0.49875486 0.53144217 0.03740708902478218
36.0 0.41345283 0.4570445  0.49718115 0.52999514 0.03468773886561394
28.0 2.8222799e-05 6.6796649e-01 8.7793267e-01 1.0000000e+00 0.030623096972703934
13.0 0.42736334 0.4593462  0.49989188 0.5311563  0.03050910495221615
5.0 0.2907089  0.11880183 0.92402864 0.96684754 0.029351944103837013
34.0 0.        0.7587216 0.5333446 0.9753506 0.029009319841861725
39.0 0.03630233 0.00402316 0.9288458  0.9505305  0.027944350615143776
41.0 0.02499287 0.15717956 0.2759419  0.81154776 0.025803808122873306
19.0 0.         0.7207952  0.60412765 1.         0.025317469611763954
7.0 0.01482904 0.69275415 0.765541   0.99886644 0.025138339027762413
20.0 0.4069917  0.45302036 0.5082936  0.53641963 0.02464255876839161
4.0 0.01843485 0.6983272  0.84991825 1.         0.02455000951886177
21.0 0.004996  0.        0.9379415 0.7750555 0.022380849346518517
5.0 0.01276359 0.76058394 0.37427446 0.9622821  0.022292617708444595
29.0 0.02313328 0.21596673 1.         0.9938185  0.022261399775743484
0.0 0.01276359 0.76058394 0.37427446 0.9622821  0.022044947370886803
17.0 0.8376649  0.00249943 0.9929752  0.10627304 0.02147955447435379
5.0 0.04533893 0.         1.         1.         0.021324578672647476
15.0 0.40801027 0.45423138 0.5090274  0.5344219  0.020703811198472977
5.0 0.04757258 0.15284842 0.6288172  0.9475896  0.020186766982078552
40.0 0.3836193  0.41941187 0.52409226 0.56617546 0.01982242986559868
23.0 0.40889952 0.44290063 0.5067138  0.5446243  0.019767161458730698
4.0 0.        0.5480647 0.8030939 1.        0.019316120073199272
24.0 0.01276359 0.76058394 0.37427446 0.9622821  0.019258582964539528
37.0 0.02874509 0.5938382  0.4641039  1.         0.019036924466490746
18.0 0.01482904 0.69275415 0.765541   0.99886644 0.01878616400063038
30.0 0.01482904 0.69275415 0.765541   0.99886644 0.01808067597448826
7.0 0.         0.33671954 0.96444273 1.         0.018068334087729454
16.0 0.         0.7207952  0.60412765 1.         0.017881551757454872
5.0 0.06035912 0.4703201  0.5756888  1.         0.017820173874497414
32.0 0.         0.73236597 0.60021037 1.         0.01749199628829956
25.0 0.7198265  0.15756607 0.9850418  0.90575397 0.016871880739927292
26.0 0.         0.         0.5567185  0.22854066 0.016869215294718742
24.0 0.14672944 0.7448528  0.684708   0.94725144 0.016731174662709236
16.0 0.40889952 0.44290063 0.5067138  0.5446243  0.016609229147434235
29.0 0.4069917  0.45302036 0.5082936  0.53641963 0.016554147005081177
19.0 0.42736334 0.4593462  0.49989188 0.5311563  0.016377925872802734
28.0 0.         0.40483955 0.9336605  0.99503005 0.01633598282933235
8.0 0.40374961 0.42851728 0.50947237 0.5558285  0.01623436249792576
16.0 0.0114565  0.7226004  0.24789022 1.         0.016207212582230568
0.0 0.02874509 0.5938382  0.4641039  1.         0.01504640094935894
34.0 0.01728141 0.67592245 0.9783355  1.         0.014925526455044746
18.0 0.        0.7587216 0.5333446 0.9753506 0.014839635230600834
26.0 0.01482904 0.69275415 0.765541   0.99886644 0.014680151827633381
0.0 0.         0.66356754 0.65969884 1.         0.014603457413613796
10.0 0.26275486 0.         0.9485554  0.8374896  0.014385959133505821
24.0 0.         0.33671954 0.96444273 1.         0.014272430911660194
10.0 0.01482904 0.69275415 0.765541   0.99886644 0.014233279973268509
10.0 0.02721645 0.11184615 0.27387398 0.82071275 0.014006002806127071
41.0 0.04019901 0.34784752 0.7536948  1.         0.014005173929035664
37.0 0.02828673 0.72670907 0.2961997  0.99993974 0.013945372775197029
34.0 0.08603007 0.6100463  0.57038033 1.         0.013850106857717037
5.0 0.         0.73990893 0.3060926  0.89848316 0.01381414569914341
37.0 0.0519608  0.42358568 0.8434427  1.         0.013789761811494827
32.0 0.37941444 0.43238664 0.53148115 0.55083716 0.013724248856306076
35.0 0.40374961 0.42851728 0.50947237 0.5558285  0.013712357729673386
17.0 0.92072856 0.00201987 0.99751544 0.05616875 0.013711133040487766
31.0 0.40374961 0.42851728 0.50947237 0.5558285  0.013524779118597507
17.0 0.8423213  0.         0.9983754  0.26756024 0.013455875217914581
21.0 0.         0.40483955 0.9336605  0.99503005 0.013382796198129654
24.0 0.         0.7414301  0.40270266 0.87998146 0.013141848146915436
24.0 0.1715267 0.7022754 0.9253987 1.        0.013069339096546173
41.0 0.01482904 0.69275415 0.765541   0.99886644 0.012992478907108307
5.0 0.03934807 0.204802   0.2571898  0.79372835 0.012741024605929852
33.0 0.01407492 0.         0.55428785 0.1763714  0.012705942615866661
12.0 0.004996  0.        0.9379415 0.7750555 0.012620389461517334
33.0 0.4069917  0.45302036 0.5082936  0.53641963 0.01254477258771658
4.0 0.        0.7587216 0.5333446 0.9753506 0.012501702643930912
35.0 0.01620501 0.7179307  0.34351996 1.         0.012476256117224693
31.0 0.01276359 0.76058394 0.37427446 0.9622821  0.012361515313386917
25.0 0.         0.7207952  0.60412765 1.         0.011980921030044556
30.0 0.         0.40483955 0.9336605  0.99503005 0.011887944303452969
20.0 0.004996  0.        0.9379415 0.7750555 0.01186771783977747
34.0 0.004996  0.        0.9379415 0.7750555 0.01184956356883049
21.0 0.01482904 0.69275415 0.765541   0.99886644 0.011817668564617634
0.0 0.02794829 0.2763991  0.9935714  1.         0.011768816038966179
30.0 0.08603007 0.6100463  0.57038033 1.         0.011707025580108166
