39.0 0.02252322 0.05425701 0.98587924 0.7194798  0.09246503561735153
41.0 0.         0.07469913 0.9104992  0.71696305 0.0904269814491272
41.0 0.00920656 0.7494317  0.5864661  1.         0.07316724210977554
5.0 0.53650194 0.6101654  0.9369382  1.         0.06081278622150421
20.0 0.         0.07469913 0.9104992  0.71696305 0.051870789378881454
5.0 0.5601428  0.12770036 0.98862547 0.9990444  0.046067796647548676
5.0 0.20285568 0.02796888 0.99598444 0.90151316 0.044170115143060684
22.0 0.         0.10880223 0.8656354  0.6244298  0.04287713021039963
41.0 0.         0.26252306 0.67511785 1.         0.038102127611637115
21.0 0.02252322 0.05425701 0.98587924 0.7194798  0.034604042768478394
39.0 0.36522815 0.03918409 0.9460373  1.         0.029579587280750275
3.0 0.         0.07469913 0.9104992  0.71696305 0.028077857568860054
34.0 0.51809764 0.63614815 0.9516245  1.         0.02614840492606163
41.0 0.0720208  0.13939357 0.7991942  0.51868904 0.026056524366140366
5.0 0.8455117  0.17262614 1.         0.42494124 0.02575230412185192
41.0 0.2883037  0.08741111 0.9971336  0.9983086  0.0252383965998888
27.0 0.18563816 0.         0.9674382  0.8729185  0.024698033928871155
39.0 0.30245015 0.11235616 0.97254634 0.52399313 0.024433555081486702
22.0 0.        0.        0.9638336 0.8387662 0.02423696033656597
21.0 0.         0.7503381  0.54488885 1.         0.024088053032755852
5.0 0.503132   0.08581153 0.99509513 0.61625636 0.02238403633236885
21.0 0.12723146 0.00116184 0.5126631  0.13913023 0.021059492602944374
20.0 0.        0.2120078 0.5403676 0.5010014 0.020837444812059402
30.0 0.5519494  0.5926352  0.96479046 1.         0.020431721583008766
27.0 0.         0.         1.         0.97689915 0.020381521433591843
21.0 0.44844496 0.10498637 0.932848   0.99138623 0.020284242928028107
21.0 0.16329914 0.11766763 0.9045082  0.5150493  0.02018849179148674
41.0 0.        0.        1.        0.8792776 0.018611660227179527
39.0 0.5886085 0.100842  0.9700092 0.8413444 0.018361376598477364
4.0 0.12723146 0.00116184 0.5126631  0.13913023 0.018080346286296844
21.0 0.         0.         0.4890455  0.22109544 0.017890045419335365
20.0 0.        0.7543255 0.5812763 1.        0.017335515469312668
24.0 0.10604852 0.18110886 0.26628354 0.23367134 0.016089553013443947
10.0 0.         0.2291893  0.63142926 1.         0.0155375637114048
26.0 0.12723146 0.00116184 0.5126631  0.13913023 0.015527166426181793
5.0 0.73477435 0.45773244 0.8764516  0.5430666  0.015366676263511181
22.0 0.         0.2291893  0.63142926 1.         0.014905116520822048
12.0 1.5221764e-01 1.6767532e-04 5.1144761e-01 1.4064720e-01 0.014904961921274662
3.0 0.01747471 0.12425722 0.63369495 0.61292565 0.014735810458660126
5.0 0.         0.75285244 0.58545536 1.         0.014659087173640728
14.0 0.         0.2622531  0.53056204 0.56593937 0.014622950926423073
23.0 0.09899408 0.9044002  0.20081475 0.99030006 0.014408808201551437
0.0 0.53385496 0.7334552  0.93114376 1.         0.014376044273376465
5.0 0.5911418  0.78789407 0.93521404 0.9918708  0.01431185007095337
3.0 0.         0.22604184 0.5149282  0.51887345 0.014083627611398697
39.0 0.         0.75285244 0.58545536 1.         0.014061465859413147
5.0 0.16329914 0.11766763 0.9045082  0.5150493  0.014048526994884014
10.0 0.4048239  0.71816945 0.5767413  1.         0.013163702562451363
39.0 0.         0.         1.         0.56686646 0.013081147335469723
10.0 0.        0.7543255 0.5812763 1.        0.013011546805500984
10.0 0.         0.07469913 0.9104992  0.71696305 0.012993701733648777
34.0 0.10634317 0.00276668 0.5049133  0.14028057 0.012818660587072372
24.0 0.538278   0.65600014 0.9638083  1.         0.012576330453157425
3.0 0.12723146 0.00116184 0.5126631  0.13913023 0.01236170157790184
4.0 0.09594276 0.1810613  0.2562755  0.23494145 0.012359838001430035
4.0 0.01358823 0.14855063 0.32540327 0.25639194 0.012012975290417671
5.0 0.86040765 0.35059115 0.9966238  0.42564002 0.012002367526292801
5.0 0.5055715  0.37364227 0.93088365 1.         0.011932582594454288
4.0 0.16791485 0.01515342 0.45479673 0.0800148  0.011828371323645115
20.0 0.0720208  0.13939357 0.7991942  0.51868904 0.011488550342619419
21.0 0.         0.79166615 0.27929658 0.99673164 0.011412554420530796
11.0 0.13033691 0.9046459  0.25318882 0.97006845 0.011230753734707832
7.0 0.        0.7543255 0.5812763 1.        0.01121072843670845
12.0 0.         0.07469913 0.9104992  0.71696305 0.011079379357397556
21.0 0.24954331 0.10878539 0.84281576 1.         0.011053364723920822
41.0 0.3634698  0.08782062 0.955505   0.6053331  0.01096329279243946
1.0 0.12983361 0.9077451  0.2565748  0.9832947  0.010832945816218853
10.0 0.4344211  0.12097257 0.95409405 1.         0.010818647220730782
7.0 0.         0.03045362 1.         0.7573323  0.010741104371845722
5.0 0.669842   0.24625683 1.         1.         0.010663301683962345
5.0 0.86563075 0.31289762 0.99667907 0.40533578 0.010489788837730885
11.0 0.01007991 0.727629   0.11287976 0.7583963  0.010438981465995312
4.0 0.186115   0.03019718 0.48494455 0.11004053 0.01043207198381424
20.0 0.         0.2291893  0.63142926 1.         0.010387499816715717
4.0 0.         0.71490467 0.14874229 0.77456117 0.010289737954735756
30.0 0.4966243  0.21474418 0.9305262  1.         0.01026598084717989
3.0 0.         0.2291893  0.63142926 1.         0.010174373164772987
34.0 0.5911418  0.78789407 0.93521404 0.9918708  0.010129733011126518
29.0 0.8311959  0.46556413 0.998375   0.76834595 0.010103674605488777
21.0 0.3387298  0.1965389  0.96853834 0.65353274 0.01003226451575756
41.0 0.54985124 0.53839487 0.83777124 1.         0.00997407827526331
39.0 0.4733705  0.19754562 1.         0.6563456  0.009950871579349041
38.0 0.38134822 0.6089384  0.5277683  0.68635124 0.009885212406516075
10.0 0.0720208  0.13939357 0.7991942  0.51868904 0.009869636036455631
5.0 0.90914625 0.2126419  0.99393827 0.4302625  0.009720971807837486
4.0 0.0720208  0.13939357 0.7991942  0.51868904 0.009713391773402691
39.0 0.16090891 0.02481222 0.91947746 0.3884302  0.009688161313533783
5.0 0.7104559  0.10401988 1.         0.82276124 0.009650412946939468
4.0 0.01007991 0.727629   0.11287976 0.7583963  0.00963998306542635
38.0 0.26104698 0.9169359  0.3874022  0.9857621  0.009585651569068432
39.0 0.6577019  0.06712607 1.         0.6005378  0.009451138786971569
4.0 0.11756112 0.19513518 0.24077277 0.22390449 0.009441381320357323
14.0 0.13033691 0.9046459  0.25318882 0.97006845 0.009342698380351067
23.0 0.12191847 0.9047186  0.21058193 0.96365935 0.009308543056249619
30.0 0.7242713 0.3854443 0.9859357 1.        0.00930486898869276
29.0 0.51809764 0.63614815 0.9516245  1.         0.009214927442371845
20.0 0.        0.        1.        0.8792776 0.009203893132507801
41.0 0.23724462 0.63453555 0.58411694 1.         0.009130674414336681
5.0 0.8262075  0.26936626 1.         0.51039726 0.009105592034757137
39.0 0.559523   0.5187909  0.92009604 1.         0.009083830751478672
