20.0 0.27513424 0.3812403  0.82729137 1.         0.241964191198349
14.0 0.3180924  0.39263013 0.64117134 0.78477454 0.13151106238365173
7.0 0.3180924  0.39263013 0.64117134 0.78477454 0.12593643367290497
40.0 0.3180924  0.39263013 0.64117134 0.78477454 0.11500663310289383
10.0 0.20299152 0.36257493 0.74971914 0.9162853  0.09444611519575119
5.0 0.30340323 0.36868894 0.90803075 1.         0.09055003523826599
38.0 0.3180924  0.39263013 0.64117134 0.78477454 0.0805995836853981
7.0 0.18229282 0.39059657 0.794752   0.86431867 0.07017873227596283
18.0 0.3180924  0.39263013 0.64117134 0.78477454 0.06210754066705704
41.0 0.23646185 0.36265925 0.8652586  1.         0.059420112520456314
20.0 0.08268151 0.3750012  0.73183465 0.82328784 0.054535772651433945
39.0 0.27513424 0.3812403  0.82729137 1.         0.05379016324877739
1.0 0.22708526 0.41841108 0.7365974  0.8205499  0.05142154544591904
20.0 0.04056144 0.18839604 1.         1.         0.05029187723994255
12.0 0.27513424 0.3812403  0.82729137 1.         0.03961718827486038
27.0 0.32195932 0.37465668 0.64625806 0.8281667  0.03805748373270035
14.0 0.20299152 0.36257493 0.74971914 0.9162853  0.03207120671868324
36.0 0.33417654 0.38072813 0.6301022  0.7953801  0.03092251345515251
42.0 0.3230186  0.3770247  0.64029616 0.8041753  0.03072166070342064
32.0 0.2636341  0.39895785 0.80680275 0.8815818  0.03046037256717682
20.0 0.31914365 0.38379097 0.64899254 0.8197683  0.03029269352555275
11.0 0.23630846 0.4055863  0.7152021  0.85319334 0.02629118785262108
10.0 0.3188692  0.3377668  0.91696906 1.         0.02614058367908001
1.0 0.1492692  0.29899332 0.8086891  0.9770889  0.025888221338391304
29.0 0.2706086  0.36927754 0.8129527  0.96114975 0.025325683876872063
0.0 0.32195932 0.37465668 0.64625806 0.8281667  0.024698585271835327
15.0 0.32398707 0.37791142 0.63717663 0.80859864 0.024033505469560623
10.0 0.32209525 0.37234563 0.64056325 0.83259803 0.023479009047150612
29.0 0.12772012 0.29730296 0.9906236  1.         0.023103905841708183
0.0 0.3170275 0.3918513 0.6197923 0.6350467 0.02172570675611496
32.0 0.32529354 0.38090527 0.6388302  0.7995317  0.02151980996131897
7.0 0.30419672 0.38752985 0.6066642  0.61562634 0.021259643137454987
5.0 0.22708526 0.41841108 0.7365974  0.8205499  0.020770207047462463
37.0 0.32195932 0.37465668 0.64625806 0.8281667  0.02062826044857502
39.0 0.16358662 0.21010432 0.96864855 1.         0.020439960062503815
28.0 0.2706086  0.36927754 0.8129527  0.96114975 0.01935909502208233
24.0 0.31452626 0.38852417 0.6432183  0.791042   0.019034117460250854
27.0 0.22588184 0.37895983 0.8537537  0.9320685  0.018672874197363853
40.0 0.29629457 0.39172465 0.7908131  0.92084473 0.01843341812491417
21.0 0.28797656 0.38259882 0.91993934 0.9905698  0.018204255029559135
40.0 0.00218979 0.42266995 0.22108634 0.6470751  0.018024060875177383
10.0 0.11044315 0.22185436 0.9304379  0.85668087 0.018003083765506744
22.0 0.184973   0.4098012  0.8108941  0.95899576 0.017611607909202576
9.0 0.32529354 0.38090527 0.6388302  0.7995317  0.016923891380429268
7.0 0.29040375 0.3302466  0.93470204 1.         0.016683388501405716
30.0 0.7141553 0.26719   0.9852755 1.        0.016641490161418915
41.0 0.22708526 0.41841108 0.7365974  0.8205499  0.01644333265721798
24.0 0.04985508 0.33257797 0.54058385 0.6928394  0.01635810360312462
41.0 0.05132559 0.25414297 0.7401087  0.9340929  0.016356943175196648
14.0 0.30419672 0.38752985 0.6066642  0.61562634 0.015849241986870766
12.0 0.16358662 0.21010432 0.96864855 1.         0.01582602597773075
21.0 0.03049932 0.         0.26577795 0.66119134 0.015690898522734642
14.0 0.04985508 0.33257797 0.54058385 0.6928394  0.015398416668176651
28.0 0.02071328 0.00231659 0.2682038  0.6797374  0.015272038988769054
3.0 0.23634002 0.3391452  0.8649652  1.         0.015180063433945179
32.0 0.16358662 0.21010432 0.96864855 1.         0.015114507637917995
0.0 0.01285309 0.4703003  0.27901715 0.6495122  0.015026727691292763
30.0 0.79984546 0.         1.         0.5910454  0.015009748749434948
1.0 0.33566546 0.3907407  0.62630695 0.7826292  0.014868278987705708
10.0 0.3170275 0.3918513 0.6197923 0.6350467 0.014682536013424397
11.0 0.05132559 0.25414297 0.7401087  0.9340929  0.01464355643838644
28.0 0.13789815 0.41459608 0.6831724  0.7729583  0.014439801685512066
40.0 0.30419672 0.38752985 0.6066642  0.61562634 0.014316748827695847
40.0 0.         0.2604067  0.28197196 0.68905413 0.014275752007961273
16.0 0.32451212 0.38048798 0.6390317  0.81604666 0.014051784761250019
10.0 0.00674161 0.         0.22803394 0.6776175  0.013695324771106243
7.0 0.01285309 0.4703003  0.27901715 0.6495122  0.01368776522576809
37.0 0.2706086  0.36927754 0.8129527  0.96114975 0.01364257000386715
34.0 0.28475332 0.36778307 0.93580997 0.9496772  0.01336030662059784
6.0 0.22708526 0.41841108 0.7365974  0.8205499  0.013332064263522625
38.0 0.13755359 0.33712468 0.61654645 0.68831563 0.013249645940959454
24.0 0.31735507 0.39903706 0.6307086  0.6053094  0.013183999806642532
26.0 0.33736145 0.38088372 0.77065456 0.95278764 0.013165196403861046
14.0 0.         0.4553808  0.22941773 0.6462412  0.013090796768665314
6.0 0.16358662 0.21010432 0.96864855 1.         0.012889094650745392
39.0 0.         0.62766945 0.4053952  1.         0.012338267639279366
33.0 0.29629457 0.39172465 0.7908131  0.92084473 0.01233747135847807
28.0 0.16358662 0.21010432 0.96864855 1.         0.012272240594029427
4.0 0.13789815 0.41459608 0.6831724  0.7729583  0.011935427784919739
22.0 0.16358662 0.21010432 0.96864855 1.         0.011903838254511356
5.0 0.04056144 0.18839604 1.         1.         0.011817067861557007
20.0 0.2623775 0.5144609 1.        1.        0.011781755834817886
1.0 0.00986995 0.29463473 0.28059614 0.6624304  0.011593781411647797
30.0 0.3367022  0.38206577 0.9979869  0.9740592  0.011517265811562538
27.0 0.3170275 0.3918513 0.6197923 0.6350467 0.011506115086376667
11.0 0.17101014 0.3112572  0.7280743  0.7060858  0.011478986591100693
34.0 0.08268151 0.3750012  0.73183465 0.82328784 0.01138521358370781
5.0 0.6848045  0.34351283 1.         0.9846224  0.011328404769301414
16.0 0.2636341  0.39895785 0.80680275 0.8815818  0.011278562247753143
32.0 0.         0.4644794  0.24352834 0.6462061  0.011224855668842793
18.0 0.30419672 0.38752985 0.6066642  0.61562634 0.011218316853046417
8.0 0.45301777 0.8929247  0.78328663 1.         0.011208265088498592
26.0 0.12958762 0.         0.7402494  0.8045764  0.011189652606844902
20.0 0. 0. 1. 1. 0.011114049702882767
7.0 0.04513684 0.20991713 0.84601915 0.80514365 0.01109833363443613
39.0 0.08268151 0.3750012  0.73183465 0.82328784 0.011095763184130192
1.0 0.04709211 0.17891344 0.67394257 0.7758293  0.010961520485579967
15.0 0.31735507 0.39903706 0.6307086  0.6053094  0.010907934047281742
11.0 0.32969284 0.39483058 0.6255812  0.678928   0.01087719202041626
41.0 0.07718247 0.4799077  1.         1.         0.010829226113855839
