7.0 0.04832211 0.02711087 1.         0.8054611  0.48087170720100403
37.0 0.00943431 0.09748778 0.972898   0.8234267  0.1543952077627182
0.0 0.00943431 0.09748778 0.972898   0.8234267  0.14021749794483185
14.0 0.         0.0126771  0.9198661  0.68711495 0.13812224566936493
18.0 0.         0.04682183 0.8753725  0.70469    0.10781004279851913
40.0 0.00943431 0.09748778 0.972898   0.8234267  0.09519271552562714
7.0 0.01733449 0.3743587  0.27197126 0.66959184 0.08898254483938217
15.0 0.02255276 0.00661135 0.9997165  0.83444583 0.06721890717744827
38.0 0.03555042 0.03097507 0.9875205  0.8169919  0.06718580424785614
20.0 0.04437402 0.0254969  0.99256945 0.8414924  0.06642523407936096
42.0 0.00400892 0.01369965 0.8692626  0.6863248  0.06452059745788574
27.0 0.04437402 0.0254969  0.99256945 0.8414924  0.06411837786436081
10.0 0.03555042 0.03097507 0.9875205  0.8169919  0.05669771134853363
7.0 0. 0. 1. 1. 0.05179532617330551
32.0 0.00943431 0.09748778 0.972898   0.8234267  0.04948160797357559
29.0 0.03555042 0.03097507 0.9875205  0.8169919  0.04856378212571144
5.0 0.04832211 0.02711087 1.         0.8054611  0.0478653684258461
36.0 0.06020004 0.         1.         0.9182383  0.045461609959602356
41.0 0.        0.        1.        0.7710391 0.04535085707902908
16.0 0.02255276 0.00661135 0.9997165  0.83444583 0.043562594801187515
0.0 0.09124175 0.38517997 0.9555234  0.95475364 0.043155424296855927
1.0 0.        0.        1.        0.7710391 0.04279268905520439
24.0 0.00943431 0.09748778 0.972898   0.8234267  0.042536329478025436
28.0 0.        0.        1.        0.7710391 0.042058832943439484
14.0 0. 0. 1. 1. 0.041405003517866135
7.0 0.         0.14420378 0.5970633  0.67494607 0.04133514687418938
11.0 0.         0.00508487 0.9635719  0.721369   0.03819059580564499
41.0 0.         0.39698735 0.26800668 0.65570545 0.03700891137123108
38.0 0.8499907  0.00485099 0.9995413  0.09956281 0.03454013913869858
7.0 0.        0.2513311 0.8770164 0.9545461 0.03439462184906006
7.0 0.24413553 0.08819056 0.7905351  0.67969805 0.03364912047982216
5.0 0.00849698 0.55807537 0.23375878 1.         0.03214488551020622
13.0 0.         0.10373119 0.988606   0.82286084 0.03063410520553589
18.0 0.0354189  0.23893684 0.95440304 0.96540517 0.029377900063991547
7.0 0.00711626 0.02603038 0.74390304 0.5124781  0.029366780072450638
7.0 0.66831666 0.03191601 1.         0.25725845 0.02814779058098793
7.0 0.         0.         0.9197414  0.56915545 0.027928417548537254
21.0 0.00453681 0.7003529  0.22018936 1.         0.026640888303518295
7.0 0.1532405 0.        1.        0.5837404 0.025926128029823303
41.0 0.         0.46467978 0.24206606 1.         0.025376051664352417
11.0 0. 0. 1. 1. 0.025248294696211815
37.0 0.27612144 0.20072067 0.7996517  0.7878111  0.0249067060649395
40.0 0.29137918 0.59846234 0.9465127  1.         0.02401036210358143
42.0 0.04817027 0.         1.         1.         0.023568186908960342
7.0 0.         0.         1.         0.91485405 0.023354195058345795
7.0 0.5899562  0.         0.99681216 0.35967904 0.02326551452279091
15.0 0.11153081 0.34034413 0.9433956  0.9592939  0.023237444460392
40.0 0.         0.14420378 0.5970633  0.67494607 0.023008499294519424
42.0 0.8499907  0.00485099 0.9995413  0.09956281 0.0227455273270607
38.0 0.73761374 0.         1.         0.20299107 0.022744936868548393
14.0 0.15720364 0.19414032 1.         0.9570571  0.022624101489782333
24.0 0.         0.267675   0.18041259 0.3174542  0.022527189925312996
0.0 0. 0. 1. 1. 0.022426847368478775
15.0 0. 0. 1. 1. 0.022135738283395767
5.0 0. 0. 1. 1. 0.021669192239642143
31.0 0.03555042 0.03097507 0.9875205  0.8169919  0.020979788154363632
6.0 0.06020004 0.         1.         0.9182383  0.020596088841557503
38.0 0.         0.23936985 0.61763257 0.6500665  0.020383136346936226
0.0 0.02450296 0.10898426 0.48445168 0.7144648  0.0202346034348011
10.0 0.         0.46467978 0.24206606 1.         0.020190944895148277
0.0 0.00699472 0.36553395 0.2868314  0.5966738  0.020159626379609108
38.0 0.6409249  0.00659184 1.         0.33474684 0.01998332142829895
14.0 0.02450296 0.10898426 0.48445168 0.7144648  0.019961994141340256
40.0 0.58665895 0.49612093 0.9836657  1.         0.019655130803585052
15.0 0.28443927 0.60850394 0.85744566 1.         0.019249800592660904
7.0 0.         0.01811633 0.58873856 0.2909793  0.018962275236845016
40.0 0.11153081 0.34034413 0.9433956  0.9592939  0.018755260854959488
38.0 0.         0.05826806 0.5941246  0.39907563 0.01848279871046543
7.0 0.392153   0.21975374 0.89900255 0.8441452  0.018415542319417
38.0 0.03205469 0.3283851  0.25501543 0.70202744 0.018043765798211098
7.0 0.13689908 0.47567558 0.94100153 0.9205165  0.01784193515777588
22.0 0.06020004 0.         1.         0.9182383  0.017767852172255516
37.0 0.12299672 0.08296427 0.70331645 0.6585624  0.017606467008590698
0.0 0.12299672 0.08296427 0.70331645 0.6585624  0.017136860638856888
40.0 0.01600221 0.14563501 0.30901524 0.66806555 0.01712508127093315
27.0 0. 0. 1. 1. 0.016785867512226105
16.0 0.17995587 0.64543307 0.69315207 1.         0.016737930476665497
34.0 0.        0.        1.        0.7710391 0.016610560938715935
0.0 0.27130565 0.56978273 0.9863366  0.9971266  0.01637618988752365
40.0 0. 0. 1. 1. 0.01608334295451641
38.0 0.8179104  0.04544923 1.         0.25995296 0.01588514819741249
35.0 0.06381992 0.00891656 1.         0.9703426  0.01586293615400791
0.0 0.27612144 0.20072067 0.7996517  0.7878111  0.015782086178660393
0.0 0.76787734 0.0266294  0.99516535 0.29547048 0.015383301302790642
7.0 0.         0.31278354 0.40789354 0.68261874 0.015294312499463558
11.0 0.0354189  0.23893684 0.95440304 0.96540517 0.0150764724239707
0.0 0.01527548 0.21640699 0.29686412 0.70928407 0.015008600428700447
15.0 0.09185103 0.21175101 0.811412   0.71488225 0.014825686812400818
0.0 0.01767126 0.6598007  0.5296111  1.         0.014606641605496407
34.0 0.         0.09082308 0.18848896 0.14971024 0.01440347358584404
14.0 0.02045739 0.27882612 0.7928903  0.7041658  0.01438779104501009
24.0 0.11153081 0.34034413 0.9433956  0.9592939  0.014315873384475708
7.0 0.00952414 0.42844832 0.2313588  0.9450786  0.014266535639762878
26.0 0.        0.        1.        0.7710391 0.014071033336222172
18.0 0.02404237 0.2515614  0.27474847 0.68798774 0.01404171995818615
36.0 0.01268357 0.06333548 0.58298486 0.74893755 0.013974960893392563
37.0 0. 0. 1. 1. 0.01378828939050436
7.0 0.         0.4322821  0.22067842 0.6270399  0.013731822371482849
14.0 0.         0.         1.         0.80750656 0.013294925913214684
37.0 0.19857186 0.27899575 0.87727803 1.         0.013211646117269993
