19.0 0.3371016  0.35307598 0.74111056 0.91478217 0.21489080786705017
23.0 0.30823478 0.33224887 0.7601671  0.91730255 0.17060470581054688
37.0 0.285192   0.34900695 0.76771426 0.90607685 0.16593940556049347
9.0 0.80969787 0.22822605 0.9971255  0.64469045 0.1255141943693161
13.0 0.28892067 0.3619594  0.7278893  0.8992587  0.07696375995874405
29.0 0.30823478 0.33224887 0.7601671  0.91730255 0.051434315741062164
30.0 0.3371016  0.35307598 0.74111056 0.91478217 0.049510885030031204
35.0 0.30823478 0.33224887 0.7601671  0.91730255 0.03904976695775986
37.0 0.2062226  0.25188276 1.         0.9479772  0.034637901932001114
26.0 0.3371016  0.35307598 0.74111056 0.91478217 0.032747846096754074
38.0 0.60491925 0.00646857 1.         0.2282643  0.03274431824684143
17.0 0.8189268  0.23719072 0.9993408  0.69372165 0.03157850727438927
40.0 0.27127862 0.36328286 0.7107115  0.8737498  0.03138009458780289
33.0 0.30823478 0.33224887 0.7601671  0.91730255 0.030656341463327408
24.0 0.27184957 0.3345987  0.7666052  0.92973554 0.029574891552329063
9.0 0.7642813 0.2384261 1.        0.6011027 0.02940332517027855
34.0 0.2863726  0.32860547 0.7459617  0.92483073 0.029360312968492508
1.0 0.30679584 0.29231504 0.8074012  0.91721916 0.029291216284036636
32.0 0.31197655 0.3324967  0.7702328  0.9130327  0.02884064055979252
9.0 0.7826088  0.05636138 0.98705727 0.3937344  0.025531677529215813
29.0 0.22040772 0.07552555 1.         0.92746496 0.023106930777430534
37.0 0.        0.4227237 1.        1.        0.022970670834183693
0.0 0.25732177 0.3733742  0.7544829  0.87089014 0.021830420941114426
38.0 0.62287474 0.03461838 0.9904485  0.38586664 0.021510494872927666
23.0 0.47216582 0.42718583 0.7006233  0.8565919  0.02102075144648552
15.0 0.2863726  0.32860547 0.7459617  0.92483073 0.020305946469306946
38.0 0.8067262  0.21867877 1.         0.7770525  0.019823994487524033
17.0 0.9018859  0.         0.99857265 0.12227062 0.01947209984064102
28.0 0.2863726  0.32860547 0.7459617  0.92483073 0.019095733761787415
9.0 0.8557306  0.23695633 0.99431807 0.495522   0.017761847004294395
38.0 0.705585   0.82926786 1.         1.         0.017684999853372574
17.0 0.9193638  0.01793644 1.         0.18781783 0.01734241470694542
9.0 0.70275104 0.11297661 0.9982616  0.5191998  0.016894381493330002
19.0 0.47216582 0.42718583 0.7006233  0.8565919  0.016500435769557953
37.0 0.42217213 0.42181545 0.65656847 0.83415824 0.015448961406946182
4.0 0.28787154 0.34080166 0.78187233 0.9242317  0.014426481910049915
20.0 0.33792385 0.         1.         0.2400614  0.014126704074442387
24.0 0.04365897 0.08864778 1.         1.         0.014074699021875858
38.0 0.8036206  0.00276536 0.98545146 0.28975946 0.014038662426173687
3.0 0.30348128 0.         0.77100295 0.14910328 0.013930142857134342
11.0 0.30252093 0.31685805 0.773943   0.9309654  0.013914241455495358
38.0 0.3558868 0.        0.9957268 0.2796346 0.01388926524668932
0.0 0.23392907 0.20367154 0.98303735 0.9633359  0.013888899236917496
31.0 0.27243218 0.34690455 0.7890756  0.902374   0.013631334528326988
34.0 0.15641573 0.2078791  0.9628701  0.9948566  0.013603280298411846
9.0 0.7928107  0.19950905 1.         0.43921152 0.013571217656135559
21.0 0.21026191 0.         0.86848736 0.20678708 0.012101229280233383
19.0 0.19344166 0.17114854 0.76206553 1.         0.011888542212545872
17.0 0.908779   0.0014773  0.99862885 0.06119397 0.011878655292093754
38.0 7.147053e-01 6.303936e-05 1.000000e+00 1.632947e-01 0.01182795874774456
17.0 0.8036206  0.00276536 0.98545146 0.28975946 0.01174389198422432
17.0 0.90335774 0.         1.         0.07420327 0.011675786226987839
6.0 0.3371016  0.35307598 0.74111056 0.91478217 0.01163584552705288
36.0 0.7993869  0.20930791 1.         0.7255472  0.011567517183721066
38.0 0.70275104 0.11297661 0.9982616  0.5191998  0.011529291048645973
17.0 0.87510484 0.         0.9932596  0.2361007  0.01142639946192503
17.0 0.8299416  0.         1.         0.08127049 0.01141804177314043
9.0 0.9144569  0.23914014 1.         0.4125411  0.011412597261369228
37.0 0.24252397 0.6889919  0.84492725 1.         0.011081630364060402
17.0 0.79413986 0.16338274 0.99562764 0.4977862  0.011077068746089935
13.0 0.30637428 0.20162225 0.9142244  0.94365036 0.010621835477650166
42.0 0.7993869  0.20930791 1.         0.7255472  0.010618236847221851
42.0 0.7059902  0.         1.         0.20229836 0.01056117657572031
42.0 0.80824906 0.         1.         0.08147133 0.010555318556725979
17.0 0.9144569  0.23914014 1.         0.4125411  0.010458728298544884
8.0 0.2911951  0.3143964  0.75870365 0.95319057 0.010409384965896606
28.0 0.24650326 0.05316246 0.97629845 0.96667516 0.01035250723361969
21.0 0.28619754 0.         0.7489188  0.14798778 0.010303441435098648
38.0 0.6582798  0.         1.         0.20701921 0.010216477327048779
2.0 0.2863726  0.32860547 0.7459617  0.92483073 0.010126663371920586
38.0 8.3090878e-01 7.9098716e-04 1.0000000e+00 8.4705010e-02 0.010063563473522663
24.0 0.23918343 0.511407   0.8659756  1.         0.009950116276741028
3.0 0.2911951  0.3143964  0.75870365 0.95319057 0.00986714381724596
42.0 0.667311   0.01406924 0.9869111  0.41275412 0.009833439253270626
30.0 0.4597457  0.42056578 0.69200355 0.8448872  0.00955039169639349
32.0 0.24650326 0.05316246 0.97629845 0.96667516 0.009405349381268024
29.0 0.03286684 0.         1.         0.71013296 0.00936395488679409
17.0 0.8466813  0.71931374 0.9955556  0.985095   0.009344883263111115
21.0 0.00797756 0.4790411  0.14273043 0.86719143 0.00924286711961031
17.0 0.74899554 0.02200785 0.98873794 0.43611777 0.009082783944904804
38.0 0.85189354 0.8534143  0.99885535 0.97037876 0.008969761431217194
24.0 0.         0.74454224 0.4910432  1.         0.00895741768181324
36.0 0.2832998  0.28875348 0.8511119  0.95474756 0.008954273536801338
38.0 0.7612041  0.         1.         0.30976516 0.008950190618634224
13.0 0.2942242  0.3819389  0.62505937 0.6001879  0.008924971334636211
38.0 0.61406225 0.24011354 1.         0.60899013 0.008867842145264149
0.0 0.        0.4227237 1.        1.        0.008866673335433006
35.0 0.42217213 0.42181545 0.65656847 0.83415824 0.00878818053752184
24.0 0.45990288 0.6341742  0.8802588  0.95693994 0.008638945408165455
26.0 0.19344166 0.17114854 0.76206553 1.         0.008638352155685425
40.0 0.30637428 0.20162225 0.9142244  0.94365036 0.008618435822427273
37.0 0.30682272 0.44666913 1.         1.         0.00857754610478878
35.0 0.2503874  0.09423372 0.97208047 1.         0.00854197982698679
18.0 0.2942242  0.3819389  0.62505937 0.6001879  0.00849989429116249
9.0 0.80137664 0.         0.98834056 0.25240645 0.008294081315398216
38.0 0.82313764 0.7563219  0.9924327  0.9984009  0.008290010504424572
9.0 0.8946637  0.32752228 0.9968294  0.6894281  0.008251660503447056
17.0 0.8718662  0.76824975 0.9952514  0.877121   0.008184116333723068
24.0 0.43670654 0.53285056 0.75485194 0.9227062  0.00812589656561613
0.0 0.2942242  0.3819389  0.62505937 0.6001879  0.008119902573525906
