27.0 0.14628598 0.35016733 0.61457133 0.7080304  0.7055461406707764
7.0 0.14969024 0.2220802  0.69566834 0.6823592  0.20004655420780182
36.0 0.14539014 0.34909153 0.6171317  0.7045882  0.19224950671195984
38.0 0.14628598 0.35016733 0.61457133 0.7080304  0.1848582625389099
42.0 0.141536   0.3490072  0.6248604  0.70483416 0.1706213802099228
34.0 0.00807622 0.10367358 0.8988024  0.3618825  0.15634845197200775
28.0 0.02781093 0.1073532  0.8178069  0.35654962 0.12960006296634674
34.0 0.10433239 0.1365011  0.8009871  0.5203904  0.09350995719432831
9.0 0.14628598 0.35016733 0.61457133 0.7080304  0.0925077497959137
7.0 0.06428564 0.10685086 0.918189   0.5446453  0.0910557359457016
5.0 0.06428564 0.10685086 0.918189   0.5446453  0.08617406338453293
28.0 0.05850205 0.0889132  0.9471077  0.6103464  0.07707993686199188
24.0 0.05484414 0.12731028 0.85021114 0.3926983  0.07162110507488251
4.0 0.02781093 0.1073532  0.8178069  0.35654962 0.0666683092713356
4.0 0.06428564 0.10685086 0.918189   0.5446453  0.06357965618371964
20.0 0.15808782 0.2798324  0.64039433 0.7225362  0.06356588751077652
14.0 0.1359412  0.34736383 0.6191411  0.70801234 0.0632518008351326
10.0 0.06428564 0.10685086 0.918189   0.5446453  0.06221918761730194
37.0 0.06428564 0.10685086 0.918189   0.5446453  0.06029857322573662
24.0 0.09320897 0.04323503 0.83551663 0.65418327 0.060137391090393066
40.0 0.14582741 0.35395736 0.6198403  0.7090619  0.058951932936906815
34.0 0.07411715 0.16836369 0.7504246  0.29855445 0.0577540397644043
37.0 0.03953448 0.10623156 0.73430145 0.3548416  0.0569244846701622
24.0 0.09429806 0.20723805 0.7600492  0.5199963  0.055887140333652496
41.0 0.1066685  0.17101541 0.811205   0.6739547  0.05337277054786682
11.0 0.06428564 0.10685086 0.918189   0.5446453  0.052107661962509155
27.0 0.14324066 0.08414525 0.6987922  0.8449514  0.04787837713956833
4.0 0.06526661 0.16955096 0.68860185 0.3014394  0.04533354565501213
28.0 0.06526661 0.16955096 0.68860185 0.3014394  0.04417228698730469
16.0 0.13712248 0.35708898 0.62439    0.7092934  0.04265090823173523
22.0 0.15808782 0.2798324  0.64039433 0.7225362  0.041880786418914795
24.0 0.514938   0.18138792 0.9256624  0.3061732  0.04156922921538353
24.0 0.02394107 0.16970068 0.5515287  0.30412915 0.04015330225229263
17.0 0.14741358 0.35856608 0.6184871  0.6989572  0.03978576138615608
10.0 0.14703429 0.31421667 0.6566328  0.71337694 0.03946828842163086
34.0 0.05312848 0.         0.99529016 0.6732429  0.0384514257311821
41.0 0.14703429 0.31421667 0.6566328  0.71337694 0.03573644161224365
5.0 0.02781093 0.1073532  0.8178069  0.35654962 0.0349053256213665
21.0 0.06428564 0.10685086 0.918189   0.5446453  0.034458957612514496
10.0 0.03450528 0.0769624  0.72851956 0.38651383 0.03392479941248894
32.0 0.15050212 0.35777736 0.6283387  0.69807744 0.033039893954992294
34.0 0.         0.         0.94250435 0.40008095 0.03239353001117706
34.0 0.14376348 0.13200599 0.56377727 0.33289528 0.029527343809604645
11.0 0.13345566 0.06504697 0.74408567 0.8130185  0.029403692111372948
26.0 0.00807622 0.10367358 0.8988024  0.3618825  0.02908872626721859
5.0 0.13572666 0.20781118 0.7730819  0.6344855  0.028593676164746284
26.0 0.10433239 0.1365011  0.8009871  0.5203904  0.027317702770233154
42.0 0.14324066 0.08414525 0.6987922  0.8449514  0.026261568069458008
18.0 0.06428564 0.10685086 0.918189   0.5446453  0.02499336004257202
20.0 0.07828474 0.14422691 0.836831   0.71163577 0.02464989572763443
11.0 0.04391333 0.14025858 0.72461045 0.3254882  0.024552112445235252
15.0 0.14969024 0.2220802  0.69566834 0.6823592  0.02451740764081478
32.0 0.1103867  0.12263168 0.8769878  0.49247193 0.024172311648726463
24.0 0.37250692 0.10354154 0.9513238  0.45673078 0.02406138926744461
14.0 0.1066685  0.17101541 0.811205   0.6739547  0.023639129474759102
24.0 0.09301814 0.19083706 0.72744584 0.33484104 0.0232612993568182
15.0 0.06428564 0.10685086 0.918189   0.5446453  0.02295391820371151
36.0 0.16491765 0.12415373 0.6965531  0.75652015 0.02251349203288555
24.0 0.12633279 0.31660342 0.65215933 0.6673812  0.02121429704129696
21.0 0.0400238  0.14032458 0.80047727 0.3261065  0.020933033898472786
4.0 0.24215674 0.13432229 0.89932215 0.30641383 0.02043291926383972
11.0 0.15808782 0.2798324  0.64039433 0.7225362  0.02029488794505596
0.0 0.06428564 0.10685086 0.918189   0.5446453  0.019488878548145294
3.0 0.03403205 0.09218968 0.97371405 0.38478553 0.0194562841206789
8.0 0.14582741 0.35395736 0.6198403  0.7090619  0.01932995580136776
31.0 0.13581337 0.355698   0.61900604 0.70343673 0.0191301628947258
18.0 0.13581337 0.355698   0.61900604 0.70343673 0.019065558910369873
7.0 0.04391333 0.14025858 0.72461045 0.3254882  0.018724653869867325
24.0 0.18940052 0.12532869 0.6016669  0.33002064 0.018674805760383606
39.0 0.14703429 0.31421667 0.6566328  0.71337694 0.01859709620475769
25.0 0.14023383 0.34957543 0.6180716  0.7062963  0.018536671996116638
3.0 0.146498   0.27777272 0.62368774 0.7379902  0.017910316586494446
7.0 0.1449163  0.02000836 0.80030286 0.8195213  0.016862928867340088
28.0 0.         0.         0.94250435 0.40008095 0.016824590042233467
41.0 0.06019297 0.08612995 0.983194   0.53238165 0.016517065465450287
34.0 0.01698333 0.05112627 0.63230604 0.31477532 0.016302531585097313
24.0 0.30760506 0.13041906 0.91681826 0.31308836 0.0162251815199852
28.0 0.09429806 0.20723805 0.7600492  0.5199963  0.01575971208512783
3.0 0.1066685  0.17101541 0.811205   0.6739547  0.015734665095806122
39.0 0.1066685  0.17101541 0.811205   0.6739547  0.015501114539802074
7.0 0.16112404 0.3806811  0.5909129  0.64631873 0.015340471640229225
37.0 0.09549314 0.         0.7281297  0.7473569  0.014749172143638134
4.0 0.13572666 0.20781118 0.7730819  0.6344855  0.01461037527769804
4.0 0.05777395 0.12033352 0.6448206  0.2600412  0.01458701305091381
29.0 0.14582741 0.35395736 0.6198403  0.7090619  0.014460627920925617
38.0 0.07828474 0.14422691 0.836831   0.71163577 0.014291685074567795
18.0 0.04391333 0.14025858 0.72461045 0.3254882  0.014118097722530365
26.0 0.06526661 0.16955096 0.68860185 0.3014394  0.01409293431788683
26.0 0.01698333 0.05112627 0.63230604 0.31477532 0.014078822918236256
19.0 0.1103867  0.12263168 0.8769878  0.49247193 0.013614103198051453
37.0 0.06526661 0.16955096 0.68860185 0.3014394  0.013437410816550255
20.0 0.         0.         0.93464494 0.6317993  0.013428286649286747
4.0 0.5270975  0.1827048  0.9069831  0.30348295 0.013395735062658787
5.0 0.03518361 0.         1.         0.3951409  0.01335108932107687
32.0 0.13572666 0.20781118 0.7730819  0.6344855  0.013120746240019798
26.0 0.05312848 0.         0.99529016 0.6732429  0.012870942242443562
17.0 0.9242615  0.00168922 0.99745876 0.05775314 0.012757427990436554
0.0 0.02781093 0.1073532  0.8178069  0.35654962 0.012744259089231491
34.0 0.24215674 0.13432229 0.89932215 0.30641383 0.012711189687252045
27.0 0.16965923 0.06516597 0.9904579  1.         0.012409383431077003
