35.0 0.6271823  0.40486842 0.762665   0.50241    0.10143920034170151
40.0 0.6271823  0.40486842 0.762665   0.50241    0.0970078706741333
32.0 0.22873949 0.36919916 0.4840955  0.5701076  0.09214702248573303
37.0 0.22873949 0.36919916 0.4840955  0.5701076  0.08685921877622604
31.0 0.6383276  0.41128227 0.71086216 0.4980406  0.07923202961683273
15.0 0.6271823  0.40486842 0.762665   0.50241    0.07579246908426285
32.0 0.6271823  0.40486842 0.762665   0.50241    0.058223746716976166
13.0 0.633232   0.4096627  0.7247449  0.49928734 0.05653686448931694
23.0 0.22288518 0.3760983  0.49698132 0.56033224 0.05366946756839752
1.0 0.22873949 0.36919916 0.4840955  0.5701076  0.0452364906668663
24.0 0.22288518 0.3760983  0.49698132 0.56033224 0.044130582362413406
40.0 0.6383276  0.41128227 0.71086216 0.4980406  0.041348326951265335
40.0 0.22288518 0.3760983  0.49698132 0.56033224 0.04016000032424927
26.0 0.22873949 0.36919916 0.4840955  0.5701076  0.03908473625779152
31.0 0.62702185 0.40241554 0.7501628  0.50467473 0.03906874731183052
10.0 0.26247385 0.20925379 0.99053144 0.7712953  0.03551777824759483
2.0 0.6271823  0.40486842 0.762665   0.50241    0.03453708440065384
0.0 0.63401586 0.4110027  0.7263337  0.498551   0.03368494659662247
24.0 0.2152618  0.3112926  0.56503695 0.6106395  0.031814225018024445
38.0 0.00330263 0.         0.15794823 0.09863736 0.03115151636302471
34.0 0.22873949 0.36919916 0.4840955  0.5701076  0.02991998754441738
35.0 0.6354339  0.41579872 0.71278644 0.49383855 0.029451357200741768
32.0 0.2152618  0.3112926  0.56503695 0.6106395  0.029439350590109825
0.0 0.22288518 0.3760983  0.49698132 0.56033224 0.029014945030212402
34.0 0.08680788 0.27646685 0.9523721  0.8683661  0.028448577970266342
24.0 0.40454322 0.34967592 0.93987757 0.6260474  0.02655729651451111
28.0 0.18525425 0.07457107 0.98273826 1.         0.026248212903738022
29.0 0.24149194 0.34530988 0.46315506 0.59028244 0.02622379921376705
4.0 0.18160155 0.28793213 0.8473455  0.6246581  0.025349831208586693
0.0 0.00260404 0.         0.14783925 0.10992549 0.025313541293144226
26.0 0.11573878 0.23275602 0.9290689  0.900067   0.025199858471751213
11.0 0.20391428 0.293939   0.92518556 0.63250303 0.024946892634034157
15.0 0.6383276  0.41128227 0.71086216 0.4980406  0.024082869291305542
13.0 0.6216884  0.39958024 0.77609676 0.5081553  0.024007366970181465
26.0 0.18160155 0.28793213 0.8473455  0.6246581  0.023414863273501396
23.0 0.633232   0.4096627  0.7247449  0.49928734 0.023304369300603867
28.0 0.08680788 0.27646685 0.9523721  0.8683661  0.022628165781497955
33.0 0.22873949 0.36919916 0.4840955  0.5701076  0.022002995014190674
23.0 0.24194959 0.41401324 0.43444285 0.53260255 0.02198009006679058
34.0 0.18160155 0.28793213 0.8473455  0.6246581  0.021724479272961617
4.0 0.11997294 0.3157456  0.919695   0.807428   0.02149156481027603
7.0 0.30497098 0.30695778 0.9820355  0.65011984 0.02082950435578823
26.0 0.2152618  0.3112926  0.56503695 0.6106395  0.02031361311674118
1.0 0.1685577  0.2700387  0.955656   0.69426227 0.020263265818357468
21.0 0.08680788 0.27646685 0.9523721  0.8683661  0.020033160224556923
32.0 0.6220887  0.38736153 0.8466574  0.52076477 0.01960604451596737
40.0 0.6220887  0.38736153 0.8466574  0.52076477 0.01957041397690773
15.0 0.22873949 0.36919916 0.4840955  0.5701076  0.019273193553090096
19.0 0.22288518 0.3760983  0.49698132 0.56033224 0.01926283910870552
37.0 0.24194959 0.41401324 0.43444285 0.53260255 0.018836425617337227
20.0 0.20391428 0.293939   0.92518556 0.63250303 0.018737398087978363
1.0 0.27586916 0.         0.982715   0.7632972  0.01866239681839943
32.0 0.6383276  0.41128227 0.71086216 0.4980406  0.0184918362647295
37.0 0.6271823  0.40486842 0.762665   0.50241    0.018429970368742943
11.0 0.15972415 0.15255594 0.9589969  0.8047491  0.01840139366686344
28.0 0.22288518 0.3760983  0.49698132 0.56033224 0.018274104222655296
23.0 0.6242708  0.39561713 0.7647686  0.5128886  0.018249310553073883
4.0 0.22772297 0.37272406 0.53268254 0.5587828  0.017760582268238068
10.0 0.22288518 0.3760983  0.49698132 0.56033224 0.017502494156360626
14.0 0.36627632 0.         0.5359472  0.08061949 0.01732136309146881
19.0 0.62702185 0.40241554 0.7501628  0.50467473 0.01721910946071148
1.0 0.55379117 0.2738214  0.98500454 1.         0.01709836721420288
24.0 0.6242708  0.39561713 0.7647686  0.5128886  0.01663125306367874
40.0 0.77937746 0.4482355  0.9989569  1.         0.01661735586822033
28.0 0.18160155 0.28793213 0.8473455  0.6246581  0.016563721001148224
10.0 0.18160155 0.28793213 0.8473455  0.6246581  0.016476936638355255
5.0 0.22288518 0.3760983  0.49698132 0.56033224 0.01641908846795559
10.0 0.7875595  0.29839712 0.9946866  0.90397626 0.01636359840631485
11.0 0.22873949 0.36919916 0.4840955  0.5701076  0.016004858538508415
37.0 0.1685577  0.2700387  0.955656   0.69426227 0.015931304544210434
29.0 0.14956659 0.01657268 1.         0.95659614 0.01588049717247486
16.0 0.6271823  0.40486842 0.762665   0.50241    0.015732530504465103
7.0 0.22873949 0.36919916 0.4840955  0.5701076  0.015086870640516281
37.0 0.21857798 0.27714854 0.5113081  0.6557403  0.014994042925536633
20.0 0.18525425 0.07457107 0.98273826 1.         0.014769231900572777
24.0 0.18160155 0.28793213 0.8473455  0.6246581  0.01457191351801157
26.0 0.12575391 0.32749254 0.6792191  0.79623467 0.014332866296172142
34.0 0.13391575 0.3702983  0.75830746 0.74404323 0.014323223382234573
7.0 0.5936868  0.37916604 0.911577   0.563234   0.01414849516004324
20.0 0.22873949 0.36919916 0.4840955  0.5701076  0.014112054370343685
32.0 0.40454322 0.34967592 0.93987757 0.6260474  0.014031056314706802
38.0 0.8357877  0.02989749 1.         0.11481366 0.014024177566170692
28.0 0.27586916 0.         0.982715   0.7632972  0.013973700813949108
1.0 0.2229101  0.2723459  0.51437145 0.6331733  0.013701592572033405
29.0 0.6271823  0.40486842 0.762665   0.50241    0.013644199818372726
14.0 0.52470565 0.35648495 0.9675559  0.6534888  0.013492930680513382
32.0 0.1685577  0.2700387  0.955656   0.69426227 0.013369821012020111
38.0 0.74311936 0.77668387 1.         1.         0.013361294753849506
10.0 0.1959     0.02599111 1.         0.6221162  0.013280758634209633
7.0 0.15972415 0.15255594 0.9589969  0.8047491  0.013276530429720879
14.0 0.5936868  0.37916604 0.911577   0.563234   0.013269118033349514
26.0 0.17559952 0.01267278 0.96599895 0.6653979  0.013199927285313606
13.0 0.22288518 0.3760983  0.49698132 0.56033224 0.013167625293135643
0.0 0.6239733  0.3972905  0.7940033  0.50895303 0.013141260482370853
8.0 0.62702185 0.40241554 0.7501628  0.50467473 0.013071184977889061
10.0 0.55146074 0.2604693  1.         0.7255342  0.013029078021645546
35.0 0.24149194 0.34530988 0.46315506 0.59028244 0.012938827276229858
30.0 0.22288518 0.3760983  0.49698132 0.56033224 0.012869344092905521
18.0 0.634824   0.40845475 0.73516995 0.49818704 0.012818081304430962
1.0 0.81379104 0.34322628 0.989681   0.8590858  0.012792452238500118
