11.0 0.0105181  0.08198147 0.9959258  0.5688295  0.5884833931922913
14.0 0.01295832 0.10000217 1.         0.57884425 0.5254534482955933
1.0 0.0105181  0.08198147 0.9959258  0.5688295  0.21326018869876862
10.0 0.02726558 0.08651017 0.9648684  0.57632726 0.17775827646255493
32.0 0.04389259 0.11128931 1.         0.5754294  0.14247313141822815
37.0 0.0105181  0.08198147 0.9959258  0.5688295  0.12335184216499329
7.0 0.01295832 0.10000217 1.         0.57884425 0.10902058333158493
28.0 0.0105181  0.08198147 0.9959258  0.5688295  0.10323908925056458
20.0 0.04389259 0.11128931 1.         0.5754294  0.09817001968622208
14.0 0.13342974 0.14213155 0.8333391  0.4405905  0.06976830959320068
6.0 0.08413851 0.08548754 1.         0.6271978  0.05916235223412514
25.0 0.75707036 0.49307087 1.         1.         0.048094674944877625
36.0 0.20131856 0.1293237  0.99679095 0.6131948  0.04797859489917755
4.0 0.00511432 0.09688661 1.         0.5341748  0.0442127101123333
13.0 0.01222005 0.06897788 0.94937944 0.54615134 0.04308232665061951
14.0 0.39110622 0.13120528 0.9234786  0.6259759  0.042337048798799515
40.0 0.07835647 0.13333727 1.         0.5458979  0.04015190526843071
23.0 0.01222005 0.06897788 0.94937944 0.54615134 0.03882412612438202
24.0 0.1771957  0.14344177 0.98357403 0.48479596 0.03617404028773308
18.0 0.0105181  0.08198147 0.9959258  0.5688295  0.035288259387016296
14.0 0.       0.       1.       0.871053 0.030178697779774666
16.0 0.703529 0.504415 1.       1.       0.030042437836527824
40.0 0.5260591  0.14264016 0.9989131  0.57417184 0.02867789752781391
24.0 0.01480815 0.06367204 1.         0.63075817 0.027516890317201614
1.0 0.39110622 0.13120528 0.9234786  0.6259759  0.02672189101576805
26.0 0.0035961  0.04013762 0.94765866 0.5820302  0.026640314608812332
34.0 0.01295832 0.10000217 1.         0.57884425 0.02421148121356964
18.0 0.13342974 0.14213155 0.8333391  0.4405905  0.022737011313438416
3.0 0.08413851 0.08548754 1.         0.6271978  0.022649060934782028
41.0 0.00103879 0.04887024 1.         0.6081166  0.021642662584781647
21.0 0.01295832 0.10000217 1.         0.57884425 0.02076677419245243
21.0 7.8001618e-04 3.4413010e-01 2.7100778e-01 1.0000000e+00 0.01973855122923851
7.0 0.13342974 0.14213155 0.8333391  0.4405905  0.01965334080159664
1.0 0.02152151 0.0486064  0.50005716 0.5744136  0.01959960348904133
7.0 0.         0.04410505 1.         0.9482583  0.01943511702120304
29.0 0.02726558 0.08651017 0.9648684  0.57632726 0.018844813108444214
32.0 0.5135983  0.09518713 0.96932566 0.60686946 0.018755853176116943
14.0 0.6369184  0.07444894 1.         0.56236553 0.018736425787210464
13.0 0.00385708 0.05413717 0.5603133  0.45502752 0.01867566630244255
11.0 0.26176122 0.         1.         0.7763924  0.018226832151412964
14.0 0.00221524 0.         0.9591838  0.46021488 0.01816060021519661
1.0 0.13342974 0.14213155 0.8333391  0.4405905  0.018098141998052597
36.0 0.6084324  0.32918847 0.9650738  0.55750597 0.01802344061434269
19.0 0.01295832 0.10000217 1.         0.57884425 0.017981013283133507
38.0 0.20456487 0.14063556 1.         0.5266208  0.017709344625473022
32.0 0.02519083 0.         1.         0.46560404 0.01766877993941307
36.0 0.587166  0.1377838 0.9943208 0.6084603 0.017661571502685547
13.0 0.13342974 0.14213155 0.8333391  0.4405905  0.016965227201581
1.0 0.07340381 0.         0.8745183  0.43605262 0.016537480056285858
32.0 0.15164292 0.14823945 0.8592105  0.44508046 0.016385678201913834
20.0 0.26176122 0.         1.         0.7763924  0.015851296484470367
11.0 0.15164292 0.14823945 0.8592105  0.44508046 0.01584423892199993
22.0 0.08080178 0.06228393 0.97607166 0.7612131  0.015529973432421684
40.0 0.01583058 0.07439084 0.68366885 0.46530378 0.015148709528148174
5.0 0.0162006  0.11345094 1.         0.5491573  0.014728364534676075
6.0 0.02519083 0.         1.         0.46560404 0.014637037180364132
20.0 0.6369184  0.07444894 1.         0.56236553 0.014396179467439651
7.0 0.00221524 0.         0.9591838  0.46021488 0.014394914731383324
1.0 0.6369184  0.07444894 1.         0.56236553 0.01403171569108963
6.0 0.6369184  0.07444894 1.         0.56236553 0.013852225616574287
21.0 0.00904634 0.45287126 0.1512613  0.83253986 0.013734987936913967
0.0 0.57582974 0.6383726  1.         1.         0.013572347350418568
7.0 0.39110622 0.13120528 0.9234786  0.6259759  0.013373173773288727
34.0 0.         0.6383933  0.43873262 0.99861133 0.013334736227989197
11.0 0.11850485 0.         0.9604753  0.4393761  0.012871312908828259
20.0 0.49052572 0.23632744 0.9738606  0.5908623  0.012811494991183281
32.0 0.7028645  0.02800989 1.         0.60489494 0.012763279490172863
1.0 0.       0.       1.       0.871053 0.012703861109912395
32.0 0.26176122 0.         1.         0.7763924  0.01235225610435009
33.0 0.02519083 0.         1.         0.46560404 0.012188396416604519
11.0 0. 0. 1. 1. 0.01178540475666523
10.0 0.         0.04410505 1.         0.9482583  0.011526942253112793
9.0 0.20456487 0.14063556 1.         0.5266208  0.011459852568805218
42.0 0.09467018 0.         1.         0.8279013  0.01145936083048582
38.0 0.68363816 0.19049098 0.9993711  0.39463615 0.011349867098033428
36.0 0.09467018 0.         1.         0.8279013  0.011322323232889175
35.0 0.56250757 0.1147262  1.         0.5067953  0.011177672073245049
28.0 0.39110622 0.13120528 0.9234786  0.6259759  0.011072615161538124
40.0 0.15945461 0.15923914 0.8332292  0.4147115  0.010946941561996937
0.0 0.06464285 0.         0.9951007  0.49355    0.010946682654321194
33.0 0.14233121 0.1069745  1.         0.5771054  0.010887030512094498
10.0 0.3904637  0.14059371 1.         0.62881494 0.010841501876711845
23.0 0.00385708 0.05413717 0.5603133  0.45502752 0.010784857906401157
31.0 0.7691234  0.57590973 1.         1.         0.010680785402655602
30.0 0.19490913 0.06303149 0.96399796 0.778827   0.010627999901771545
40.0 0.         0.         1.         0.83787227 0.010490615852177143
9.0 0.6369184  0.07444894 1.         0.56236553 0.010246782563626766
12.0 0.02663323 0.08415318 1.         0.6009671  0.01019852701574564
38.0 0.56675786 0.1176883  0.9906818  0.57978874 0.010074567049741745
28.0 0.11850485 0.         0.9604753  0.4393761  0.010045964270830154
28.0 0.13342974 0.14213155 0.8333391  0.4405905  0.01004577986896038
34.0 7.8001618e-04 3.4413010e-01 2.7100778e-01 1.0000000e+00 0.010033458471298218
8.0 0.6120747  0.36098123 0.8453525  0.55394053 0.01000069361180067
20.0 0.5810834  0.33671856 0.9262458  0.5534678  0.009930270723998547
37.0 0.39110622 0.13120528 0.9234786  0.6259759  0.009846197441220284
37.0 0.10464397 0.01419693 1.         1.         0.009758716449141502
0.0 0.08080178 0.06228393 0.97607166 0.7612131  0.009747719392180443
24.0 0.16271403 0.73464704 0.68909967 1.         0.009734698571264744
17.0 0.91059446 0.         1.         0.13419326 0.0097029535099864
11.0 0.39110622 0.13120528 0.9234786  0.6259759  0.009535756893455982
