39.0 0.00327998 0.0010792  0.8069964  1.         0.41101527214050293
5.0 0.6648814 0.        1.        0.5062059 0.3084889054298401
20.0 0.         0.06868491 0.9850589  1.         0.19772383570671082
29.0 0.69460547 0.         0.989539   0.6567804  0.10706175863742828
25.0 0.69460547 0.         0.989539   0.6567804  0.09615036100149155
31.0 0.69460547 0.         0.989539   0.6567804  0.09414754807949066
0.0 0.65355396 0.01490337 1.         0.49451917 0.09116082638502121
16.0 0.6735865  0.         0.99699247 0.49726403 0.08530847728252411
10.0 0.         0.02631953 0.97046125 1.         0.07992323487997055
5.0 0.         0.02631953 0.97046125 1.         0.07713424414396286
28.0 0.69460547 0.         0.989539   0.6567804  0.07283618301153183
41.0 0.         0.02631953 0.97046125 1.         0.07201923429965973
40.0 0.6695297  0.03103462 1.         0.5754585  0.06700447201728821
12.0 0.         0.02631953 0.97046125 1.         0.0668080598115921
10.0 0.6718556  0.01209718 0.98850614 0.6111737  0.06448205560445786
27.0 0.66308016 0.         0.9965634  0.51694655 0.06232535466551781
30.0 0.68253475 0.         1.         0.7119542  0.061400800943374634
21.0 0.         0.06868491 0.9850589  1.         0.060344092547893524
41.0 0.65590346 0.01592878 1.         0.5239421  0.054731205105781555
20.0 0.66406083 0.         0.993438   0.53459233 0.05342194065451622
22.0 0.         0.06868491 0.9850589  1.         0.05091394856572151
37.0 0.69460547 0.         0.989539   0.6567804  0.0508858896791935
39.0 0.670607   0.         0.99397266 0.50672907 0.04787958413362503
37.0 0.06819263 0.02656448 0.97811663 0.8022868  0.04597384110093117
15.0 0.6706702  0.01314606 0.9790134  0.22158033 0.04538804292678833
26.0 0.         0.12896803 0.54905665 0.34697032 0.0450875349342823
21.0 0.67941713 0.         0.99787974 0.82831156 0.04432011395692825
32.0 0.69460547 0.         0.989539   0.6567804  0.04366435110569
15.0 0.66087437 0.00839216 1.         0.44897515 0.042827215045690536
33.0 0.         0.12378345 0.53352606 0.3425706  0.04248756542801857
7.0 0.670607   0.         0.99397266 0.50672907 0.041814304888248444
27.0 0.         0.06868491 0.9850589  1.         0.040671344846487045
0.0 0.6706702  0.01314606 0.9790134  0.22158033 0.04019775241613388
4.0 0.68253475 0.         1.         0.7119542  0.03927202522754669
1.0 0.69460547 0.         0.989539   0.6567804  0.03795354440808296
19.0 0.69460547 0.         0.989539   0.6567804  0.03760947287082672
23.0 0.69460547 0.         0.989539   0.6567804  0.03594072908163071
4.0 0.         0.12896803 0.54905665 0.34697032 0.03268792852759361
10.0 0.60292196 0.         0.9973308  0.90023434 0.03172770515084267
34.0 0.06819263 0.02656448 0.97811663 0.8022868  0.03156726062297821
33.0 0.69460547 0.         0.989539   0.6567804  0.03143489733338356
13.0 0.6695297  0.03103462 1.         0.5754585  0.03137607127428055
8.0 0.02188021 0.0035004  0.810896   1.         0.03124239481985569
38.0 0.69460547 0.         0.989539   0.6567804  0.030688608065247536
4.0 0.06877211 0.04720919 0.8021896  0.38210022 0.030363591387867928
6.0 0.31302497 0.19698626 0.4845986  0.26170036 0.02973310463130474
16.0 0.68301696 0.01565212 0.98197144 0.27686116 0.029419660568237305
28.0 0.60292196 0.         0.9973308  0.90023434 0.026958433911204338
0.0 0.09155887 0.00357187 0.9885995  0.62913346 0.02686150372028351
14.0 0.69460547 0.         0.989539   0.6567804  0.02614450454711914
9.0 0.69460547 0.         0.989539   0.6567804  0.026015181094408035
8.0 0.69460547 0.         0.989539   0.6567804  0.02560386061668396
0.0 0.65903395 0.         1.         0.3281239  0.025023169815540314
3.0 0.31302497 0.19698626 0.4845986  0.26170036 0.024916181340813637
12.0 0.69460547 0.         0.989539   0.6567804  0.024899261072278023
17.0 0.69460547 0.         0.989539   0.6567804  0.024590086191892624
11.0 0.06819263 0.02656448 0.97811663 0.8022868  0.023998720571398735
3.0 0.06819263 0.02656448 0.97811663 0.8022868  0.023802420124411583
39.0 0.         0.09884852 0.85489154 1.         0.023662379011511803
37.0 0.48566854 0.03538531 0.9820279  0.4076192  0.02314980886876583
38.0 0.551598   0.56217563 1.         1.         0.022749019786715508
30.0 0.3736064 0.        0.98146   0.828822  0.02245606854557991
35.0 0.69460547 0.         0.989539   0.6567804  0.022408418357372284
4.0 0.         0.03141737 0.9180881  0.6368331  0.022181931883096695
26.0 0.09723419 0.17566398 0.520186   0.29273346 0.021791841834783554
29.0 0.60292196 0.         0.9973308  0.90023434 0.02158014290034771
34.0 0.69460547 0.         0.989539   0.6567804  0.021288970485329628
24.0 0.09155887 0.00357187 0.9885995  0.62913346 0.021096713840961456
5.0 0.6762929  0.04475398 0.9920602  0.29962116 0.020876046270132065
29.0 0.         0.06868491 0.9850589  1.         0.02084585838019848
4.0 0.14232019 0.18083227 0.5167874  0.28988346 0.020488621667027473
24.0 0.63789594 0.         1.         0.4629133  0.020482268184423447
26.0 0.06819263 0.02656448 0.97811663 0.8022868  0.020411016419529915
26.0 0.69460547 0.         0.989539   0.6567804  0.02025480940937996
29.0 0.63676584 0.         1.         0.46671772 0.02011122554540634
42.0 0.69460547 0.         0.989539   0.6567804  0.019974414259195328
28.0 0.06819263 0.02656448 0.97811663 0.8022868  0.019950028508901596
11.0 0.         0.12896803 0.54905665 0.34697032 0.01986817829310894
25.0 0.6374028  0.02349715 1.         0.3753394  0.018686186522245407
33.0 0.06819263 0.02656448 0.97811663 0.8022868  0.01831657625734806
18.0 0.69460547 0.         0.989539   0.6567804  0.017739878967404366
10.0 0.70706457 0.28418353 0.99756175 1.         0.01773681491613388
2.0 0.69460547 0.         0.989539   0.6567804  0.017706045880913734
36.0 0.69460547 0.         0.989539   0.6567804  0.017668556421995163
39.0 0.29634205 0.         0.97230065 0.9324249  0.01751522719860077
16.0 0.65903395 0.         1.         0.3281239  0.017147712409496307
21.0 0.41307458 0.         0.9478773  0.876014   0.01677880994975567
4.0 0.04307038 0.13005283 0.6962374  0.53285635 0.016769176349043846
16.0 0.66764015 0.         1.         0.17051798 0.016352035105228424
30.0 0.62939066 0.02070138 1.         0.43664426 0.016344428062438965
27.0 0.68867844 0.18040216 0.9905022  0.44140315 0.016205159947276115
20.0 0.         0.09884852 0.85489154 1.         0.016191164031624794
4.0 0.2341481  0.1964517  0.49953705 0.26481926 0.016131896525621414
22.0 0.69460547 0.         0.989539   0.6567804  0.015979601070284843
3.0 0.60292196 0.         0.9973308  0.90023434 0.01594644971191883
39.0 0.05675825 0.3671542  0.6970041  0.9001174  0.015939537435770035
0.0 0.51497775 0.         0.99829155 0.30436474 0.015728263184428215
33.0 0.14232019 0.18083227 0.5167874  0.28988346 0.01547219417989254
25.0 0.6983365  0.32865113 0.9988655  1.         0.015386117622256279
0.0 0.71129036 0.         1.         0.61880255 0.015272704884409904
