20.0 0.         0.03711596 0.88890815 0.74123275 0.05755428597331047
26.0 0.24601044 0.7056658  0.73451066 0.82902384 0.046823013573884964
26.0 0.11002943 0.678366   0.7855586  0.9200576  0.040170617401599884
4.0 0.11002943 0.678366   0.7855586  0.9200576  0.037109460681676865
4.0 0.24590172 0.7059297  0.72365284 0.82634956 0.028682347387075424
39.0 0.8052549 0.3233255 1.        0.6483554 0.02010316587984562
3.0 0.00762171 0.12834889 0.91722065 0.8990758  0.01881309598684311
22.0 0.0301429  0.07313645 0.9209612  0.6886926  0.0185315553098917
12.0 0.         0.13170823 0.940032   0.8841497  0.018415693193674088
5.0 0.02147996 0.16341195 0.17341375 0.3746383  0.017377538606524467
10.0 0.01796835 0.15321611 0.19252542 0.3834657  0.016585741192102432
6.0 0.         0.06546062 0.87236565 1.         0.01567518152296543
0.0 0.723812   0.13376285 0.8191371  0.20508404 0.01509723998606205
11.0 0.11002943 0.678366   0.7855586  0.9200576  0.014505562372505665
24.0 0.64292943 0.02959487 0.8174169  0.09477558 0.014396497048437595
4.0 0.01856744 0.64656985 0.89290196 1.         0.014274691231548786
21.0 0.01796835 0.15321611 0.19252542 0.3834657  0.014094100333750248
4.0 0.29425883 0.7362224  0.64220756 0.7920686  0.014000413939356804
39.0 0.01973975 0.17184237 0.17017862 0.38420376 0.013592037372291088
39.0 0.         0.03079376 0.8671832  0.83290553 0.012635182589292526
24.0 0.5748306  0.         0.8682527  0.10522193 0.012497959658503532
12.0 0.         0.5712091  0.86381173 1.         0.01236033346503973
39.0 0.03004676 0.11248587 0.20566568 0.48464364 0.012242664583027363
27.0 0.88873774 0.31793943 0.99816114 0.40116397 0.012017956003546715
40.0 0.7809292 0.5658377 1.        1.        0.01191488653421402
5.0 0.8078974  0.13085479 0.99482757 0.6979519  0.011882573366165161
41.0 0.01796835 0.15321611 0.19252542 0.3834657  0.011880837380886078
3.0 0.11002943 0.678366   0.7855586  0.9200576  0.011755581013858318
20.0 0.02929866 0.20120084 1.         1.         0.01169375330209732
39.0 0.79197395 0.0962598  1.         0.71775866 0.011340614408254623
20.0 0.         0.13869719 0.6059672  0.5558918  0.011138896457850933
34.0 0.24601044 0.7056658  0.73451066 0.82902384 0.011105981655418873
26.0 0.32892    0.7256892  0.58911777 0.79272044 0.01090189628303051
20.0 0.01263878 0.15589787 0.19264305 0.39783466 0.010398417711257935
26.0 0.         0.4034046  0.92948246 1.         0.010257791727781296
21.0 0.02752125 0.09724054 0.22108665 0.50244975 0.01005500741302967
24.0 0.24601044 0.7056658  0.73451066 0.82902384 0.009915893897414207
10.0 0.02752125 0.09724054 0.22108665 0.50244975 0.009802830405533314
26.0 0.01796835 0.15321611 0.19252542 0.3834657  0.009659386239945889
20.0 0.01323694 0.00652409 0.48106378 0.7539078  0.00945342518389225
0.0 0.73094374 0.12916058 0.81188494 0.17804292 0.009146006777882576
4.0 0.28837365 0.7205513  0.63881886 0.77109367 0.009136633947491646
21.0 0.7731781  0.05629933 0.99525726 0.7138419  0.009126624092459679
34.0 0.05351359 0.6762481  0.7880831  0.9198626  0.009108040481805801
5.0 0.03004676 0.11248587 0.20566568 0.48464364 0.008756453171372414
12.0 0.03004676 0.11248587 0.20566568 0.48464364 0.008752305991947651
10.0 0.         0.03711596 0.88890815 0.74123275 0.00863065104931593
3.0 0.27383864 0.6838987  0.6786565  0.8790648  0.008568188175559044
41.0 0.         0.03711596 0.88890815 0.74123275 0.008484717458486557
3.0 0.06657082 0.64390004 0.817216   1.         0.008458729833364487
27.0 0.79197395 0.0962598  1.         0.71775866 0.008378978818655014
25.0 0.79416984 0.04879639 1.         0.70271933 0.008110925555229187
33.0 0.09411198 0.69074106 0.7904768  0.9687152  0.007996640168130398
3.0 0.04178959 0.09714723 1.         1.         0.007914761081337929
21.0 0.001039   0.5378693  0.29958674 1.         0.007850156165659428
11.0 0.25348318 0.70538336 0.6754591  0.82237333 0.007667942903935909
28.0 0.01796835 0.15321611 0.19252542 0.3834657  0.007545684929937124
12.0 0.01479974 0.18733954 0.18349856 0.3746019  0.007387899328023195
10.0 0.79416984 0.04879639 1.         0.70271933 0.007353873457759619
39.0 0.         0.6809459  0.31152776 1.         0.007300420664250851
0.0 0.7944617  0.00879572 0.99253786 0.18301608 0.007219450082629919
4.0 0.32709605 0.06008244 0.5117471  0.11268251 0.007203159388154745
39.0 0.00497949 0.3642497  0.90409523 1.         0.007070524618029594
41.0 0.01092323 0.2631758  0.12879336 0.3630815  0.007055272348225117
22.0 0. 0. 1. 1. 0.006992661394178867
6.0 0.06609765 0.37038347 1.         1.         0.006902369670569897
20.0 0.02752125 0.09724054 0.22108665 0.50244975 0.0067956713028252125
38.0 0.817393   0.00150203 0.94853073 0.0843754  0.0066053601913154125
3.0 0.02752125 0.09724054 0.22108665 0.50244975 0.006568224634975195
26.0 0.29338658 0.6656616  0.6655853  0.7854618  0.006541799288243055
24.0 0.00368808 0.3117873  0.1472223  0.37266743 0.006524956319481134
39.0 0.0081009  0.27252638 0.12885895 0.37025374 0.006504707504063845
29.0 0.02147996 0.16341195 0.17341375 0.3746383  0.00648993905633688
26.0 0.3182199  0.7151394  0.66712236 0.77131474 0.006367769557982683
4.0 0.04084855 0.12964147 0.7807855  0.5757584  0.006362144835293293
4.0 0.        0.4261912 0.9958627 1.        0.006296360865235329
4.0 0.29338658 0.6656616  0.6655853  0.7854618  0.00625195074826479
40.0 0.90261304 0.7150428  1.         1.         0.006216562353074551
12.0 0.         0.0242373  0.6406981  0.73624146 0.006111452355980873
20.0 0.01972526 0.23733254 0.17173252 0.35428953 0.006105048581957817
4.0 0.36425653 0.72183436 0.7388917  0.8754316  0.006101525854319334
26.0 0.02752125 0.09724054 0.22108665 0.50244975 0.006049832794815302
26.0 0.0442574  0.7430997  0.76643896 1.         0.006043531000614166
40.0 0.8471424 0.5076108 1.        1.        0.006039705127477646
4.0 0.        0.7504904 0.7254037 1.        0.0060219233855605125
24.0 0.6718055  0.         0.9586693  0.13125221 0.0060194977559149265
6.0 0.         0.46377414 0.8288188  1.         0.0060035185888409615
26.0 0.23638098 0.5802769  0.70368725 1.         0.00598921487107873
0.0 0.81724584 0.         1.         0.14614606 0.005953159648925066
3.0 0.         0.03125072 0.6366382  1.         0.005930633284151554
3.0 0.21160784 0.10170917 0.821324   0.39255524 0.005856547970324755
4.0 0.30890024 0.         0.74163556 0.10582192 0.005851816385984421
4.0 0.5756264  0.37462783 0.7580751  0.46113586 0.005846473388373852
14.0 0.30402482 0.668846   0.91708064 1.         0.005780758801847696
4.0 0.         0.31469285 0.13632157 0.3739314  0.005752078723162413
21.0 0.01972526 0.23733254 0.17173252 0.35428953 0.005728195421397686
5.0 0.8335903  0.04343826 0.98685557 0.49969572 0.005706485826522112
27.0 0.03004676 0.11248587 0.20566568 0.48464364 0.005698486231267452
24.0 0.07579818 0.644473   0.7798308  0.94898266 0.005596852861344814
4.0 0.23244147 0.08957236 0.6078757  0.20325693 0.005595318973064423
