30.0 0.14022484 0.         0.71210706 1.         0.6276110410690308
29.0 0.07244742 0.06295612 0.94584656 0.9801642  0.41814085841178894
30.0 0.19808266 0.03813308 0.48748943 0.7792214  0.39597249031066895
4.0 0.16271615 0.         0.5660262  0.96810097 0.2685646116733551
21.0 0.08552113 0.         0.89332414 1.         0.14819204807281494
28.0 0.11675388 0.         0.829143   0.9990836  0.14568321406841278
4.0 0.1814324  0.01546156 0.42311135 0.780043   0.13723920285701752
34.0 0.14863946 0.         0.62773466 0.9846316  0.13569574058055878
29.0 0.02428459 0.54699504 0.27926463 1.         0.11615879088640213
28.0 0.16533877 0.         0.50528157 0.9130511  0.10205058753490448
30.0 0. 0. 1. 1. 0.101755790412426
34.0 0.18978147 0.02690354 0.44482243 0.7761096  0.09329335391521454
30.0 0.         0.59469044 0.2722448  1.         0.08783315867185593
30.0 0.01791875 0.6546395  0.1658225  1.         0.08525747805833817
19.0 0.13335103 0.         0.6693805  0.9884957  0.08172861486673355
21.0 0.16271615 0.         0.5660262  0.96810097 0.07419001311063766
30.0 0.21956971 0.10037279 0.37444213 0.6819761  0.07321689277887344
30.0 0.08863348 0.06503797 0.44133162 0.97807944 0.06985124200582504
28.0 0.02428459 0.54699504 0.27926463 1.         0.0698331743478775
34.0 0.04302284 0.01677707 0.9609741  1.         0.05859207734465599
33.0 0.09846878 0.         0.8635638  1.         0.05604933574795723
4.0 0.21224916 0.0909214  0.36215544 0.65662456 0.053479794412851334
10.0 0.08803472 0.01140416 0.9912286  1.         0.05105699598789215
25.0 0.08552113 0.         0.89332414 1.         0.047033604234457016
30.0 0.10287105 0.12620202 0.58165914 0.6748034  0.045290086418390274
40.0 0.833177   0.         0.999766   0.40340137 0.04297056049108505
29.0 0.11713156 0.10525283 0.5412141  1.         0.04120941087603569
29.0 0.12814452 0.47217777 0.4114855  1.         0.041016072034835815
30.0 0.07611582 0.3859493  0.5910101  1.         0.03800429403781891
29.0 0.02272749 0.         1.         1.         0.03711743652820587
7.0 0.6159787  0.81264967 0.98639834 0.9871636  0.03575920686125755
5.0 0.0696947  0.10211933 0.9723614  0.99148476 0.03556777909398079
31.0 0.11713156 0.10525283 0.5412141  1.         0.03374016657471657
29.0 0.24930282 0.45230654 0.555704   0.9933665  0.032873887568712234
4.0 0.0754938  0.19372964 0.43457568 1.         0.03239962086081505
34.0 0.21956971 0.10037279 0.37444213 0.6819761  0.03077482245862484
25.0 0.16533877 0.         0.50528157 0.9130511  0.029880238696932793
4.0 0.01873118 0.62340593 0.15888813 1.         0.029113292694091797
26.0 0.16533877 0.         0.50528157 0.9130511  0.0282608475536108
39.0 0.08803472 0.01140416 0.9912286  1.         0.02820657379925251
37.0 0.0630658  0.01373228 0.9101192  0.9718602  0.028163166716694832
28.0 0.2098662  0.04383585 0.39431557 0.7272732  0.027683276683092117
34.0 0.0754938  0.19372964 0.43457568 1.         0.0275309719145298
30.0 0.19786304 0.2208695  0.41546547 0.58157974 0.027395064011216164
6.0 0.08803472 0.01140416 0.9912286  1.         0.027178537100553513
29.0 0.01951686 0.65411985 0.19258375 1.         0.027028899639844894
23.0 0.16533877 0.         0.50528157 0.9130511  0.026428192853927612
16.0 0.09846878 0.         0.8635638  1.         0.02633146196603775
26.0 0.09846878 0.         0.8635638  1.         0.025956369936466217
28.0 0.0754938  0.19372964 0.43457568 1.         0.025729911401867867
34.0 0.01873118 0.62340593 0.15888813 1.         0.02521383762359619
30.0 0.2468903  0.13064054 0.5334106  1.         0.02483012154698372
28.0 0.38708985 0.         0.99237025 0.99158376 0.02476891130208969
4.0 0.13725409 0.         0.9602169  1.         0.024200662970542908
21.0 0.01873118 0.62340593 0.15888813 1.         0.023597316816449165
41.0 0.5882077  0.8396431  0.98454916 1.         0.02274978905916214
40.0 0.7597191 0.        1.        0.3528313 0.022619476541876793
31.0 0.0248047  0.618137   0.20270304 1.         0.022586848586797714
7.0 0.6035285 0.6311048 0.9928384 1.        0.021383341401815414
41.0 0.6035285 0.6311048 0.9928384 1.        0.021071331575512886
34.0 0.09378396 0.08875039 0.540663   0.6303793  0.02098134532570839
4.0 0.01616657 0.5555375  0.2491706  1.         0.020968656986951828
33.0 0.16533877 0.         0.50528157 0.9130511  0.020862780511379242
1.0 0.06421754 0.05218709 1.         1.         0.020524518564343452
30.0 0.        0.        1.        0.9721175 0.020311756059527397
23.0 0.07281959 0.10334766 0.68313247 1.         0.02002660371363163
10.0 0.7171633  0.1831291  0.9826964  0.98209584 0.019907811656594276
29.0 0.46532586 0.         1.         0.89887226 0.019794829189777374
6.0 0.00241258 0.00328846 0.2009565  0.18148237 0.019125163555145264
29.0 0.      0.      0.69025 1.      0.019021283835172653
1.0 0.03934762 0.5306786  0.26605162 1.         0.018814627081155777
20.0 0.03206944 0.04379794 0.96751213 1.         0.018765687942504883
21.0 0.18978147 0.02690354 0.44482243 0.7761096  0.01831415295600891
26.0 0.02428459 0.54699504 0.27926463 1.         0.017656145617365837
19.0 0.0754938  0.19372964 0.43457568 1.         0.017479559406638145
40.0 0.09557627 0.49977538 0.4467097  1.         0.017083875834941864
37.0 0.16533877 0.         0.50528157 0.9130511  0.01701505482196808
28.0 0.08632979 0.         0.41085365 0.6995804  0.016932550817728043
19.0 0.02428459 0.54699504 0.27926463 1.         0.016641754657030106
23.0 0.02428459 0.54699504 0.27926463 1.         0.01658146269619465
29.0 0.06032494 0.518704   0.6448455  0.9721654  0.01653585210442543
1.0 0.833177   0.         0.999766   0.40340137 0.016280660405755043
30.0 0.18067268 0.11094168 0.37419304 0.43866733 0.015528391115367413
0.0 0.16533877 0.         0.50528157 0.9130511  0.015495484694838524
10.0 0.47648427 0.07740945 0.9713973  0.9943972  0.015402632765471935
26.0 0.0754938  0.19372964 0.43457568 1.         0.015316390432417393
6.0 0.13767903 0.01720235 0.53964466 0.9868821  0.015306261368095875
13.0 0.16533877 0.         0.50528157 0.9130511  0.015212376601994038
28.0 0.         0.30287275 1.         1.         0.015195447951555252
3.0 0.13335103 0.         0.6693805  0.9884957  0.015059856697916985
10.0 0.50203717 0.7701491  0.99185324 1.         0.01496389601379633
8.0 0.11713156 0.10525283 0.5412141  1.         0.014918221160769463
5.0 0. 0. 1. 1. 0.014887568540871143
2.0 0.14428139 0.00288883 0.60485387 0.99650145 0.014858175069093704
19.0 0. 0. 1. 1. 0.014459725469350815
40.0 0.02696406 0.5765601  0.22489458 1.         0.014289816841483116
40.0 0.08803472 0.01140416 0.9912286  1.         0.014100170694291592
25.0 0.0248047  0.618137   0.20270304 1.         0.01409229077398777
32.0 0.03206944 0.04379794 0.96751213 1.         0.014057374559342861
28.0 0.01873118 0.62340593 0.15888813 1.         0.013979228213429451
