30.0 0.24955544 0.         0.49239102 0.58477646 0.6927379369735718
4.0 0.2515293  0.         0.48539993 0.6142882  0.2711043357849121
34.0 0.2515293  0.         0.48539993 0.6142882  0.16897425055503845
28.0 0.23793821 0.         0.5113823  0.6019408  0.15934239327907562
30.0 0.27273175 0.15343305 0.45570794 0.5515927  0.1340922713279724
30.0 0.15410328 0.         0.67174995 0.6440644  0.12158451974391937
21.0 0.23793821 0.         0.5113823  0.6019408  0.11789454519748688
4.0 0.277873   0.         0.42290995 0.52406794 0.0989229753613472
29.0 0.2736165  0.18647376 0.46014583 0.54348934 0.08488564938306808
30.0 0.2586622  0.03918643 0.44181243 0.3755716  0.07037948071956635
4.0 0.17311813 0.         0.59208727 0.6922445  0.06848318874835968
19.0 0.23793821 0.         0.5113823  0.6019408  0.06730839610099792
25.0 0.23793821 0.         0.5113823  0.6019408  0.06532014906406403
30.0 0.30644158 0.         0.41255912 0.3079336  0.0649484395980835
25.0 0.27167618 0.08751656 0.45944268 0.54293746 0.05889088660478592
40.0 0.81232226 0.         1.         0.494447   0.05838758498430252
19.0 0.26521382 0.17789619 0.44428584 0.54617524 0.05769871920347214
29.0 0.23821698 0.         0.5560845  0.5983878  0.05443339794874191
26.0 0.23793821 0.         0.5113823  0.6019408  0.049510300159454346
31.0 0.3184625  0.         0.39822763 0.23237547 0.047802917659282684
31.0 0.27167618 0.08751656 0.45944268 0.54293746 0.0456898994743824
34.0 0.17311813 0.         0.59208727 0.6922445  0.04416358843445778
29.0 0.23603547 0.         0.94887996 0.68773144 0.040343206375837326
34.0 0.277873   0.         0.42290995 0.52406794 0.03888356685638428
30.0 0.3094321  0.0089374  0.40362018 0.18753228 0.03734553977847099
21.0 0.19172376 0.         0.7439476  0.8224757  0.034251775592565536
23.0 0.23793821 0.         0.5113823  0.6019408  0.03387080132961273
30.0 0.2947653  0.02351207 0.4952162  0.28152585 0.03339660167694092
40.0 0.7797272  0.11627561 1.         0.69469607 0.0319024920463562
28.0 0.27167618 0.08751656 0.45944268 0.54293746 0.031832996755838394
31.0 0.833249   0.00832042 0.99783576 0.45206118 0.02986905165016651
29.0 0.3184625  0.         0.39822763 0.23237547 0.02931218408048153
4.0 0.30644158 0.         0.41255912 0.3079336  0.02850472927093506
31.0 0.23793821 0.         0.5113823  0.6019408  0.028263401240110397
37.0 0.23793821 0.         0.5113823  0.6019408  0.028019128367304802
0.0 0.23793821 0.         0.5113823  0.6019408  0.027615394443273544
30.0 0.23435853 0.04790917 0.39842153 0.5553076  0.026125865057110786
19.0 0.31565827 0.         0.40597147 0.24307452 0.02480563335120678
13.0 0.23793821 0.         0.5113823  0.6019408  0.024735597893595695
40.0 0.86618567 0.         1.         0.34800565 0.024466505274176598
31.0 0.28284895 0.25862885 0.39296347 0.5397965  0.02436097525060177
30.0 0.20067872 0.13811302 0.54802465 0.47941732 0.024145038798451424
25.0 0.26396078 0.23964    0.51531106 0.50931644 0.023746468126773834
28.0 0.19596548 0.         0.66245025 0.67971945 0.023734819144010544
16.0 0.27167618 0.08751656 0.45944268 0.54293746 0.022591864690184593
25.0 0.3184625  0.         0.39822763 0.23237547 0.02165236696600914
16.0 0.23793821 0.         0.5113823  0.6019408  0.021500863134860992
5.0 0.23793821 0.         0.5113823  0.6019408  0.02142368070781231
33.0 0.23821698 0.         0.5560845  0.5983878  0.021243443712592125
1.0 0.23793821 0.         0.5113823  0.6019408  0.020710162818431854
21.0 0.27167618 0.08751656 0.45944268 0.54293746 0.020101625472307205
30.0 0.27530587 0.         0.5455437  0.35017985 0.019061831757426262
31.0 0.88395166 0.         0.997399   0.33144403 0.01886247657239437
34.0 0.20515728 0.07979245 0.5790818  0.522648   0.018770821392536163
26.0 0.19172376 0.         0.7439476  0.8224757  0.017727503553032875
40.0 0.26604825 0.21359065 0.4654783  0.5458     0.017515644431114197
30.0 0.19166431 0.         0.91858256 0.59028256 0.017029179260134697
4.0 0.2974725  0.14970562 0.47924373 0.5484096  0.01659649983048439
34.0 0.3062094  0.         0.4130476  0.36161065 0.016023876145482063
30.0 0.25319672 0.23511466 0.44098735 0.45355043 0.015866419300436974
29.0 0. 0. 1. 1. 0.015781613066792488
16.0 0.26396078 0.23964    0.51531106 0.50931644 0.015774577856063843
3.0 0.2515293  0.         0.48539993 0.6142882  0.01567644067108631
0.0 0.27167618 0.08751656 0.45944268 0.54293746 0.01566663384437561
19.0 0.19235703 0.         0.69935954 0.6553812  0.015239316038787365
4.0 0.30885077 0.         0.5815489  0.55394864 0.015206840820610523
2.0 0.2633813  0.03248492 0.47323227 0.5575607  0.01518989261239767
17.0 0.23793821 0.         0.5113823  0.6019408  0.014974787831306458
34.0 0.26396078 0.23964    0.51531106 0.50931644 0.01449735090136528
13.0 0.833249   0.00832042 0.99783576 0.45206118 0.01439894549548626
13.0 0.26521382 0.17789619 0.44428584 0.54617524 0.014299914240837097
9.0 0.23793821 0.         0.5113823  0.6019408  0.013923554681241512
29.0 0.14797163 0.         0.71219903 0.56495225 0.013711411505937576
33.0 0.21655983 0.         0.8348575  0.64382243 0.013685003854334354
38.0 0.76547784 0.40683195 1.         1.         0.013643641956150532
23.0 0.26567614 0.21308793 0.43970072 0.5435452  0.013458243571221828
38.0 0.7306558  0.74622893 1.         0.9996923  0.013435697183012962
40.0 0.8152161  0.         1.         0.32680354 0.01291545107960701
40.0 0.23793821 0.         0.5113823  0.6019408  0.012905041687190533
30.0 0.30264473 0.02011676 0.59627247 0.44800884 0.01269436813890934
10.0 0.23793821 0.         0.5113823  0.6019408  0.012677453458309174
28.0 0.09208888 0.         0.8828321  1.         0.012401449494063854
29.0 0.86618567 0.         1.         0.34800565 0.012286930344998837
26.0 0.277873   0.         0.42290995 0.52406794 0.011874429881572723
25.0 0.22033563 0.03693271 0.7360425  0.5622833  0.011825221590697765
5.0 0.07551712 0.         0.6662725  0.6192886  0.011779092252254486
28.0 0.10457532 0.         0.45928973 0.64691913 0.011568700894713402
36.0 0.18603906 0.08813038 0.5720943  0.54182374 0.01146553736180067
28.0 0.2762833  0.00768137 0.42402253 0.40046805 0.011389224790036678
2.0 0.21859542 0.         0.54533815 0.6528535  0.011345244944095612
12.0 0.23793821 0.         0.5113823  0.6019408  0.011287850327789783
34.0 0.16207975 0.01895225 0.8199052  1.         0.011261294595897198
8.0 0.22895068 0.00247368 0.5341262  0.5747968  0.011126969940960407
13.0 0.3184625  0.         0.39822763 0.23237547 0.011109182611107826
0.0 0.        0.        0.5188832 0.6535919 0.011092566885054111
10.0 0.2239624  0.02195004 0.9813694  0.96643496 0.011043324135243893
29.0 0.3209288  0.         0.4765883  0.27352324 0.010957933031022549
32.0 0.833249   0.00832042 0.99783576 0.45206118 0.010938318446278572
3.0 0.17311813 0.         0.59208727 0.6922445  0.010925722308456898
9.0 0.833249   0.00832042 0.99783576 0.45206118 0.010845501907169819
