1.0 0.8211685  0.57932615 0.99571174 1.         0.1456187516450882
40.0 0.8211685  0.57932615 0.99571174 1.         0.12926019728183746
20.0 0.27316183 0.09757942 1.         1.         0.10683441907167435
9.0 0.5222224  0.66357833 0.6191273  0.809882   0.10584203898906708
1.0 0.27149838 0.53016907 0.6169675  0.93037146 0.08895595371723175
17.0 0.5222224  0.66357833 0.6191273  0.809882   0.07198558747768402
1.0 0.27333865 0.51114756 0.42969963 0.9417768  0.06106085702776909
1.0 0.30715147 0.31314397 0.9896189  1.         0.056383032351732254
40.0 0.79160404 0.6322655  0.89229083 0.7482452  0.05531444400548935
6.0 0.27313006 0.23460475 1.         1.         0.039634935557842255
20.0 0.28560555 0.49386865 0.9181212  0.9400138  0.03223312273621559
40.0 0.6999579 0.5252779 1.        0.9674919 0.03198452666401863
23.0 0.78743154 0.6492898  0.8880469  0.75203305 0.031774360686540604
23.0 0.83795005 0.647257   0.9919837  1.         0.03107876144349575
32.0 0.8211685  0.57932615 0.99571174 1.         0.030668025836348534
13.0 0.79482615 0.65328765 0.89024186 0.74685216 0.02769520692527294
1.0 0.75364244 0.6111774  0.98086166 0.86891824 0.0272569227963686
13.0 0.83795005 0.647257   0.9919837  1.         0.026922989636659622
14.0 0.34453028 0.61937076 0.7811306  0.94638973 0.02640894427895546
28.0 0.8211685  0.57932615 0.99571174 1.         0.026113370433449745
29.0 0.8330098  0.5970404  0.98997647 0.998268   0.025501977652311325
1.0 0.6999579 0.5252779 1.        0.9674919 0.02456079237163067
31.0 0.79746443 0.6036868  0.88829786 0.7541425  0.02449893020093441
20.0 0.6034614  0.32913944 0.97956586 1.         0.024394629523158073
10.0 0.19970462 0.31168428 0.98987484 1.         0.024231376126408577
11.0 0.27621552 0.26232916 0.42013243 0.32358032 0.023844728246331215
32.0 0.79057777 0.6398922  0.8902329  0.7506546  0.023684564977884293
22.0 0.2466496  0.06163454 1.         1.         0.02338089980185032
1.0 0.2622221  0.59484893 0.5113068  0.84286815 0.023361602798104286
14.0 0.83795005 0.647257   0.9919837  1.         0.02250143699347973
4.0 0.17326412 0.24013843 0.45652857 0.3544187  0.0219675712287426
37.0 0.8211685  0.57932615 0.99571174 1.         0.02182934060692787
11.0 0.00847857 0.18427016 0.11927128 0.20953308 0.021759971976280212
35.0 0.8031186 0.680915  0.8876476 0.738523  0.021693319082260132
36.0 0.5222224  0.66357833 0.6191273  0.809882   0.021422501653432846
4.0 0.00847857 0.18427016 0.11927128 0.20953308 0.019920073449611664
40.0 0.52384484 0.6655304  0.61692035 0.80187875 0.019865965470671654
1.0 0.09593084 0.0282144  1.         1.         0.019859693944454193
40.0 0.7492465 0.6439657 1.        1.        0.019757624715566635
4.0 0.24008471 0.25865775 0.44768345 0.33393526 0.019477246329188347
10.0 0.26258847 0.5516312  0.39757124 0.93855095 0.01929284632205963
1.0 0.7694318  0.65482134 1.         1.         0.019069569185376167
9.0 0.83795005 0.647257   0.9919837  1.         0.01903288997709751
1.0 0.36380276 0.5924367  0.9677137  0.9863514  0.018995080143213272
1.0 0.59649765 0.45033327 0.9829453  1.         0.018724409863352776
40.0 0.8737534 0.6973369 0.9958658 1.        0.018684661015868187
8.0 0.5222224  0.66357833 0.6191273  0.809882   0.018220320343971252
6.0 0.23428735 0.02346043 0.48940918 0.25258845 0.017912117764353752
1.0 0.24130443 0.         0.4849448  0.29213262 0.017728351056575775
10.0 0.53911406 0.11546651 0.99101275 0.99762285 0.017706045880913734
36.0 0.80126196 0.540547   1.         1.         0.017485687509179115
0.0 0.8330098  0.5970404  0.98997647 0.998268   0.016907231882214546
17.0 0.5312892  0.67558396 0.6057936  0.7366611  0.016505815088748932
26.0 0.27621552 0.26232916 0.42013243 0.32358032 0.01637618988752365
3.0 0.80126196 0.540547   1.         1.         0.016337890177965164
7.0 0.80126196 0.540547   1.         1.         0.016194414347410202
23.0 0.3460005  0.2829835  0.4393987  0.32946452 0.01610998436808586
26.0 0.00847857 0.18427016 0.11927128 0.20953308 0.016086125746369362
4.0 0.         0.17641246 0.13180521 0.2247223  0.016040049493312836
1.0 0.6647069  0.32773843 1.         1.         0.015977680683135986
14.0 0.26987368 0.5481684  0.62622714 0.95345175 0.01579490676522255
42.0 0.8330098  0.5970404  0.98997647 0.998268   0.015496503561735153
1.0 0.34918886 0.2775815  0.4348309  0.33523643 0.01535128615796566
20.0 0.2300188 0.        1.        1.        0.015255575999617577
14.0 0.76345116 0.5264586  0.98129183 0.9633503  0.015086707659065723
26.0 0.8330098  0.5970404  0.98997647 0.998268   0.014944221824407578
12.0 0.2466496  0.06163454 1.         1.         0.014893093146383762
9.0 0.53383476 0.6793837  0.60600287 0.76303107 0.014868908561766148
36.0 0.46550417 0.03422803 1.         1.         0.014794912189245224
29.0 0.79449856 0.61854756 0.88766587 0.7566879  0.014757774770259857
40.0 0.76879126 0.520867   0.95796543 0.87727857 0.014729090966284275
35.0 0.79227746 0.6317424  0.8887247  0.75722    0.014630800113081932
11.0 0.17326412 0.24013843 0.45652857 0.3544187  0.014516753144562244
18.0 0.8211685  0.57932615 0.99571174 1.         0.014384605921804905
20.0 0.28465104 0.33344892 0.6880202  1.         0.014325081370770931
10.0 0.35546783 0.         0.9971684  0.8978941  0.014248194172978401
6.0 0.86229646 0.82417166 1.         0.99366724 0.014230691827833652
24.0 0.26152235 0.26116613 0.41700143 0.32192132 0.014118323102593422
1.0 0.27559415 0.5115831  0.39308855 0.78616107 0.01410501729696989
31.0 0.5222224  0.66357833 0.6191273  0.809882   0.0139356330037117
11.0 0.30103195 0.27223018 0.40514982 0.30914393 0.013859645463526249
26.0 0.18658413 0.24158113 0.46522558 0.3568231  0.013834570534527302
11.0 0.33538616 0.2759119  0.44540423 0.33670387 0.013653097674250603
1.0 0.22310296 0.53971994 0.38973603 0.979854   0.013594932854175568
1.0 0.34825394 0.6301628  0.64619803 0.83231455 0.013494892045855522
20.0 0.74143994 0.53297174 0.9962194  1.         0.013420586474239826
1.0 0.8351042  0.71720266 1.         1.         0.013406326062977314
23.0 0.3027596  0.2685259  0.41933584 0.31801945 0.013349187560379505
14.0 0.3549658 0.2889592 0.4329012 0.3271944 0.013304812833666801
20.0 0.2745657  0.5196911  0.42169988 0.93248737 0.013286497443914413
1.0 0.24336706 0.0139886  0.36517346 0.20135364 0.013250157237052917
20.0 0.4967708 0.        1.        0.8532318 0.013161981478333473
11.0 0.3247376  0.28513005 0.4155817  0.32394525 0.0131537402048707
38.0 0.39668396 0.6595224  0.5344258  0.74543095 0.013114801608026028
0.0 0.401188   0.6600677  0.54257727 0.745873   0.013037106953561306
13.0 0.8047732 0.6913357 0.8877028 0.7438575 0.01290968805551529
40.0 0.49574673 0.6541533  0.6357777  0.848057   0.012795155867934227
20.0 0.        0.        0.9448652 1.        0.012784494087100029
4.0 0.8211685  0.57932615 0.99571174 1.         0.012779535725712776
4.0 0.23418424 0.2624753  0.48656282 0.38764876 0.012739272788167
