9.0 0.28083733 0.65998554 0.58677936 0.98884416 0.7945776581764221
22.0 0.28856173 0.29604447 0.9800352  0.8041017  0.42816075682640076
6.0 0.18437415 0.2911367  0.9638532  0.8509296  0.3536498546600342
20.0 0.28856173 0.29604447 0.9800352  0.8041017  0.3007059693336487
8.0 0.28360596 0.27234167 0.969838   0.79905623 0.23279505968093872
13.0 0.28083733 0.65998554 0.58677936 0.98884416 0.19628342986106873
27.0 0.28856173 0.29604447 0.9800352  0.8041017  0.17421293258666992
9.0 0.31552142 0.4821878  0.61686873 0.9432389  0.13834422826766968
36.0 0.29905942 0.29631913 0.9658797  0.79862356 0.11501521617174149
17.0 0.28083733 0.65998554 0.58677936 0.98884416 0.10982965677976608
39.0 0.2915711  0.2834818  0.97670007 0.81349945 0.09348219633102417
8.0 0.06634265 0.12729937 1.         0.9817578  0.07927573472261429
9.0 0.16331273 0.2605695  0.93296164 0.9393303  0.07831902801990509
22.0 0.06462485 0.15526396 1.         1.         0.07113606482744217
6.0 0.3374997  0.3317988  0.81741846 0.75295293 0.069687120616436
18.0 0.28083733 0.65998554 0.58677936 0.98884416 0.06665421277284622
6.0 0.27843964 0.65864086 0.6200212  0.98438764 0.05739389359951019
9.0 0.29987946 0.3503345  0.7431139  0.87395084 0.05504903942346573
17.0 0.31552142 0.4821878  0.61686873 0.9432389  0.053868573158979416
17.0 0.1650663  0.24274665 0.9903051  0.94359404 0.05222362279891968
36.0 0.3477746  0.32992363 0.67829025 0.7728795  0.050209686160087585
40.0 0.3316241  0.33942205 0.7111216  0.7566977  0.04686802253127098
40.0 0.28083733 0.65998554 0.58677936 0.98884416 0.041927166283130646
3.0 0.18389264 0.24906647 0.888639   0.9854872  0.04117488116025925
9.0 0.3995201  0.41368282 0.5206134  0.49266845 0.040638986974954605
9.0 0.33814725 0.35965604 0.5571735  0.7419111  0.03760998323559761
36.0 0.18202072 0.22645575 0.8296742  1.         0.037197038531303406
14.0 0.28083733 0.65998554 0.58677936 0.98884416 0.035095348954200745
10.0 0.29905942 0.29631913 0.9658797  0.79862356 0.03450453653931618
1.0 0.24348965 0.29020903 0.8327564  0.92739844 0.03432420268654823
38.0 0.29080802 0.6392434  0.5802988  0.993066   0.03263228386640549
40.0 0.31552142 0.4821878  0.61686873 0.9432389  0.030807839706540108
17.0 0.33173758 0.38197985 0.5507376  0.7526525  0.028037672862410545
8.0 0.34591722 0.3509789  0.613217   0.7455358  0.02783709019422531
14.0 0.24348965 0.29020903 0.8327564  0.92739844 0.027697840705513954
6.0 0.20366997 0.35942456 0.605679   0.7404289  0.02716042473912239
12.0 0.2088314  0.10001782 0.94373035 0.79431367 0.02693507820367813
8.0 0.00583947 0.         1.         1.         0.02693501114845276
36.0 0.2829538 0.6624254 0.5729634 0.9851841 0.02691173180937767
17.0 0.35038078 0.3209317  0.8473867  0.8288988  0.026285160332918167
1.0 0.34591722 0.3509789  0.613217   0.7455358  0.025756387040019035
36.0 0.31552142 0.4821878  0.61686873 0.9432389  0.024347703903913498
20.0 0.0828563  0.14451975 0.97768295 1.         0.023452892899513245
42.0 0.43029553 0.37096766 0.5454271  0.4753755  0.02277170494198799
13.0 0.31552142 0.4821878  0.61686873 0.9432389  0.021589245647192
42.0 0.24348965 0.29020903 0.8327564  0.92739844 0.021376805379986763
10.0 0.31552142 0.4821878  0.61686873 0.9432389  0.01999637298285961
13.0 0.24348965 0.29020903 0.8327564  0.92739844 0.01965169608592987
2.0 0.28083733 0.65998554 0.58677936 0.98884416 0.018983274698257446
9.0 0.29783046 0.6892996  0.50457454 0.932487   0.018781786784529686
31.0 0.2766733  0.08295581 0.9625559  0.80176926 0.018591126427054405
20.0 0.34591722 0.3509789  0.613217   0.7455358  0.018305450677871704
17.0 0.        0.        1.        0.9026289 0.018280107527971268
1.0 0.29080802 0.6392434  0.5802988  0.993066   0.0181895662099123
8.0 0.2923224  0.48947555 0.59736747 0.9607312  0.018051331862807274
10.0 0.18202072 0.22645575 0.8296742  1.         0.01733633689582348
36.0 0.40026653 0.4125752  0.5194361  0.4939937  0.015971146523952484
42.0 0.40222842 0.40416238 0.53234845 0.48952284 0.015586274676024914
19.0 0.2923224  0.48947555 0.59736747 0.9607312  0.015516492538154125
4.0 0.2923224  0.48947555 0.59736747 0.9607312  0.01516577135771513
31.0 0.3498724  0.35640872 0.58483887 0.74163747 0.014949698001146317
6.0 0.01771083 0.3196581  0.34564623 0.7195969  0.014865736477077007
38.0 0.31900367 0.27680382 0.90803695 0.86596406 0.014785859733819962
31.0 0.31552142 0.4821878  0.61686873 0.9432389  0.014690527692437172
9.0 0.22579633 0.39413607 0.70297015 1.         0.014543517492711544
13.0 0.33358154 0.34612262 0.578897   0.7471913  0.014531180262565613
21.0 0.2088314  0.10001782 0.94373035 0.79431367 0.014447995461523533
27.0 0.10195422 0.20077148 1.         1.         0.014199472963809967
6.0 0.         0.32151157 0.9979677  1.         0.013966718688607216
3.0 0.04583004 0.0133642  1.         1.         0.01361798495054245
6.0 0.30737424 0.4737711  0.7018527  0.9442822  0.013291697949171066
2.0 0.35038078 0.3209317  0.8473867  0.8288988  0.01320735178887844
36.0 0.02818257 0.         1.         1.         0.0128507474437356
40.0 0.3242824 0.3842402 0.5695851 0.7035623 0.012812236323952675
38.0 0.43330902 0.371804   0.5470938  0.47156537 0.012791194021701813
27.0 0. 0. 1. 1. 0.012399750761687756
42.0 0.29080802 0.6392434  0.5802988  0.993066   0.012330583296716213
2.0 0.31552142 0.4821878  0.61686873 0.9432389  0.012269045226275921
40.0 0.27834335 0.22612694 0.88600373 1.         0.012240479700267315
17.0 0.3394034  0.08743414 0.93938184 0.74828434 0.01214041467756033
31.0 0.2722296  0.66452104 0.5897012  0.99008137 0.012115459889173508
12.0 0.29987946 0.3503345  0.7431139  0.87395084 0.01205627154558897
9.0 0.33636075 0.33636394 0.9553804  0.7468984  0.011709674261510372
27.0 0.34591722 0.3509789  0.613217   0.7455358  0.011682946234941483
14.0 0.31552142 0.4821878  0.61686873 0.9432389  0.011676913127303123
39.0 0.11137873 0.07422158 1.         0.7275311  0.011608469299972057
36.0 0.3242824 0.3842402 0.5695851 0.7035623 0.011449976824223995
39.0 0.        0.        1.        0.9640675 0.01141561008989811
38.0 0.34591722 0.3509789  0.613217   0.7455358  0.011414173059165478
33.0 0.17613739 0.20269558 0.9724774  0.99709976 0.011286083608865738
9.0 0.31312114 0.7057737  0.44008625 0.8998691  0.011205164715647697
42.0 0.4445436  0.37354928 0.53595096 0.43437552 0.011104165576398373
29.0 0.28550607 0.30020285 0.9648003  0.79702187 0.010958781465888023
17.0 0.31965902 0.50718224 0.6363293  0.7230483  0.010948128998279572
34.0 0.18202072 0.22645575 0.8296742  1.         0.010915292426943779
32.0 0.3498724  0.35640872 0.58483887 0.74163747 0.01089981384575367
22.0 0.09925044 0.2688025  0.7392447  0.7746154  0.010739857330918312
4.0 0.18202072 0.22645575 0.8296742  1.         0.010674646124243736
3.0 0.03187534 0.3095538  0.29945073 0.72799    0.010630342178046703
22.0 0.28659695 0.42587015 1.         1.         0.010611621662974358
