9.0 0.6122639  0.80296427 0.86430514 1.         0.464460551738739
32.0 0.45513314 0.46744698 0.7175972  0.64877146 0.42162656784057617
14.0 0.44867715 0.4677895  0.718323   0.6503591  0.2867816984653473
14.0 0.6111532  0.80192125 0.866561   1.         0.24887332320213318
40.0 0.45517707 0.4638533  0.72938216 0.6536866  0.24337127804756165
18.0 0.61092854 0.80914354 0.8666377  0.9904535  0.21353156864643097
7.0 0.45517707 0.4638533  0.72938216 0.6536866  0.1822969764471054
40.0 0.6111532  0.80192125 0.866561   1.         0.1532350331544876
15.0 0.44492507 0.46631444 0.72225237 0.6457943  0.15101011097431183
38.0 0.6114146  0.80248445 0.86598366 1.         0.13141760230064392
20.0 0.44867715 0.4677895  0.718323   0.6503591  0.10732908546924591
18.0 0.45517707 0.4638533  0.72938216 0.6536866  0.09053094685077667
37.0 0.45517707 0.4638533  0.72938216 0.6536866  0.08835300803184509
0.0 0.45517707 0.4638533  0.72938216 0.6536866  0.07477724552154541
24.0 0.44492507 0.46631444 0.72225237 0.6457943  0.07257452607154846
36.0 0.44724536 0.46514904 0.7255626  0.6492231  0.06771135330200195
13.0 0.61092854 0.80914354 0.8666377  0.9904535  0.064474917948246
1.0 0.44867715 0.4677895  0.718323   0.6503591  0.06415969878435135
36.0 0.6111532  0.80192125 0.866561   1.         0.06209319457411766
42.0 0.6111532  0.80192125 0.866561   1.         0.05878186970949173
2.0 0.61092854 0.80914354 0.8666377  0.9904535  0.05435721576213837
11.0 0.44867715 0.4677895  0.718323   0.6503591  0.05181809142231941
6.0 0.00517967 0.12411737 0.8533379  1.         0.050578635185956955
6.0 0.61233723 0.80166274 0.868047   1.         0.04915342852473259
17.0 0.61092854 0.80914354 0.8666377  0.9904535  0.04549817740917206
14.0 0.44975185 0.77631164 0.8518698  1.         0.04466051980853081
13.0 0.45419377 0.46585903 0.72971076 0.64957607 0.0437389612197876
27.0 0.45513314 0.46744698 0.7175972  0.64877146 0.03978336229920387
10.0 0.45419377 0.46585903 0.72971076 0.64957607 0.039248690009117126
5.0 0.44762176 0.46750394 0.7170214  0.6457694  0.03906004875898361
11.0 0.44221872 0.38782102 0.7425836  0.73294145 0.03799823671579361
23.0 0.45419377 0.46585903 0.72971076 0.64957607 0.03190441429615021
33.0 0.03413376 0.03248727 0.7970742  0.84652394 0.02998213842511177
15.0 0.44221872 0.38782102 0.7425836  0.73294145 0.02754363976418972
18.0 0.61612403 0.75370044 0.8957782  1.         0.027092983946204185
32.0 0.31675318 0.41111153 0.72868633 0.6917153  0.026553969830274582
29.0 0.44867715 0.4677895  0.718323   0.6503591  0.02643549256026745
23.0 0.36766404 0.26979014 0.74994105 0.8518995  0.02583496645092964
38.0 0.45517707 0.4638533  0.72938216 0.6536866  0.025547906756401062
35.0 0.46727782 0.44076112 0.71888095 0.666919   0.02436133846640587
40.0 0.4305477  0.33763984 0.7223623  0.7136861  0.02405344694852829
20.0 0.60740507 0.8057449  0.86587644 1.         0.023547740653157234
23.0 0.2683683  0.41398734 0.79477984 0.73924667 0.02346157841384411
1.0 0.4858065 0.3935557 0.8394792 0.9644914 0.02260296419262886
26.0 0.22267517 0.26481292 0.80579615 0.8319764  0.022057173773646355
40.0 0.44975185 0.77631164 0.8518698  1.         0.021869666874408722
9.0 0.62616223 0.8230834  0.8250963  0.94227195 0.021563952788710594
16.0 0.44880736 0.4633041  0.7218727  0.6453585  0.02154221199452877
8.0 0.44976413 0.46123785 0.7168548  0.6461529  0.02056892029941082
31.0 0.6114146  0.80248445 0.86598366 1.         0.01982896588742733
33.0 0.45517707 0.4638533  0.72938216 0.6536866  0.019651301205158234
13.0 0.58640885 0.78497076 0.9178394  1.         0.01953388750553131
33.0 0.19369298 0.3351878  0.84221214 0.77375627 0.01933416910469532
12.0 0.02736184 0.05948317 0.8184898  1.         0.019146258011460304
24.0 0.2483488  0.43370086 0.7233441  0.72330505 0.019145099446177483
40.0 0.2483488  0.43370086 0.7233441  0.72330505 0.019011471420526505
14.0 0.2483488  0.43370086 0.7233441  0.72330505 0.01820598728954792
32.0 0.53937465 0.48204044 0.6737874  0.62419164 0.018025429919362068
6.0 0.44282493 0.4638328  0.7156426  0.649326   0.017948567867279053
27.0 0.6111532  0.80192125 0.866561   1.         0.017233114689588547
1.0 0.48061913 0.25985026 0.71216434 0.64543986 0.017225267365574837
1.0 0.6114146  0.80248445 0.86598366 1.         0.01714867725968361
38.0 0.44975185 0.77631164 0.8518698  1.         0.017009012401103973
6.0 0.         0.         0.87726635 0.6855347  0.01646067015826702
40.0 0.4858065 0.3935557 0.8394792 0.9644914 0.016445167362689972
33.0 0.36766404 0.26979014 0.74994105 0.8518995  0.016217008233070374
1.0 0.22267517 0.26481292 0.80579615 0.8319764  0.016209706664085388
4.0 0.2683683  0.41398734 0.79477984 0.73924667 0.016005219891667366
9.0 0.44965863 0.45744142 0.7324054  0.6488687  0.01580709032714367
19.0 0.45644587 0.47154856 0.7165931  0.6451808  0.015308446250855923
36.0 0.62616223 0.8230834  0.8250963  0.94227195 0.015132710337638855
32.0 0.10218152 0.24224567 0.8982656  0.84290636 0.014948714524507523
7.0 0.6160371  0.79939127 0.86665875 1.         0.01472681388258934
3.0 0.3322459  0.         0.50294214 0.07778907 0.014610973186790943
40.0 0.53937465 0.48204044 0.6737874  0.62419164 0.014549937099218369
32.0 0.6160371  0.79939127 0.86665875 1.         0.014418895356357098
15.0 0.53937465 0.48204044 0.6737874  0.62419164 0.01439671404659748
38.0 0.2483488  0.43370086 0.7233441  0.72330505 0.014282927848398685
31.0 0.45419377 0.46585903 0.72971076 0.64957607 0.014273169450461864
42.0 0.46727782 0.44076112 0.71888095 0.666919   0.013886568136513233
40.0 0.57773834 0.66422087 0.8601163  0.99788064 0.013836261816322803
28.0 0.45257825 0.36953273 0.7365275  0.7008344  0.01380644366145134
5.0 0.45257825 0.36953273 0.7365275  0.7008344  0.013766092248260975
14.0 0.62616223 0.8230834  0.8250963  0.94227195 0.01352816354483366
14.0 0.46570006 0.48402378 0.68470013 0.5895553  0.013466311618685722
4.0 0.45644587 0.47154856 0.7165931  0.6451808  0.013190959580242634
23.0 0.14004052 0.14871162 0.8625165  0.92085236 0.013125198893249035
37.0 0.53937465 0.48204044 0.6737874  0.62419164 0.01302888710051775
3.0 0.02766675 0.         0.86397773 1.         0.012973812408745289
21.0 0.44867715 0.4677895  0.718323   0.6503591  0.012726446613669395
1.0 0.44221872 0.38782102 0.7425836  0.73294145 0.012603509239852428
37.0 0.4726622  0.32523024 0.75171435 0.700045   0.012362964451313019
9.0 0.48631728 0.8083199  0.89375484 1.         0.012323674745857716
26.0 0.06080887 0.0257538  0.7797229  0.98842794 0.012265723198652267
2.0 0.46727782 0.44076112 0.71888095 0.666919   0.012199308723211288
2.0 0.61612403 0.75370044 0.8957782  1.         0.012118474580347538
33.0 0.01409148 0.1223523  0.5060741  0.44771504 0.0120519008487463
40.0 0.6241737  0.78107685 0.9673216  1.         0.012034998275339603
9.0 0.712201   0.8114004  0.84562635 0.98384285 0.011801604181528091
10.0 0.61092854 0.80914354 0.8666377  0.9904535  0.011736544780433178
