29.0 0.41510144 0.00336581 0.9613111  0.6670167  0.4485011696815491
30.0 0.36378986 0.         0.8845033  0.6634474  0.39359962940216064
30.0 0.36910594 0.01877856 0.59095865 0.6706621  0.21302588284015656
28.0 0.3893506  0.         0.83285266 0.6779021  0.1440887451171875
4.0 0.37694582 0.01271963 0.5889106  0.66474044 0.11453297734260559
30.0 0.39813486 0.08983192 0.5357456  0.6050116  0.09610959142446518
5.0 0.67561436 0.         1.         0.5637985  0.09529291838407516
30.0 0.5465244  0.01078501 0.81123865 0.6550181  0.0858028382062912
29.0 0.38969415 0.16222306 0.53440905 0.5028175  0.07767724990844727
34.0 0.36495    0.         0.8613054  0.65265083 0.0768321305513382
28.0 0.37694582 0.01271963 0.5889106  0.66474044 0.07671995460987091
5.0 0.41510144 0.00336581 0.9613111  0.6670167  0.06960534304380417
34.0 0.37694582 0.01271963 0.5889106  0.66474044 0.06312225759029388
29.0 0.55009097 0.         1.         0.7075423  0.059662699699401855
4.0 0.3460335  0.         0.73669463 0.6882994  0.054385486990213394
29.0 0.549596   0.02087173 0.81296974 0.6619382  0.05341294780373573
28.0 0.5913     0.01098239 0.8992945  0.64142704 0.05146234855055809
24.0 0.53991395 0.37467322 0.90905994 0.6483427  0.048831794410943985
26.0 0.33870173 0.         0.6807419  0.68043303 0.04764587804675102
21.0 0.33870173 0.         0.6807419  0.68043303 0.04716021567583084
30.0 0.62203497 0.         0.9670939  0.5949471  0.04714701697230339
15.0 0.57032716 0.4281702  0.8738364  0.6133028  0.046701397746801376
29.0 0.6616507  0.         0.99828666 0.5864561  0.04198219254612923
30.0 0.3288852  0.         0.70166934 0.5359919  0.039703547954559326
29.0 0.33870173 0.         0.6807419  0.68043303 0.03907765820622444
40.0 0.4951324  0.29597145 0.9497313  0.6750922  0.038608893752098083
42.0 0.48202175 0.04620135 1.         0.93401104 0.03784817457199097
33.0 0.44877112 0.         0.94140995 0.6767298  0.03719456121325493
23.0 0.32814318 0.0068095  0.7248184  0.62182605 0.03625262901186943
19.0 0.32814318 0.0068095  0.7248184  0.62182605 0.03614853322505951
28.0 0.3721338  0.10543737 0.50832516 0.5922338  0.035854171961545944
30.0 0.00534324 0.67554605 0.16502914 1.         0.03486986085772514
34.0 0.00534324 0.67554605 0.16502914 1.         0.03367939963936806
37.0 0.41510144 0.00336581 0.9613111  0.6670167  0.032394394278526306
26.0 0.41510144 0.00336581 0.9613111  0.6670167  0.03208650276064873
28.0 0.4658831  0.         1.         0.80355656 0.031890712678432465
34.0 0.         0.62236357 0.4032467  0.9985999  0.030823057517409325
40.0 0.57032716 0.4281702  0.8738364  0.6133028  0.02986004948616028
38.0 0.5395173 0.4123155 1.        0.8461102 0.02979610674083233
24.0 0.55000687 0.42552397 0.810161   0.60314196 0.02766415663063526
19.0 0.41510144 0.00336581 0.9613111  0.6670167  0.02758144401013851
29.0 0.2572107  0.         1.         0.55450773 0.027031397446990013
4.0 0.5465244  0.01078501 0.81123865 0.6550181  0.026600206270813942
18.0 0.57032716 0.4281702  0.8738364  0.6133028  0.02570679597556591
34.0 0.59829104 0.00954953 0.9859866  0.5667343  0.02565794810652733
21.0 0.5913     0.01098239 0.8992945  0.64142704 0.02535320818424225
25.0 0.40420353 0.02437624 0.96988094 0.6290842  0.025168268010020256
0.0 0.55000687 0.42552397 0.810161   0.60314196 0.02502620592713356
10.0 0.4133417  0.         0.98515743 0.8436791  0.024739500135183334
0.0 0.53991395 0.37467322 0.90905994 0.6483427  0.02465534210205078
21.0 0.         0.3576707  0.23787794 1.         0.02422705851495266
4.0 0.3721338  0.10543737 0.50832516 0.5922338  0.024173032492399216
21.0 0.00605359 0.6363006  0.15887892 1.         0.02394845522940159
37.0 0.33870173 0.         0.6807419  0.68043303 0.02380182407796383
15.0 0.56035364 0.29980254 0.89212906 0.6688326  0.023250561207532883
32.0 0.53991395 0.37467322 0.90905994 0.6483427  0.022393474355340004
32.0 0.55000687 0.42552397 0.810161   0.60314196 0.0212013591080904
26.0 0.549596   0.02087173 0.81296974 0.6619382  0.021033531054854393
18.0 0.56660885 0.40314424 0.97531754 0.68082166 0.02102729305624962
37.0 0.55000687 0.42552397 0.810161   0.60314196 0.020922701805830002
21.0 0.00997055 0.528404   0.16160706 0.8723351  0.020799608901143074
34.0 0.19820797 0.         0.6613853  0.6582723  0.020500902086496353
21.0 0.37431926 0.0115687  0.9900833  0.6422949  0.020499514415860176
30.0 0.36603928 0.09154889 0.5725399  0.4350312  0.020394716411828995
32.0 0.4981665  0.01922065 0.98275536 0.65521723 0.020183099433779716
42.0 0.5968827 0.4109192 1.        0.968217  0.020162928849458694
28.0 0.33198774 0.16999228 0.76835144 0.59942603 0.019971977919340134
30.0 0.31153247 0.         1.         0.49570492 0.01982826367020607
39.0 0.62203497 0.         0.9670939  0.5949471  0.019436489790678024
5.0 0.5567887  0.03180239 1.         0.5967624  0.01940043456852436
38.0 0.48202175 0.04620135 1.         0.93401104 0.01918279379606247
21.0 0.39694697 0.05857277 0.56028235 0.62261087 0.019181277602910995
35.0 0.55370665 0.4317373  0.75344336 0.62740517 0.019015684723854065
42.0 0.5432862 0.2841926 1.        0.7644241 0.01872074231505394
34.0 0.3721338  0.10543737 0.50832516 0.5922338  0.018061727285385132
1.0 0.33870173 0.         0.6807419  0.68043303 0.017961036413908005
30.0 0.15819499 0.         0.7477361  0.7385185  0.017727114260196686
27.0 0.53128785 0.13392192 1.         0.8627347  0.01770077832043171
2.0 0.57032716 0.4281702  0.8738364  0.6133028  0.017631186172366142
4.0 0.57032716 0.4281702  0.8738364  0.6133028  0.01759077049791813
0.0 0.40047342 0.12270492 0.9822779  0.62466687 0.017566535621881485
1.0 0.39853793 0.03095376 0.97521466 0.67246485 0.01735847070813179
30.0 0.4700143  0.15197603 1.         0.62413645 0.017274463549256325
26.0 0.39694697 0.05857277 0.56028235 0.62261087 0.017098968848586082
7.0 0.4133417  0.         0.98515743 0.8436791  0.017018189653754234
4.0 0.41510144 0.00336581 0.9613111  0.6670167  0.016906090080738068
27.0 0.5399993  0.47298884 1.         0.994992   0.016888830810785294
12.0 0.41510144 0.00336581 0.9613111  0.6670167  0.016706889495253563
36.0 0.48202175 0.04620135 1.         0.93401104 0.0166561808437109
19.0 0.5465244  0.01078501 0.81123865 0.6550181  0.01653599925339222
34.0 0.24882422 0.11418724 0.6351988  0.51843756 0.016481906175613403
23.0 0.53992844 0.04856724 0.81672025 0.6570163  0.016391873359680176
7.0 0.5996816  0.4441892  0.9473394  0.62615204 0.01624150015413761
33.0 0.33870173 0.         0.6807419  0.68043303 0.016021816059947014
11.0 0.57032716 0.4281702  0.8738364  0.6133028  0.01595251075923443
37.0 0.5567887  0.03180239 1.         0.5967624  0.01583070494234562
16.0 0.4292639  0.06611866 0.96867126 0.65270865 0.015772003680467606
24.0 0.5537542  0.29492736 0.98922145 0.7672219  0.015609044581651688
34.0 0.         0.43359023 0.24272063 1.         0.015550120733678341
23.0 0.42512912 0.00337574 0.95963067 0.66413224 0.015530512668192387
