42.0 0.26476675 0.47791833 0.65860826 0.7721645  0.7904561161994934
9.0 0.26476675 0.47791833 0.65860826 0.7721645  0.3230489492416382
18.0 0.267133   0.47568518 0.655986   0.7761341  0.15055061876773834
38.0 0.2682551  0.47477883 0.64868045 0.77363926 0.14181482791900635
17.0 0.284469  0.4390506 0.6758842 0.8225964 0.06587575376033783
14.0 0.27961004 0.46352202 0.65883774 0.78480786 0.050553735345602036
36.0 0.27935597 0.43757212 0.6869105  0.81941056 0.03857187554240227
17.0 0.18670991 0.         0.93743885 0.91721964 0.03802736476063728
27.0 0.27578747 0.48094323 0.65861034 0.7818055  0.03673350065946579
25.0 0.27467287 0.47342202 0.6529373  0.7700515  0.033636078238487244
10.0 0.22123319 0.18625063 0.7534049  0.878725   0.03236670419573784
2.0 0.27467287 0.47342202 0.6529373  0.7700515  0.031770091503858566
9.0 0.2705962  0.3481654  0.725229   0.87014675 0.029826337471604347
27.0 0.18670991 0.         0.93743885 0.91721964 0.028582671657204628
25.0 0.8105253  0.18352619 1.         0.8245411  0.028519943356513977
17.0 0.65984976 0.00206824 1.         0.36666405 0.025866692885756493
7.0 0.27578747 0.48094323 0.65861034 0.7818055  0.025773786008358
25.0 0.76356834 0.00900885 1.         0.67456234 0.025337742641568184
42.0 0.2705962  0.3481654  0.725229   0.87014675 0.02524491399526596
41.0 0.27961004 0.46352202 0.65883774 0.78480786 0.024936091154813766
22.0 0.27578747 0.48094323 0.65861034 0.7818055  0.02431153692305088
27.0 0.22123319 0.18625063 0.7534049  0.878725   0.023826666176319122
17.0 0.26892853 0.18769553 0.74434304 0.79252005 0.022417644038796425
38.0 0.30934677 0.4625876  0.72479904 0.94255507 0.022215822711586952
10.0 0.27621043 0.47082424 0.7011156  0.81371164 0.021769840270280838
17.0 0. 0. 1. 1. 0.020607149228453636
38.0 0.6520252  0.         1.         0.36814287 0.020473642274737358
21.0 0.26493406 0.37601215 0.6854808  0.8698351  0.020421084016561508
16.0 0.27578747 0.48094323 0.65861034 0.7818055  0.019460473209619522
4.0 0.284469  0.4390506 0.6758842 0.8225964 0.019153960049152374
3.0 0.27020514 0.47295916 0.6552447  0.77941644 0.01801171712577343
10.0 0.29917878 0.33521152 0.64306706 0.7447319  0.017858831211924553
27.0 0.7111101  0.         0.9955286  0.57365596 0.017725544050335884
27.0 0.00258785 0.         0.7573955  0.75537694 0.017544494941830635
9.0 0.18670991 0.         0.93743885 0.91721964 0.016897503286600113
24.0 0.27467287 0.47342202 0.6529373  0.7700515  0.016849052160978317
17.0 0.66158557 0.         1.         0.18948841 0.01664382964372635
16.0 0.7434458  0.         1.         0.59544355 0.016476141288876534
0.0 0.27935597 0.43757212 0.6869105  0.81941056 0.016006488353013992
27.0 2.5919825e-01 3.1808019e-04 6.7243999e-01 6.9632339e-01 0.015299779362976551
27.0 0.29543334 0.00198457 0.83071595 0.37960178 0.015220722183585167
10.0 0.        0.        1.        0.9970448 0.014803124591708183
25.0 0.71070254 0.40158442 0.9965941  1.         0.01409137062728405
17.0 0.39162976 0.4662845  0.6396224  0.7486     0.01378436665982008
42.0 0.18670991 0.         0.93743885 0.91721964 0.013780321925878525
31.0 0.27578747 0.48094323 0.65861034 0.7818055  0.01312967762351036
18.0 0.2705962  0.3481654  0.725229   0.87014675 0.012711619026958942
42.0 0.26178253 0.47572795 0.56071126 0.67325175 0.012511184439063072
27.0 0.        0.        1.        0.8918821 0.012486916966736317
40.0 0.28953388 0.50375277 0.6482072  0.8871595  0.012421438470482826
31.0 0.72550714 0.         1.         0.5000824  0.01214279979467392
36.0 0.22123319 0.18625063 0.7534049  0.878725   0.012106639333069324
38.0 0.22123319 0.18625063 0.7534049  0.878725   0.012087156064808369
9.0 0.5050788  0.00419581 0.9937432  0.3428727  0.012067352421581745
9.0 0.30210373 0.5265288  0.6137885  0.89240783 0.012044202536344528
25.0 0.24973297 0.24107328 0.68791723 0.79036677 0.011872773058712482
38.0 0.4654438  0.6501572  0.62203044 0.74159575 0.011478968895971775
25.0 0.18670991 0.         0.93743885 0.91721964 0.01145963091403246
22.0 0.0369423  0.         0.8161092  0.88346803 0.01142862904816866
2.0 0.2705962  0.3481654  0.725229   0.87014675 0.011387425474822521
36.0 0.01601193 0.00368885 0.10719422 0.05753995 0.011065579019486904
38.0 0.37363777 0.48238674 0.66368127 0.694663   0.010519343428313732
22.0 0.22123319 0.18625063 0.7534049  0.878725   0.010516361333429813
38.0 0.24344182 0.07258892 0.93606114 1.         0.010116148740053177
34.0 0.27961004 0.46352202 0.65883774 0.78480786 0.009918547235429287
38.0 0.7434458  0.         1.         0.59544355 0.00960393063724041
31.0 0.660022   0.         0.99955535 0.29892814 0.009593301452696323
17.0 0.44896963 0.5033818  0.6530916  0.61018175 0.00953209213912487
38.0 0.28129625 0.6238719  0.43172526 0.739599   0.009417116641998291
13.0 0.27935597 0.43757212 0.6869105  0.81941056 0.0094023197889328
21.0 0.00486653 0.27284223 0.13221651 0.571543   0.00932342279702425
24.0 0.25377244 0.3234715  0.75166565 0.96186155 0.009288657456636429
39.0 0.18670991 0.         0.93743885 0.91721964 0.00916980393230915
17.0 0.79473674 0.         1.         0.14641166 0.00907931663095951
1.0 0.28953388 0.50375277 0.6482072  0.8871595  0.009063084609806538
17.0 0.26289898 0.47245502 0.5317035  0.7735456  0.009057172574102879
10.0 0.76356834 0.00900885 1.         0.67456234 0.009049292653799057
25.0 0.8449279  0.38215086 0.9867351  0.8936118  0.009042645804584026
16.0 0.79698765 0.13488704 1.         0.7738617  0.009001288563013077
6.0 0.27020514 0.47295916 0.6552447  0.77941644 0.008980967104434967
10.0 0.39162976 0.4662845  0.6396224  0.7486     0.008963079191744328
28.0 0.2705962  0.3481654  0.725229   0.87014675 0.008867590688169003
31.0 0.80817777 0.         0.99424595 0.28371903 0.00861307978630066
20.0 0.27467287 0.47342202 0.6529373  0.7700515  0.008600947447121143
17.0 0.7434458  0.         1.         0.59544355 0.00859930831938982
37.0 0.28953388 0.50375277 0.6482072  0.8871595  0.008475176058709621
42.0 0.30210373 0.5265288  0.6137885  0.89240783 0.008474666625261307
9.0 0.45050335 0.48786265 0.62330675 0.73104376 0.008431379683315754
39.0 0.00258785 0.         0.7573955  0.75537694 0.008356845006346703
10.0 0.71070254 0.40158442 0.9965941  1.         0.008262715302407742
26.0 0.27578747 0.48094323 0.65861034 0.7818055  0.008248664438724518
40.0 0.68241465 0.         1.         0.39952707 0.00824595708400011
25.0 0. 0. 1. 1. 0.008214318193495274
38.0 0.44366175 0.6176872  0.62320083 0.7193847  0.008195700123906136
17.0 0.00986743 0.         1.         0.7122729  0.008133375085890293
36.0 0.0369423  0.         0.8161092  0.88346803 0.008118650875985622
38.0 0.55568933 0.6239941  1.         1.         0.00804130733013153
17.0 0.3750041  0.29091144 0.8343566  0.87507427 0.008007238619029522
16.0 0.6738401  0.46931356 0.9994647  1.         0.007960718125104904
17.0 0.82669324 0.         1.         0.08630787 0.007943839766085148
