30.0 0.4281158 0.        0.7460894 0.5551367 0.4366037845611572
40.0 0.42517632 0.2975923  0.62100714 0.5210504  0.2720754146575928
0.0 0.42290294 0.25564167 0.65387344 0.5250846  0.2637793719768524
38.0 0.42517632 0.2975923  0.62100714 0.5210504  0.224852055311203
4.0 0.4766124  0.         0.63927644 0.47419184 0.2189868837594986
4.0 0.42080826 0.         0.76627856 0.58103704 0.1798115372657776
28.0 0.43094164 0.         0.7523107  0.55683416 0.17518247663974762
30.0 0.48041847 0.         0.61524504 0.44168645 0.1751459836959839
18.0 0.42517632 0.2975923  0.62100714 0.5210504  0.12922269105911255
7.0 0.42282486 0.29698196 0.62760735 0.52105963 0.11299910396337509
30.0 0.5228587 0.        0.6300449 0.3835132 0.09708568453788757
34.0 0.47745243 0.         0.6988436  0.53028667 0.09115567058324814
30.0 0.41192544 0.         0.9430556  0.5829244  0.09038449823856354
4.0 0.51793414 0.         0.62554437 0.37942538 0.0893426239490509
34.0 0.5228587 0.        0.6300449 0.3835132 0.07617530226707458
21.0 0.4281158 0.        0.7460894 0.5551367 0.07360842078924179
29.0 0.4281158 0.        0.7460894 0.5551367 0.07148852944374084
0.0 0.39412755 0.34270722 0.6893315  0.6344079  0.070472352206707
30.0 0.5029755  0.         0.69003016 0.4056158  0.07040233910083771
30.0 0.47885126 0.         0.8504959  0.39532158 0.06840620934963226
25.0 0.43721294 0.04490943 0.64813626 0.5378671  0.06679034233093262
34.0 0.48041847 0.         0.61524504 0.44168645 0.06303922832012177
38.0 0.406348  0.2862391 0.683627  0.6415357 0.056158293038606644
16.0 0.406348  0.2862391 0.683627  0.6415357 0.05560716614127159
28.0 0.39380473 0.         0.8892651  0.6798191  0.05369485542178154
0.0 0.3795994  0.46560025 0.69077474 0.70773184 0.05293361097574234
25.0 0.4242822  0.00126168 0.83542    0.55313075 0.05196204036474228
34.0 0.3871765  0.02972832 0.8425114  0.5418167  0.050971608608961105
30.0 0.51251715 0.15387008 0.5734373  0.33300793 0.04917609691619873
31.0 0.42298234 0.26127225 0.63983476 0.5310547  0.04607845097780228
0.0 0.4567238  0.32338327 0.75130093 0.5221875  0.04573230445384979
26.0 0.43094164 0.         0.7523107  0.55683416 0.042620670050382614
0.0 0.39620763 0.14192525 0.7850302  0.52761245 0.04071429371833801
42.0 0.42655188 0.30028215 0.62057763 0.5194267  0.040049340575933456
18.0 0.42589325 0.1653052  0.6958501  0.52695185 0.038717761635780334
19.0 0.4281158 0.        0.7460894 0.5551367 0.03825019299983978
14.0 0.42655188 0.30028215 0.62057763 0.5194267  0.03805295750498772
2.0 0.42290294 0.25564167 0.65387344 0.5250846  0.03643685206770897
4.0 0.3651268 0.        0.8618106 0.8342156 0.03514793515205383
29.0 0.29112223 0.03409889 1.         0.789436   0.03423263877630234
28.0 0.05928303 0.5320235  0.30620024 0.68066686 0.03420986235141754
34.0 0.3848106  0.2993137  0.90512073 0.68292034 0.03341725468635559
16.0 0.35660797 0.4847794  0.6522868  0.72696674 0.03293682262301445
5.0 0.406348  0.2862391 0.683627  0.6415357 0.032826509326696396
15.0 0.3831299  0.40270686 0.6978881  0.7306266  0.032074879854917526
28.0 0.00589672 0.58908087 0.29955798 1.         0.03077838569879532
13.0 0.42290294 0.25564167 0.65387344 0.5250846  0.030268719419836998
15.0 0.406348  0.2862391 0.683627  0.6415357 0.029917344450950623
15.0 0.43912527 0.3205213  0.6964301  0.5227528  0.028123894706368446
37.0 0.406348  0.2862391 0.683627  0.6415357 0.028041239827871323
4.0 0.53970224 0.         0.6793466  0.31862164 0.026998376473784447
37.0 0.43094164 0.         0.7523107  0.55683416 0.026201458647847176
29.0 0.38614517 0.         0.9625315  0.5119587  0.026124076917767525
40.0 0.41233066 0.3192714  0.6598011  0.6350209  0.026109807193279266
1.0 0.41914794 0.29853997 0.63643825 0.5216638  0.026072263717651367
25.0 0.41691265 0.30300558 0.6575384  0.52990836 0.026039617136120796
31.0 0.43094164 0.         0.7523107  0.55683416 0.02567625418305397
5.0 0.4309598 0.        0.7525128 0.6009464 0.02567065693438053
17.0 0.40277123 0.18515468 0.6787574  0.5631279  0.025193896144628525
0.0 0.43786925 0.31488132 0.60188323 0.49967664 0.024731801822781563
5.0 0.37598258 0.4469989  0.6994849  0.7537295  0.024627069011330605
3.0 0.43786293 0.         0.6730097  0.51244134 0.024491705000400543
28.0 0.4012513  0.14139038 0.9060987  0.95835286 0.02445775642991066
27.0 0.406348  0.2862391 0.683627  0.6415357 0.024380452930927277
18.0 0.406348  0.2862391 0.683627  0.6415357 0.024219142273068428
16.0 0.3871765  0.02972832 0.8425114  0.5418167  0.02415984310209751
30.0 0.42247593 0.17236574 0.65245986 0.5018115  0.023937366902828217
37.0 0.43912527 0.3205213  0.6964301  0.5227528  0.02391885779798031
30.0 0.29112223 0.03409889 1.         0.789436   0.023751065135002136
23.0 0.4281158 0.        0.7460894 0.5551367 0.02335369400680065
28.0 0.38680854 0.21842328 0.81938124 0.7071167  0.023311175405979156
7.0 0.38018626 0.48814029 0.69526464 0.7343072  0.023288194090127945
29.0 0.33220887 0.         1.         0.9925641  0.02280507981777191
38.0 0.43721294 0.04490943 0.64813626 0.5378671  0.022751234471797943
38.0 0.42397147 0.40186837 0.5772962  0.5144346  0.022585853934288025
41.0 0.42568034 0.2949986  0.6251574  0.5220373  0.0224594883620739
28.0 0.43435183 0.07112533 0.6304063  0.5149756  0.022371219471096992
31.0 0.46222723 0.         0.61557984 0.46280098 0.022124985232949257
38.0 0.43235174 0.34943122 0.592076   0.48379856 0.02188687026500702
30.0 0.33001485 0.         0.6518574  0.48044336 0.021831702440977097
28.0 0.42568034 0.2949986  0.6251574  0.5220373  0.021613307297229767
7.0 0.406348  0.2862391 0.683627  0.6415357 0.021585902199149132
18.0 0.4567238  0.32338327 0.75130093 0.5221875  0.02146509476006031
27.0 0.41955316 0.         0.676383   0.5442631  0.021250594407320023
30.0 0.15337425 0.         1.         1.         0.02092164196074009
16.0 0.42895707 0.18228735 0.6368332  0.5240953  0.02088293433189392
0.0 0.45926294 0.         0.6474359  0.4972771  0.020667722448706627
30.0 0.45250508 0.03812622 0.6478194  0.28837097 0.020479882135987282
28.0 0.29112223 0.03409889 1.         0.789436   0.020451052114367485
15.0 0.42895707 0.18228735 0.6368332  0.5240953  0.020417334511876106
0.0 0.4088506  0.01527965 0.964825   0.5663245  0.02032206393778324
4.0 0.4256649  0.15215541 0.6509421  0.54322743 0.02012111432850361
4.0 0.548536   0.         0.61456233 0.33554655 0.01930590532720089
19.0 0.5283599  0.         0.64293635 0.35413322 0.01902415044605732
30.0 0.38680854 0.21842328 0.81938124 0.7071167  0.018991300836205482
9.0 0.4261169  0.30223688 0.6015297  0.52326167 0.018841855227947235
0.0 0.38084388 0.         0.69347656 0.59708655 0.018837403506040573
28.0 0.4813305  0.         0.61768353 0.42243728 0.018612343817949295
34.0 0.36616105 0.21330866 0.95310193 0.93432176 0.01849745772778988
26.0 0.38680854 0.21842328 0.81938124 0.7071167  0.018118174746632576
