41.0 0.07519865 0.36812836 0.96380436 1.         0.20129218697547913
21.0 0.08491847 0.46796706 0.9463297  1.         0.1740976870059967
39.0 0.00379115 0.         0.1391425  0.27855593 0.14047189056873322
21.0 0.00379115 0.         0.1391425  0.27855593 0.1305084377527237
12.0 0.00704888 0.         0.90658474 0.56105936 0.10338963568210602
27.0 0.83679926 0.41219646 0.9929322  0.7967101  0.09849119186401367
39.0 0.81999815 0.49344236 1.         0.7262108  0.06908885389566422
10.0 0.00379115 0.         0.1391425  0.27855593 0.05911540240049362
5.0 0.07519865 0.36812836 0.96380436 1.         0.0567244216799736
12.0 0.08808735 0.15950021 0.9272753  1.         0.05635305121541023
27.0 0.8511998  0.11413407 1.         0.20733416 0.055471889674663544
39.0 0.07426155 0.04058856 1.         1.         0.05380329489707947
22.0 0.00854486 0.01998766 0.19226444 0.29856414 0.051121219992637634
41.0 0.00379115 0.         0.1391425  0.27855593 0.04672468453645706
28.0 0.06762242 0.63222414 0.24862283 1.         0.043438177555799484
21.0 0.01789403 0.15686387 1.         0.9729914  0.04117146506905556
20.0 0.0228979 0.0133744 0.7402739 0.4412002 0.038016412407159805
12.0 0.00379115 0.         0.1391425  0.27855593 0.037487976253032684
10.0 0.83679926 0.41219646 0.9929322  0.7967101  0.036743685603141785
41.0 0.03427202 0.00929722 0.9782364  0.8312217  0.03443748503923416
21.0 0.         0.01241612 0.9696809  0.5832866  0.03408139571547508
3.0 0.00878751 0.         0.896799   0.589063   0.03271416574716568
22.0 0.83679926 0.41219646 0.9929322  0.7967101  0.03133799880743027
21.0 0.11713198 0.36857164 0.87688744 0.7938628  0.030595382675528526
39.0 0.08491847 0.46796706 0.9463297  1.         0.03028801456093788
22.0 0.8114402  0.51196647 0.99749494 0.68143785 0.03016783855855465
1.0 0.10651895 0.31013703 0.18802103 0.3889485  0.029820900410413742
39.0 0.         0.01241612 0.9696809  0.5832866  0.026346605271100998
38.0 0.7601251 0.799326  1.        1.        0.02547648176550865
41.0 0.81704533 0.49440512 1.         0.72031444 0.02488752454519272
17.0 0.83679926 0.41219646 0.9929322  0.7967101  0.0248411912471056
26.0 0.49214238 0.25902665 0.806958   0.38046336 0.02406161278486252
41.0 0.0809713  0.60066426 0.8093688  1.         0.022995993494987488
22.0 0.01209861 0.00153235 0.860617   0.46641043 0.02229851670563221
27.0 0.8287664 0.4941518 1.        0.6975486 0.022252514958381653
8.0 0.83737636 0.35844678 0.9914526  0.7651009  0.022172821685671806
34.0 0.0126285  0.37012148 0.92001814 1.         0.022094933316111565
3.0 0.06079528 0.20091319 0.9697858  0.9729272  0.021522993221879005
40.0 0.10641518 0.30150673 0.18888387 0.40558836 0.02120785601437092
28.0 0.08491847 0.46796706 0.9463297  1.         0.021158985793590546
10.0 0.08808735 0.15950021 0.9272753  1.         0.02107490412890911
6.0 0.01465079 0.         0.7628559  0.5077483  0.020876651629805565
4.0 0.5013441  0.23223497 0.78476226 0.3641622  0.02081756852567196
34.0 0.0876438  0.521199   0.80087584 0.94571483 0.019917434081435204
42.0 0.83679926 0.41219646 0.9929322  0.7967101  0.01988881267607212
22.0 0.08808735 0.15950021 0.9272753  1.         0.019018035382032394
20.0 0.8222683  0.45697066 0.998138   0.7289928  0.018983101472258568
9.0 0.10919948 0.31432396 0.17633931 0.36807793 0.018961606547236443
39.0 0.00498728 0.01574709 0.10735764 0.17938942 0.018831782042980194
27.0 0.02390683 0.00292975 0.17695852 0.3324578  0.018820548430085182
36.0 0.80866283 0.2937749  1.         0.81645125 0.018803996965289116
9.0 0.83737636 0.35844678 0.9914526  0.7651009  0.018593374639749527
4.0 0.01585492 0.0829868  0.94360304 0.65726554 0.018386511132121086
20.0 0.02390683 0.00292975 0.17695852 0.3324578  0.018374109640717506
27.0 0.7925173 0.4621147 0.9951786 1.        0.017356738448143005
27.0 0.76002026 0.41040766 1.         0.7620609  0.01729995757341385
26.0 0.05410728 0.         0.90811086 0.7942932  0.01729665882885456
4.0 0.07519865 0.36812836 0.96380436 1.         0.017155596986413002
22.0 0.01421964 0.00636451 0.11429176 0.26865226 0.016985708847641945
26.0 0.06919897 0.17317961 0.57810646 0.47905242 0.016889549791812897
20.0 0.80866283 0.2937749  1.         0.81645125 0.016716888174414635
12.0 0.02538812 0.         0.48860765 0.51775336 0.016214406117796898
3.0 0.00745881 0.         0.13454597 0.2739908  0.016079170629382133
4.0 0.13235542 0.28168464 0.6555747  0.5275853  0.01595384255051613
16.0 0.85635555 0.09554777 0.9986316  0.28729412 0.015907153487205505
4.0 0.24756172 0.36091435 0.57188904 0.4764759  0.015899399295449257
38.0 0.83737636 0.35844678 0.9914526  0.7651009  0.015845198184251785
39.0 0.79986894 0.40673843 0.98317957 0.81315243 0.015611463226377964
26.0 0.0601853  0.52905667 0.27568865 1.         0.01557485107332468
41.0 0.01209861 0.00153235 0.860617   0.46641043 0.015373856760561466
5.0 0.00733604 0.         0.1350595  0.27581742 0.01512437779456377
11.0 0.30654567 0.38643143 0.4748025  0.45624664 0.015032480470836163
4.0 0.48617244 0.2975899  0.80476177 0.41986477 0.015028166584670544
10.0 0.04002529 0.5383664  0.8689871  1.         0.014963418245315552
41.0 0.13531995 0.32598388 0.8333888  0.8401834  0.01491073239594698
4.0 0.3381785  0.15954721 0.83706295 0.41210485 0.014725823886692524
3.0 0.8198124 0.4262681 0.9974593 0.7112626 0.014664673246443272
39.0 0.00644939 0.04807618 0.22707117 0.26323605 0.014225185848772526
28.0 0.09604506 0.5346825  0.34977615 1.         0.014161696657538414
34.0 0.0601853  0.52905667 0.27568865 1.         0.014146201312541962
12.0 0.13338563 0.         1.         0.7970981  0.014016668312251568
10.0 0.00704888 0.         0.90658474 0.56105936 0.013985288329422474
26.0 0.03950039 0.05660269 0.8402647  0.46643642 0.013677758164703846
22.0 0.00617822 0.02297367 0.38817513 0.29813963 0.013421420939266682
38.0 0.7925173 0.4621147 0.9951786 1.        0.013345782645046711
5.0 0.0809713  0.60066426 0.8093688  1.         0.01323803048580885
4.0 0.06919897 0.17317961 0.57810646 0.47905242 0.013199994340538979
24.0 0.50508416 0.20981172 0.7576659  0.36171582 0.013179780915379524
4.0 0.5313407  0.28488055 0.78813636 0.3570896  0.013150224462151527
1.0 0.06268146 0.6128694  0.2595516  1.         0.013138534501194954
34.0 0.49214238 0.25902665 0.806958   0.38046336 0.01302598137408495
0.0 0.13310698 0.49281833 0.20180023 0.5363251  0.012979949824512005
4.0 0.28838497 0.38591173 0.54865223 0.4556131  0.012873050756752491
20.0 0.02195883 0.01380697 0.94491553 0.74293923 0.012649212032556534
4.0 0.11713198 0.36857164 0.87688744 0.7938628  0.012647551484405994
3.0 0.80866283 0.2937749  1.         0.81645125 0.012618494220077991
4.0 0.02867472 0.01440445 0.8137016  0.41713604 0.012428699992597103
32.0 0.10534223 0.30471954 0.18871605 0.39414665 0.012110775336623192
8.0 0.81363744 0.         1.         0.1459761  0.011960692703723907
8.0 0.02390683 0.00292975 0.17695852 0.3324578  0.011561772786080837
