6.0 0.04500499 0.04558417 0.8410256  0.95841885 0.7682661414146423
1.0 0.02867478 0.05374312 0.944459   0.9882047  0.342026948928833
6.0 0. 0. 1. 1. 0.1134091466665268
14.0 0.02523944 0.06463566 0.83806396 0.9467027  0.07277360558509827
13.0 0.03233913 0.04841056 0.8327973  0.95431745 0.06889766454696655
36.0 0.03117505 0.04424256 0.923594   0.9874293  0.059934623539447784
29.0 0.00198928 0.01221463 0.95148385 1.         0.05841679126024246
14.0 0.3353245  0.60482764 0.7795831  0.9066143  0.05452825874090195
20.0 0.03117505 0.04424256 0.923594   0.9874293  0.05357816442847252
9.0 0.04500499 0.04558417 0.8410256  0.95841885 0.05081958323717117
9.0 0.20187134 0.5018119  0.73488027 0.9002364  0.047185804694890976
3.0 0.02473149 0.01255971 0.9318434  1.         0.038689740002155304
42.0 0.02705616 0.00896278 0.90064895 0.96072114 0.0372319333255291
28.0 0.02705616 0.00896278 0.90064895 0.96072114 0.03510872647166252
40.0 0.04909676 0.05544576 0.92466146 0.95648146 0.0330832414329052
14.0 0.2503825  0.12689011 0.7581953  0.41846597 0.03273611143231392
1.0 0.24265489 0.09648663 0.76724446 0.8814093  0.03268086537718773
6.0 0.24461336 0.12738179 0.7212709  0.45399022 0.02852383442223072
33.0 0.03117505 0.04424256 0.923594   0.9874293  0.026114147156476974
12.0 0.03117505 0.04424256 0.923594   0.9874293  0.025089425966143608
8.0 0.06085423 0.05098537 0.84571946 0.94828725 0.024738531559705734
11.0 0.         0.08807281 0.8719318  0.9582567  0.024734990671277046
6.0 0.        0.        0.7976015 0.7756692 0.024396046996116638
40.0 0.26253927 0.5973946  0.76630294 0.9068011  0.022121090441942215
14.0 0.44108057 0.6561198  0.9293792  0.96697617 0.02198074758052826
1.0 0.         0.         1.         0.94128346 0.021335985511541367
18.0 0.02705616 0.00896278 0.90064895 0.96072114 0.02068861946463585
13.0 0.00756741 0.         1.         0.9531299  0.02064744010567665
23.0 0.00756741 0.         1.         0.9531299  0.020310837775468826
40.0 0.78072643 0.47689167 1.         1.         0.018641658127307892
10.0 0.0086261  0.05023593 0.94593024 0.992446   0.018387729302048683
6.0 0.12709647 0.1218769  0.7794904  0.6385519  0.017789378762245178
1.0 0.0093044 0.        1.        1.        0.017746485769748688
11.0 0.61071116 0.49632704 0.73505014 0.5207865  0.0177321620285511
26.0 0.11109    0.06173491 0.81155896 0.93975616 0.017641538754105568
2.0 0.03236979 0.         0.90936905 1.         0.017254643142223358
1.0 0.0766786  0.19410947 0.64342046 0.930681   0.015905361622571945
9.0 0.12709647 0.1218769  0.7794904  0.6385519  0.01580481231212616
6.0 0.39844042 0.15910754 1.         0.908514   0.015672223642468452
1.0 0.09305513 0.50410664 0.79695237 0.9329001  0.015369613654911518
23.0 0.        0.        0.9699851 1.        0.01523546688258648
1.0 0.34484965 0.2453709  1.         0.95612013 0.01457270048558712
11.0 0.59968907 0.48642918 0.7537301  0.5331535  0.014479348435997963
14.0 0.09305513 0.50410664 0.79695237 0.9329001  0.014264999888837337
1.0 0.        0.        0.8868776 0.698859  0.01415160857141018
9.0 0.3784672  0.6311669  0.76521933 0.8955241  0.014072205871343613
1.0 0.57021856 0.14971504 0.9405228  0.90241694 0.013905052095651627
9.0 0.24461336 0.12738179 0.7212709  0.45399022 0.013887808658182621
26.0 0.         0.79355764 0.21338773 1.         0.013826929032802582
13.0 0.26253927 0.5973946  0.76630294 0.9068011  0.013767607510089874
9.0 0.        0.        1.        0.8030747 0.013678278774023056
4.0 0.61071116 0.49632704 0.73505014 0.5207865  0.013364266604185104
22.0 0.03117505 0.04424256 0.923594   0.9874293  0.01325862668454647
38.0 0.03312646 0.68223315 0.16745022 0.78278846 0.013254983350634575
11.0 0.0093044 0.        1.        1.        0.012976455502212048
10.0 0.83797324 0.6228153  0.9952482  1.         0.012859690934419632
13.0 0.24461336 0.12738179 0.7212709  0.45399022 0.012781653553247452
6.0 0.         0.         0.92755866 0.47529078 0.012574825435876846
32.0 0.03117505 0.04424256 0.923594   0.9874293  0.012351231649518013
1.0 0.4773511 0.0985927 1.        0.9643981 0.01223344262689352
40.0 0.7832949 0.1951656 1.        0.865922  0.012153844349086285
19.0 0.11109    0.06173491 0.81155896 0.93975616 0.012038683518767357
33.0 0.61071116 0.49632704 0.73505014 0.5207865  0.011999309062957764
4.0 0.5969585  0.4864541  0.74773526 0.5330133  0.011993013322353363
40.0 0.4773511 0.0985927 1.        0.9643981 0.011714271269738674
36.0 0.2125439  0.12690791 0.75679857 0.90008366 0.011668402701616287
33.0 0.5969585  0.4864541  0.74773526 0.5330133  0.01151871494948864
34.0 0.03117505 0.04424256 0.923594   0.9874293  0.01129980944097042
6.0 0.12237275 0.         1.         0.6700827  0.011175901629030704
1.0 0.17245144 0.344138   1.         1.         0.010706715285778046
14.0 0.0093044 0.        1.        1.        0.010649927891790867
32.0 0.7908362  0.4943358  1.         0.71670306 0.010433441959321499
8.0 0.07486624 0.         1.         0.9086118  0.010417650453746319
24.0 0.5969585  0.4864541  0.74773526 0.5330133  0.010304457508027554
1.0 0.         0.10758382 0.8289347  1.         0.010213811881840229
38.0 0.88826525 0.42455542 1.         0.5142499  0.010093373246490955
14.0 0.45648935 0.66208434 0.6178811  0.7466048  0.00999227911233902
6.0 0.17245144 0.344138   1.         1.         0.009981091134250164
2.0 0.61071116 0.49632704 0.73505014 0.5207865  0.00984021183103323
29.0 0.07486624 0.         1.         0.9086118  0.00984018761664629
9.0 0.07437423 0.29776016 0.7550603  0.8308296  0.009820197708904743
24.0 0.02473149 0.01255971 0.9318434  1.         0.009794872254133224
27.0 0.78399295 0.52702487 1.         0.7221644  0.00970669835805893
7.0 0.02705616 0.00896278 0.90064895 0.96072114 0.00970518495887518
14.0 0.69337165 0.8259434  1.         0.9999122  0.009677634574472904
38.0 0.80322456 0.52685356 0.99454284 1.         0.009677223861217499
4.0 0.06326088 0.0599404  0.82138    0.9545068  0.009606548584997654
6.0 0.20187134 0.5018119  0.73488027 0.9002364  0.009541023522615433
11.0 0.17245144 0.344138   1.         1.         0.009456063620746136
6.0 0.07437423 0.29776016 0.7550603  0.8308296  0.009398235008120537
40.0 0.         0.         1.         0.90318954 0.009362336248159409
1.0 0.01008394 0.79174656 0.15855342 0.999221   0.009345579892396927
10.0 0.         0.37545058 0.8230966  1.         0.009332865476608276
35.0 0.01200801 0.04069498 0.96823686 0.98042333 0.009281644597649574
6.0 0.22971797 0.04862341 1.         0.76807487 0.009203454479575157
2.0 0.18089905 0.10231629 0.7296933  0.874562   0.009180724620819092
38.0 0.78310883 0.32023817 1.         0.53971666 0.009171112440526485
38.0 0.02705616 0.00896278 0.90064895 0.96072114 0.009115087799727917
37.0 0.02705616 0.00896278 0.90064895 0.96072114 0.009097498841583729
11.0 0.         0.37545058 0.8230966  1.         0.009090554900467396
