39.0 0.39110437 0.4382394  0.690047   0.7512303  0.25767868757247925
27.0 0.3810503  0.44083625 0.895765   0.7690514  0.12211114913225174
33.0 0.07998839 0.76112515 0.5123788  1.         0.10547473281621933
20.0 0.3810503  0.44083625 0.895765   0.7690514  0.10420800745487213
39.0 0.1589373  0.34096882 0.93506587 0.87131786 0.07216157019138336
39.0 0.16160554 0.02965763 1.         0.80797255 0.06679477542638779
22.0 0.3990683  0.43838438 0.71123046 0.7497976  0.053093306720256805
22.0 0.30544832 0.36926425 0.9542619  0.8401854  0.052040550857782364
23.0 0.0845397  0.7512152  0.49654645 1.         0.050916366279125214
8.0 0.3810503  0.44083625 0.895765   0.7690514  0.04637698456645012
41.0 0.3810503  0.44083625 0.895765   0.7690514  0.044033732265233994
41.0 0.26539654 0.43917114 0.67380905 0.7596528  0.04291105642914772
40.0 0.02121055 0.41079646 0.37746382 0.7406824  0.04182324931025505
27.0 0.39823645 0.44441965 0.6660854  0.7538508  0.040244895964860916
20.0 0.26539654 0.43917114 0.67380905 0.7596528  0.03893798217177391
39.0 0.3847906  0.44334537 0.9108059  0.7914025  0.03681290149688721
17.0 0.745854   0.85222024 1.         1.         0.03569735959172249
20.0 0.16577834 0.4471403  0.8762805  0.9084343  0.034916140139102936
22.0 0.16160554 0.02965763 1.         0.80797255 0.03197501227259636
26.0 0.00378153 0.03012485 0.17282446 0.10506573 0.030660195276141167
39.0 0.11754701 0.4231627  0.6244794  0.7655213  0.0282306931912899
32.0 0.08063138 0.7614199  0.56878453 1.         0.02620360068976879
12.0 0.14219028 0.38418576 0.89785737 1.         0.02521074190735817
5.0 0.11754701 0.4231627  0.6244794  0.7655213  0.024732988327741623
41.0 0.43685126 0.14618486 0.9840447  0.47661906 0.023971354588866234
31.0 0.8001433  0.79821306 0.9939322  1.         0.023590242490172386
41.0 0.1589373  0.34096882 0.93506587 0.87131786 0.023099450394511223
21.0 0.00286487 0.10877764 0.7005836  0.40270412 0.020914429798722267
27.0 0.24144873 0.39811325 1.         0.9225172  0.02074299193918705
6.0 0.08808596 0.77367747 0.40525407 1.         0.019798312336206436
9.0 0.90990055 0.15762454 0.99920726 0.30650637 0.018877774477005005
20.0 0.43685126 0.14618486 0.9840447  0.47661906 0.01842593215405941
0.0 0.5230148  0.69633836 1.         0.9950978  0.01820671372115612
39.0 0.00937265 0.         1.         0.5777085  0.017901694402098656
39.0 0. 0. 1. 1. 0.01764943078160286
40.0 0.71055025 0.8500114  1.         1.         0.01703256368637085
7.0 0.04467484 0.43178514 0.39696014 0.6799295  0.016589684411883354
9.0 0.8112214  0.13907863 0.9928922  0.43463176 0.016517847776412964
11.0 0.08063138 0.7614199  0.56878453 1.         0.016490774229168892
38.0 0.8876296  0.6432135  1.         0.74639285 0.016245171427726746
12.0 0.21652141 0.4905401  0.82763374 0.8644976  0.016180524602532387
8.0 0.16577834 0.4471403  0.8762805  0.9084343  0.016069449484348297
39.0 0.4288813 0.4782382 0.8281704 0.7048209 0.01575614884495735
8.0 0.26539654 0.43917114 0.67380905 0.7596528  0.01573500595986843
41.0 0.16160554 0.02965763 1.         0.80797255 0.015675712376832962
39.0 0.32860163 0.48583108 0.6274588  0.6930739  0.015049723908305168
21.0 0.20081624 0.37091672 0.88731146 0.8302598  0.014976504258811474
29.0 0.01987201 0.41614205 0.4393591  0.7217342  0.014970004558563232
21.0 0.26539654 0.43917114 0.67380905 0.7596528  0.014909549616277218
17.0 0.90990055 0.15762454 0.99920726 0.30650637 0.014793843030929565
10.0 0.38699675 0.43601173 0.6846211  0.7517565  0.014772534370422363
4.0 0.00611532 0.01581488 0.21821684 0.10450374 0.014259006828069687
17.0 0.92260224 0.1724558  0.9986729  0.22985016 0.014205747283995152
40.0 0.03199325 0.4212873  0.24163699 0.6866001  0.014197043143212795
16.0 0.03247416 0.42282057 0.4228347  0.7079524  0.014107078313827515
12.0 3.8392842e-03 1.2891740e-04 2.3625799e-01 1.4075384e-01 0.013993661850690842
26.0 0.0425666  0.0485029  0.20342186 0.11392546 0.013968589715659618
41.0 0.0040338  0.11407697 0.61501575 0.4520718  0.013962463475763798
32.0 0.02075337 0.42211482 0.37813044 0.69779634 0.013938110321760178
39.0 0.4408943 0.        1.        0.9434448 0.01354687288403511
31.0 0.03199325 0.4212873  0.24163699 0.6866001  0.013441134244203568
21.0 0.24312118 0.13225311 0.9202831  0.45539093 0.01332591287791729
39.0 0.0040338  0.11407697 0.61501575 0.4520718  0.013163238763809204
0.0 0.03247416 0.42282057 0.4228347  0.7079524  0.013087915256619453
20.0 0.04191501 0.4223597  0.5192476  0.75715125 0.01307579968124628
26.0 0.         0.         0.31583118 0.1277595  0.012476819567382336
5.0 0.38699675 0.43601173 0.6846211  0.7517565  0.012262494303286076
5.0 0.3472967 0.3568979 0.8866769 0.9481564 0.012252211570739746
39.0 0.24036606 0.45962536 0.71617514 0.94696164 0.012043902650475502
27.0 0.11754701 0.4231627  0.6244794  0.7655213  0.011986839585006237
17.0 0.8076726  0.14600593 0.99190307 0.47917455 0.011965945363044739
17.0 0.90684247 0.8509238  1.         1.         0.011965521611273289
33.0 0.14219028 0.38418576 0.89785737 1.         0.011780512519180775
22.0 0.43685126 0.14618486 0.9840447  0.47661906 0.01162013877183199
24.0 0.06561339 0.7576638  0.63214755 1.         0.011542754247784615
5.0 0.01987201 0.41614205 0.4393591  0.7217342  0.011484392918646336
4.0 0.09427981 0.7838011  0.5390666  0.99733114 0.011436492204666138
27.0 0.85564184 0.75793153 0.9992353  0.86941785 0.011376318521797657
1.0 0.0859732  0.77069294 0.50244755 1.         0.011313524097204208
3.0 0.00423798 0.01036957 0.1891329  0.13214663 0.011171138845384121
12.0 0.         0.10247652 0.6306915  0.40700704 0.01111952681094408
20.0 0.25949135 0.07125828 0.9858488  1.         0.011048204265534878
8.0 0.09695067 0.7485415  0.37129176 1.         0.011045255698263645
4.0 0.02377459 0.04692519 0.19427699 0.11446025 0.011041267774999142
9.0 0.71055025 0.8500114  1.         1.         0.011032221838831902
27.0 0.5402205  0.14857534 0.99320936 0.48830357 0.010539205744862556
21.0 0.01111317 0.0334563  0.9486849  0.6348212  0.010509109124541283
16.0 0.3978421  0.43534544 0.6758047  0.7576754  0.010487779974937439
35.0 0.08770694 0.7589216  0.42892593 1.         0.010462049394845963
39.0 0.30421656 0.252363   1.         0.94011724 0.010457992553710938
3.0 0.3990988 0.4307306 0.6772143 0.754974  0.01044132187962532
41.0 0.18151593 0.1312903  0.8437171  0.45040196 0.010340467095375061
38.0 0.71055025 0.8500114  1.         1.         0.010334519669413567
10.0 0.31785718 0.44772246 0.9264982  0.85230815 0.010174828581511974
33.0 0.00197458 0.01779441 0.16796523 0.09179197 0.010142612271010876
39.0 0.3241544  0.13696146 0.9867879  0.4640329  0.010124823078513145
36.0 0.3962377  0.43539637 0.67637134 0.7532324  0.010026545263826847
39.0 0.13344592 0.         1.         0.7795839  0.009987927041947842
24.0 0.44610527 0.60090876 0.96870637 0.92220855 0.009964331053197384
27.0 0.01987201 0.41614205 0.4393591  0.7217342  0.009940288960933685
