12.0 0.24832883 0.         1.         1.         0.7204060554504395
5.0 0.26817048 0.         0.9871938  1.         0.31328415870666504
21.0 0.25103724 0.         1.         1.         0.2474309504032135
28.0 0.25103724 0.         1.         1.         0.22527764737606049
39.0 0.26817048 0.         0.9871938  1.         0.21861930191516876
33.0 0.26138029 0.         0.98401225 1.         0.1984725296497345
29.0 0.24835527 0.         0.9848311  1.         0.1646893322467804
26.0 0.24832883 0.         1.         1.         0.12664297223091125
34.0 0.24832883 0.         1.         1.         0.09372137486934662
20.0 0.26817048 0.         0.9871938  1.         0.08454546332359314
41.0 0.2531986  0.02188897 1.         0.9977591  0.075822614133358
30.0 0.22726485 0.         0.9009346  1.         0.06924297660589218
8.0 0.24832883 0.         1.         1.         0.06771548837423325
10.0 0.25103724 0.         1.         1.         0.06478247791528702
29.0 0.33126387 0.30751464 0.59623444 1.         0.06328081339597702
12.0 0.24883842 0.         1.         0.78341395 0.05417332798242569
37.0 0.26138029 0.         0.98401225 1.         0.05320585146546364
6.0 0.24832883 0.         1.         1.         0.052397169172763824
1.0 0.25103724 0.         1.         1.         0.052147407084703445
3.0 0.24832883 0.         1.         1.         0.048707228153944016
9.0 0.9229499 0.692203  0.9957466 0.8990434 0.03796372935175896
32.0 0.26619205 0.         0.9835607  1.         0.03191746771335602
2.0 0.15491802 0.         1.         0.9653845  0.031456250697374344
21.0 0.33536202 0.         1.         0.82306194 0.031194301322102547
40.0 0.90833735 0.7228955  1.         0.83784974 0.030818549916148186
40.0 0.9229499 0.692203  0.9957466 0.8990434 0.03007596731185913
3.0 0.20332211 0.00820014 0.36089736 0.06881872 0.030072713270783424
21.0 0.28012636 0.08573091 0.93464434 0.63950247 0.029456060379743576
4.0 0.25901374 0.         0.99219275 1.         0.028982413932681084
19.0 0.2387659  0.         0.95737034 1.         0.027411937713623047
37.0 0.316699   0.77527    0.60562444 0.9789082  0.026840627193450928
31.0 0.2533395 0.        0.9932307 1.        0.026212263852357864
17.0 0.9515692  0.8682431  0.99888635 0.99217653 0.026107806712388992
30.0 0.28049895 0.20461872 0.7842462  0.9336755  0.02592918649315834
23.0 0.2809756 0.        0.949311  0.9960263 0.02560175210237503
33.0 0.24883842 0.         1.         0.78341395 0.025591274723410606
32.0 0.316699   0.77527    0.60562444 0.9789082  0.02540329098701477
32.0 0.02685072 0.09541683 0.12216911 0.1879587  0.024207251146435738
11.0 0.20332211 0.00820014 0.36089736 0.06881872 0.02406376227736473
24.0 0.316699   0.77527    0.60562444 0.9789082  0.022953703999519348
26.0 0.33726764 0.08777604 0.99482906 0.6444881  0.0224229097366333
22.0 0.24832883 0.         1.         1.         0.022307338193058968
26.0 0.15491802 0.         1.         0.9653845  0.022208083420991898
4.0 0.28012636 0.08573091 0.93464434 0.63950247 0.02216779626905918
30.0 0.32274935 0.38081512 0.5696428  0.98906887 0.022167520597577095
26.0 0.33220932 0.29764673 0.56853855 1.         0.022154271602630615
17.0 0.91204304 0.7199555  1.         0.8373069  0.022148622199892998
31.0 0.9229499 0.692203  0.9957466 0.8990434 0.0215620007365942
21.0 0.64317995 0.         1.         1.         0.021556468680500984
32.0 0.3377182  0.38690194 0.57875794 0.9946103  0.02152102068066597
1.0 0.35101137 0.33539617 0.54157877 1.         0.021110258996486664
19.0 0.32897228 0.35050082 0.5949384  0.9807161  0.02081260085105896
37.0 0.3377182  0.38690194 0.57875794 0.9946103  0.02069377712905407
41.0 0.24883842 0.         1.         0.78341395 0.020586084574460983
1.0 0.34381026 0.46002978 0.45225382 0.7284704  0.020557360723614693
12.0 0.8477781  0.236447   0.98665714 0.7611364  0.019984403625130653
20.0 0.03179561 0.21914524 0.10278807 0.27346024 0.01987294852733612
1.0 0.84568125 0.52165645 0.9954696  0.9997209  0.019727878272533417
20.0 0.24883842 0.         1.         0.78341395 0.019704440608620644
30.0 0.64317995 0.         1.         1.         0.019646819680929184
23.0 0.35101137 0.33539617 0.54157877 1.         0.01948586106300354
34.0 0.24883842 0.         1.         0.78341395 0.01926431618630886
9.0 0.9136876  0.72306657 1.         0.83651495 0.01924658752977848
0.0 0.28749138 0.7900318  0.56010836 0.9750445  0.019008951261639595
28.0 0.35101137 0.33539617 0.54157877 1.         0.01897253282368183
40.0 0.316699   0.77527    0.60562444 0.9789082  0.018928756937384605
21.0 0.22883938 0.         0.61874044 1.         0.018754808232188225
28.0 0.24883842 0.         1.         0.78341395 0.018727704882621765
33.0 0.5830861  0.04670531 1.         0.97570866 0.01856696791946888
24.0 0.27824956 0.6101005  0.6338079  1.         0.01854737102985382
20.0 0.02028758 0.07702773 0.13348895 0.19810557 0.018540184944868088
1.0 0.83941275 0.22766033 0.99500173 0.8313645  0.018492646515369415
39.0 0.33536202 0.         1.         0.82306194 0.018455184996128082
27.0 0.3786394 0.        0.9800593 1.        0.018244124948978424
36.0 0.91204304 0.7199555  1.         0.8373069  0.018043793737888336
16.0 0.26817048 0.         0.9871938  1.         0.018022660166025162
29.0 0.32796425 0.5011513  0.5450777  0.90629184 0.017874276265501976
26.0 0.22883938 0.         0.61874044 1.         0.017465995624661446
4.0 0.33220932 0.29764673 0.56853855 1.         0.017441708594560623
34.0 0.33726764 0.08777604 0.99482906 0.6444881  0.017394155263900757
40.0 0.33698303 0.42009538 0.54674506 1.         0.017388908192515373
2.0 0.24100897 0.         1.         1.         0.017386121675372124
19.0 0.64317995 0.         1.         1.         0.017363229766488075
4.0 0.21241137 0.01623114 0.35101828 0.0541968  0.016772039234638214
24.0 0.00903684 0.07262097 0.12919557 0.14878948 0.016672823578119278
40.0 0.02868959 0.08942578 0.11890748 0.1931552  0.016587840393185616
29.0 0.31559932 0.01815116 0.7121191  1.         0.016488762572407722
28.0 0.01877293 0.44858837 0.27825424 1.         0.016262104734778404
1.0 0.01373345 0.30293086 0.0916535  0.37832877 0.016193358227610588
29.0 0.64317995 0.         1.         1.         0.016162212938070297
38.0 0.9229499 0.692203  0.9957466 0.8990434 0.01610666699707508
5.0 0.24883842 0.         1.         0.78341395 0.016052357852458954
23.0 0.28049895 0.20461872 0.7842462  0.9336755  0.01574680395424366
12.0 0.64317995 0.         1.         1.         0.015743397176265717
4.0 0.64317995 0.         1.         1.         0.015739280730485916
12.0 0.         0.         1.         0.90185165 0.015540570951998234
20.0 0.01525526 0.3226696  0.08800521 0.37477264 0.015476859174668789
26.0 0.2782685  0.03120868 0.51256776 0.29281294 0.015459124930202961
8.0 0.9229499 0.692203  0.9957466 0.8990434 0.015339276753365993
24.0 0.00511467 0.04780647 0.1279533  0.12352787 0.015312263742089272
