1.0 0.3405384  0.12871873 0.73194337 0.9282447  0.754406213760376
28.0 0.34645367 0.1160585  0.7321192  0.93905675 0.37275809049606323
10.0 0.34814805 0.1382122  0.7339403  0.95849526 0.1428786814212799
13.0 0.34140605 0.10554135 0.74057084 0.9403808  0.11542976647615433
23.0 0.3405384  0.12871873 0.73194337 0.9282447  0.1018475666642189
40.0 0.3499421  0.1060625  0.71301734 0.9383607  0.0986042469739914
29.0 0.34645367 0.1160585  0.7321192  0.93905675 0.09231675416231155
25.0 0.8168934 0.5216627 1.        1.        0.08654791861772537
14.0 0.34513408 0.14849102 0.728375   0.79646534 0.08572620153427124
1.0 0.26236585 0.0180707  0.9537574  0.9824742  0.08104364573955536
26.0 0.3405384  0.12871873 0.73194337 0.9282447  0.06825332343578339
4.0 0.34140605 0.10554135 0.74057084 0.9403808  0.06053675338625908
9.0 0.3323512  0.12592992 0.73494697 0.929562   0.05562461167573929
6.0 0.3543434  0.11074665 0.71329    0.9513869  0.04991203546524048
18.0 0.3499421  0.1060625  0.71301734 0.9383607  0.046248771250247955
20.0 0.34814805 0.1382122  0.7339403  0.95849526 0.042997993528842926
36.0 0.34645367 0.1160585  0.7321192  0.93905675 0.042589738965034485
42.0 0.34645367 0.1160585  0.7321192  0.93905675 0.03799840807914734
33.0 0.34645367 0.1160585  0.7321192  0.93905675 0.0377446711063385
28.0 0.258785   0.         0.95829177 1.         0.03758857771754265
12.0 0.34645367 0.1160585  0.7321192  0.93905675 0.03725045546889305
38.0 0.34814805 0.1382122  0.7339403  0.95849526 0.035968899726867676
34.0 0.34140605 0.10554135 0.74057084 0.9403808  0.031143248081207275
14.0 0.32488668 0.18348184 0.7097095  0.5116602  0.030573872849345207
29.0 0.3827137  0.10405675 0.97414064 1.         0.029479244723916054
3.0 0.3405384  0.12871873 0.73194337 0.9282447  0.02916213497519493
30.0 0.8168934 0.5216627 1.        1.        0.0281804371625185
41.0 0.        0.6844221 0.3657778 1.        0.026633091270923615
4.0 0.258785   0.         0.95829177 1.         0.025940731167793274
25.0 0.8673515 0.6456433 0.9976892 1.        0.025360409170389175
32.0 0.34814805 0.1382122  0.7339403  0.95849526 0.024050837382674217
18.0 0.32488668 0.18348184 0.7097095  0.5116602  0.023433659225702286
6.0 0.30673236 0.14193249 1.         0.92405224 0.022958282381296158
13.0 0.26236585 0.0180707  0.9537574  0.9824742  0.022846857085824013
1.0 0.3152243 0.        1.        1.        0.022327877581119537
25.0 0.7757812  0.6524178  0.96573526 1.         0.021386483684182167
37.0 0.34645367 0.1160585  0.7321192  0.93905675 0.021079791709780693
21.0 0.8521197 0.6095992 0.9967414 1.        0.020464377477765083
0.0 0.34814805 0.1382122  0.7339403  0.95849526 0.02030116505920887
2.0 0.34645367 0.1160585  0.7321192  0.93905675 0.019855424761772156
40.0 0.2942547  0.02067858 0.91000414 1.         0.018810084089636803
11.0 0.323586   0.12586102 0.7428442  0.94963694 0.01833421178162098
7.0 0.34645367 0.1160585  0.7321192  0.93905675 0.01830132119357586
16.0 0.8082836  0.56516236 1.         1.         0.0174301415681839
8.0 0.34814805 0.1382122  0.7339403  0.95849526 0.017042450606822968
18.0 0.29368335 0.01677281 0.89551944 1.         0.0161526370793581
41.0 0.3499421  0.1060625  0.71301734 0.9383607  0.015810644254088402
1.0 0.29969507 0.46037498 0.7950514  0.93896127 0.01565457135438919
41.0 0.        0.7927613 0.2809688 1.        0.015587019734084606
31.0 0.01206402 0.7236551  0.04646164 0.80838764 0.01552449818700552
18.0 0.40473914 0.18525115 0.6919093  0.39059696 0.015355006791651249
1.0 0.32905954 0.33393866 0.71884793 0.7265356  0.01521257683634758
10.0 0.26236585 0.0180707  0.9537574  0.9824742  0.014972451142966747
1.0 0.464536   0.19111973 0.6847709  0.8201522  0.014852245338261127
29.0 0.54104173 0.15772063 1.         1.         0.014559921808540821
31.0 0.36145747 0.1060001  0.7259662  0.9429258  0.013940219767391682
31.0 0.82658285 0.67719877 0.99386936 1.         0.013660291209816933
14.0 0.34908283 0.14017145 0.6782907  0.3405769  0.01324316207319498
0.0 0.61998284 0.7728893  0.94679904 1.         0.013016152195632458
29.0 0.84610206 0.64090693 0.9979916  1.         0.012998711317777634
9.0 0.3671497  0.18152174 0.6633973  0.4029229  0.01267394982278347
10.0 0.         0.6985936  0.38383007 1.         0.01263098418712616
17.0 0.36145747 0.1060001  0.7259662  0.9429258  0.012444619089365005
1.0 0.30418065 0.07974124 0.7841965  0.581102   0.011866940185427666
9.0 0.29790702 0.20289275 1.         0.9994204  0.011785054579377174
28.0 0.32546574 0.         1.         1.         0.01175580732524395
23.0 0.26236585 0.0180707  0.9537574  0.9824742  0.011462624184787273
18.0 0.44474283 0.21392262 0.64769065 0.87553596 0.011461857706308365
24.0 0.3490853  0.12286386 0.72907007 0.95354736 0.011400402523577213
30.0 0.8673515 0.6456433 0.9976892 1.        0.011326258070766926
2.0 0.258785   0.         0.95829177 1.         0.010924480855464935
19.0 0.34140605 0.10554135 0.74057084 0.9403808  0.010917249135673046
13.0 0.33490136 0.4964912  0.71904707 0.9187999  0.010860243812203407
7.0 0.         0.70352226 0.35320166 1.         0.010845435783267021
29.0 0.3152243 0.        1.        1.        0.010808502323925495
30.0 0.36145747 0.1060001  0.7259662  0.9429258  0.01059911772608757
13.0 0.1963796 0.        1.        1.        0.01058193575590849
34.0 0.22879398 0.         0.9788848  1.         0.010330278426408768
9.0 0.44876963 0.17763278 0.686539   0.71470225 0.010261325165629387
28.0 0.43794686 0.23237813 0.8198394  1.         0.010042394511401653
21.0 0.34140605 0.10554135 0.74057084 0.9403808  0.009979409165680408
13.0 0.01206402 0.7236551  0.04646164 0.80838764 0.009883947670459747
28.0 0.4744506  0.19670653 0.68415093 0.85216737 0.009849057532846928
0.0 0.2783014  0.06036991 0.9296106  1.         0.009804511442780495
30.0 0.7050416 0.6631001 1.        1.        0.009683468379080296
4.0 0.10483903 0.         1.         1.         0.009676579385995865
25.0 0.76260406 0.6389319  1.         1.         0.00967217143625021
1.0 0.4056818 0.265163  0.6716663 0.6282635 0.009641816839575768
35.0 0.36145747 0.1060001  0.7259662  0.9429258  0.009631223045289516
17.0 0.921682   0.00262887 0.99673176 0.05741412 0.009616361930966377
26.0 0.00672954 0.18601379 0.26181442 0.8367615  0.00959326047450304
28.0 0.3111357  0.3104509  0.68140906 0.7876129  0.009533239528536797
17.0 0.9193416  0.         1.         0.12085544 0.009425295516848564
1.0 0.11386755 0.         0.75149083 0.8074576  0.00941510684788227
13.0 0.32488668 0.18348184 0.7097095  0.5116602  0.009408303536474705
41.0 0.29368335 0.01677281 0.89551944 1.         0.009295365773141384
25.0 0.80944145 0.737026   1.         0.9687152  0.00928863137960434
14.0 0.28156167 0.04744485 0.71122885 0.31227177 0.009286697022616863
1.0 0.1044814  0.         1.         0.91145325 0.009256496094167233
14.0 0.2942547  0.02067858 0.91000414 1.         0.009237165562808514
