41.0 0.35694757 0.02584761 0.974491   1.         0.2606280744075775
12.0 0.36114612 0.06815183 0.9702132  1.         0.21814508736133575
28.0 0.35694757 0.02584761 0.974491   1.         0.1599937081336975
1.0 0.36644822 0.0934571  0.9650863  1.         0.14471527934074402
10.0 0.35694757 0.02584761 0.974491   1.         0.13789287209510803
5.0 0.35694757 0.02584761 0.974491   1.         0.1293233186006546
0.0 0.37666368 0.02925624 0.95250297 0.44473863 0.11481965333223343
7.0 0.35150477 0.03315306 1.         0.92091167 0.11194665729999542
7.0 0.37666368 0.02925624 0.95250297 0.44473863 0.09808624535799026
20.0 0.36114612 0.06815183 0.9702132  1.         0.08506975322961807
0.0 0.34481958 0.         0.9981574  0.77416694 0.08328289538621902
3.0 0.36114612 0.06815183 0.9702132  1.         0.07119011133909225
0.0 0.43114698 0.32755178 0.5850198  0.43764788 0.061386797577142715
26.0 0.3699655  0.12146744 0.9398089  1.         0.0584232322871685
10.0 0.3502111  0.3231194  0.91724515 0.86340284 0.05254245921969414
1.0 0.42203325 0.32013384 0.5898244  0.47009686 0.052307117730379105
18.0 0.42512733 0.31997874 0.5893732  0.4660646  0.05184381455183029
14.0 0.42512733 0.31997874 0.5893732  0.4660646  0.04544522985816002
0.0 0.41265512 0.25123033 0.62190807 0.46894988 0.04527219384908676
37.0 0.35150477 0.03315306 1.         0.92091167 0.0436306931078434
10.0 0.37732142 0.11613058 0.96858495 0.5911089  0.04334346204996109
11.0 0.3560757  0.15177035 0.9627479  1.         0.04201250895857811
42.0 0.35694757 0.02584761 0.974491   1.         0.04001690074801445
0.0 0.         0.7584123  0.53031117 1.         0.039938997477293015
28.0 0.3502111  0.3231194  0.91724515 0.86340284 0.03821132704615593
28.0 0.41606608 0.19257256 0.62237203 0.5333506  0.03780661150813103
11.0 0.39694494 0.44159046 0.7037583  0.6439581  0.036239903420209885
7.0 0.42512733 0.31997874 0.5893732  0.4660646  0.0362350232899189
11.0 0.42512733 0.31997874 0.5893732  0.4660646  0.03341728821396828
5.0 0.44355026 0.00713915 0.99349    0.34085596 0.032939884811639786
39.0 0.36644822 0.0934571  0.9650863  1.         0.03263459727168083
15.0 0.44355026 0.00713915 0.99349    0.34085596 0.0323992520570755
14.0 0.35694757 0.02584761 0.974491   1.         0.032252900302410126
34.0 0.376546   0.05093315 0.99734807 0.99477804 0.03202129527926445
5.0 0.37732142 0.11613058 0.96858495 0.5911089  0.03144022822380066
21.0 0.3859882  0.0345751  0.99903834 1.         0.030769065022468567
11.0 0.39463937 0.3666344  0.6615256  0.56108034 0.03009624406695366
11.0 0.36514625 0.35727653 0.81767654 0.9017215  0.02976849675178528
10.0 0.42879924 0.32875523 0.5861758  0.45110634 0.02976105734705925
29.0 0.3859882  0.0345751  0.99903834 1.         0.02893337979912758
6.0 0.36644822 0.0934571  0.9650863  1.         0.028904518112540245
0.0 0.41689345 0.14924678 0.62614924 0.4105185  0.028734983876347542
28.0 0.37732142 0.11613058 0.96858495 0.5911089  0.027785703539848328
24.0 0.44355026 0.00713915 0.99349    0.34085596 0.02549281157553196
41.0 0.3502111  0.3231194  0.91724515 0.86340284 0.02526753954589367
22.0 0.39095655 0.12793833 0.9351454  0.9945287  0.024911893531680107
18.0 0.35150477 0.03315306 1.         0.92091167 0.024427782744169235
33.0 0.376546   0.05093315 0.99734807 0.99477804 0.024201003834605217
1.0 0.42177686 0.2786156  0.6151444  0.57948464 0.022962482646107674
41.0 0.37732142 0.11613058 0.96858495 0.5911089  0.022866735234856606
10.0 0.3970626  0.31500056 0.6289435  0.48649487 0.022743793204426765
16.0 0.51242805 0.         0.99969923 0.37067276 0.02217409387230873
0.0 0.41447085 0.02215901 0.82295436 0.3037421  0.02162105031311512
4.0 0.376546   0.05093315 0.99734807 0.99477804 0.021582458168268204
0.0 6.1380911e-01 4.5105815e-04 1.0000000e+00 4.0459162e-01 0.02153676562011242
37.0 0.37732142 0.11613058 0.96858495 0.5911089  0.02143096923828125
13.0 0.43114698 0.32755178 0.5850198  0.43764788 0.02127552218735218
18.0 0.37666368 0.02925624 0.95250297 0.44473863 0.021135300397872925
28.0 0.3970626  0.31500056 0.6289435  0.48649487 0.021066877990961075
38.0 0.41430968 0.550673   0.95554906 0.98901534 0.020762130618095398
7.0 0.46024942 0.         1.         0.32116872 0.020738111808896065
37.0 0.41265512 0.25123033 0.62190807 0.46894988 0.0203537680208683
11.0 0.43414742 0.49144495 0.76569134 0.70740795 0.020155610516667366
41.0 0.30682945 0.         1.         0.7251761  0.019610455259680748
40.0 0.39787614 0.         0.95621514 0.9726608  0.01929994486272335
20.0 0.30682945 0.         1.         0.7251761  0.01926308311522007
31.0 0.8038883  0.         0.9884845  0.27257636 0.018891073763370514
1.0 0.39585218 0.33042088 0.6971986  0.69702446 0.018836425617337227
41.0 0.33907527 0.4225133  1.         1.         0.018690824508666992
28.0 0.4005295  0.11620735 0.58544046 0.44348168 0.018386514857411385
34.0 0.37732142 0.11613058 0.96858495 0.5911089  0.01828599162399769
4.0 0.24188572 0.         1.         1.         0.018143663182854652
3.0 0.3696229  0.35064992 0.8352981  0.93739927 0.01802842877805233
0.0 0.46024942 0.         1.         0.32116872 0.017968522384762764
38.0 0.49757066 0.00146145 1.         0.35758078 0.017945904284715652
16.0 0.8038883  0.         0.9884845  0.27257636 0.01791093684732914
17.0 0.8345459  0.00222797 0.99336904 0.10893117 0.017790403217077255
7.0 0.39013627 0.2467893  0.6032106  0.47251782 0.017338253557682037
37.0 0.42790985 0.32541868 0.586447   0.45671245 0.017176667228341103
4.0 0.39962718 0.1484     0.65072155 0.57777834 0.01713758148252964
0.0 0.15445314 0.8180635  0.55985886 0.98873913 0.016864052042365074
10.0 0.41473833 0.         1.         0.8136043  0.016705941408872604
10.0 0.33907527 0.4225133  1.         1.         0.0166768915951252
28.0 0.40460676 0.2875004  1.         1.         0.016606410965323448
32.0 0.38001895 0.04456082 0.961238   1.         0.016586145386099815
0.0 0.40676245 0.1107116  0.86489856 0.98537254 0.01654142141342163
11.0 0.33910638 0.11606421 0.8961596  0.5692448  0.016527045518159866
15.0 0.44791085 0.02274126 0.9291058  0.92383444 0.016206301748752594
9.0 0.7160709 0.8090913 0.9954889 1.        0.01587936468422413
28.0 0.42879924 0.32875523 0.5861758  0.45110634 0.015430833213031292
10.0 0.39463937 0.3666344  0.6615256  0.56108034 0.015402778051793575
28.0 0.30682945 0.         1.         0.7251761  0.01536581665277481
11.0 0.38142264 0.63651633 0.97181034 1.         0.015309933573007584
38.0 0.8038883  0.         0.9884845  0.27257636 0.015300030820071697
7.0 0.3961767  0.28435355 0.6561763  0.5853682  0.015189534984529018
0.0 0.39634743 0.09286904 0.6531478  0.32500127 0.015186924487352371
0.0 0.6446407 0.0554865 1.        0.6145255 0.015181491151452065
1.0 0.65706927 0.25973675 1.         0.98822176 0.015146518126130104
10.0 0.37459958 0.29009208 0.74171245 0.7555603  0.015026417560875416
18.0 0.42591727 0.21710078 0.6097429  0.5035454  0.014984157867729664
