9.0 0.41957033 0.2361294  0.6238221  0.5358499  0.5240522027015686
18.0 0.42504475 0.24926499 0.63444483 0.5298929  0.36835646629333496
13.0 0.42504475 0.24926499 0.63444483 0.5298929  0.2322729378938675
38.0 0.42115998 0.23780887 0.62308323 0.53315085 0.19431518018245697
14.0 0.42028165 0.24017972 0.62300694 0.5340406  0.18568584322929382
38.0 0.38866213 0.21948722 0.95019186 0.6348249  0.12738698720932007
18.0 0.38866213 0.21948722 0.95019186 0.6348249  0.11714810878038406
40.0 0.41890508 0.23867562 0.620701   0.53161323 0.11236085742712021
42.0 0.41890508 0.23867562 0.620701   0.53161323 0.08527781069278717
17.0 0.4269001  0.24776393 0.6338646  0.5283569  0.08120927214622498
25.0 0.7321063 0.        0.9984915 0.5858468 0.07649596035480499
40.0 0.39539558 0.22213396 0.8377721  0.6177349  0.061776600778102875
9.0 0.4126817  0.16478513 0.79623187 0.6625197  0.05604130029678345
10.0 0.41890508 0.23867562 0.620701   0.53161323 0.04934282600879669
1.0 0.4269001  0.24776393 0.6338646  0.5283569  0.04666830226778984
36.0 0.4269001  0.24776393 0.6338646  0.5283569  0.045926421880722046
0.0 0.42543107 0.06553522 1.         0.6268139  0.04471798613667488
14.0 0.39539558 0.22213396 0.8377721  0.6177349  0.04222782701253891
31.0 0.4269001  0.24776393 0.6338646  0.5283569  0.04187638312578201
2.0 0.42605126 0.24463566 0.6327716  0.5289234  0.0413922481238842
0.0 0.4269001  0.24776393 0.6338646  0.5283569  0.03985925391316414
13.0 0.39539558 0.22213396 0.8377721  0.6177349  0.037822578102350235
9.0 0.4536386  0.30925012 0.59662765 0.5017113  0.03742228075861931
16.0 0.7321063 0.        0.9984915 0.5858468 0.036606673151254654
9.0 0.4376401  0.2728017  0.60207075 0.3995303  0.03100416250526905
17.0 0.4126817  0.16478513 0.79623187 0.6625197  0.03037065453827381
0.0 0.39830586 0.1970591  1.         1.         0.028372224420309067
6.0 0.41957033 0.2361294  0.6238221  0.5358499  0.02752072364091873
17.0 0.42543107 0.06553522 1.         0.6268139  0.027245724573731422
38.0 0.40616432 0.09796065 1.         0.8942695  0.02701554261147976
22.0 0.41890508 0.23867562 0.620701   0.53161323 0.02556890808045864
31.0 0.6887245  0.         1.         0.38692945 0.024921337142586708
31.0 0.42835099 0.08499563 0.91777676 0.6229452  0.024815497919917107
42.0 0.4126817  0.16478513 0.79623187 0.6625197  0.024200044572353363
18.0 0.46524325 0.2707943  0.58482176 0.5037651  0.02304578572511673
2.0 0.39657265 0.15027803 0.95094234 0.57816154 0.022469818592071533
0.0 0.4126817  0.16478513 0.79623187 0.6625197  0.022428693249821663
28.0 0.42191568 0.22545622 0.6359235  0.526336   0.022120682522654533
4.0 0.4126817  0.16478513 0.79623187 0.6625197  0.02131124772131443
25.0 0.8271487  0.00247267 0.99056685 0.45104423 0.021173246204853058
38.0 0.579715   0.13416104 1.         0.520591   0.021133605390787125
0.0 0.579715   0.13416104 1.         0.520591   0.019591322168707848
15.0 0.4048342  0.02888933 0.9364492  0.66906166 0.01904849335551262
18.0 0.43005496 0.20274313 0.76228505 0.5779485  0.01894810050725937
1.0 0.39539558 0.22213396 0.8377721  0.6177349  0.018308516591787338
4.0 0.42554104 0.24161223 0.63116693 0.52885056 0.018153509125113487
21.0 0.00349423 0.3858815  0.3164582  1.         0.01800324022769928
9.0 0.49805555 0.25643545 0.61293256 0.49062586 0.017969096079468727
17.0 0.77984345 0.         1.         0.52002347 0.01795690692961216
40.0 0.40124214 0.08045043 0.6756798  0.50479865 0.017820850014686584
7.0 0.4269001  0.24776393 0.6338646  0.5283569  0.017494207248091698
0.0 0.5883984 0.        1.        0.3621046 0.01736510917544365
7.0 0.34056753 0.1521895  0.9607839  1.         0.016702204942703247
14.0 0.44293284 0.26440257 0.59910727 0.43960816 0.016365593299269676
27.0 0.41890508 0.23867562 0.620701   0.53161323 0.01625906117260456
40.0 0.4048342  0.02888933 0.9364492  0.66906166 0.01623932085931301
16.0 0.5690121  0.15638831 0.98268276 0.6399795  0.01593863032758236
18.0 0.4376401  0.2728017  0.60207075 0.3995303  0.01589619740843773
28.0 0.4126817  0.16478513 0.79623187 0.6625197  0.015791792422533035
42.0 0.38580808 0.1080465  0.9591212  0.8412504  0.015626197680830956
38.0 0.5512911  0.31098157 1.         0.7367653  0.015563126653432846
2.0 0.42909363 0.         1.         0.77481395 0.01554176490753889
10.0 0.39539558 0.22213396 0.8377721  0.6177349  0.015475180931389332
15.0 0.42605126 0.24463566 0.6327716  0.5289234  0.015463494695723057
18.0 0.4546538  0.37321442 0.61515564 0.5011999  0.015455192886292934
16.0 0.4048342  0.02888933 0.9364492  0.66906166 0.014742306433618069
7.0 0.38967586 0.24938808 0.9382007  0.6106133  0.014720615930855274
17.0 0.9297485  0.00233767 0.9958076  0.0542056  0.014616260305047035
12.0 0.4269001  0.24776393 0.6338646  0.5283569  0.014583127573132515
3.0 0.41890508 0.23867562 0.620701   0.53161323 0.01434947457164526
24.0 0.40659457 0.22948031 0.6523312  0.56155217 0.014291703701019287
18.0 0.42909363 0.         1.         0.77481395 0.014258792623877525
42.0 0.43225446 0.25722995 0.5999142  0.3744261  0.01386253908276558
9.0 0.44548085 0.3968614  0.6014933  0.51737785 0.013630577363073826
17.0 0.8330293  0.0024376  0.9922134  0.10871848 0.013463398441672325
25.0 0.66611564 0.51014876 0.9952718  1.         0.013386102393269539
16.0 0.65593994 0.         1.         0.3533075  0.013190905563533306
7.0 0.46575418 0.12713853 1.         0.7185904  0.013099664822220802
38.0 0.70395494 0.00188137 0.99948394 0.20870012 0.01302778534591198
0.0 0.57587457 0.25799438 1.         0.7926154  0.012984935194253922
17.0 0.68196493 0.         1.         0.18766558 0.012883144430816174
38.0 0.6856011 0.0079124 1.        0.6631915 0.012817919254302979
23.0 0.39040464 0.25805673 0.8637716  0.5867746  0.012576798908412457
10.0 0.27198136 0.07410121 0.9888494  1.         0.012549652718007565
40.0 0.28252172 0.         0.9783478  1.         0.012549635022878647
13.0 0.4048342  0.02888933 0.9364492  0.66906166 0.012335867621004581
0.0 0.597978  0.        1.        0.5598562 0.012268837541341782
4.0 0.3619015  0.00271395 0.8917359  0.7811892  0.012211876921355724
28.0 0.38580808 0.1080465  0.9591212  0.8412504  0.012057827785611153
38.0 0.65606135 0.19670096 1.         0.8674406  0.011919209733605385
31.0 0.28252172 0.         0.9783478  1.         0.011608955450356007
31.0 0.579715   0.13416104 1.         0.520591   0.011592427268624306
38.0 0.49065706 0.         0.9974818  0.63038516 0.011583191342651844
25.0 0.41890508 0.23867562 0.620701   0.53161323 0.011321024969220161
13.0 0.40124214 0.08045043 0.6756798  0.50479865 0.011295650154352188
14.0 0.4048342  0.02888933 0.9364492  0.66906166 0.011136617511510849
0.0 0.6856011 0.0079124 1.        0.6631915 0.011088671162724495
0.0 0.58717227 0.3507037  1.         1.         0.011086512356996536
38.0 0.5771025  0.         1.         0.30974475 0.011067369021475315
17.0 0.7107369  0.07808039 0.9901594  0.66105413 0.011041887104511261
