41.0 0.05136356 0.29412723 0.9495348  0.8273244  0.8856813907623291
21.0 0.02487707 0.28557086 0.97860825 0.83505535 0.13137158751487732
5.0 0.01892662 0.28341532 0.9785046  0.825886   0.0730879157781601
7.0 0.01892662 0.28341532 0.9785046  0.825886   0.0677679181098938
10.0 0.02487707 0.28557086 0.97860825 0.83505535 0.060023851692676544
28.0 0.03121167 0.3036885  0.98084444 0.8082514  0.05186914652585983
38.0 0.59430104 0.2984296  0.95102006 0.782346   0.04584924876689911
31.0 0.7890059  0.7251313  0.99332976 1.         0.039018504321575165
22.0 0.03497502 0.29600862 0.9544581  0.8233459  0.03436538204550743
25.0 0.7142656  0.23453283 1.         0.8315953  0.03227381408214569
4.0 0.44397214 0.16362634 0.9649304  0.84489226 0.031819552183151245
41.0 0.48021182 0.30815315 0.9420645  0.7762482  0.03006947599351406
41.0 0.02764919 0.37088305 0.5782958  0.7965049  0.029262779280543327
3.0 0.05136356 0.29412723 0.9495348  0.8273244  0.028874002397060394
9.0 0.6683343  0.2803969  1.         0.80104053 0.026685962453484535
41.0 0.         0.1466679  0.95821536 1.         0.026437195017933846
31.0 0.7142656  0.23453283 1.         0.8315953  0.025963712483644485
38.0 0.3429688  0.38953048 0.47348127 0.47813898 0.02589021809399128
34.0 0.03121167 0.3036885  0.98084444 0.8082514  0.024134380742907524
37.0 0.02011544 0.2670825  0.96010953 0.82418364 0.023392051458358765
41.0 0.        0.        0.9909235 0.7562395 0.02299019694328308
39.0 0.04529342 0.28712776 0.9388622  0.8373002  0.02110719308257103
4.0 0.01328611 0.275626   1.         0.83930665 0.02096046321094036
0.0 0.5305473  0.26996705 0.9498021  0.8312663  0.020940667018294334
17.0 0.7142656  0.23453283 1.         0.8315953  0.02061903290450573
41.0 0.72770935 0.36483783 0.93610233 0.7143751  0.01973360776901245
42.0 0.01892662 0.28341532 0.9785046  0.825886   0.01962145045399666
0.0 0.68153346 0.7642973  1.         1.         0.01917046122252941
21.0 0.7142656  0.23453283 1.         0.8315953  0.01869344525039196
7.0 0.46855205 0.32115257 0.96823627 0.7475079  0.018679991364479065
0.0 0.         0.25655043 0.98121446 0.8805351  0.018660275265574455
17.0 0.8036777  0.7499294  0.99725366 0.99951315 0.018452918156981468
32.0 0.00176651 0.         0.1382631  0.06119607 0.01763831451535225
41.0 0.05190916 0.4097333  0.27484238 0.78592896 0.01705959253013134
19.0 0.7142656  0.23453283 1.         0.8315953  0.016699396073818207
35.0 0.61281604 0.32977387 1.         0.7481413  0.016554737463593483
0.0 0.668085   0.32839185 0.9433272  0.74824494 0.016538938507437706
30.0 0.6670598  0.17858183 1.         0.90579903 0.016407225281000137
41.0 0.00706515 0.5499926  0.25037533 0.74914116 0.016379807144403458
4.0 0.6670598  0.17858183 1.         0.90579903 0.016189461573958397
42.0 0.59430104 0.2984296  0.95102006 0.782346   0.015405417419970036
21.0 0.5305473  0.26996705 0.9498021  0.8312663  0.014808235689997673
42.0 0.72770935 0.36483783 0.93610233 0.7143751  0.014706197194755077
28.0 0.6683343  0.2803969  1.         0.80104053 0.014678516425192356
38.0 0.14535922 0.40024018 0.26855674 0.51666945 0.01447707787156105
13.0 0.7142656  0.23453283 1.         0.8315953  0.014361774548888206
41.0 0.2916068  0.08614218 1.         1.         0.014249151572585106
30.0 0.09197426 0.26800105 0.9715996  0.83621883 0.01397981122136116
25.0 0.36949015 0.29045662 0.9824517  0.79675925 0.013922926038503647
2.0 0.6683343  0.2803969  1.         0.80104053 0.01387967448681593
1.0 0.7142656  0.23453283 1.         0.8315953  0.013798069208860397
16.0 0.8036777  0.7499294  0.99725366 0.99951315 0.013791595585644245
12.0 0.03509903 0.26742408 0.96869564 0.83102083 0.013672825880348682
38.0 0.7142656  0.23453283 1.         0.8315953  0.013636117801070213
28.0 0.02255986 0.4889132  0.17087093 0.75918174 0.013566315174102783
10.0 0.59430104 0.2984296  0.95102006 0.782346   0.013235676102340221
17.0 0.55466795 0.21382347 0.95860815 0.78685725 0.01265675388276577
6.0 0.6683343  0.2803969  1.         0.80104053 0.012295151129364967
11.0 0.02932429 0.27802536 0.9589968  0.8011364  0.012225843966007233
10.0 0.02255986 0.4889132  0.17087093 0.75918174 0.012108983471989632
38.0 0.7149768  0.35185423 0.9283055  0.65838456 0.012014967389404774
0.0 0.7142656  0.23453283 1.         0.8315953  0.011870495975017548
0.0 0.74882597 0.67377836 1.         1.         0.011795604601502419
18.0 0.5098705 0.3006922 0.9493015 0.7645627 0.01173402275890112
17.0 0.8963728 0.8746082 0.9997399 1.        0.011700665578246117
22.0 0.7142656  0.23453283 1.         0.8315953  0.011562556959688663
10.0 0.03002316 0.         1.         0.7675986  0.011428463272750378
31.0 0.73827124 0.68668985 1.         1.         0.011355182155966759
28.0 0.43128252 0.23842484 0.98349833 0.7398545  0.010982363484799862
28.0 0.        0.3481823 1.        1.        0.0109363729134202
16.0 0.7142656  0.23453283 1.         0.8315953  0.01093226857483387
27.0 0.59430104 0.2984296  0.95102006 0.782346   0.010807018727064133
21.0 0.03002316 0.         1.         0.7675986  0.0107965636998415
34.0 0.5305473  0.26996705 0.9498021  0.8312663  0.010694029740989208
23.0 0.0030196  0.00115025 0.1170074  0.05801614 0.010477160103619099
3.0 0.6683343  0.2803969  1.         0.80104053 0.010476518422365189
18.0 0.7142656  0.23453283 1.         0.8315953  0.010253057815134525
41.0 0.         0.61490023 0.33093953 0.7709358  0.010165290907025337
7.0 0.72770935 0.36483783 0.93610233 0.7143751  0.010149335488677025
40.0 0.01403739 0.         0.11122482 0.06810627 0.010094855912029743
23.0 0.6670598  0.17858183 1.         0.90579903 0.010058804415166378
30.0 0.5305473  0.26996705 0.9498021  0.8312663  0.009985427372157574
28.0 0.03002316 0.         1.         0.7675986  0.009886561892926693
41.0 0.02783166 0.44746128 0.19329977 0.7554593  0.009580307640135288
25.0 0.82030904 0.72479016 0.9982424  1.         0.009497583843767643
4.0 0.09148508 0.72440684 0.8301049  1.         0.009475105442106724
7.0 0.04200453 0.31062296 0.5173448  0.85607517 0.00947155337780714
38.0 0.5455172  0.42808545 0.685604   0.52739745 0.009435437619686127
5.0 0.5305473  0.26996705 0.9498021  0.8312663  0.009407579898834229
25.0 0.01569444 0.19223008 1.         0.8595563  0.009333708323538303
10.0 0.7142656  0.23453283 1.         0.8315953  0.009294969961047173
32.0 0.7142656  0.23453283 1.         0.8315953  0.00927560031414032
41.0 0.        0.        1.        0.8703796 0.009224296547472477
1.0 0.0240816  0.53621256 0.14951073 0.7558465  0.009201163426041603
19.0 0.00967093 0.8087336  0.21790999 1.         0.009144783951342106
0.0 0.8037854  0.7961166  1.         0.99581254 0.009135826490819454
21.0 0.31890675 0.087924   0.9823625  0.95279706 0.00899291317909956
24.0 0.         0.7407205  0.52880037 1.         0.00896463356912136
0.0 0.27640277 0.3310272  0.99146265 0.7532981  0.008909016847610474
4.0 0.        0.6968626 0.2870688 0.8363404 0.008887078613042831
