8.0 0.        0.        0.8661518 0.6850194 0.687343955039978
14.0 0.3501149  0.4786643  0.48522636 0.55687034 0.4180922508239746
32.0 0.38712555 0.29443783 0.8154252  0.56311214 0.2546088993549347
18.0 0.3501149  0.4786643  0.48522636 0.55687034 0.1696745902299881
8.0 0.        0.        1.        0.9600236 0.16655533015727997
38.0 0.3501149  0.4786643  0.48522636 0.55687034 0.15456633269786835
42.0 0.3501149  0.4786643  0.48522636 0.55687034 0.12610583007335663
32.0 0.6272779  0.32826436 0.8060182  0.48997664 0.126012921333313
39.0 0.03252688 0.03241861 0.9367068  0.7065006  0.10211639851331711
15.0 0.38712555 0.29443783 0.8154252  0.56311214 0.09904886782169342
9.0 0.3501149  0.4786643  0.48522636 0.55687034 0.08457043021917343
24.0 0.38065156 0.2850369  0.81171715 0.5670476  0.07971958070993423
8.0 0.26596898 0.05420174 0.8872221  0.5469984  0.0774981752038002
7.0 0.3501149  0.4786643  0.48522636 0.55687034 0.06935221701860428
5.0 0.3833511  0.29429746 0.8056921  0.56456137 0.06834495812654495
37.0 0.38712555 0.29443783 0.8154252  0.56311214 0.055167317390441895
20.0 0.3501149  0.4786643  0.48522636 0.55687034 0.04990754649043083
40.0 0.64880633 0.31397188 0.8054093  0.5009706  0.04839372634887695
16.0 0.64880633 0.31397188 0.8054093  0.5009706  0.0471474714577198
7.0 0.38712555 0.29443783 0.8154252  0.56311214 0.04619637504220009
24.0 0.49394238 0.32966217 0.81392324 0.48837957 0.0451219379901886
40.0 0.34763694 0.48073298 0.48918158 0.559354   0.043274182826280594
20.0 0.        0.        0.9387696 0.854887  0.040873683989048004
33.0 0.04982829 0.         0.91192776 0.7252523  0.040408905595541
15.0 0.63794625 0.3255429  0.8090472  0.4931371  0.039086852222681046
40.0 0.38712555 0.29443783 0.8154252  0.56311214 0.03782666474580765
36.0 0.35210627 0.47871062 0.4839989  0.5555456  0.036786679178476334
5.0 0.5614329  0.32936224 0.8098151  0.4920055  0.035850003361701965
8.0 0.08081374 0.         1.         0.48234558 0.034590840339660645
8.0 0.        0.        1.        0.7589927 0.03286534175276756
20.0 0.5614329  0.32936224 0.8098151  0.4920055  0.032799627631902695
19.0 0.38712555 0.29443783 0.8154252  0.56311214 0.03139321506023407
39.0 0.        0.        1.        0.9448627 0.028646154329180717
27.0 0.34832022 0.47748297 0.4825649  0.5552332  0.028604984283447266
31.0 0.09585157 0.         0.88859737 0.7836766  0.02848835103213787
40.0 0.34138635 0.41980466 0.4984316  0.61454964 0.02837449684739113
27.0 0.03252688 0.03241861 0.9367068  0.7065006  0.02731236442923546
3.0 0.         0.8050287  0.32181013 1.         0.02725602686405182
20.0 0.38712555 0.29443783 0.8154252  0.56311214 0.02715323120355606
32.0 0.        0.        0.9387696 0.854887  0.02645866572856903
16.0 0.09585157 0.         0.88859737 0.7836766  0.026324547827243805
36.0 0.03252688 0.03241861 0.9367068  0.7065006  0.025353794917464256
22.0 0.03252688 0.03241861 0.9367068  0.7065006  0.025052718818187714
14.0 0.33541834 0.43986905 0.49933326 0.5883949  0.024571161717176437
29.0 0.3833511  0.29429746 0.8056921  0.56456137 0.02446109429001808
32.0 0.5796278  0.3007102  0.79791635 0.549964   0.023676404729485512
8.0 0.         0.0095268  0.62764865 0.38361955 0.023618539795279503
37.0 0.66093373 0.32557553 0.800544   0.48971528 0.02354389801621437
10.0 0.3501149  0.4786643  0.48522636 0.55687034 0.02305557020008564
1.0 0.3501149  0.4786643  0.48522636 0.55687034 0.022564809769392014
6.0 0.3501149  0.4786643  0.48522636 0.55687034 0.02241012081503868
27.0 0.        0.        1.        0.9448627 0.02206522785127163
7.0 0.5614329  0.32936224 0.8098151  0.4920055  0.021785514429211617
27.0 0.66093373 0.32557553 0.800544   0.48971528 0.021761922165751457
38.0 0.6489268  0.34524134 0.79374117 0.4568672  0.020774776116013527
8.0 0.23912251 0.         0.9514855  0.35421085 0.020123997703194618
14.0 0.38116303 0.48293576 0.44581267 0.5473597  0.01989862136542797
3.0 0.         0.72492516 0.45369008 0.9752797  0.019786914810538292
32.0 0.33676723 0.08937295 0.86246824 0.5023233  0.019558683037757874
36.0 0.64880633 0.31397188 0.8054093  0.5009706  0.01931978575885296
22.0 0.3501149  0.4786643  0.48522636 0.55687034 0.018580397590994835
0.0 0.38712555 0.29443783 0.8154252  0.56311214 0.018358411267399788
27.0 0.38712555 0.29443783 0.8154252  0.56311214 0.018263405188918114
17.0 0.        0.        0.9848082 0.8191204 0.017946114763617516
31.0 0.64880633 0.31397188 0.8054093  0.5009706  0.017929380759596825
35.0 0.        0.        0.8783388 0.6588222 0.017863506451249123
16.0 0.37485987 0.23259443 0.82937545 0.54443175 0.01757870987057686
29.0 0.61721575 0.3327186  0.80813026 0.48540205 0.01748727634549141
13.0 0.34763694 0.48073298 0.48918158 0.559354   0.017459793016314507
6.0 0.09585157 0.         0.88859737 0.7836766  0.01697552762925625
14.0 0.3497048  0.28712654 0.80176884 0.5684215  0.016429388895630836
39.0 0.0803467  0.2383531  0.98886967 0.9991586  0.016331622377038002
16.0 0.5796278  0.3007102  0.79791635 0.549964   0.01625341922044754
34.0 0.42941386 0.306104   0.8166376  0.5428616  0.01591872051358223
12.0 0.03252688 0.03241861 0.9367068  0.7065006  0.015617463737726212
37.0 0.5796278  0.3007102  0.79791635 0.549964   0.015584729611873627
3.0 0. 0. 1. 1. 0.015514321625232697
35.0 0.45167467 0.2667268  0.79663277 0.58438325 0.01477096602320671
5.0 0.15616569 0.01486889 0.8824457  0.929652   0.014400714077055454
18.0 0.34834123 0.43794283 0.48831123 0.590244   0.014382126741111279
20.0 0. 0. 1. 1. 0.014228074811398983
31.0 0.41916364 0.3113096  0.82065636 0.5341087  0.01406855322420597
11.0 0.34885633 0.4778123  0.48666757 0.556489   0.013965911231935024
16.0 0. 0. 1. 1. 0.013936229050159454
18.0 0.365769   0.48340577 0.43686602 0.5473712  0.013791317120194435
35.0 0.64880633 0.31397188 0.8054093  0.5009706  0.013697147369384766
0.0 0.34763694 0.48073298 0.48918158 0.559354   0.013664944097399712
24.0 0.3522102  0.47224402 0.48310742 0.55376756 0.013257373124361038
33.0 0.        0.        1.        0.9448627 0.013249109499156475
8.0 0.07085371 0.         0.65381426 0.55261374 0.013193114660680294
11.0 0.41557598 0.25230008 0.81382644 0.6117929  0.01315898448228836
39.0 0.38712555 0.29443783 0.8154252  0.56311214 0.013011797331273556
3.0 0.3501149  0.4786643  0.48522636 0.55687034 0.012943912297487259
32.0 0.3505019  0.47867548 0.48774308 0.56073725 0.012932585552334785
36.0 0. 0. 1. 1. 0.012868810445070267
20.0 0.37609616 0.02562064 0.8535464  0.5867334  0.01281837746500969
15.0 0.5796278  0.3007102  0.79791635 0.549964   0.012765838764607906
24.0 0.26242936 0.08467865 0.84937024 0.47719252 0.012601218186318874
11.0 0.6372924  0.30658138 0.80898213 0.5106242  0.01248809415847063
39.0 0.        0.        0.9389795 1.        0.012372924014925957
