      0/99     9.71G   0.09803   0.04123   0.09388    0.2331        43       416         0         0         0         0   0.07248   0.02809   0.08337
      1/99     9.61G   0.08314   0.04131   0.09209    0.2165        56       416         0         0         0         0   0.07095    0.0274   0.08313
      2/99     9.61G   0.08004   0.04356   0.09051    0.2141        52       416         0         0         0         0   0.07045   0.02767   0.08286
      3/99     9.61G   0.07709   0.04488   0.08961    0.2116        50       416   0.02439    0.0122   0.01329   0.00256   0.07057    0.0277   0.08227
      4/99     9.72G   0.07355   0.04473   0.08844    0.2067        42       416         0         0  0.005143 0.0008154   0.06966   0.02655   0.08163
      5/99     9.72G   0.07187   0.04369   0.08751    0.2031        41       416   0.02439  0.004878   0.01072  0.003831   0.06755   0.02902   0.08027
      6/99     9.72G   0.06948   0.04351   0.08637    0.1994        51       416   0.04878   0.02033   0.03156   0.01084   0.06561   0.03103    0.0789
      7/99     9.72G   0.06756   0.04344   0.08519    0.1962        40       416   0.02439   0.00813   0.03344  0.007744    0.0649   0.03193   0.07724
      8/99     9.72G    0.0652   0.04428   0.08392    0.1934        48       416   0.03095   0.05047   0.04559    0.0116   0.06433   0.03846   0.07694
      9/99     9.73G   0.06394   0.04273   0.08232     0.189        50       416  0.003581   0.02439   0.03355   0.01247   0.06489   0.03148   0.07573
     10/99     9.73G   0.06296   0.04027   0.08125    0.1845        48       416   0.04108   0.07724   0.08653    0.0217   0.06143   0.03388   0.07337
     11/99     9.73G   0.06078   0.04141   0.07861    0.1808        42       416   0.01567   0.05691    0.0928   0.03504   0.05935   0.03177   0.07277
     12/99     9.73G   0.05941   0.04009   0.07761    0.1771        50       416   0.04798   0.09146   0.08519   0.03108   0.05635   0.03094   0.06861
     13/99     9.73G   0.05814   0.03988    0.0748    0.1728        49       416   0.05319    0.1736    0.1163   0.04948   0.05656   0.03173   0.06821
     14/99     9.73G    0.0575   0.03702   0.07275    0.1673        37       416         0         0  0.003787  0.001304   0.08919   0.02549    0.1883
     15/99     9.73G   0.05812    0.0366   0.07196    0.1667        41       416    0.1281    0.1646    0.1668   0.05922    0.0593   0.02706   0.06811
     16/99     9.73G   0.05633   0.03564   0.06947    0.1614        45       416    0.1207    0.1891    0.1448   0.05912   0.05715   0.02965   0.06552
     17/99     9.73G   0.05647   0.03608   0.06742      0.16        52       416   0.08078    0.1756    0.1736   0.04698    0.0556   0.02941   0.06548
     18/99     9.73G    0.0545    0.0345   0.06634    0.1553        37       416   0.06958    0.2649    0.2134   0.09322   0.05204   0.02942   0.06109
     19/99     9.73G   0.05279   0.03557   0.06398    0.1524        41       416   0.09385    0.1745     0.152   0.07096   0.05645   0.02568   0.06214
     20/99     9.73G   0.05394   0.03282   0.06254    0.1493        41       416    0.1339    0.2183     0.224   0.09786   0.05798    0.0264   0.06107
     21/99     9.73G   0.05188   0.03323   0.06063    0.1457        45       416   0.07896    0.2249    0.2383   0.07563   0.05494   0.02592   0.06006
     22/99     9.73G   0.05209    0.0341   0.05934    0.1455        47       416    0.1963    0.2674    0.2435   0.09862   0.05804   0.02637   0.06219
     23/99     9.73G   0.05348    0.0329   0.05775    0.1441        52       416    0.2016    0.2881    0.2761    0.1224   0.05221   0.02513   0.05826
     24/99     9.73G   0.05286   0.03252   0.05603    0.1414        44       416    0.1845    0.3512    0.3227    0.1384    0.0496   0.02768    0.0535
     25/99     9.73G   0.05086   0.03192   0.05497    0.1377        46       416    0.1904    0.3797     0.356    0.1398   0.04949   0.02434   0.05094
     26/99     9.73G   0.05119   0.03212   0.05272     0.136        47       416    0.1895    0.4154    0.3966    0.1602   0.05204   0.02573   0.04983
     27/99     9.73G   0.05165   0.03048   0.05012    0.1322        47       416    0.2524    0.4079    0.3774     0.168   0.05497   0.02304    0.0487
     28/99     9.73G   0.05165   0.03076   0.05041    0.1328        47       416     0.158    0.3699    0.3138    0.1407   0.05289   0.02524   0.05186
     29/99     9.73G   0.05062   0.03008   0.04846    0.1292        39       416    0.2844    0.4096    0.3797    0.1754   0.05164   0.02178   0.04921
     30/99     9.73G   0.04953   0.02996    0.0465     0.126        46       416    0.1854    0.4412    0.4236    0.1632   0.05324   0.02197   0.04572
     31/99     9.73G   0.04942   0.02925   0.04534     0.124        41       416    0.2298    0.5549    0.4647    0.2154   0.04973   0.02303   0.04522
     32/99     9.73G   0.04848   0.02986   0.04271     0.121        52       416     0.201    0.4529    0.4363    0.1926   0.04872   0.02216   0.04576
     33/99     9.73G   0.04906   0.02987   0.04161    0.1205        44       416    0.1976     0.599    0.5114     0.202   0.05195   0.02412   0.04221
     34/99     9.73G   0.04772   0.02775   0.03912    0.1146        42       416     0.207    0.5576    0.4726    0.2375    0.0489    0.0244   0.04388
     35/99     9.73G   0.04709   0.02868   0.03909    0.1149        52       416    0.1877    0.5461     0.471    0.2266   0.04982   0.02264   0.04202
     36/99     9.73G   0.04704   0.02803    0.0376    0.1127        49       416    0.1939    0.5529    0.4549    0.1932   0.05211   0.02299   0.04418
     37/99     9.73G   0.04752   0.02756   0.03535    0.1104        47       416    0.2263    0.5485    0.4773     0.202   0.05519     0.021   0.04236
     38/99     9.73G   0.04679    0.0276   0.03297    0.1074        53       416    0.2195    0.6093    0.5562    0.2876   0.04489     0.021   0.04001
     39/99     9.73G   0.04496   0.02728   0.03264    0.1049        51       416    0.2574    0.5874    0.5097    0.2406   0.05128   0.01886   0.04076
     40/99     9.73G   0.04543    0.0274   0.03294    0.1058        41       416    0.2429     0.653     0.609    0.2775   0.04746   0.02029   0.03862
     41/99     9.73G   0.04566   0.02659   0.03099    0.1032        50       416    0.2423    0.6089    0.5525    0.2764   0.04982   0.02137   0.04081
     42/99     9.73G   0.04449   0.02714   0.03172    0.1034        39       416    0.2093    0.5923    0.5009      0.25   0.04658   0.02283   0.04053
     43/99     9.73G   0.04473   0.02605   0.02849   0.09927        49       416    0.2618    0.6114    0.5839    0.2631   0.04808   0.01937   0.04002
     44/99     9.73G    0.0442   0.02591   0.02828   0.09839        44       416    0.2623    0.6476    0.5658    0.2696   0.04684   0.01919    0.0371
     45/99     9.73G   0.04356    0.0257   0.02702   0.09628        53       416    0.2815    0.6712    0.6136    0.3196   0.04277   0.01963   0.03288
     46/99     9.73G   0.04353   0.02544   0.02578   0.09475        54       416    0.2609    0.5891    0.5422    0.2779   0.04652   0.02157   0.04111
     47/99     9.73G   0.04338   0.02491   0.02469   0.09298        42       416    0.2703    0.6161    0.5507    0.2516   0.05073   0.01921    0.0361
     48/99     9.73G   0.04279   0.02521   0.02487   0.09287        40       416    0.2897    0.6063    0.6088     0.312    0.0455   0.01908   0.03569
     49/99     9.73G   0.04259   0.02563   0.02402   0.09223        46       416    0.2718    0.6395    0.5851    0.2968   0.04505   0.01938   0.03566
     50/99     9.73G   0.04184   0.02541   0.02285    0.0901        48       416    0.3131    0.6623     0.626    0.3092   0.04319   0.01943   0.03556
     51/99     9.73G   0.04167   0.02468   0.02256   0.08891        47       416    0.2294     0.671    0.5793    0.2856   0.04448   0.02201   0.03792
     52/99     9.73G   0.04061   0.02437   0.02108   0.08606        46       416    0.2512    0.6306    0.5941    0.3327    0.0413   0.02047   0.03602
     53/99     9.73G   0.04099   0.02436   0.02118   0.08654        51       416    0.2787    0.6526    0.6296    0.3354   0.04147   0.01904   0.03238
     54/99     9.73G   0.04133   0.02404   0.02094   0.08631        43       416    0.2799    0.6716    0.6015    0.3156   0.04378   0.01954   0.03764
     55/99     9.73G   0.03994   0.02482   0.01972   0.08448        50       416    0.2917    0.6377    0.6102    0.3145   0.04343   0.01905   0.03084
     56/99     9.73G   0.04075   0.02305   0.01926   0.08306        42       416    0.3295    0.5972    0.5433    0.2631   0.04637   0.01795   0.03248
     57/99     9.73G   0.03971   0.02369   0.01953   0.08293        41       416    0.2565     0.588    0.5418    0.2409   0.04535   0.01814    0.0358
     58/99     9.73G   0.03941   0.02383   0.01931   0.08255        57       416    0.3506    0.6698    0.6359    0.3261   0.04459   0.01837   0.03129
     59/99     9.73G   0.03895    0.0234   0.01795    0.0803        45       416    0.3102    0.6321    0.5753    0.2616   0.04785   0.01792   0.03183
     60/99     9.73G   0.03877   0.02362   0.01727   0.07965        52       416    0.3357    0.6784    0.6267    0.3102    0.0453    0.0181   0.03249
     61/99     9.73G   0.03772   0.02367   0.01676   0.07815        49       416    0.3181    0.6402    0.6074    0.2937   0.04619   0.01834   0.03157
     62/99     9.73G    0.0371   0.02271   0.01643   0.07624        47       416    0.3248     0.629    0.6285    0.3204   0.04349   0.01741    0.0348
     63/99     9.73G    0.0365   0.02371    0.0167   0.07692        51       416    0.3136    0.6179    0.5769    0.3123   0.04493    0.0183   0.03179
     64/99     9.73G   0.03753   0.02267   0.01639   0.07659        53       416    0.3435    0.6577    0.6317    0.3453   0.04065   0.01799    0.0345
     65/99     9.73G   0.03751   0.02296   0.01601   0.07648        50       416    0.3326    0.6715    0.6182    0.3329   0.04349    0.0169   0.03136
     66/99     9.73G   0.03636   0.02189   0.01507   0.07332        46       416    0.3355    0.6647     0.647    0.3285   0.04258   0.01785   0.02999
     67/99     9.73G   0.03641   0.02183   0.01471   0.07295        43       416     0.309    0.6726    0.6386    0.3479   0.04511   0.01771   0.03058
     68/99     9.73G   0.03557   0.02174   0.01396   0.07127        41       416    0.3314    0.6251    0.6058    0.3249   0.04449   0.01767   0.03164
     69/99     9.73G   0.03592   0.02193   0.01393   0.07178        49       416    0.3136    0.6747    0.6531    0.3653   0.04169   0.01802   0.03055
     70/99     9.73G   0.03415   0.02198   0.01325   0.06938        43       416    0.3696    0.7081    0.6554    0.3738   0.04013     0.017   0.02666
     71/99     9.73G   0.03407   0.02106   0.01268    0.0678        43       416    0.3308    0.6448    0.6244    0.3165   0.04524   0.01743   0.02932
     72/99     9.73G   0.03436    0.0216   0.01312   0.06908        45       416    0.3432    0.6402    0.6363    0.3811   0.03916   0.01848   0.03223
     73/99     9.73G   0.03373   0.02147   0.01237   0.06757        43       416    0.3622    0.7085    0.6793    0.3462   0.04281   0.01766   0.03073
     74/99     9.73G   0.03351   0.02142   0.01235   0.06728        48       416    0.3293    0.7117    0.6337    0.3405   0.04245   0.01825   0.03014
     75/99     9.73G   0.03338   0.02147   0.01135    0.0662        48       416    0.3446    0.6821    0.6362    0.3198   0.04505   0.01659   0.03031
     76/99     9.73G   0.03327   0.02123   0.01186   0.06635        48       416    0.3202    0.6492    0.6356    0.3165   0.04498    0.0168   0.03046
     77/99     9.73G   0.03261   0.02104   0.01088   0.06452        43       416    0.3624    0.6789    0.6505    0.3495   0.04583   0.01655   0.03057
     78/99     9.73G   0.03166   0.02151     0.011   0.06416        45       416    0.3776    0.6902    0.6494    0.3386    0.0454   0.01655   0.02801
     79/99     9.73G   0.03198   0.02063   0.01119   0.06379        46       416    0.3971    0.7011    0.6908    0.3825   0.04091   0.01681    0.0306
     80/99     9.73G   0.03131   0.02048   0.01061    0.0624        57       416    0.3541    0.6568    0.6488    0.3678   0.04409   0.01702   0.02904
     81/99     9.73G   0.03109   0.02061   0.01055   0.06225        43       416    0.3268    0.6465     0.623    0.3508   0.04108   0.01716   0.03132
     82/99     9.73G   0.03185   0.02046  0.009984   0.06229        40       416    0.3693    0.6993    0.6845    0.4008   0.03841   0.01768   0.02848
     83/99     9.73G   0.03047   0.01996      0.01   0.06043        50       416    0.3664    0.6939    0.6694    0.3685     0.042   0.01672   0.02733
     84/99     9.73G   0.03014   0.01992  0.008972   0.05904        39       416    0.3773    0.7002    0.6849    0.3854   0.04078   0.01665   0.03054
     85/99     9.73G   0.03071   0.01975  0.009084   0.05955        48       416    0.3651     0.687    0.6757    0.3747   0.03873   0.01683   0.02873
     86/99     9.73G   0.02921   0.01962  0.008852   0.05768        52       416    0.4092    0.6659    0.6541    0.3578   0.04087     0.016   0.03072
     87/99     9.73G    0.0304   0.02019  0.009821   0.06041        45       416    0.3764    0.6907    0.6839     0.377   0.04009   0.01604   0.02765
     88/99     9.73G   0.02953   0.01993  0.009405   0.05886        46       416    0.3655    0.6766    0.6683     0.363   0.04481   0.01615    0.0285
     89/99     9.73G    0.0299   0.01976  0.008183   0.05785        52       416     0.403    0.7109    0.6915    0.3926   0.04105   0.01625   0.02676
     90/99     9.73G   0.02933   0.01962  0.008854   0.05781        53       416    0.3757    0.7224    0.6737    0.3679     0.041   0.01604   0.03034
     91/99     9.73G   0.02972   0.01974  0.009407   0.05887        52       416    0.3802    0.7214    0.6943    0.3755   0.04116   0.01597   0.02558
     92/99     9.73G   0.02872   0.01953  0.008913   0.05716        42       416    0.3739     0.713    0.6924    0.3753    0.0407   0.01595    0.0255
     93/99     9.73G    0.0287   0.01975  0.008909   0.05735        46       416     0.387     0.723    0.6986    0.3684   0.03983   0.01624   0.02693
     94/99     9.73G   0.02864   0.02007  0.008553   0.05725        39       416    0.3854    0.6882    0.6806     0.405   0.04062    0.0163   0.03051
     95/99     9.73G   0.02814   0.01942  0.008011   0.05556        43       416    0.3638    0.6887    0.6773     0.368     0.043   0.01602   0.03016
     96/99     9.73G   0.02775   0.01853  0.008106   0.05439        36       416    0.3334    0.6858    0.6757    0.3588   0.04196   0.01634   0.02633
     97/99     9.73G   0.02777   0.01986  0.007958   0.05558        53       416    0.3808    0.6896    0.6794    0.3837   0.04005   0.01704   0.02754
     98/99     9.73G   0.02733   0.01867  0.007228   0.05322        40       416    0.3824    0.6884    0.6794    0.3692   0.04326   0.01603   0.02976
     99/99     9.73G   0.02695   0.01927  0.007727   0.05395        53       416    0.3834    0.6858    0.6783    0.4107   0.03874   0.01665     0.028
