34 0.16933177 0.41838035 0.8883638  0.78023654 0.5718551278114319
27 0.         0.07597341 0.8805173  0.9611769  0.4400979280471802
27 0.         0.25511423 0.82683575 0.8368369  0.41527506709098816
27 0.16532618 0.2829882  0.5891825  0.8481464  0.4040437638759613
34 0.01698837 0.3141534  1.         0.86758304 0.40103238821029663
27 0.06592771 0.34860477 0.74897635 0.7992516  0.38530969619750977
27 0.08634511 0.19175017 0.53119546 0.7411024  0.29678478837013245
27 0.         0.22213165 0.6271282  0.6483671  0.29421064257621765
34 0.         0.08039474 0.9452681  0.9958232  0.25394538044929504
34 0.2521465  0.42710847 0.7025237  0.92671764 0.2209445834159851
27 0.1849015  0.43778348 0.8161652  0.85246927 0.18163424730300903
34 0.1427039  0.27962214 0.65864015 0.8358351  0.1739654242992401
27 0.24431524 0.34939048 0.660762   0.8999626  0.16042320430278778
27 0.32712024 0.3935285  0.7302114  0.9683314  0.14559705555438995
27 0.05854396 0.38906038 0.9148977  0.9213012  0.1367807239294052
34 0.15572818 0.4677884  0.9879723  0.8824864  0.12834656238555908
34 0.1271167 0.3207385 0.7246609 0.6876188 0.11983325332403183
41 0.27587175 0.36982927 0.5112979  0.63429004 0.11802468448877335
27 0.         0.10342675 0.5931409  0.8285888  0.11317412555217743
27 0.         0.06925916 0.5031013  0.60341054 0.10662731528282166
34 0.19579422 0.41826436 0.6099107  0.63514894 0.10346852988004684
34 0.         0.07884405 0.8647502  0.6875189  0.09485835582017899
24 0.26987645 0.25191656 0.6617053  0.6698062  0.088595911860466
37 0.15521054 0.37727705 0.49344686 0.60686505 0.08364248275756836
24 0.20363465 0.         0.77700186 0.60919976 0.07005239278078079
27 0.16105126 0.36640376 0.5201124  0.62736976 0.06928040832281113
37 0.12526363 0.2594849  0.50914    0.749363   0.061708226799964905
24 0.28509742 0.15230909 0.49788716 0.64900404 0.06079676374793053
20 0.1780428  0.43205395 0.51131195 0.5928761  0.05765970051288605
24 0.3108974 0.1870399 0.5609249 0.726656  0.05081489309668541
24 0.26511618 0.38764557 0.4757311  0.6061515  0.050546739250421524
34 0.1652225  0.3812993  0.56631774 0.57783675 0.050510913133621216
34 0.12116461 0.4453127  0.75041276 0.7147418  0.05020274594426155
21 0.03987829 0.0728806  0.6411022  0.7598238  0.046378958970308304
27 0.46929994 0.5981962  0.7410203  0.8124455  0.045723047107458115
21 0.         0.01559146 0.29944488 0.40599725 0.045471999794244766
27 0.29503292 0.48843625 0.940576   0.8749882  0.04294680804014206
24 0.2959067  0.42491716 0.7016434  0.7638996  0.0425274521112442
34 0.26427642 0.36877832 1.         0.98461294 0.04206756502389908
24 0.37606558 0.33194306 0.6151876  0.89903677 0.04156480357050896
33 0.29896164 0.49096173 0.7557155  0.9489248  0.03868769481778145
34 0.04050374 0.2623751  0.7340194  0.6062734  0.03699282556772232
24 0.12321097 0.09072775 0.38499516 0.4726389  0.03638438135385513
41 0.2584934  0.4920013  0.76972246 0.77232623 0.03606067970395088
41 0.2252827  0.3581632  0.60994995 0.7409434  0.03444374352693558
41 0.08508301 0.18318802 0.38519925 0.60182744 0.03374767675995827
24 0.16410896 0.11818799 0.61456597 0.64950687 0.03356796130537987
10 0.01676743 0.01537135 0.28778812 0.47135386 0.03125298395752907
25 0.         0.46975562 0.7421306  0.9385905  0.029061434790492058
41 0.07353313 0.275978   0.46062085 0.5532837  0.02837337553501129
34 0.16708697 0.25660232 0.5597042  0.7135772  0.027323678135871887
25 0.         0.07938228 0.91630596 0.7160907  0.025678586214780807
37 0.         0.35139364 0.6693261  0.75796604 0.025615647435188293
25 0.         0.24689141 0.7076662  0.84264094 0.02500169910490513
3 0.31384867 0.4113083  0.46499237 0.56775665 0.02483469806611538
33 0.14854479 0.3180003  0.4723579  0.784468   0.02464975044131279
40 0.        0.        0.9979934 0.8547713 0.02445666305720806
34 0.         0.1300848  0.58130294 0.52334833 0.024112217128276825
24 0.3085653  0.26543078 0.8256421  0.87523216 0.023842912167310715
21 0.02841667 0.06584058 0.43361735 0.583152   0.023767879232764244
41 0.25360382 0.27392918 0.47399643 0.75554854 0.023524602875113487
25 0.        0.5718513 0.7014002 0.8392361 0.02298424392938614
25 0.         0.18121165 0.8479493  0.9734022  0.022899821400642395
24 0.17058654 0.10717855 0.43881145 0.52662784 0.02254394441843033
41 0.         0.13862324 0.24670441 0.4542851  0.022198986262083054
21 0.         0.0352183  0.23671286 0.2764046  0.021820692345499992
27 0.18896282 0.02618266 0.96398675 1.         0.02156073786318302
21 0.         0.01647251 0.21835831 0.19419838 0.021549254655838013
40 0.         0.         0.66759586 0.7537479  0.020732777193188667
33 0.        0.1611582 0.7979405 1.        0.02012600190937519
24 0.05404617 0.09504329 0.3056418  0.4245372  0.019812962040305138
24 0.26018235 0.33147505 0.4827834  0.76090974 0.01924889348447323
41 0.08874288 0.2468158  0.65324616 0.7532213  0.017135702073574066
34 0.39885646 0.57306075 0.7872256  0.7928628  0.016735192388296127
20 0.11359902 0.44344744 0.6597103  0.75055194 0.016569292172789574
25 0.         0.11513878 0.63531554 0.54571503 0.016556300222873688
33 0.17110212 0.550355   0.9341639  0.9412564  0.01615724340081215
24 0.44041634 0.41627222 0.68808967 0.8894617  0.01603039726614952
40 0.         0.         0.54192597 0.63191044 0.015924690291285515
24 0.30307987 0.38977027 0.52511275 0.6482667  0.015476346015930176
27 0.07465609 0.6159938  0.86936057 0.90003234 0.015103750862181187
25 0.03158267 0.39175263 0.5163896  0.8310472  0.015082579106092453
21 0.21767393 0.32706264 0.6770172  0.8034035  0.014939122833311558
27 0.45687795 0.47862393 0.7968846  0.98295534 0.014871638268232346
20 0.17247939 0.34800792 0.5465048  0.71543    0.014492117799818516
24 0.40309876 0.38053602 0.77050984 0.8592414  0.014252189546823502
27 0.         0.10547373 0.3852387  0.49568692 0.014150910079479218
24 0.16761114 0.14171514 1.         0.70906353 0.013977141119539738
41 0.06111906 0.28762808 0.4287192  0.7718425  0.013868246227502823
34 0.35819897 0.42096114 0.82105714 0.9848933  0.013429640792310238
7 0.         0.         0.57953227 1.         0.013270026072859764
38 0.01361041 0.78755873 0.498219   1.         0.013221708126366138
24 0.13243872 0.12081459 0.44854015 0.716878   0.013095347210764885
25 0.05063324 0.5599964  0.49175763 0.9390964  0.012605512514710426
19 0.         0.21231799 0.43804446 0.7189188  0.012425352819263935
10 0.00175723 0.05342538 0.2838436  0.33572415 0.012357349507510662
4 0.03007307 0.22162454 0.4782819  0.6201639  0.012330391444265842
33 0.38685986 0.5349876  0.83077914 0.991824   0.012288141995668411
24 0.13086794 0.25012624 0.5621352  0.610064   0.011973639950156212
3 0.32669896 0.44667476 0.49688482 0.5826192  0.011879455298185349
38 0.724759   0.         1.         0.31880435 0.01176777109503746
34 0.17797428 0.3436156  0.52009755 0.8341576  0.011524414643645287
21 0.13001646 0.20433961 0.55405897 0.6817202  0.01118181087076664
38 5.2291405e-01 6.6866557e-04 1.0000000e+00 4.4875285e-01 0.011169208213686943
38 0.00377233 0.1622611  0.83761084 0.7125783  0.011056246235966682
33 0.0586234  0.34951928 0.62740415 0.79697704 0.010960351675748825
33 0.         0.41306895 0.97000766 0.9972571  0.010919716209173203
5 0.         0.         0.5382532  0.66520876 0.01087948027998209
25 0.        0.6762375 0.7674598 0.9134141 0.01078776828944683
7 0.         0.08686747 0.4769624  0.93232495 0.010724291205406189
24 0.13594529 0.03439435 0.6201323  0.47811708 0.010690445080399513
25 0.        0.3603969 0.7680483 0.7551962 0.010586658492684364
3 0.27077964 0.2859206  0.50885624 0.70241416 0.010559769347310066
37 0.         0.30740067 0.5263084  0.6467342  0.010371910408139229
24 0.14372174 0.27970594 0.71834576 0.81569165 0.010112668387591839
19 0.00615523 0.14927341 0.36277267 0.80011976 0.010061295703053474
33 0.02384575 0.19866356 0.44188935 0.6916819  0.01002504862844944
38 0.79569   0.        1.        0.5967194 0.009941527619957924
38 0.627579   0.00401591 1.         0.16699174 0.009930312633514404
1 0.04276767 0.05837311 0.51649475 0.53932595 0.009898971766233444
28 0.27922168 0.01567491 0.7443026  0.20496045 0.009766938164830208
38 0.3026743  0.0220298  1.         0.32187665 0.009552684612572193
25 0.06774493 0.2655674  0.5620383  0.76366514 0.009505967609584332
27 0.         0.05053401 0.8040549  0.58919436 0.009400000795722008
1 0.         0.03810056 0.94538575 0.5899504  0.009368184953927994
29 0.15597844 0.20437917 0.58930105 1.         0.009345711208879948
41 0.05194336 0.18260132 0.5769349  0.6130244  0.009327479638159275
21 0.1020945  0.13228758 0.7936008  0.8637494  0.009277325123548508
20 0.14416112 0.5674862  0.7408911  0.78278106 0.009264461696147919
41 0.45632258 0.5353575  0.71457183 0.7832125  0.009112364612519741
1 0.         0.10244612 0.7076676  0.49707583 0.009100706316530704
37 0.18204577 0.42871335 0.6931319  0.7993472  0.0090864859521389
18 0.05894088 0.         0.25784084 0.32643816 0.009056522510945797
33 0.08601374 0.46569017 0.80523384 0.8681162  0.00893447082489729
33 0.4437512  0.6269374  0.73177993 0.8148456  0.008760856464505196
34 0.        0.1902699 0.5229502 0.7995047 0.008612078614532948
38 0.16144256 0.18806621 0.9363537  0.94232965 0.008449030108749866
38 0.06015518 0.15848199 0.6093756  0.5613022  0.00844318326562643
34 0.         0.06225273 0.88836336 0.4898118  0.008433360606431961
7 0.         0.         0.36163387 0.791585   0.008398293517529964
23 0.09124777 0.         0.92946833 0.7221875  0.008350417017936707
24 0.24755748 0.20999359 0.71390873 0.5665465  0.00820472463965416
5 0.         0.         0.7309724  0.87904495 0.008137711323797703
19 0.         0.08042786 0.47241747 0.86684126 0.008094791322946548
34 0.         0.26165026 0.5040895  0.5189964  0.008065939880907536
25 0.         0.30780703 0.5360703  0.5853437  0.008023311384022236
18 0.04893622 0.         0.3276658  0.47788453 0.008021383546292782
24 0.18157843 0.00746126 0.2931889  0.05640396 0.00797752570360899
37 0.20488209 0.39853674 0.5495876  0.76145864 0.007959057576954365
41 0.38260785 0.3869151  0.6309377  0.825342   0.007918107323348522
33 0.17704676 0.4013242  0.58913666 0.87394005 0.00791118573397398
38 0.2210523  0.01582591 0.7675786  0.21853489 0.007822397165000439
27 0.         0.20226529 0.46466255 0.5223098  0.007820822298526764
18 0.02736808 0.         0.31359366 0.18285307 0.007808674592524767
29 0.17901619 0.39816839 0.83395284 1.         0.00771785993129015
34 0.06337848 0.5149701  0.71794385 0.7729218  0.007712235674262047
41 0.1521145  0.3900134  0.7916743  0.75341094 0.00771218491718173
22 0.29740396 0.         0.70181406 0.18489458 0.007684170734137297
3 0.09098297 0.24966376 0.6252895  0.7254905  0.007672012783586979
40 0.        0.3372067 1.        1.        0.00767124816775322
24 0.20844695 0.00821973 0.32123283 0.0546148  0.007635969668626785
24 0.19487615 0.00480438 0.33665147 0.03814624 0.007605622056871653
19 0.02073138 0.10337001 0.5844195  1.         0.007508737966418266
1 0.09108091 0.10613307 0.41676348 0.48592713 0.007485220208764076
33 0.17711134 0.4260864  0.43144694 0.61183375 0.007483898662030697
6 0.0094635  0.50751364 0.15434103 0.70224893 0.007481129840016365
34 0.06837746 0.16852352 0.47732455 0.63576156 0.00747554749250412
21 0.00416334 0.00979061 0.16611308 0.26690996 0.007434898987412453
21 0.03383949 0.07814696 0.34335142 0.4458574  0.007430249359458685
25 0.29302853 0.4280787  0.7533303  0.8657916  0.007298524025827646
4 0.         0.31247112 0.50600666 0.7344395  0.007266074884682894
4 0.07366379 0.34731928 1.         0.871597   0.007162929978221655
25 0.        0.2746654 0.6415174 0.6965852 0.007089028134942055
7 0.         0.17380188 0.4147253  0.70470905 0.007070623338222504
25 0.2500913 0.3750827 0.6408876 0.9463164 0.006979303900152445
6 0.7255974  0.         0.9888916  0.60333866 0.006956024561077356
41 0.43345648 0.41591382 0.68204457 0.85382104 0.00686867069453001
20 0.06927872 0.44788983 0.7541628  0.8477521  0.006847092881798744
41 0.20049003 0.24895737 0.4236499  0.65682286 0.0068375589326024055
2 0.14106753 0.18275598 0.8705578  0.9449925  0.006800135597586632
25 0.         0.53033274 0.65045816 0.74887156 0.00674747908487916
41 0.1405461  0.37020713 0.49776912 0.63144064 0.006714649964123964
19 0.19621177 0.30119538 0.40273494 0.9709386  0.006687635090202093
41 0.02270657 0.22836706 0.31608883 0.5006146  0.006613949313759804
25 0.05619087 0.41025564 0.48157606 0.643442   0.006613587029278278
21 0.23724218 0.34074277 0.46345535 0.6410149  0.006538736168295145
38 0.4568535  0.00454839 1.         0.22118881 0.006490732077509165
9 0.03954435 0.4073256  0.64177114 0.8093063  0.006456851493567228
37 0.1389013  0.22415233 0.45267436 0.62634045 0.006411080714315176
6 0.01140209 0.5623682  0.15530035 0.7580816  0.006239219103008509
24 0.21306661 0.41415274 0.57968587 0.7482956  0.006154624745249748
38 0.27225727 0.00619284 1.         0.16413394 0.006130275782197714
41 0.01039706 0.19042777 0.4488785  0.47666007 0.006127644330263138
38 0.3884409  0.02194288 0.7840552  0.33000934 0.006123428698629141
38 0.24178338 0.6005773  1.         1.         0.006105629727244377
40 0.         0.29048213 0.83016515 0.8570801  0.006090402603149414
25 0.19899641 0.23938823 0.9494847  0.78707534 0.006081045605242252
25 0.11812004 0.5675388  0.7986103  0.9541688  0.00606333464384079
2 0.16531487 0.3348423  0.7171429  0.8103091  0.0060162851586937904
28 0.28014475 0.01499527 0.89959323 0.15095028 0.006006961222738028
2 0.07435951 0.00259308 0.7747434  1.         0.006001438945531845
20 0.02774699 0.29324198 0.5225442  0.57621574 0.0059704831801354885
41 0.26525036 0.41046184 0.5427835  0.79286295 0.00594952329993248
25 0.         0.16183245 0.506205   0.61386794 0.005943950731307268
7 0.         0.         0.29751995 0.44365552 0.005924812518060207
4 0.         0.         0.31523606 0.44403234 0.005891787353903055
6 0.5364403 0.        0.9805582 0.5094918 0.005838037468492985
20 0.20056655 0.4094632  0.51076734 0.80192894 0.005831418093293905
22 0.00430388 0.505568   0.14528722 0.68996733 0.005826506298035383
24 0.5038251  0.5888115  0.70370543 0.776282   0.0058203586377203465
6 0.00916388 0.6717385  0.15854953 0.87703025 0.005802383180707693
37 0.29950538 0.42539862 0.6151974  0.83586514 0.0056768180802464485
32 0.03319669 0.00715878 0.27112976 0.40366593 0.00567416287958622
1 0.         0.07024946 1.         0.8117547  0.005671934690326452
35 0.11599688 0.41384363 0.67919457 0.9517753  0.005592823959887028
34 0.47891247 0.5809987  1.         0.872782   0.005582729820162058
21 0.22372381 0.24314876 0.5131741  0.752776   0.005578006152063608
22 0.00360209 0.55787027 0.1476357  0.74230003 0.005568350199609995
5 0.05704132 0.         0.8146601  1.         0.005518944002687931
24 0.32603833 0.01961469 0.8740853  0.7272277  0.005447568837553263
7 0.         0.31452572 0.5469911  1.         0.005415637511759996
38 0.7277473  0.11781942 1.         0.62063074 0.005396839696913958
40 0.         0.12398415 0.8524586  0.7387909  0.005296503193676472
25 0.05798528 0.5121413  0.84236854 0.85087305 0.00522590521723032
22 0.2872375  0.         0.8800336  0.13968344 0.005207781679928303
43 0.05603435 0.         0.42447    0.70828086 0.005197448655962944
6 0.7340544  0.         0.9926046  0.37318015 0.005176572594791651
35 0.         0.15593605 0.6456758  0.8468701  0.005158291198313236
6 0.         0.73104995 0.48820603 1.         0.005149630829691887
25 0.06059095 0.17410421 0.8523457  0.62182695 0.005144697148352861
1 0.34441164 0.36577916 0.7824282  0.9236709  0.005078091286122799
37 0.         0.15961426 0.71812296 0.7058324  0.00504962308332324
21 0.14494812 0.35242355 0.8450919  0.8933767  0.005017950665205717
29 0.27676484 0.35442758 0.6712548  1.         0.004997405223548412
38 0.00336327 0.53005266 0.15786023 0.68746245 0.00499546667560935
6 0.0086622  0.46154058 0.12034792 0.7412047  0.004945825785398483
21 0.1512864  0.12266482 0.45135775 0.6409002  0.004924222361296415
19 0.         0.23779987 0.54028654 0.9227869  0.004873641300946474
20 0.18193233 0.46824715 0.6517817  0.68131363 0.0048719835467636585
38 0.8607722  0.4117753  1.         0.65584606 0.004871085751801729
1 0.24288706 0.01377971 0.6462537  0.22155271 0.0048278383910655975
40 0.         0.         0.36865947 0.52811503 0.004790661856532097
25 0.17606421 0.4143148  1.         0.91760796 0.004779575392603874
6 0.30711678 0.         0.9586831  0.3595199  0.004775477107614279
24 0.1419095  0.00382334 0.27840385 0.04020952 0.004770721774548292
38 0.799594   0.00784176 0.9972597  0.08326206 0.0047698309645056725
33 4.9728394e-04 1.3071327e-01 6.0330266e-01 8.7014490e-01 0.004753559362143278
29 0.19260517 0.18342122 0.4612913  1.         0.0047516911290585995
6 0.85233057 0.37644783 0.99974185 0.6906861  0.004748503211885691
28 0.33730972 0.02128207 1.         0.2972435  0.004687769338488579
6 0.7890262  0.         0.99629265 0.8218154  0.004681218881160021
6 0.01190781 0.6171892  0.1577591  0.8183131  0.004674733150750399
5 0.0070518  0.13705659 0.6200773  0.72563446 0.00464834738522768
23 0.         0.         0.73815566 0.61387026 0.004645475652068853
38 0.07017794 0.33612913 0.74882925 0.7923102  0.004614838398993015
34 0.         0.15187293 0.40432423 0.5412413  0.004602944944053888
4 0.01743154 0.35978663 0.5377602  0.60872483 0.004576545208692551
6 0.6332877  0.07514168 0.98794067 0.55155927 0.0045384191907942295
22 0.         0.46058235 0.1102403  0.73657894 0.004533963743597269
38 0.63042086 0.12792738 1.         0.50412977 0.0045211222022771835
1 0.192137   0.00962808 0.7427556  0.17495966 0.004504369106143713
25 0.00104584 0.732226   0.62443346 0.94624656 0.0044972654432058334
22 0.37938598 0.         0.97520703 0.26981315 0.004478188697248697
1 0.00403025 0.19243076 0.38599342 0.45040843 0.0044667827896773815
4 0.        0.3494574 0.7510587 0.7158161 0.004456906113773584
19 0.03194977 0.32675156 0.7507087  1.         0.004403979517519474
22 0.68432415 0.         1.         0.13515857 0.004340690560638905
38 0.1530604  0.50924265 0.85537684 0.95626366 0.004282841458916664
35 0.         0.30331764 0.7612834  1.         0.004277783911675215
22 0.5779963  0.         0.99808085 0.39903164 0.004210461862385273
35 0.3521442  0.40025058 0.6876447  1.         0.004198045935481787
3 0.06904592 0.24382651 0.44140992 0.6147809  0.0041482532396912575
1 0.01506551 0.13298118 0.59876794 0.43512726 0.00408286415040493
15 0.         0.24827133 0.61461234 0.62164587 0.00407347921282053
24 0.15226008 0.00597118 0.26533747 0.05894081 0.004059778526425362
22 0.45998394 0.         0.8836611  0.18664567 0.004047528374940157
15 0.11450287 0.34733638 0.5663554  0.7689408  0.004044728819280863
20 0.         0.14640692 0.5327582  0.65655947 0.004038487561047077
38 0.        0.8212441 0.7558517 1.        0.003998979460448027
6 0.00889608 0.57664716 0.12219823 0.86020166 0.003988438751548529
22 0.44549328 0.         0.7553217  0.2822555  0.003977206535637379
38 0.32558212 0.5313815  0.98888236 0.8938876  0.003940911497920752
38 0.15405805 0.10775778 0.8918081  0.5274009  0.003926255740225315
38 0.36039993 0.48662025 0.81168526 0.87134576 0.00388460629619658
6 0.00780692 0.44845995 0.15500031 0.6489929  0.0038724655751138926
28 0.0054689  0.523473   0.16002333 0.6895409  0.0038704155012965202
6 0.6555056  0.         0.9887758  0.27097723 0.003864757949486375
24 0.08507445 0.17158328 0.34881952 0.48359784 0.003854251466691494
18 0.         0.         0.38706115 0.40323535 0.0038523657713085413
1 0.23041153 0.19248742 0.7054221  0.7167807  0.0038272773381322622
28 0.39529648 0.02378993 0.78627425 0.3005734  0.00382265099324286
9 0.15825298 0.378554   0.47852948 0.7937334  0.0037840851582586765
19 0.         0.13243102 0.46691117 0.5701289  0.003780289087444544
38 0.07459755 0.3494489  0.6616903  0.6253885  0.003768336959183216
25 0.         0.44000867 0.6117237  0.6900509  0.003763513406738639
22 0.00221129 0.60536665 0.14704603 0.79180694 0.0037563289515674114
35 0.09080665 0.2294662  0.48739818 0.87041646 0.003746985923498869
3 0.06597608 0.10255684 0.90284264 0.72865736 0.003713231533765793
6 0.2990996  0.         0.72164536 0.26021087 0.003687795251607895
23 0.         0.18011366 0.75066847 0.7153012  0.003683073678985238
