39 0.12529917 0.12448972 0.90680563 0.7205055  0.41327324509620667
39 0.20359446 0.28979412 0.7506899  0.7437816  0.1627517193555832
15 0.34216157 0.03355718 1.         0.77970946 0.12057524919509888
39 0.0583164 0.2701428 1.        0.8178119 0.10198225826025009
39 0.29022098 0.24522856 0.87833875 0.69579387 0.09075247496366501
29 0.11914098 0.         0.97832906 1.         0.0543123222887516
6 3.2656989e-04 3.9471459e-01 1.5027441e-01 5.5828643e-01 0.05420553684234619
6 0.         0.60048884 0.07740106 0.6783454  0.05313891917467117
6 3.4704208e-05 5.7338119e-01 7.7601857e-02 6.5174675e-01 0.05274750292301178
6 0.        0.6273284 0.0772943 0.7046442 0.05271084979176521
6 0.         0.45108405 0.15062799 0.60929966 0.05268885940313339
6 4.3393136e-04 5.8424622e-01 5.5300497e-02 6.9334930e-01 0.05258703976869583
6 5.6712155e-04 5.1901799e-01 7.7756956e-02 5.9800857e-01 0.0524117536842823
6 4.2530379e-04 5.4618341e-01 7.7793978e-02 6.2490267e-01 0.05227639526128769
24 0.06338601 0.8453333  0.2134195  0.98928934 0.051912810653448105
6 3.7190755e-04 6.3786483e-01 5.5097803e-02 7.4599844e-01 0.05144808441400528
24 0.06027685 0.8855182  0.26769182 0.98958683 0.05143038183450699
39 0.09045795 0.17206551 0.67548263 0.68775564 0.05122912675142288
6 0.         0.49994642 0.10964328 0.71933097 0.051216818392276764
6 0.00080223 0.52978945 0.05572357 0.639467   0.05116377770900726
6 0.0010445  0.47449943 0.05578173 0.5855895  0.05096803978085518
15 0.49023327 0.22564912 0.9470527  0.6058072  0.05091775581240654
6 6.3620729e-04 5.8736145e-01 3.8733248e-02 7.4417704e-01 0.050809670239686966
6 0.         0.6540532  0.07731743 0.73087513 0.05073517560958862
24 0.00981326 0.7858359  0.22730747 0.91900945 0.050603050738573074
6 0.00062754 0.38477072 0.11003894 0.61701924 0.05033278465270996
10 0.21307905 0.8307315  0.39004827 0.9953653  0.05024069920182228
6 0.00084727 0.53300154 0.03902105 0.69119537 0.05001608654856682
24 0.01122323 0.8464203  0.29377747 0.98334557 0.049965810030698776
6 0.         0.5565567  0.10944804 0.77161264 0.049671199172735214
24 0.11032959 0.93656814 0.21722062 0.99567235 0.04895484820008278
22 0.00357763 0.39478576 0.15226658 0.5573854  0.048823095858097076
6 0.00137121 0.44782135 0.07905719 0.7614426  0.048697296530008316
6 0.         0.6809804  0.0772718  0.75721216 0.04867534711956978
24 0.12049993 0.8448653  0.26256382 0.9824048  0.048493292182683945
22 5.9225084e-04 3.8729993e-01 1.0963331e-01 6.2072378e-01 0.04849022626876831
24 0.01066614 0.91602767 0.25735387 0.9929507  0.0484534315764904
10 0.20431024 0.8769688  0.45344254 0.99574894 0.048228874802589417
24 0.09343658 0.95079553 0.23752402 0.99678653 0.04815332591533661
10 0.16340818 0.83340627 0.33473566 0.9960933  0.048069026321172714
24 0.13661115 0.93632704 0.24257775 0.99425244 0.0479096882045269
22 0.         0.47587952 0.05557813 0.58849144 0.04780599847435951
22 0.         0.5189014  0.07775337 0.5989331  0.04769301414489746
1 0.05848466 0.94733393 0.20394436 1.         0.04750886186957359
1 0.00570026 0.9103897  0.25050014 1.         0.047499772161245346
6 4.9827894e-04 6.4101464e-01 3.8692567e-02 7.9635733e-01 0.04739633947610855
6 0.         0.50915843 0.15071015 0.6616788  0.047242455184459686
24 0.11457474 0.88614696 0.31766003 0.9872436  0.0469791479408741
22 0.         0.54536736 0.07765938 0.6256772  0.046771787106990814
22 0.00322423 0.44992626 0.15424076 0.6105807  0.046641573309898376
22 0.         0.52944595 0.05548036 0.641649   0.046191319823265076
1 0.         0.83591306 0.30126935 1.         0.0459880568087101
22 0.         0.5719241  0.07763967 0.65255356 0.045812174677848816
1 0.         0.83220404 0.502188   0.9992271  0.04576607421040535
24 0.08345385 0.9367262  0.1915706  0.99682367 0.0456145741045475
41 0.22002162 0.93463534 0.32727662 0.99990207 0.04554830119013786
22 1.90124512e-04 4.97703731e-01 1.11029625e-01 7.25344002e-01 0.0455063059926033
22 0.         0.5826869  0.05527964 0.695402   0.045193951576948166
22 0.         0.59862226 0.0777225  0.6793957  0.04512512683868408
22 2.9844602e-04 3.9610466e-01 7.9070643e-02 7.2058237e-01 0.045114513486623764
6 2.5693257e-04 6.9166028e-01 5.5103373e-02 7.9875213e-01 0.04502807930111885
6 0.         0.70790833 0.07723369 0.78362185 0.044986434280872345
22 0.         0.62556386 0.07774053 0.7060577  0.044554758816957474
22 0.         0.5335135  0.03871031 0.6942196  0.044400203973054886
22 0.0029432 0.5032662 0.1556568 0.6636446 0.04436264559626579
10 0.20735635 0.93246156 0.3327102  0.99691755 0.043913453817367554
6 0.         0.6115701  0.10937446 0.8250824  0.043895602226257324
20 2.9567719e-04 6.2846524e-01 7.7995554e-02 7.0456457e-01 0.043797027319669724
24 0.10443306 0.9167449  0.3853223  0.9902925  0.043789517134428024
20 4.6426457e-04 6.0204732e-01 7.8078896e-02 6.7769551e-01 0.04369126260280609
6 2.8378805e-04 5.6197554e-01 7.9378381e-02 8.7128299e-01 0.04361331835389137
18 0.16556032 0.871221   0.38480368 0.9933011  0.04355357587337494
10 0.14005877 0.9109117  0.4794574  0.9964034  0.043546922504901886
24 0.14406553 0.950704   0.28882873 0.99489444 0.04351561889052391
24 0.00265287 0.8131377  0.17879993 0.94775516 0.04305572062730789
22 0.         0.6526936  0.07778029 0.7326331  0.042996615171432495
20 3.3633868e-04 6.4043444e-01 8.4210917e-02 7.4606097e-01 0.042973581701517105
22 0.         0.6366713  0.05518432 0.7486331  0.0428803376853466
22 0.         0.5869511  0.03859547 0.74720526 0.04272052273154259
22 0.         0.50658125 0.07908298 0.82545954 0.04250691831111908
24 0.00886652 0.705571   0.21517912 0.89741886 0.04245581850409508
24 0.17202032 0.846194   0.31415844 0.97948    0.0424366258084774
1 0.10319024 0.9316849  0.20975551 1.         0.0421069860458374
20 5.3498906e-04 5.7530981e-01 7.8276455e-02 6.5057248e-01 0.042106661945581436
39 0.21670067 0.14988022 1.         0.8918553  0.042077623307704926
20 0.         0.6132973  0.05589221 0.71943796 0.042054664343595505
6 0.         0.5671313  0.14939682 0.7145428  0.04191979020833969
20 1.1892319e-05 5.8694470e-01 5.6114197e-02 6.9242108e-01 0.04187675565481186
22 0.00272811 0.55624276 0.15675534 0.7166372  0.04187297075986862
24 0.03454266 0.63614875 0.18625534 0.9127977  0.04174003377556801
25 0.14850692 0.94800144 0.31699932 1.         0.04165537282824516
20 3.0996004e-04 6.6670281e-01 8.3834901e-02 7.7260011e-01 0.041531648486852646
1 0.00439141 0.8022246  0.16930029 0.9644607  0.04139129817485809
20 5.7126046e-04 5.1228356e-01 8.0501661e-02 8.1471074e-01 0.041333865374326706
24 0.02703822 0.8497018  0.47364438 0.9817922  0.0412503182888031
1 0.09511553 0.87576604 0.32190242 1.         0.041233353316783905
41 0.17875603 0.94936615 0.3210384  1.         0.04120290279388428
24 0.16379939 0.8882285  0.36695695 0.9857612  0.04114115238189697
24 0.18874191 0.9374296  0.29298046 0.99215764 0.04109317809343338
1 1.1589051e-04 7.7402145e-01 2.2485915e-01 9.3440759e-01 0.0410865843296051
18 0.17303643 0.824733   0.326935   0.9908705  0.040977805852890015
6 2.9258728e-05 7.1855694e-01 5.5255916e-02 8.2571375e-01 0.04094661772251129
1 0.08012404 0.90869397 0.39406413 1.         0.040935780853033066
1 0.00322575 0.74525654 0.1704213  0.9092797  0.040934354066848755
1 0.         0.76130605 0.37758952 1.         0.040858350694179535
10 0.00190081 0.8377245  0.53434926 0.99103    0.04083634912967682
18 0.21480271 0.9303318  0.32770407 0.99519557 0.0408322699368
22 0.         0.67975193 0.07775484 0.7591041  0.04083174839615822
18 0.22531855 0.82012343 0.38104448 0.9892327  0.04081190750002861
1 0.00281351 0.60348123 0.15848696 0.83757585 0.040733110159635544
1 0.05522327 0.83300847 0.20563214 1.         0.04068152606487274
20 8.2228980e-05 5.6008905e-01 5.6274835e-02 6.6528553e-01 0.04066860303282738
10 0.10165665 0.87984705 0.3409729  0.9960396  0.04060157760977745
22 0.         0.6408216  0.03867067 0.7997777  0.040577758103609085
6 0.         0.73463047 0.07728607 0.81020284 0.040502406656742096
24 0.00365256 0.7579769  0.17692074 0.89544994 0.0403258241713047
6 6.2095484e-04 9.0725332e-01 3.8890649e-02 1.0000000e+00 0.0402352549135685
24 0.02440695 0.7888755  0.3634467  0.97837526 0.04023083671927452
20 5.0311728e-04 5.4828238e-01 7.8493334e-02 6.2342989e-01 0.040084876120090485
10 0.11046351 0.83579105 0.2808376  0.9973769  0.04002877324819565
22 0.         0.60550755 0.11076925 0.83138263 0.03999245539307594
24 0.05243959 0.7240004  0.16117683 0.8230269  0.03993137925863266
6 3.278796e-04 6.950872e-01 3.887517e-02 8.501580e-01 0.03989765793085098
20 3.6654790e-04 7.0798004e-01 7.7563547e-02 7.8410029e-01 0.039870861917734146
24 0.2196812  0.91781884 0.4861658  0.9869271  0.03975062072277069
41 0.238052   0.91437554 0.520849   0.9973176  0.039705563336610794
1 0.05321045 0.9332644  0.15914962 1.         0.039653513580560684
18 0.22050425 0.86904114 0.4406962  0.9913434  0.03956880792975426
24 0.21467546 0.93765116 0.31868166 0.99168706 0.03951147198677063
6 3.7388483e-04 9.2996931e-01 5.5081625e-02 1.0000000e+00 0.039489250630140305
41 0.11979444 0.91287816 0.39855334 0.99998814 0.03944232314825058
24 0.05514432 0.93683493 0.16462354 0.9970105  0.03941793367266655
20 0.00162313 0.5601166  0.11168287 0.772002   0.03940034285187721
20 0.         0.591563   0.03935191 0.7425107  0.03938747197389603
41 0.2294739  0.88216156 0.44392884 0.99792206 0.0393749438226223
20 0.00176311 0.5064616  0.11254728 0.7187097  0.03932194039225578
20 0.         0.69218814 0.05534679 0.799081   0.039129339158535004
1 0.1863889  0.90899354 0.5120918  0.997723   0.03903060778975487
20 8.0569589e-05 5.3276777e-01 5.6467988e-02 6.3810855e-01 0.03895065560936928
20 0.         0.6438729  0.03911173 0.79555607 0.0389038510620594
22 0.         0.7066422  0.07775715 0.7856368  0.03885851800441742
22 0.         0.6908212  0.05519711 0.8014841  0.03881329670548439
18 0.16680175 0.945647   0.32417563 0.9976664  0.03878903016448021
18 0.15911008 0.9044914  0.46418795 0.9943449  0.03876859322190285
25 0.1969991  0.9345491  0.322685   0.99989474 0.03864847868680954
6 0.02096572 0.6696317  0.13518445 0.7709866  0.038617633283138275
41 0.17701213 0.8812201  0.38791937 0.99861354 0.03857697919011116
1 0.10766734 0.9465765  0.2609925  1.         0.03855087608098984
1 0.0305845  0.6056712  0.17904253 0.9384308  0.03842983394861221
22 0.         0.55522066 0.13727444 0.8750666  0.03829830139875412
1 0.15731087 0.83218193 0.3209624  0.9980952  0.03829510509967804
10 0.0268454  0.91285527 0.36129045 0.9956214  0.03829406946897507
1 0.00377745 0.6913052  0.145875   0.85520905 0.03829328343272209
6 0.         0.9461128  0.07691009 1.         0.03826456889510155
1 0.12872443 0.9310124  0.23888947 1.         0.038256894797086716
25 0.05679539 0.9497389  0.21127702 0.9988944  0.038226641714572906
1 0.10600921 0.8305225  0.26386842 1.         0.038210902363061905
20 6.5790817e-05 5.3802240e-01 3.9498586e-02 6.8860960e-01 0.038183074444532394
6 0.         0.57146555 0.13310954 0.86895144 0.03817962110042572
1 0.00442621 0.5857082  0.14721029 0.7489444  0.038147300481796265
41 0.23112153 0.838315   0.38567767 0.99637526 0.03791341558098793
6 0.         0.7102564  0.12907809 0.78388953 0.03785659000277519
24 0.01953857 0.7331858  0.2535504  0.8667897  0.03782523423433304
18 0.15959643 0.9303171  0.27326962 0.9982659  0.03768803924322128
10 0.1600012  0.94797957 0.33048487 0.99788433 0.0375899001955986
22 0.         0.6947028  0.03879396 0.852978   0.037549931555986404
20 7.1282708e-04 7.3479390e-01 7.7282004e-02 8.1046665e-01 0.037538785487413406
22 0.00199552 0.61129975 0.15737227 0.7694532  0.03753586858510971
6 0.         0.6218748  0.14915077 0.7675283  0.037494901567697525
24 0.22093873 0.8885773  0.41874903 0.9843555  0.03748716041445732
22 0.         0.73332375 0.07765561 0.8121747  0.03745375946164131
25 0.14751025 0.93281925 0.269135   1.         0.03740589693188667
20 0.00189626 0.61293256 0.11080062 0.82599306 0.03726877644658089
20 3.1422934e-04 5.2135783e-01 7.8916445e-02 5.9648085e-01 0.03726291283965111
25 0.00268813 0.5965336  0.14899059 0.7397764  0.037206634879112244
20 1.7478943e-04 7.1911824e-01 5.5098988e-02 8.2554001e-01 0.03715891018509865
25 0.         0.618841   0.16246751 0.8265443  0.037096213549375534
1 0.         0.6812748  0.21320859 0.913058   0.03702010214328766
10 0.         0.9105014  0.15386893 0.99455744 0.037007275968790054
24 0.02550869 0.7781447  0.13449527 0.87762636 0.036908235400915146
24 0.00119436 0.67500794 0.16195643 0.8739143  0.03687528148293495
1 0.00110198 0.54555935 0.18701564 0.7832894  0.03686264529824257
6 0.         0.6658363  0.10947612 0.8797492  0.03676113486289978
24 0.22531576 0.84788245 0.36607575 0.9785756  0.036647990345954895
25 0.01635938 0.9092886  0.34657967 0.9989107  0.03663783147931099
22 0.02472899 0.6638369  0.14039989 0.77280974 0.03661102056503296
6 0.         0.7455603  0.05531359 0.85308695 0.036532383412122726
41 0.16730799 0.9343636  0.2704367  0.99952006 0.03650279715657234
24 0.01015837 0.65494114 0.21735108 0.84538233 0.036486923694610596
22 2.3046494e-04 7.0630819e-01 1.3379961e-01 7.8541291e-01 0.03648342937231064
20 0.         0.5056044  0.05685396 0.6110232  0.03642451390624046
20 0.00172667 0.4534462  0.11357976 0.663203   0.03639788553118706
10 0.         0.8379258  0.32452023 0.9947839  0.03638624772429466
41 0.28873047 0.8838924  0.49940857 0.9969267  0.036287516355514526
1 0.052118   0.71506095 0.15700604 0.829559   0.03624948486685753
1 0.2507369  0.8753308  0.48819974 0.99801576 0.03620659187436104
1 0.02553058 0.77135783 0.13078226 0.8842246  0.036202143877744675
1 0.00727533 0.91185206 0.14931038 1.         0.03612043708562851
6 0.         0.76128554 0.07723092 0.83737206 0.03611426055431366
24 0.27836055 0.88885915 0.47095057 0.9824562  0.03608829900622368
25 0.00336149 0.5167115  0.14706722 0.6609093  0.036076802760362625
25 0.         0.56044656 0.18975434 0.7742876  0.03605911135673523
24 0.00149876 0.6227811  0.16107789 0.8203093  0.03603194281458855
18 0.11110338 0.8727925  0.32874054 0.9977188  0.035992201417684555
6 0.         0.7230436  0.06653028 0.87825495 0.035991523414850235
25 0.02521276 0.6727305  0.13364755 0.77140015 0.03580571338534355
25 0.08057975 0.8776993  0.32614    0.9994443  0.03578558191657066
41 0.17853121 0.8380061  0.3300252  0.9977634  0.035751402378082275
22 0.         0.7442517  0.05510636 0.85445774 0.03574845567345619
6 0.02148616 0.6963394  0.13534063 0.79803234 0.035723257809877396
6 0.01906771 0.93263453 0.13628879 1.         0.03570195287466049
20 5.0426484e-04 4.0756413e-01 8.2384750e-02 7.0483768e-01 0.03565441071987152
25 0.103231   0.9476925  0.26421905 1.         0.03565037250518799
10 0.         0.9486249  0.07666731 0.99740255 0.03564565256237984
24 0.00472935 0.5728414  0.18915208 0.7670374  0.035611025989055634
1 0.15432116 0.931848   0.26853412 1.         0.03555813804268837
25 0.0045418  0.40917003 0.14468527 0.5547042  0.03548896685242653
25 0.00437621 0.46283707 0.14587642 0.60832435 0.035473912954330444
25 0.00075585 0.512761   0.10473515 0.7194989  0.03539099544286728
1 0.21048728 0.83157694 0.37422344 0.99891156 0.035378411412239075
22 0.         0.7202898  0.06650713 0.8796444  0.03533264249563217
22 0.         0.7596986  0.07736821 0.83853203 0.03528023138642311
24 0.02723127 0.9371257  0.13660312 0.9958887  0.03525367006659508
6 0.         0.87777215 0.10960553 1.         0.03524898737668991
25 0.         0.8360855  0.31753537 0.99753845 0.035227663815021515
41 0.12348236 0.8821037  0.32794735 0.99987835 0.03521549329161644
24 0.02589737 0.75086105 0.13383734 0.8512291  0.035195473581552505
10 0.15483241 0.933523   0.2787286  0.99760664 0.03517686948180199
20 2.4065813e-04 6.9719154e-01 3.8756128e-02 8.4875739e-01 0.0350850448012352
1 0.02699171 0.66312313 0.13248044 0.77639705 0.035082511603832245
24 0.00125825 0.7916699  0.12716398 0.86308664 0.035041213035583496
22 0.         0.6106251  0.07939447 0.93071496 0.03500865772366524
1 0.20722035 0.9335895  0.32439464 0.9986025  0.034966155886650085
38 0.         0.885454   0.10874921 0.9981416  0.034932322800159454
25 0.05132172 0.9376259  0.16284043 0.9973742  0.03491311892867088
34 0.6929727  0.02090721 1.         0.44802806 0.034888334572315216
25 7.2719256e-04 5.6634086e-01 1.0533914e-01 7.7107495e-01 0.034864138811826706
1 0.00234552 0.7874812  0.12494161 0.8676766  0.034837014973163605
10 0.3129866  0.8781403  0.57027066 0.99166995 0.03475264459848404
10 0.01426873 0.93371725 0.1386168  0.99512696 0.03472496569156647
25 0.07705636 0.9354992  0.18939017 0.9978777  0.03470514714717865
10 0.24780431 0.9105829  0.5981095  0.99225587 0.03468548506498337
6 3.4618379e-06 8.3324981e-01 7.9657316e-02 1.0000000e+00 0.03464073687791824
25 0.02497886 0.6990841  0.13383383 0.79814935 0.03457355871796608
25 0.09513114 0.8347486  0.26991853 0.999894   0.03454120457172394
24 0.         0.84045315 0.15257712 0.976225   0.034421201795339584
6 2.0111084e-04 6.9916940e-01 7.9058915e-02 1.0000000e+00 0.03438851237297058
38 0.         0.9142093  0.14775786 0.9983998  0.034376032650470734
41 0.13944319 0.934251   0.24136898 0.99967074 0.034344855695962906
6 4.5257411e-04 7.4841058e-01 3.8905945e-02 9.0611362e-01 0.034270402044057846
25 0.         0.8829921  0.22419602 0.9952569  0.03424481302499771
25 0.         0.6717553  0.16401601 0.8793732  0.034151192754507065
1 0.15888299 0.9475628  0.31903353 1.         0.03412902355194092
41 0.05672829 0.7240332  0.16291639 0.8255689  0.0341208390891552
10 0.13660999 0.77666503 0.6141769  0.98566103 0.03411266580224037
20 7.2718621e-04 7.4682742e-01 5.4939117e-02 8.5205597e-01 0.03410087525844574
24 0.02609782 0.72381777 0.13373564 0.8244631  0.03407435864210129
25 0.00103293 0.45971686 0.10437015 0.6670064  0.03405396267771721
41 0.1220959  0.83834314 0.26920885 0.9996971  0.034046873450279236
25 1.5968959e-04 7.1159256e-01 1.2744172e-01 7.8356290e-01 0.03399725630879402
38 0.00079772 0.39612135 0.1491594  0.54841757 0.03395722061395645
20 0.00119291 0.7618179  0.07705949 0.8367771  0.03395500034093857
6 1.1395773e-04 7.7175516e-01 5.5367641e-02 8.8065392e-01 0.033945418894290924
22 0.         0.7328844  0.13401455 0.81199574 0.03390214592218399
20 0.00159414 0.72537196 0.06576975 0.8764672  0.033900175243616104
25 0.         0.57748914 0.07283015 0.64971924 0.03388871252536774
25 0.         0.52470577 0.0725887  0.59693253 0.03388586267828941
24 0.00305227 0.9164293  0.1528418  0.9950783  0.033860914409160614
25 0.         0.77743757 0.24091494 0.928859   0.033857982605695724
41 0.12163305 0.94957286 0.26258212 0.99986684 0.03383413702249527
25 0.02467479 0.72506565 0.1345037  0.8251056  0.033825211226940155
24 0.00155748 0.7646764  0.12691872 0.8366128  0.033803146332502365
20 0.00162672 0.40115887 0.11468905 0.6085014  0.03374118357896805
25 0.         0.5510209  0.07270669 0.62342024 0.033722542226314545
25 1.8615723e-05 5.2257621e-01 7.4725054e-02 8.1529665e-01 0.03368554264307022
1 0.0029833  0.75990003 0.12552105 0.84084576 0.03368477523326874
18 0.11654629 0.82607514 0.27156794 0.9979996  0.03366173058748245
25 0.14253943 0.83449316 0.32126617 1.         0.03366060554981232
10 0.         0.8800331  0.22679703 0.99393487 0.03362307325005531
10 0.10232624 0.9493156  0.27414668 0.9971287  0.033566609025001526
22 0.00367709 0.30265546 0.15758932 0.94724834 0.03354249894618988
25 0.         0.60415316 0.07290657 0.67606425 0.03351971134543419
24 0.02597844 0.69716346 0.1336611  0.79746556 0.03347928449511528
6 0.         0.73701984 0.1289592  0.8107699  0.03347436338663101
18 0.27905443 0.868087   0.49712944 0.9900515  0.03346941992640495
6 6.7308109e-04 8.0150342e-01 3.9175108e-02 9.6319002e-01 0.033427562564611435
10 0.06825516 0.93396586 0.19518502 0.9954413  0.03340526297688484
10 0.         0.9334185  0.05457815 0.9972312  0.03337007388472557
25 3.7148795e-05 5.8943182e-01 5.2069258e-02 6.9056761e-01 0.0333586186170578
20 0.002609   0.62625295 0.07807845 0.92351216 0.03335518017411232
10 0.05081031 0.8368051  0.22544478 0.99564636 0.03333713486790657
20 0.         0.47878212 0.05719308 0.58401865 0.03325771912932396
25 0.         0.7535301  0.1826731  0.90069175 0.033230289816856384
25 1.9480388e-04 7.3808557e-01 1.2830339e-01 8.1042653e-01 0.03321542218327522
25 1.5631835e-04 5.9445149e-01 3.6550619e-02 7.4093413e-01 0.03320308029651642
22 0.         0.74745107 0.0388329  0.9054008  0.03318891301751137
25 0.09902246 0.90891737 0.4491823  0.9997784  0.033168282359838486
20 0.00489366 0.46034297 0.15521158 0.6045143  0.033109381794929504
25 0.05114814 0.8379574  0.21577835 0.9944501  0.03309303894639015
25 5.8476130e-06 5.6285101e-01 5.2081496e-02 6.6421503e-01 0.03308216854929924
