2 0.27068704 0.         0.9547608  0.35182166 0.2655341327190399
21 0.2688484  0.62839276 0.7047086  0.9902388  0.24382077157497406
41 0.33472097 0.6759116  0.87379366 0.95637983 0.2433905005455017
24 0.21063139 0.5637588  0.71281046 0.96132296 0.1476161777973175
41 0.35735017 0.53523326 0.76274955 1.         0.14193253219127655
1 0.40797856 0.21957184 1.         0.9570278  0.14113444089889526
1 0.3818928 0.0618248 1.        0.7733029 0.1391795575618744
1 0.0696578  0.49567038 1.         0.9575359  0.13838417828083038
2 0.60429215 0.         0.9827728  0.32987198 0.13642705976963043
1 0.03122805 0.31733796 0.84409153 0.9797618  0.1340503692626953
41 0.31827515 0.75353616 0.8785816  1.         0.13128948211669922
21 0.16111118 0.7629859  0.71049196 0.9860504  0.12920968234539032
2 0.37726092 0.         0.8258819  0.75688845 0.11984492093324661
24 0.0871537  0.30021164 0.8345341  0.731888   0.11927293241024017
41 0.15694906 0.80861175 0.79843795 0.9969288  0.11803124099969864
7 0.26898673 0.11690409 1.         1.         0.11748090386390686
42 0.5079855  0.33308035 0.96719116 0.78282195 0.11395884305238724
2 0.45204428 0.         0.91194534 0.3720186  0.10656826198101044
24 0.2624902  0.41218877 0.68883353 0.64540166 0.10289192199707031
1 0.6072165  0.06968241 1.         0.99754083 0.10167654603719711
41 0.2316982 0.5455616 0.9754451 0.9929952 0.09740529209375381
2 0.42187145 0.02383638 0.83275354 0.3958275  0.09739900380373001
24 0.02198619 0.8205854  0.79462165 0.9860461  0.09655066579580307
24 0.19871242 0.15341736 0.74871397 0.60431695 0.094816654920578
24 0.13135119 0.7524729  0.79592544 0.95949763 0.09426926076412201
1 0.12309749 0.36714986 1.         0.87486887 0.09148669987916946
1 0.09354652 0.45443514 0.94050324 0.7884295  0.09074708074331284
24 0.24972448 0.62107253 0.5822452  0.95665234 0.08690530806779861
24 0.28640053 0.42121413 0.9976687  0.93481314 0.08547359704971313
41 0.46079764 0.08939569 0.84124506 0.44354716 0.08307480812072754
24 0.07653371 0.6690416  0.8272103  0.9329595  0.08243735879659653
24 0.24694087 0.45389456 0.6534803  0.7501518  0.08074747025966644
1 0.18781999 0.         1.         0.65998304 0.07976134866476059
2 0.29649332 0.         0.89925396 0.60559815 0.07767384499311447
21 0.34846282 0.47461945 0.6428942  1.         0.0771058201789856
41 0.32061407 0.823671   0.96664107 0.966927   0.0733804702758789
24 0.22050029 0.07543905 0.9595793  0.5318813  0.07315805554389954
1 0.45063782 0.         1.         0.3899516  0.07209041714668274
29 0.49039537 0.11260834 1.         0.9270502  0.07027705013751984
1 0.34381157 0.558776   0.92147374 0.9627941  0.069856196641922
1 0.19653839 0.         1.         0.40309662 0.0690503641963005
42 0.3066015  0.21196944 0.8730708  0.77933353 0.06517215073108673
41 0.34899887 0.5083425  0.81304574 0.8579005  0.06361985206604004
34 0.37170288 0.29666322 1.         0.8439851  0.06339527666568756
41 0.4217686  0.05088574 0.91071284 0.37012774 0.06098819524049759
34 0.24600978 0.6980594  0.9644381  1.         0.058801211416721344
1 0.5753379  0.56655806 1.         0.9736727  0.05841446667909622
34 0.36962992 0.62959766 0.933706   0.9710958  0.05807728320360184
2 0.27355984 0.01003901 0.76769733 0.9517796  0.05805414915084839
41 0.39769608 0.13953875 0.7324088  0.43238893 0.057751283049583435
21 0.24871872 0.         0.8878974  0.81167907 0.05761804059147835
24 0.1812657  0.46372932 0.83783096 0.7947594  0.05756748095154762
24 0.34098116 0.10915907 0.680488   0.61596733 0.05696474015712738
2 0.55828017 0.01032949 0.9259813  0.32506675 0.056810248643159866
24 0.22526243 0.50546485 0.71174234 0.7046419  0.05657503753900528
10 0.25201637 0.6370719  0.804729   1.         0.05526680871844292
41 0.40492854 0.1650088  0.75768703 0.6447125  0.054413262754678726
2 0.34529442 0.         0.7511789  0.42642775 0.05417812615633011
41 0.5577939  0.04223389 1.         0.55548704 0.053547751158475876
24 0.2575217  0.49499935 0.55163383 0.9224876  0.053243108093738556
24 0.23427755 0.08741249 0.7120017  0.48147666 0.05312957614660263
24 0.32158953 0.42681286 0.7325584  0.5977646  0.05307856202125549
41 0.4302409  0.40134332 0.91983145 1.         0.052583079785108566
7 0.06359919 0.6552483  0.83558893 1.         0.05209952965378761
1 0.3326111  0.4553124  1.         0.93149924 0.05017119273543358
7 0.1043442  0.26351008 0.8503413  1.         0.048858046531677246
1 0.20864062 0.19432276 0.8144576  0.80941975 0.04836432635784149
41 0.35198238 0.10165723 0.6550378  0.48877543 0.0477137491106987
1 0.32573754 0.56330085 1.         0.8450732  0.04760861024260521
24 0.         0.49858114 0.87747335 0.87460756 0.04730667173862457
10 0.16563109 0.75738    0.8440186  0.9828835  0.04688555374741554
1 0.41042304 0.         1.         0.36498457 0.046518757939338684
27 0.12264354 0.7452231  0.99517155 1.         0.04623578488826752
4 0.22705933 0.38197225 1.         0.96841466 0.04608675092458725
41 0.44053128 0.         0.6593354  0.6762223  0.045815709978342056
9 0.1678371  0.         0.8077042  0.41272914 0.04400806501507759
1 0.5714798 0.        1.        0.8303454 0.04229597747325897
29 0.20126411 0.         0.77198875 0.46586356 0.04118650406599045
24 0.138425   0.4905666  0.62759066 0.8761486  0.04041138291358948
21 0.36680818 0.         1.         0.6033193  0.03967753052711487
42 0.43720257 0.14407861 0.87823284 0.5541479  0.039589181542396545
34 0.45068502 0.7498812  1.         0.9673914  0.039553720504045486
41 0.2734689 0.6892405 0.735347  1.        0.03947558254003525
1 0.21815138 0.51356924 0.83587617 0.9200249  0.03894529491662979
21 0.11588954 0.5549461  0.8183898  1.         0.03859681263566017
1 0.19090407 0.5146326  0.68917054 1.         0.03788871690630913
41 0.4097877  0.6892481  0.79392856 1.         0.03771661967039108
1 0.20178154 0.         0.9185805  0.5201935  0.037165410816669464
2 0.16735227 0.57668424 0.6333827  0.9945929  0.03709249570965767
1 0.08569758 0.         1.         0.8110245  0.037082187831401825
9 0.         0.         0.96994996 0.3458667  0.036745697259902954
34 0.3014955  0.08451143 1.         0.39445573 0.03634677082300186
41 0.38239977 0.05064219 0.5950594  0.61700815 0.03565983101725578
34 0.08246099 0.5774536  1.         0.9595197  0.03417443856596947
1 0.20912984 0.7464697  0.7681363  0.99041367 0.033891987055540085
15 0.13067816 0.07318524 1.         0.2918373  0.032484352588653564
1 0.         0.         0.9833482  0.58042705 0.03230549395084381
41 0.49953157 0.1259437  0.9787626  0.73438245 0.032297905534505844
41 0.4534788  0.3323409  0.98019797 0.87006074 0.03190124034881592
42 0.2768481  0.34975514 0.8234256  0.7358617  0.03164299950003624
1 0.01675537 0.26225778 0.67372686 0.73338664 0.03136087954044342
25 0.         0.21074608 0.9754042  0.66108096 0.030812984332442284
24 0.         0.68297225 1.         0.9822825  0.030090751126408577
25 0.         0.43558773 1.         0.7925675  0.029104972258210182
24 0.1051859  0.591438   0.80354863 0.86944085 0.028785578906536102
24 0.18482189 0.54620165 0.7383149  0.7816831  0.027603834867477417
27 0.         0.00239758 0.4325611  0.190521   0.02759357914328575
27 0.12235914 0.5712709  0.9522696  1.         0.027556270360946655
4 0.         0.6118126  0.8456211  0.99151146 0.027331864461302757
42 0.40969846 0.46512553 0.7231655  0.7745525  0.027200745418667793
41 0.26123476 0.76672214 1.         0.9552705  0.026221226900815964
1 0.12431695 0.6566859  0.80691093 0.99005514 0.025972532108426094
33 0.21633083 0.78793365 0.90167177 0.97869354 0.025882916525006294
24 0.38824552 0.5219272  0.9098146  0.84061056 0.025772957131266594
40 0.12613854 0.5183662  0.9677131  1.         0.02558933012187481
29 0.36557624 0.01537608 0.9685437  0.9001928  0.024381624534726143
40 0.24328469 0.04766383 1.         1.         0.02420458197593689
42 0.350713  0.4339385 0.7655884 0.6847449 0.02404835633933544
27 0.02655574 0.         1.         0.37578493 0.023668941110372543
28 0.01789523 0.18833628 0.735937   0.75095654 0.022669769823551178
33 0.03963427 0.         0.48350993 0.18668668 0.022564347833395004
2 0.08892556 0.7447035  0.7376421  0.99626905 0.022354615852236748
34 0.23844086 0.2102544  1.         0.657883   0.02186613716185093
25 0.         0.31831792 0.9034497  0.72910917 0.021822022274136543
1 0.0523876 0.        1.        0.3196953 0.021700218319892883
1 0.06458919 0.5289025  0.5899878  1.         0.021691692993044853
29 0.665321   0.25591376 1.         0.834212   0.02086327038705349
29 0.3651221  0.71719736 0.9801399  0.996172   0.02071404829621315
24 0.26300222 0.3634563  0.70079845 0.57338583 0.020653123036026955
1 0.0831232  0.37411395 0.6144557  0.8394849  0.020632697269320488
6 8.1049606e-05 1.8772507e-03 1.6654004e-01 3.5248140e-01 0.020121382549405098
5 0.         0.38453248 0.88556236 0.960725   0.02010185830295086
24 0.26906744 0.36495247 0.5688226  0.8286973  0.020063262432813644
18 0.25927496 0.67351955 0.8385502  0.98454225 0.019841613247990608
2 0.06845976 0.543905   0.7654659  1.         0.019750216975808144
21 0.26829332 0.69962204 0.8307501  1.         0.019479619339108467
34 0.19238263 0.8115345  0.8802327  0.9738193  0.019420042634010315
41 0.5169777  0.4967561  0.9642505  0.95637983 0.01913357526063919
29 0.45964795 0.         0.845786   0.5294706  0.018912963569164276
10 0.0875146  0.8354144  0.8431637  0.99519974 0.018777646124362946
1 0.3983362 0.        0.8936783 0.4392384 0.018734054639935493
25 0.         0.5267441  1.         0.86841077 0.01870884746313095
2 0.21847112 0.26803806 0.6480195  1.         0.018406519666314125
34 0.65659183 0.04356275 1.         0.27616882 0.018401265144348145
29 0.29701975 0.04999405 0.71046776 0.48359087 0.017936166375875473
4 0.06549678 0.2831188  0.8423583  0.91525364 0.017908833920955658
21 0.80939335 0.08839799 0.9786774  0.4873385  0.017894774675369263
1 0.22864409 0.55111265 0.5102826  1.         0.017669253051280975
4 0.22750819 0.65346396 0.91971296 0.94441295 0.017520243301987648
34 0.14161229 0.07039104 1.         0.30262977 0.017479004338383675
41 0.4712082 0.        0.7803402 0.5634627 0.01745995320379734
7 0.10132851 0.78015894 0.74891603 1.         0.017401546239852905
2 0.29261053 0.3325384  0.77786595 0.9042326  0.01725531555712223
7 0.13491958 0.505152   0.9808427  1.         0.017193974927067757
1 0.37226695 0.         0.7573514  0.5080752  0.01708485744893551
24 0.11642807 0.04827222 1.         0.4015057  0.017078695818781853
2 0.42953578 0.00152837 0.6697005  0.5086201  0.016610829159617424
2 0.26758185 0.4129796  0.6010756  0.9254126  0.016569174826145172
1 0.16120173 0.60708547 1.         0.9135072  0.01648431271314621
2 0.7472772  0.         0.98647696 0.35130116 0.016481058672070503
41 0.6547931  0.         0.9607375  0.64257383 0.016242986544966698
33 0.35915804 0.78368574 0.7518564  0.96715844 0.01610240340232849
2 0.4307189 0.1562707 0.8344081 1.        0.015927061438560486
1 0.38554022 0.71194136 0.88603926 0.98018426 0.0159147921949625
1 0.5353005  0.5931053  0.83018595 0.97780675 0.015817085281014442
41 0.32911077 0.6031421  0.68345326 0.98705995 0.015570764429867268
42 0.2434154  0.09980588 0.83867455 0.5824248  0.015550936572253704
23 0.09373052 0.07566    1.         0.9883227  0.015549356117844582
41 0.5028132  0.20550913 0.85815084 0.44702032 0.014642664231359959
41 0.38580507 0.38490582 0.91957015 0.76839054 0.014630118384957314
41 0.5052425  0.16192658 0.85327333 0.5804291  0.014519344083964825
24 0.5177394  0.3094697  0.90901184 0.85463154 0.014507883228361607
24 0.3246838  0.72375053 0.6709453  0.9774619  0.014344313181936741
1 0.3532627  0.48585442 0.63380593 0.9700438  0.01418782863765955
34 0.532169   0.08051617 1.         0.3404055  0.014157711528241634
28 0.         0.15523341 0.48854655 0.6527455  0.014046935364603996
42 0.13980807 0.15568642 0.74601066 0.7088148  0.013933814130723476
25 0.         0.64133716 0.9523278  0.8868506  0.01374166551977396
38 0.         0.02551637 0.23829488 0.23731558 0.01352313905954361
2 0.59168935 0.05758253 0.8732422  0.8005447  0.013134308159351349
25 0.         0.48359427 1.         0.8041511  0.012954761274158955
41 0.28422284 0.7186363  0.5349672  1.         0.012946984730660915
15 0.30318266 0.10367806 0.95793533 0.33584642 0.012879433110356331
1 0.21854112 0.3485222  0.56496835 0.9591116  0.012803326360881329
40 0.13619915 0.67177135 0.8284323  1.         0.012633797712624073
34 0.26501474 0.712884   0.79607284 0.96880525 0.012519040144979954
34 0.19705538 0.5731337  0.84467214 0.9188739  0.012448576278984547
5 0.         0.5533926  0.8510841  0.92488915 0.012332736514508724
24 0.16610828 0.35206422 0.63305616 0.76324606 0.012192665599286556
24 0.6778619  0.00515897 1.         0.43403688 0.012165578082203865
28 0.00377296 0.2755135  0.48915184 0.75104    0.012149876914918423
5 0.         0.6464817  1.         0.95405275 0.012086017057299614
33 0.13450366 0.         0.8847926  0.31185883 0.012065303511917591
29 0.4628395  0.07759121 0.7963531  0.43742204 0.01195593737065792
27 0.00467951 0.42277038 1.         0.99820083 0.011869391426444054
1 0.42459157 0.66674453 1.         0.9516378  0.011720191687345505
20 0.23723847 0.07780154 1.         0.28668106 0.01170022040605545
20 0.2933677  0.14156894 0.73475987 0.3889278  0.011590958572924137
21 0.31789765 0.         0.9413247  0.36792582 0.011466425843536854
24 5.2419865e-01 2.8139752e-04 1.0000000e+00 5.4676300e-01 0.011352966539561749
34 0.5030179  0.84726346 0.9908388  0.9839483  0.011268449947237968
42 0.5861387 0.0847331 0.9719029 0.8400409 0.011259546503424644
42 0.35156545 0.4916802  0.94870687 0.87023175 0.011112316511571407
1 0.42274195 0.21872684 0.925207   0.74389243 0.011022189632058144
1 0.6201867  0.         1.         0.34772044 0.010985271073877811
24 0.42037344 0.38477546 0.80243653 0.6179797  0.010832468047738075
25 0.         0.02850815 0.7805103  0.4802821  0.010829843580722809
1 0.6469392  0.71971625 1.         0.94356203 0.010771366767585278
33 0.30522567 0.7217082  0.8334202  1.         0.010770964436233044
27 0.04278031 0.6918664  1.         1.         0.0107607152312994
24 0.21579087 0.8382071  1.         0.9788858  0.010754243470728397
23 0.2166388  0.23696007 0.87682366 0.9455994  0.010731697082519531
21 0.12008047 0.         1.         0.44929627 0.010708113200962543
18 0.14181766 0.7870236  0.8747941  0.989675   0.01067351084202528
2 0.6105213 0.        0.9065954 0.5537947 0.010609989985823631
24 0.35272408 0.24481538 0.90790683 0.74518925 0.010579804889857769
1 0.69301856 0.78391105 1.         0.9607891  0.010465722531080246
21 0.5878402  0.20123152 0.97284317 0.5033218  0.010211601853370667
38 0.         0.0338781  0.16814049 0.3413801  0.010151983238756657
2 0.2835133  0.29081225 0.6037937  0.79404056 0.010103773325681686
6 0.         0.16990834 0.3215297  1.         0.010082346387207508
14 0.5423274  0.         1.         0.29915136 0.01003334205597639
24 0.23703787 0.2839138  0.6782724  0.60617626 0.009953153319656849
7 0.12962367 0.18956015 0.70728844 0.8968257  0.009948650375008583
1 0.44148907 0.6486065  0.78962445 0.9717282  0.009924186393618584
23 0.         0.         0.98809165 0.798736   0.009822630323469639
34 0.         0.47890484 1.         0.8917426  0.009821850806474686
35 0.         0.         1.         0.65309185 0.009818363934755325
25 0.         0.85396385 0.9026452  0.96317565 0.009714028798043728
43 0.2467464 0.        0.9576915 1.        0.009667607955634594
7 0.50638795 0.23058319 0.92896324 1.         0.009665177203714848
35 0.         0.01815935 0.41328752 0.1861421  0.009611276909708977
25 0.         0.7997063  0.97842157 0.95474786 0.009563028812408447
42 0.34387514 0.09595155 0.8381749  0.4347368  0.009463047608733177
20 0.12319437 0.04866182 0.46056876 0.1698799  0.009432647377252579
1 0.55179477 0.         1.         0.50672525 0.009396366775035858
21 0.2121059  0.37167877 0.81663364 0.9022925  0.00932375993579626
40 0.02945491 0.2655277  1.         1.         0.009268626570701599
2 0.7211435 0.        0.9917887 0.2723652 0.009089675731956959
4 0.         0.48384508 0.7304296  1.         0.009033026173710823
20 0.2982327  0.18785831 0.7272779  0.57947916 0.0090257553383708
25 0.        0.553012  0.8209713 0.8777729 0.00886220671236515
24 0.4945865  0.0755364  0.9070857  0.59599537 0.008807772770524025
18 0.03198786 0.46581534 0.94152284 1.         0.008796128444373608
24 0.23708239 0.23545179 0.81388885 0.49974388 0.008707158267498016
41 0.84322387 0.22590187 1.         0.69152784 0.00868704542517662
40 0.24288367 0.39673188 0.8073017  1.         0.008659718558192253
27 0.03106519 0.         0.5735186  0.24336421 0.008629338815808296
24 0.05910722 0.01097409 0.45015392 0.20189825 0.008615916594862938
35 0.         0.07037627 1.         0.32314536 0.008589738979935646
25 0.         0.6695878  0.68896073 0.8919342  0.008588803932070732
18 0.29755488 0.         1.         0.90365195 0.008582393638789654
1 0.11699951 0.05149142 0.87735385 0.6204424  0.008519889786839485
27 0.11671336 0.         0.79796696 0.4592015  0.00846851710230112
34 0.22354658 0.1512174  0.961874   0.3868031  0.008425669744610786
42 0.41179016 0.37705964 0.8000703  0.65812176 0.008420334197580814
35 0.5373198  0.06080317 1.         0.25775367 0.008348417468369007
4 0.3165908  0.62063706 1.         0.9676735  0.008311829529702663
24 0.12728618 0.01823226 0.56114674 0.24493282 0.008288340643048286
1 0.07551751 0.710657   0.6238124  0.99900883 0.008262413553893566
41 0.36436048 0.5109904  0.56766737 1.         0.0082237021997571
42 0.24615604 0.40336028 0.6826282  0.8410902  0.008137504570186138
1 0.03441584 0.13470383 0.6200741  0.86566406 0.008130878210067749
10 0.08880667 0.6124688  0.86682785 0.96384025 0.008104602806270123
34 0.48234183 0.057424   1.         0.25005    0.008069759234786034
6 0.         0.00307907 0.21600121 0.25317138 0.007995516061782837
33 0.36331472 0.6512298  0.7441458  0.9767172  0.007888343185186386
21 0.2978767  0.57487714 0.5874104  0.9805414  0.007792327553033829
10 0.36892396 0.30832714 1.         0.7960595  0.007791939657181501
42 0.18672223 0.11512543 0.6395789  0.5055777  0.007782988250255585
24 0.5659279  0.25539112 0.89853936 0.68915796 0.0076759508810937405
24 0.40815735 0.04191706 0.7743788  0.59826595 0.007639868184924126
29 0.5674866  0.04371109 1.         0.7024364  0.007588839624077082
4 0.18893795 0.18042122 1.         0.7867206  0.0075872004963457584
41 0.4095634  0.4955082  0.96948856 0.793595   0.007538783363997936
10 0.25173634 0.20897761 1.         0.6964833  0.007480598520487547
29 0.25786152 0.59243095 0.84198165 1.         0.00746704638004303
18 0.26869807 0.55154127 0.86297405 0.88979524 0.007439270615577698
21 0.28055504 0.44649526 0.722342   0.8682585  0.007428361568599939
1 0.1719034  0.27614814 0.48384374 0.9161837  0.007291512563824654
41 0.3352001  0.46324748 0.6908021  0.80277914 0.0072614275850355625
1 0.4510652  0.80626124 1.         0.9660238  0.007212108466774225
41 0.6610792 0.3998397 1.        0.8252104 0.007193319033831358
9 0.453116   0.         0.9504942  0.29164487 0.00717981206253171
38 0.72650963 0.78359    0.99476135 0.9973333  0.007092316634953022
7 0.23797625 0.6344585  0.70616835 1.         0.0070466152392327785
34 0.07373665 0.11576349 0.8409759  0.47096065 0.0070105004124343395
33 0.56300867 0.         0.87281764 0.25035152 0.0069882976822555065
19 0.12220551 0.60338944 1.         0.98797184 0.006909057963639498
41 0.51004386 0.40558386 1.         0.73795766 0.006897949147969484
38 0.         0.01366775 0.17732422 0.08200856 0.006850515957921743
38 0.7938447  0.70769423 1.         1.         0.0068502239882946014
41 0.09523293 0.         0.37887368 0.20123377 0.006846430711448193
34 0.29386634 0.4033815  0.8983757  0.81152695 0.006697483826428652
2 0.23524475 0.47814515 0.5214558  1.         0.006583998445421457
2 0.22547786 0.         0.6860316  0.5108668  0.006540758069604635
25 0.         0.79109263 0.7125281  0.9615665  0.006526881363242865
34 0.71449476 0.0675627  1.         0.35452887 0.006524613127112389
2 0.17386724 0.7194839  0.60102123 0.98471886 0.006484895944595337
1 0.20948996 0.6984361  1.         0.9914725  0.006446490995585918
