21 0.03352275 0.04452128 0.932107   0.86209893 0.4510955810546875
21 0.         0.         0.65965426 0.7197959  0.4193091094493866
9 0.00814916 0.         0.82520324 0.6625986  0.3874628245830536
10 0.15231723 0.03008568 0.7780753  0.8146608  0.15166938304901123
9 0.        0.        0.5599325 0.833022  0.11806927621364594
9 0.37217206 0.7923065  0.95738214 1.         0.10971145331859589
24 0.1105333  0.424376   0.66594803 0.6417631  0.08925126492977142
21 0.06353346 0.13152987 0.44596183 0.6524147  0.0709715485572815
21 0.06275126 0.         0.48685524 0.6823818  0.06663773953914642
21 0.37315226 0.15960582 0.8754629  0.9354286  0.06310436874628067
21 0.26549777 0.         0.9314191  0.65769297 0.05779196321964264
41 0.         0.07621124 0.9129484  0.7572456  0.0501219816505909
37 0.55067694 0.794536   1.         1.         0.045761823654174805
24 0.03536344 0.36652315 0.7073168  0.6030956  0.04393043369054794
21 0.07385534 0.23613475 0.63438094 0.6183951  0.041519492864608765
9 0.08365697 0.17959547 0.601556   0.7139548  0.041511449962854385
9 0.2558292  0.         0.61118793 0.6288376  0.03969915583729744
10 0.19250128 0.30688533 0.80340135 0.7310565  0.038481734693050385
10 0.07775132 0.20823564 0.57532716 0.76433396 0.036452822387218475
24 0.07580292 0.34461868 0.5984256  0.8241393  0.036289479583501816
9 0.5799291  0.80667335 0.97731405 1.         0.03347628936171532
21 0.18081836 0.21289058 0.7646137  0.7140152  0.03295896202325821
9 0.06888919 0.3507071  0.749315   0.8636181  0.03041326254606247
21 0.05881567 0.21435891 0.6214948  0.84749115 0.02854181081056595
9 0.0539148 0.7393801 0.9994206 1.        0.027880629524588585
4 0.06128215 0.42673576 1.         1.         0.02783825807273388
37 0.3604699 0.7090543 1.        1.        0.027239607647061348
4 0.12737913 0.         0.83480096 1.         0.025338904932141304
24 0.         0.02935494 0.7903351  0.7085558  0.02522764727473259
10 0.06602778 0.         0.4215027  0.97882897 0.024509303271770477
41 0.         0.35607392 0.8555073  0.69779027 0.024055443704128265
10 0.24608882 0.26221746 0.88397604 0.90130717 0.022707579657435417
21 0.04493528 0.00386828 0.34427205 0.76677155 0.022291185334324837
20 0.4725992  0.8721034  1.         0.98693025 0.02221135050058365
24 0.13348068 0.11085386 1.         0.7559793  0.021793639287352562
41 0.         0.13439192 0.77586967 0.61964387 0.02175333723425865
9 0.         0.         0.6575175  0.28804186 0.021500173956155777
6 0.         0.91205853 0.15299267 1.         0.02127242088317871
1 0.17744902 0.3055063  0.71142215 0.63264996 0.021174628287553787
10 0.04592428 0.1427411  0.6216343  0.98570406 0.020697452127933502
6 0.         0.88496196 0.11233439 1.         0.0205285232514143
24 0.14297664 0.37802425 0.6060763  0.7025947  0.020410578697919846
9 0.         0.         0.92435163 0.4195022  0.020015602931380272
24 0.1616859 0.4745733 0.6965841 0.6969648 0.019879089668393135
20 0.27919278 0.77744246 1.         0.97019047 0.018870798870921135
9 0.         0.22736534 0.4581473  0.7045964  0.018476808443665504
37 0.66739684 0.8306945  1.         1.         0.018240178003907204
24 0.14069575 0.4770442  0.6903445  0.9369311  0.01820770464837551
9 0.17745593 0.07280111 0.82296234 0.778279   0.01757538504898548
24 0.04151965 0.25891924 0.67149425 0.6478831  0.01747412234544754
21 0.49095672 0.30926144 0.8964898  0.72878295 0.016915997490286827
34 0.03834132 0.08858033 1.         0.6878427  0.01595895178616047
41 0.         0.36819178 0.8752483  0.89625174 0.015855882316827774
27 0.         0.6704644  0.77676976 0.98357993 0.01571367122232914
33 0.04151762 0.07505728 0.76165307 0.6474061  0.015488025732338428
10 0.5187611  0.33972436 0.9838973  0.74256647 0.015309126116335392
9 0.2466492  0.43700927 0.8269737  0.9473279  0.014438404701650143
1 0.23518382 0.23414455 0.7782482  0.5854581  0.014304314740002155
35 0.         0.14462331 0.7160755  0.59283364 0.01417482178658247
27 0.11205757 0.6355794  0.8801613  1.         0.013910551555454731
9 0.23135047 0.6464376  0.77528656 0.98809785 0.013768374919891357
24 0.2216821  0.42354372 0.71790206 0.79317474 0.013506344519555569
41 0.         0.27577513 0.63851976 0.655858   0.013282448053359985
33 0.14717329 0.3780329  0.80125076 0.862804   0.012872199527919292
27 0.21283963 0.7090697  1.         1.         0.012863644398748875
33 0.11359151 0.40544114 0.7072698  0.65744466 0.01228953618556261
21 0.25082862 0.05765264 0.6260519  0.6166612  0.012088081799447536
10 0.37913617 0.16935356 0.98188317 0.9641591  0.012038289569318295
9 0.12735532 0.11004636 0.45726818 0.70646244 0.01199823897331953
21 0.37112305 0.         0.67036957 0.61061263 0.011752871796488762
34 0.27206972 0.1298332  1.         0.7507244  0.011472736485302448
9 0.18306191 0.         0.5266212  0.71574914 0.011013403534889221
34 0.35381785 0.4138747  0.9859245  0.9193826  0.01098648551851511
4 0.06632553 0.         0.52484787 1.         0.01096821203827858
20 0.56680185 0.8305023  1.         0.9981898  0.010807287879288197
24 0.14800856 0.32546166 0.8859955  0.66422296 0.010763824917376041
24 0.15936469 0.26337722 1.         0.98843336 0.010480839759111404
4 0.04257233 0.2568965  0.52539957 0.8475878  0.01033791620284319
1 0.20602892 0.12663938 0.6986183  0.55354667 0.010059341788291931
9 1.0876795e-02 7.2758994e-05 7.9647177e-01 3.4156415e-01 0.009821584448218346
1 0.05925013 0.51673687 1.         0.88052297 0.00955575704574585
24 0.21932046 0.12760806 0.6593639  0.81116515 0.009553968906402588
21 0.         0.         0.8984078  0.33308062 0.009011274203658104
24 0.22855143 0.4955385  0.99499136 0.95130295 0.008866454474627972
33 0.10127731 0.33951986 0.60030234 0.70772797 0.008848994970321655
1 0.26089892 0.563821   0.87966186 0.86600214 0.008771385066211224
21 0.550152   0.38562027 0.91066325 0.6749477  0.008141540922224522
16 0.         0.19958515 0.6887286  0.50718933 0.0079492824152112
10 0.4971601  0.         0.91794753 0.81519336 0.007902183569967747
1 0.21229757 0.2217835  0.93228894 0.7977441  0.007857577875256538
24 0.30879086 0.4236851  1.         1.         0.007838825695216656
40 0.         0.         0.8003533  0.90608627 0.0076410481706261635
21 0.2672358  0.23475699 0.9098623  0.6303315  0.007488746661692858
24 0.16479988 0.3917414  0.48262858 0.81346786 0.007365935482084751
34 0.1514113  0.34990898 0.7761515  0.9182549  0.007282921113073826
24 0.08653428 0.47590643 0.4242758  0.6626773  0.007169744931161404
29 0.29489183 0.19546019 0.8490004  0.9449216  0.006976356729865074
9 0.3658179  0.         0.9380874  0.60371983 0.0068922084756195545
20 0.        0.728225  0.9413363 0.9281331 0.006844013929367065
4 0.01467143 0.24962424 0.61190337 1.         0.006838628556579351
16 0.         0.24956483 0.55135256 0.6332887  0.006810771767050028
7 0.        0.3174747 0.4468755 0.9447879 0.00663447892293334
3 0.24809423 0.08833252 0.9115784  0.54863197 0.006573762744665146
1 0.18203522 0.         1.         0.56730384 0.00649996567517519
29 0.23181029 0.24882108 0.71021336 0.8771879  0.006302638445049524
33 0.35189316 0.10512619 0.95096296 0.5860151  0.006174607202410698
16 0.38546494 0.19200967 0.8892115  0.59076905 0.006173406261950731
21 0.03000389 0.         0.57654595 0.21629596 0.006105141248553991
10 0.4237242  0.26599047 0.87450004 0.716281   0.006090765818953514
9 0.10535215 0.01175654 0.7236433  0.57884127 0.0060338047333061695
4 0.03159036 0.15739965 0.38584647 0.82246506 0.006026739254593849
1 0.02782725 0.8331931  0.36364597 1.         0.005708338692784309
24 0.29863816 0.28290585 0.96447635 0.82058185 0.005422913935035467
24 0.1433831  0.52284586 0.6955402  0.77195376 0.005268810782581568
4 0.         0.2669487  0.75958925 0.7545345  0.005120230372995138
21 0.39660597 0.06399592 0.75579584 0.66904175 0.005057706497609615
41 0.32275093 0.0881027  1.         0.6253645  0.005039396695792675
2 0.05653603 0.         0.8635444  0.5561882  0.004990946967154741
10 0.11507355 0.3305284  0.701248   0.8939871  0.004976364318281412
21 0.17049997 0.12179583 0.56063455 0.7331996  0.0049331458285450935
9 0.10041679 0.58392847 0.89114726 1.         0.0048926942981779575
34 0.         0.12052948 0.8116764  0.59438914 0.004882756620645523
3 0.36622503 0.28304374 0.92807865 0.95355636 0.004809713456779718
1 0.02362284 0.8688425  0.1227239  1.         0.004807426128536463
3 0.50829756 0.75986683 1.         0.9691703  0.004726744722574949
9 0.21057211 0.         0.85014814 0.5103794  0.00468556210398674
24 0.02291786 0.1469397  0.51025766 0.7939905  0.004642103333026171
24 0.27191055 0.28724062 0.6042245  0.8122066  0.004636771511286497
9 0.29909787 0.         0.9065701  0.37057874 0.0045356894843280315
40 0.         0.17146744 0.72291267 1.         0.004515038337558508
33 0.23459117 0.32157043 1.         0.8631773  0.0045008412562310696
24 0.4500448 0.        1.        0.7915712 0.004460850264877081
1 0.17731161 0.02445681 0.7422095  0.685832   0.004445417318493128
9 0.3605948  0.02028727 0.70696497 0.6737681  0.00441004941239953
9 0.31287456 0.2151075  0.8374023  0.92332095 0.004375806078314781
35 0.3632365  0.1258533  1.         0.64385784 0.004371813498437405
16 0.09096876 0.2407397  0.75273025 0.71218014 0.004362111911177635
1 0.39020103 0.         1.         0.59220636 0.004351784475147724
24 0.2810113 0.6052751 0.8809624 0.9694623 0.00425095995888114
9 0.5488275  0.13582748 0.8961934  1.         0.004237357527017593
10 0.73006433 0.38342553 1.         0.8076838  0.004164579324424267
29 0.1427189  0.         0.6065458  0.74437124 0.004149228800088167
24 0.3822141  0.66673005 1.         1.         0.004141062963753939
1 0.29515976 0.06197869 1.         0.7955407  0.004137957002967596
20 0.5199821  0.78535914 1.         0.97740614 0.004133716691285372
41 0.08623625 0.35885334 0.56213695 0.87567335 0.004109492059797049
27 0.         0.81954986 0.33059704 0.96948826 0.004042583517730236
20 0.08721632 0.         0.80203575 0.9855964  0.004034734796732664
20 0.00552965 0.9158555  0.16509995 0.99000186 0.003985111135989428
1 0.24565466 0.3923804  0.7713466  0.7450403  0.003942754119634628
9 0.03914661 0.07779434 0.3616468  0.7610605  0.003932848572731018
1 0.03515136 0.9014313  0.16487175 1.         0.0038608782924711704
21 0.5283968  0.         0.91892266 0.6173483  0.00385787314735353
41 0.5497811  0.03962301 0.9695156  0.64835876 0.003820644458755851
24 0.14221942 0.2856708  0.48641592 0.7297103  0.003819580189883709
27 0.38573173 0.40700173 1.         0.9778166  0.003775711404159665
41 0.         0.13508508 0.43034136 0.7756484  0.003769101109355688
4 0.5432975  0.41926455 0.9901739  0.9879265  0.003754605306312442
21 0.03358142 0.         0.46707612 0.30155137 0.0036669932305812836
27 0.01152568 0.11210091 0.8875742  0.6657253  0.003663282608613372
4 0.06651721 0.42109817 0.803555   0.7855258  0.003643030533567071
37 0.2214179  0.6739078  0.85386986 1.         0.0036354295443743467
33 0.17733152 0.16979858 0.9188078  0.6537905  0.003626482794061303
2 0.2874792 0.        1.        0.6563098 0.0036139599978923798
34 0.09320783 0.18641418 0.8646097  0.85185856 0.003594422247260809
14 0.02771479 0.90472656 0.14280991 1.         0.003567770589143038
41 0.0301992  0.56406546 0.6848026  0.9609612  0.0035227080807089806
24 0.01050287 0.14847352 0.3647838  0.6666832  0.003502408741042018
10 0.14733468 0.04863373 0.45757645 0.874383   0.0034352941438555717
24 0.36360824 0.18595017 0.7266165  0.73044765 0.0034244265407323837
3 0.6174158  0.8162041  0.99911207 0.9637376  0.003406698117032647
9 0.20389643 0.009781   0.79143214 0.26795384 0.003392525715753436
37 0.41099027 0.5983735  0.92158777 0.9789617  0.003390877740457654
34 0.00248199 0.74969995 1.         0.99317384 0.0033697120379656553
1 0.14316483 0.25365293 0.5866943  0.68459994 0.0033658090978860855
10 0.62765336 0.2658339  0.96321464 0.71496755 0.003328793914988637
10 0.45941213 0.11964206 0.7275108  0.78125155 0.0033135381527245045
27 0.         0.8775705  0.10344457 0.98103976 0.0032405334059149027
1 0.01481013 0.79700667 0.24629985 1.         0.003227443201467395
3 0.         0.19619425 0.43056998 0.53815675 0.003211355535313487
29 0.2076163  0.42595196 0.6090669  0.7259913  0.0032006881665438414
24 0.27375996 0.         0.8330432  0.75018984 0.0031899302266538143
9 0.        0.        0.4964603 0.4644275 0.003062201663851738
20 0.32645097 0.41465515 0.8509271  0.99469095 0.003060864517465234
36 0.02872182 0.07643446 0.73129594 0.74997133 0.003048471873626113
29 0.18107715 0.32217416 0.5464352  0.8147211  0.0029572714120149612
21 0.08069118 0.         0.25896293 0.5871108  0.0029109662864357233
9 0.5413134  0.47548413 0.87599003 0.97664136 0.002903508488088846
21 0.02301819 0.         0.23043104 0.31965125 0.0029027583077549934
3 0.696661   0.84307253 1.         0.97162133 0.0028745096642524004
27 0.         0.91555095 0.13621601 0.984939   0.002838113810867071
25 0.         0.92050517 0.12769307 0.9893724  0.0028223253320902586
21 0.16698405 0.         0.7754607  0.26223975 0.0028146046679466963
14 0.01717005 0.8641723  0.10375445 1.         0.0027983682230114937
6 0.        0.8538566 0.310411  1.        0.0027895194943994284
33 0.3913333  0.49975923 1.         0.9913494  0.002751082880422473
10 0.80586064 0.16355209 0.9677096  0.7581848  0.002721627475693822
25 0.         0.88471836 0.09829264 0.98198724 0.002703888574615121
9 0.3929001  0.00555894 0.89102656 0.25514424 0.0026907564606517553
2 0.11995524 0.23107107 0.8536653  0.8341699  0.0026766215451061726
20 0.3922152 0.7149228 0.918328  0.94335   0.002667506691068411
36 0.26726007 0.         1.         0.8000421  0.0026354449801146984
27 0.         0.46050903 0.8697557  1.         0.002633020281791687
20 0.12800547 0.6501243  0.73070854 0.9040491  0.0026262877508997917
3 0.43186677 0.12173437 0.9391615  0.6280645  0.002623595530167222
27 0.27886653 0.56263554 1.         1.         0.0026225270703434944
37 0.37252083 0.37220442 0.8687849  0.94639254 0.0026193612720817327
41 0.00479589 0.44719917 0.5649447  0.7240158  0.0025976828765124083
27 0.1291037  0.02094376 1.         0.6415997  0.0025904388166964054
3 0.8103148  0.22716045 0.992665   0.63183767 0.002589069539681077
20 0.00346879 0.887091   0.11860696 0.9852988  0.002561934059485793
24 0.5242133  0.40901536 0.9683584  0.78551376 0.002554843435063958
10 0.03116254 0.04784218 0.25761995 0.84676915 0.0025478769093751907
3 0.5698307  0.04700653 0.90161306 0.5488441  0.0025477835442870855
24 0.8184469  0.02105731 0.99040085 0.82377136 0.0025457667652517557
25 0.         0.40554965 0.7979234  0.8381926  0.0025361008010804653
21 0.05052857 0.         0.1941105  0.5432419  0.0025350828655064106
15 0.22580776 0.77123183 1.         1.         0.0024836151860654354
34 0.00557363 0.6248805  1.         0.9760277  0.0024401897098869085
10 0.         0.8781002  0.10963035 0.9942562  0.0024288813583552837
38 0.         0.91334534 0.14432108 0.99924177 0.0024234808515757322
1 0.32233813 0.23952943 0.8083775  0.7245437  0.002408001571893692
1 0.12834872 0.         0.7296274  0.5121702  0.0024030697531998158
1 0.10090782 0.2854409  0.64297307 0.9006169  0.0023774902801960707
24 0.00606258 0.30443412 0.3640352  0.5799745  0.0023694292176514864
16 0.         0.2846717  0.4376595  0.70152146 0.0023667067289352417
7 0.         0.4170578  0.42698807 0.7342654  0.002333870390430093
37 0.7705655  0.75601196 1.         1.         0.0023268626537173986
24 0.00147572 0.84652776 0.3213855  0.97149193 0.0023217082489281893
41 0.04461586 0.21787201 0.4971686  0.7350026  0.0023138346150517464
33 0.3303666  0.17741084 0.9826591  0.77546513 0.002303582616150379
3 0.4723401  0.8029053  0.8951223  0.96165305 0.0023033081088215113
9 0.39470038 0.2840048  0.9194912  1.         0.002289928961545229
38 0.         0.8888532  0.10875475 1.         0.0022850881796330214
16 0.00567763 0.8877085  0.09489558 0.9898457  0.002241964917629957
7 0.        0.137575  0.6641008 0.8268516 0.0022314745001494884
41 0.50513345 0.45380667 1.         0.71482056 0.0022068521939218044
3 0.         0.16253568 0.5369054  0.46973175 0.0021806915756314993
33 0.45307833 0.42688295 1.         0.75461316 0.0021747678983956575
36 0.11604258 0.42668337 0.8174893  0.93122286 0.0021491984371095896
3 0.16529673 0.21025251 0.90150434 0.82061577 0.00212317262776196
1 0.3307087  0.14976637 0.8928294  0.5443686  0.002117337891831994
2 0.44470653 0.20270148 1.         0.97682965 0.0021072665695101023
9 0.02429977 0.6648233  0.67891634 0.95096254 0.0021019431296736
35 0.         0.8702539  0.11243386 0.9954586  0.00208018789999187
35 0.         0.83022267 0.31429583 0.97184026 0.002079632133245468
23 0.04560543 0.         0.46544194 0.9812027  0.00207064813002944
24 0.15158407 0.57997847 0.9760887  0.86242944 0.0020635894034057856
41 0.21304512 0.16788809 1.         0.8325931  0.002056313678622246
24 0.03903063 0.3464194  0.32552007 0.8337821  0.002054226351901889
21 0.7388482  0.36396882 0.97248274 0.77901727 0.002031061565503478
1 0.35649034 0.         0.62028235 0.6358168  0.0020117878448218107
34 0.05647064 0.3266122  0.7457959  0.61753964 0.002004611073061824
27 0.3876119  0.14578901 1.         0.7753254  0.0019756932742893696
7 0.         0.3260284  0.31635818 0.7759996  0.001961770234629512
21 0.6450475  0.3521948  0.9536101  0.68351144 0.0019595131743699312
25 0.         0.3648738  0.55027485 0.6801398  0.0019558328203856945
35 0.02611158 0.3010428  0.81321496 0.9384776  0.0019548158161342144
7 0.01932411 0.3547095  0.66229516 0.9014882  0.0019426294602453709
35 0.00592917 0.9021927  0.15265536 1.         0.0019406124483793974
41 0.         0.43787435 0.71861124 0.8415494  0.0019081940408796072
1 0.29312667 0.06989644 0.5613405  0.74419063 0.0018949819495901465
27 0.47665334 0.03570295 1.         0.60595614 0.0018867191392928362
34 0.21896483 0.38968682 0.74318033 0.7789199  0.0018825839506462216
24 0.05771891 0.20811893 0.9339395  0.6170497  0.001877971226349473
37 0.2548954  0.5875622  0.7324087  0.93544865 0.0018678117776289582
34 0.14670382 0.6293504  0.82826674 0.9378246  0.00186186283826828
33 0.22777054 0.7693822  0.9411369  1.         0.001857029041275382
33 0.06577156 0.27199665 0.5843922  0.9048277  0.0018545362399891019
36 0.5033572  0.29182816 0.99758    0.9828581  0.0018497396958991885
33 0.03012857 0.11086398 0.4415005  0.7091264  0.0018486420158296824
41 0.18573083 0.6512105  0.6239612  1.         0.0018365015275776386
4 0.47174135 0.28914964 1.         0.778928   0.0018230386776849627
41 0.00988229 0.8094928  0.31878495 0.99278504 0.001816652133129537
24 0.55766845 0.7432228  1.         1.         0.0018127404619008303
25 0.         0.8310148  0.30706128 0.9709632  0.001801681355573237
41 0.43875927 0.42672122 1.         0.79154575 0.0017870108131319284
41 0.02121465 0.24652591 0.8638326  0.54195774 0.0017849768046289682
37 0.8105094  0.10688479 0.9694319  0.5882067  0.0017744558863341808
9 0.5175866  0.6843622  0.85767734 1.         0.0017736993031576276
10 0.         0.91453964 0.1475108  0.9910482  0.0017725976649671793
40 0.10020081 0.         0.95988894 0.8477926  0.0017695350106805563
27 0.7363036 0.4133018 1.        0.792253  0.0017603726591914892
9 0.04102115 0.33093715 0.6515933  0.6628954  0.001750761060975492
33 0.563269   0.08181211 0.9490968  0.62108696 0.0017321219202131033
2 0.1306822  0.22726604 0.73431796 0.6145116  0.0016985539114102721
29 0.09703551 0.23515819 0.47902894 0.82225764 0.0016606509452685714
29 0.21553966 0.         0.79718906 0.8183821  0.0016586895799264312
1 0.00395845 0.45315012 0.20954894 0.98314804 0.0016560294898226857
2 0.26747727 0.09870788 1.         0.78076357 0.001646543387323618
35 0.05458832 0.08786291 0.9343208  0.84237415 0.001629603561013937
27 0.79500824 0.15565583 1.         0.667445   0.0016213097842410207
9 0.01887733 0.         0.23252274 0.7147198  0.0016191514441743493
3 0.02696424 0.09958949 0.8237965  0.4626078  0.0016135877231135964
16 0.         0.21954975 0.38200033 0.59232557 0.0016049291007220745
35 0.3241947  0.76373315 0.9702236  1.         0.0015955890994518995
25 0.         0.22997048 0.54708576 0.80302495 0.0015779522946104407
10 0.57699543 0.16429973 0.93465394 0.90508914 0.001577935297973454
10 0.34969014 0.06104589 0.6344214  0.82809895 0.0015763072296977043
35 0.55933994 0.11163524 0.9863153  0.7918027  0.0015752370236441493
