21 0.38757142 0.39655665 0.7327708  0.7879279  0.2112320363521576
21 0.26910344 0.28580827 0.82525283 0.68772507 0.1738593876361847
24 0.04986683 0.13173656 0.23107016 0.3353609  0.1498400717973709
32 0.5081171  0.54069775 0.73014903 0.79155916 0.14945605397224426
21 0.40790528 0.4660566  0.84111667 0.7316634  0.1457332819700241
21 0.1184418  0.15503561 0.8478612  0.6405552  0.13623173534870148
34 0.         0.01108841 0.70964533 0.6436947  0.12262711673974991
24 0.02859946 0.17311181 0.2529201  0.37334993 0.11401931941509247
33 0.4586145 0.4216886 0.7912722 0.9877218 0.11393533647060394
32 0.49620992 0.44740674 0.8415148  0.77691275 0.10954153537750244
21 0.35586873 0.37717006 0.9217844  0.7413106  0.09628256410360336
34 0.25059015 0.36930764 0.949758   0.6996036  0.09293846786022186
33 0.36058494 0.3688691  0.8019678  0.82959676 0.09026644378900528
32 0.48111355 0.5056536  0.9861562  0.7785396  0.08683580160140991
40 0.09790512 0.0684976  0.92792404 0.7609578  0.07796329259872437
41 0.43667033 0.5125678  1.         0.744581   0.07092674821615219
1 0.02345179 0.24570352 0.35467252 0.7570259  0.06878411769866943
34 0.01622271 0.12816018 0.84489685 0.79583323 0.06658749282360077
41 0.04967596 0.13351594 0.825143   0.73123336 0.0654711127281189
41 0.45561686 0.50967723 1.         0.8885911  0.06519520282745361
21 0.         0.         0.7067357  0.52186555 0.06341584771871567
21 0.49108577 0.4693697  0.69624865 0.6842264  0.06281472742557526
41 0.24235189 0.3863411  1.         0.8124887  0.06103779003024101
40 0.03253586 0.28758824 1.         0.8649745  0.06075000762939453
21 0.00492816 0.         0.46735677 0.37805447 0.05838669091463089
6 0.76404107 0.24512686 1.         0.721142   0.0574708916246891
24 0.0552581  0.08493799 0.3477217  0.33203045 0.05629762262105942
24 0.03233605 0.02105627 0.40263212 0.18757716 0.055787667632102966
24 0.04307076 0.3113996  0.25062665 0.5455752  0.05432749167084694
10 0.27952302 0.44559145 0.9510065  0.88561636 0.05412302538752556
38 0.82683253 0.31642488 1.         0.49465185 0.05394894629716873
24 0.761984   0.01528732 0.99149734 0.20734131 0.05393877252936363
24 0.05720528 0.23555842 0.3096732  0.42958498 0.052036285400390625
2 0.3040961  0.39669535 0.9643048  0.77095026 0.049853112548589706
34 0.         0.         0.53853846 0.43431765 0.049168214201927185
24 0.01372786 0.04014655 0.27517822 0.14592893 0.048169974237680435
24 0.68001217 0.01459161 0.99018234 0.14874557 0.04808671772480011
21 0.4645592  0.40288776 0.71019274 0.8814075  0.04767231270670891
24 0.83432275 0.01118356 0.99579203 0.1564975  0.047419268637895584
41 0.3664061  0.40819916 0.962958   0.69302636 0.04657990112900734
10 0.07103655 0.09187984 0.54328746 0.5218689  0.0453353077173233
34 0.         0.02796018 0.5163521  0.5644174  0.044753603637218475
40 0.         0.         0.91566753 0.9764128  0.04473988339304924
25 0.24096636 0.49493378 1.         0.78332096 0.044561777263879776
5 0.16590881 0.20451102 1.         1.         0.04417173191905022
33 0.7750113  0.38276252 0.9894022  0.52035517 0.04261752590537071
1 0.04083021 0.20774952 0.4241686  0.9252123  0.042502470314502716
34 0.78359485 0.32398465 0.98935163 0.47833496 0.04227866232395172
38 0.7521363  0.17865914 1.         0.6246617  0.042042918503284454
24 0.83476716 0.06258801 0.9893047  0.20422308 0.04195678234100342
40 0.         0.         0.62685823 0.7288828  0.04154219478368759
29 0.29675025 0.33304006 0.86124516 0.8874211  0.04147276282310486
24 0.06450377 0.14375252 0.39130855 0.49118754 0.04135788977146149
24 0.         0.03295293 0.31062156 0.24262276 0.04025298357009888
41 0.36674228 0.347894   0.7854115  0.73179203 0.04015743359923363
32 0.47297528 0.44712445 0.75514734 0.86360097 0.03978852182626724
14 0.80964106 0.37484157 0.9661612  0.5451603  0.03973822668194771
24 0.63357157 0.03692773 0.942134   0.27718726 0.039270322769880295
24 0.83254063 0.00603375 0.9980177  0.07529206 0.03912964463233948
5 0.21788236 0.4075135  0.9894717  0.83954895 0.03909316286444664
24 0.03680352 0.25757223 0.27119523 0.39196947 0.03907477855682373
24 0.8235957  0.01789032 0.99549127 0.2934418  0.03902042284607887
24 0.49368918 0.01899138 0.9243643  0.20064245 0.03844580054283142
25 0.06486649 0.2612285  0.9728465  0.6519016  0.03825514018535614
33 0.78947556 0.33719411 0.9914433  0.47507355 0.0379987433552742
25 0.        0.5634384 1.        0.8294698 0.03791230544447899
24 0.8332409  0.11485062 0.98985434 0.2570379  0.037758734077215195
38 0.8275293  0.36989912 0.9996214  0.54966843 0.03717634826898575
34 0.         0.01099162 0.33618322 0.1253335  0.037062905728816986
1 0.03870651 0.2841558  0.531976   0.7672807  0.03667716681957245
34 0.77878815 0.37238798 0.99471897 0.5341674  0.0362570658326149
24 0.06360462 0.34089717 0.33859107 0.5606206  0.03615100309252739
24 0.07519034 0.19034998 0.24696799 0.4402835  0.03581482544541359
25 0.34256682 0.5706651  1.         0.84552556 0.03477008268237114
25 0.6603977  0.84678334 1.         0.97718316 0.03455545753240585
33 0.49282593 0.5492507  0.7093685  0.8286694  0.03447617590427399
24 0.9490143  0.00197824 0.9985439  0.08112577 0.034046854823827744
34 0.         0.02038138 0.40824744 0.17867093 0.03369087353348732
14 0.7610776  0.20363902 0.9789987  0.64181936 0.03266249597072601
34 0.         0.         0.55423343 0.23158982 0.03244216367602348
24 0.90803075 0.00512498 0.9976395  0.14718314 0.03187909722328186
24 0.87382114 0.00902751 0.996361   0.21146694 0.03152972459793091
41 0.11847107 0.06671308 0.60713273 0.49170423 0.03101336769759655
5 0.27604064 0.32281265 0.78690535 0.83521724 0.030999064445495605
14 0.80875254 0.33228007 0.97661865 0.49759126 0.03091946803033352
2 0.22485343 0.3022329  0.8448102  0.7276129  0.03060770407319069
28 0.49392858 0.00552518 0.9558403  0.20813195 0.030587395653128624
32 0.56312466 0.5126132  0.76119393 0.7427626  0.030461357906460762
24 0.44455817 0.01334243 0.6785548  0.11035705 0.030330127105116844
1 0.4063313  0.24260455 1.         0.88060856 0.03004504181444645
10 0.37672544 0.3532541  0.84096766 0.9356293  0.030020438134670258
24 0.55591726 0.03645415 0.86651105 0.2796661  0.029732676222920418
1 0.02226412 0.0712085  0.42571455 0.66473114 0.029406500980257988
24 0.8316435  0.16865315 0.9918512  0.31017822 0.029095856472849846
10 0.10457255 0.36622652 1.         0.80924046 0.028585419058799744
24 0.8751767  0.06063542 0.9929695  0.25856355 0.02858213149011135
40 0.3341878  0.41257596 1.         0.9397574  0.028501367196440697
41 0.05401438 0.33096674 0.4655701  0.6153541  0.028331927955150604
24 0.87600845 0.00821943 0.9966617  0.10735245 0.028147965669631958
34 0.36679983 0.28393134 0.874947   0.7222598  0.02804536558687687
38 0.82358104 0.26645622 1.         0.4404647  0.028008950874209404
24 0.8386456  0.32846132 0.98886865 0.48261452 0.027844471856951714
30 0.45506594 0.39536405 0.7851055  0.7937218  0.02782457321882248
41 0.49483287 0.5205376  0.76175785 0.754793   0.027699517086148262
24 0.93028533 0.00414475 1.         0.05193105 0.027677224949002266
33 0.49221504 0.48887634 0.7137531  0.7466288  0.027613285928964615
41 0.46255168 0.45353517 0.86579573 0.80089796 0.0273105651140213
22 0.         0.2791883  1.         0.77416575 0.027279289439320564
25 0.        0.3891675 1.        0.6640986 0.027187956497073174
25 0.25505564 0.67737395 1.         0.88101494 0.026578694581985474
17 0.47791246 0.5651442  0.6935001  0.80851144 0.026529906317591667
2 0.03129247 0.09235995 0.8944192  0.6830634  0.026516802608966827
33 0.31524542 0.40955323 1.         0.74839807 0.026443324983119965
22 0.75898904 0.19582759 1.         0.6263661  0.026303313672542572
24 0.05788261 0.3325498  0.25704575 0.70063674 0.026241997256875038
10 0.2784571  0.5318239  1.         0.77900106 0.026176050305366516
24 0.07637767 0.20402186 0.29083556 0.6038642  0.02599906735122204
4 0.         0.41937602 1.         0.86446494 0.025806782767176628
28 0.7625399  0.00393513 1.         0.20664974 0.02575584314763546
34 0.37282392 0.448212   0.9407197  0.73914766 0.025629691779613495
10 0.         0.20354256 1.         0.81776226 0.025462761521339417
24 0.19601253 0.36518735 0.88163495 0.8050275  0.025404125452041626
20 0.8267393  0.39286283 0.966756   0.52361673 0.025387577712535858
34 0.37787518 0.3500502  0.8965152  0.894362   0.025334099307656288
29 0.25053802 0.14272869 0.8429941  1.         0.02525498904287815
41 0.5218454 0.5956644 1.        0.945376  0.025155579671263695
28 0.68483555 0.00554267 1.         0.14837144 0.024920666590332985
28 0.831227   0.09949413 1.         0.26130325 0.024905014783143997
38 0.9226689  0.29239714 1.         0.40433252 0.024760637432336807
17 0.31046748 0.46407282 0.75253963 0.85736394 0.02468624711036682
16 0.3968187  0.49513286 1.         0.71848917 0.02463795803487301
30 0.46907532 0.46872133 0.9147976  0.7743589  0.024493372067809105
28 0.83123106 0.15405355 1.         0.31297627 0.02439970150589943
41 0.38952374 0.25520337 1.         0.74412507 0.02434678003191948
33 0.3286069  0.30606577 1.         0.920563   0.024224650114774704
24 0.9101988  0.00337211 0.9995927  0.0363947  0.0241727065294981
24 0.9304768  0.13592024 0.99675024 0.23861311 0.02395564131438732
24 0.90972996 0.17540263 0.9953079  0.25014523 0.02395380288362503
28 0.54480267 0.00925461 0.90790427 0.2945813  0.023592928424477577
1 0.5971871  0.36930722 0.9899163  1.         0.02339852787554264
22 0.12851563 0.22523469 1.         0.8632337  0.023293767124414444
34 0.         0.04383253 0.30824652 0.28762653 0.023171015083789825
1 0.01127711 0.16295706 1.         0.64041    0.0228858832269907
28 0.8277817  0.         1.         0.28624436 0.02287689410150051
38 0.46729732 0.00162751 0.9812875  0.20129715 0.022808615118265152
28 0.6736208 0.        1.        0.3003211 0.022515635937452316
18 0.13135453 0.08578736 1.         0.7266558  0.02242356352508068
26 0.45510668 0.57766426 0.7621362  0.8284813  0.02238563448190689
7 0.03557365 0.04735359 0.394222   0.74681264 0.022189393639564514
17 0.42750254 0.40205798 0.7116682  0.80454606 0.02218298800289631
22 0.5289751 0.        0.9243715 0.1934429 0.022097846493124962
7 0.         0.14725657 0.9144991  0.8328068  0.022006284445524216
41 0.10360382 0.29007828 0.7022665  0.6164354  0.021976465359330177
18 0.89626336 0.8811199  1.         1.         0.02182883955538273
34 0.8382791  0.30205253 0.99500644 0.5071252  0.021673234179615974
24 0.8742494  0.11582471 0.99359125 0.3102954  0.021560288965702057
28 0.4541449  0.00979831 0.6811821  0.10597368 0.021285392343997955
21 0.22068566 0.33076197 0.7548779  0.81351554 0.02116706781089306
24 0.93042094 0.16304196 0.99707586 0.2644464  0.021089177578687668
5 0.36471745 0.25557768 0.84002197 0.75631493 0.0210889745503664
24 0.90960747 0.2026615  0.99540234 0.27608094 0.021080629900097847
1 0.0139771 0.3361516 0.7605326 0.6615028 0.020883740857243538
4 0.20239808 0.417236   1.         0.9465592  0.020864367485046387
7 0.05505702 0.25094703 0.7956674  0.99186426 0.020816175267100334
34 0.5928345  0.3590934  0.97835124 0.6184574  0.020677611231803894
24 0.03584519 0.02331791 0.4890558  0.25305066 0.020638037472963333
18 0.15586871 0.         0.6079767  0.49113968 0.020400704815983772
24 0.04659767 0.24988973 0.2347327  0.4755122  0.019951604306697845
16 0.44039044 0.5779987  0.8967213  0.90095043 0.019950969144701958
34 0.6068031  0.28072974 0.9812721  0.55375206 0.0199287049472332
28 0.8404017  0.00921655 1.         0.15138176 0.019841725006699562
28 0.78054243 0.31358102 0.98871887 0.70826614 0.01968805119395256
20 0.83069664 0.34562552 0.9725269  0.4726979  0.0196359995752573
10 0.36494234 0.502048   0.7990568  0.7506628  0.019606010988354683
28 0.83171415 0.04645713 1.         0.21018541 0.01949389837682247
1 0.24341823 0.01202716 1.         0.61369914 0.019360924139618874
24 0.9305628  0.21763237 0.9967837  0.31558397 0.019350003451108932
24 0.93040115 0.19020166 0.9968135  0.29007638 0.019131358712911606
24 0.5963245  0.17306814 0.87539226 0.30453175 0.019019916653633118
24 0.90982556 0.22976647 0.9955523  0.30176762 0.018999943509697914
1 0.04963877 0.2874421  0.72422785 0.8907519  0.01897938922047615
21 0.4744273  0.39544636 0.8503346  0.8485602  0.018828272819519043
29 0.39330134 0.44271207 0.847353   0.8017098  0.018795182928442955
27 0.3476177  0.36222363 0.9616473  0.727003   0.018723055720329285
22 0.58946246 0.         0.8826429  0.28037736 0.018474727869033813
2 0.38505462 0.34781986 1.         0.9659644  0.018459634855389595
2 0.02823517 0.         0.6237376  0.665468   0.018444346264004707
24 0.93060255 0.24541904 0.9975911  0.34160596 0.01840212754905224
38 0.5394611  0.01541796 0.9077593  0.28978294 0.018388044089078903
33 0.3829504 0.4805238 1.        0.8513759 0.01832503452897072
18 0.         0.         0.98090255 0.764009   0.01820213347673416
2 0.09084839 0.27333492 1.         0.90365845 0.01815306581556797
34 0.08020844 0.         0.7494267  0.95887923 0.01813909038901329
24 0.41153398 0.0100047  0.72198826 0.07960922 0.018137136474251747
25 0.01902674 0.4962553  0.8625633  0.6323869  0.01805707812309265
41 0.09313846 0.09764589 0.37423038 0.4778849  0.01803235150873661
24 0.10557269 0.23740733 0.28676322 0.49576846 0.017901958897709846
1 0.05597372 0.0782048  1.         0.93711287 0.017782656475901604
24 0.77611434 0.2907222  0.97127944 0.68371326 0.01753300614655018
24 0.8344194  0.37866965 0.9872217  0.54198956 0.017387667670845985
24 0.8371653  0.28010365 0.98449963 0.42799672 0.017353540286421776
38 0.9029995  0.33244684 0.9976803  0.416507   0.01717911846935749
24 0.9307711  0.2735304  0.998618   0.36860862 0.017059745267033577
1 0.05522864 0.3896777  0.36304587 0.9663094  0.016885042190551758
20 0.8040033  0.34120327 0.9856547  0.65515286 0.016793040558695793
38 0.4218861  0.00540228 0.6865679  0.10880583 0.01677403226494789
33 0.15312828 0.08926687 0.87187016 0.9972697  0.01670023612678051
21 0.22453009 0.29304022 0.73978186 0.59432083 0.01667308621108532
4 0.         0.20470871 1.         0.6921164  0.016585202887654305
41 0.26875484 0.20956384 0.81166387 0.86236537 0.016556255519390106
34 0.         0.         0.4586622  0.33381313 0.01649998500943184
24 0.91032636 0.2571964  0.99612916 0.32785457 0.01644652895629406
5 0.3511182  0.22434065 0.7064308  0.8583198  0.016341708600521088
38 0.92417186 0.34485343 0.99888724 0.45644808 0.016285710036754608
24 0.9078006  0.10047079 0.9950089  0.3793609  0.01624695025384426
24 0.03752285 0.0485897  0.18483505 0.17640826 0.016207681968808174
38 0.9012611 0.2804924 1.        0.3625161 0.016192376613616943
29 0.4332256  0.35909572 0.84655976 1.         0.016190316528081894
10 0.04561196 0.22430782 0.7474056  0.70466334 0.016183912754058838
24 0.42752385 0.00514701 0.5437476  0.0551129  0.016173502430319786
24 0.24861263 0.35656333 0.95901775 0.67439485 0.016003083437681198
5 0.09160461 0.01738981 1.         0.74182785 0.015953898429870605
18 0.28886387 0.35989243 0.94982487 0.8304055  0.015863552689552307
24 0.9318037  0.30123693 0.99970025 0.39600995 0.015834543853998184
16 0.82780385 0.38288698 0.9884024  0.51046234 0.01583385281264782
22 0.8390274  0.15885518 0.99750155 0.3012452  0.015556256286799908
33 0.7427056  0.1933989  1.         0.61059517 0.01552930474281311
25 0.         0.20319262 1.         0.62424827 0.015175205655395985
1 0.44793123 0.4397663  1.         1.         0.01514069177210331
4 0.         0.49291444 1.         0.9922754  0.015079147182404995
38 0.89763033 0.1661997  1.         0.47713557 0.014977121725678444
38 0.8023879  0.01382497 1.         0.5709542  0.014887834899127483
2 0.0890682  0.         0.38175595 0.24605002 0.014711524359881878
24 0.05397937 0.04813584 0.79982036 0.7093938  0.014709921553730965
38 0.739609   0.         1.         0.19893545 0.014632804319262505
41 0.50887984 0.48670086 0.79512274 0.68873507 0.014615853317081928
28 0.9299923  0.23921931 1.         0.33824596 0.01461066585034132
41 0.44747454 0.38159457 0.7549367  0.8434651  0.014608885161578655
28 0.7674453  0.00647809 1.         0.39124256 0.014575043693184853
25 0.18396358 0.5224133  0.81982917 0.69751686 0.014536523260176182
41 6.7202426e-02 1.1981329e-04 3.3532408e-01 1.7143980e-01 0.014525577425956726
20 0.78399134 0.21494767 0.9740615  0.55890065 0.014425692148506641
22 0.66005725 0.         0.9554925  0.28030294 0.014342740178108215
24 0.87640136 0.25969768 0.99122965 0.45382285 0.014262672513723373
16 0.39112344 0.5545506  1.         0.78005534 0.01424985472112894
22 0.05062536 0.4137255  1.         0.74929935 0.014244128949940205
25 0.1050366  0.44153023 0.7609138  0.6237327  0.01421438343822956
22 0.84097046 0.10870097 0.9954569  0.24793634 0.01419719960540533
24 0.9326671  0.32896158 0.99978966 0.42447835 0.014175276271998882
38 6.4358020e-01 7.2231295e-04 1.0000000e+00 1.4313522e-01 0.014118542894721031
28 0.875824   0.15473603 1.         0.3570687  0.013979495503008366
28 0.93207645 0.2668767  1.         0.36313212 0.013968335464596748
2 0.05803173 0.         0.38199666 0.48499298 0.013912283815443516
38 0.6449297  0.00104557 1.         0.29855755 0.013873182237148285
16 0.4038215  0.48735866 0.9990904  0.8712588  0.01386609859764576
27 0.75920177 0.17198054 0.9940345  0.5923704  0.013852759264409542
28 0.57614803 0.16001686 0.9211015  0.3163684  0.013799267821013927
36 0.36916754 0.13300632 0.9774819  0.8233736  0.013792543672025204
5 0.7662033  0.12622927 0.9974274  0.74707055 0.013758838176727295
28 0.90861726 0.22501247 1.         0.30224645 0.013758208602666855
38 0.9215563  0.24136846 1.         0.3486434  0.013735571876168251
25 0.7700486  0.2950839  1.         0.63760823 0.013716391287744045
27 0.3508473 0.2583894 1.        0.8570494 0.013705720193684101
25 0.08522563 0.5800228  1.         0.7028306  0.013672908768057823
1 0.05632105 0.24962413 0.84983754 0.57034355 0.013576621189713478
22 0.77419984 0.         0.99693745 0.19356003 0.013547226786613464
28 0.8330156  0.20914952 1.         0.36110634 0.013488350436091423
27 0.3956915  0.4506359  1.         0.81600547 0.013477353379130363
7 0.         0.00851985 0.66098565 0.93080467 0.013460827060043812
19 0.4432805  0.00101679 0.63602823 0.11361655 0.01344259548932314
22 0.6950608  0.         0.99668825 0.13661383 0.013378594070672989
24 0.83263266 0.22505522 0.990033   0.3691813  0.013378150761127472
28 0.87784123 0.00702936 1.         0.20278792 0.013332891277968884
27 0.774155   0.28334123 1.         0.70140415 0.01319147739559412
24 0.87385106 0.17422175 0.99431956 0.3652425  0.013182348571717739
24 0.8784194  0.30914184 0.9906755  0.5092436  0.013158365152776241
22 0.43746918 0.         0.6611856  0.10087382 0.013126603327691555
41 0.5097281  0.5822477  0.7490529  0.78860706 0.013096990995109081
24 0.9112708  0.28524062 0.9972091  0.35497853 0.01307726837694645
22 0.61523825 0.14911473 0.90828454 0.30650416 0.013017828576266766
28 0.837847   0.0098236  0.9999824  0.07125406 0.013016683049499989
41 0.02124956 0.30348003 0.31933177 0.6868119  0.013016290962696075
38 0.67705333 0.26441595 1.         0.5897105  0.01282762736082077
28 0.909558   0.07243243 1.         0.36350787 0.012803581543266773
6 0.81709427 0.36703223 1.         0.54474646 0.012766891159117222
32 0.31013355 0.4693931  0.8967317  0.75489616 0.012667620554566383
41 0.09777921 0.14013685 0.5350133  0.65464884 0.012656300328671932
28 0.9081658  0.17188922 1.         0.24995652 0.012629732489585876
10 0.24716747 0.3650292  0.8591266  0.7003499  0.0125908637419343
21 0.         0.06210059 0.4698169  0.44890967 0.012570533901453018
28 0.9081468  0.19862089 1.         0.2763947  0.01254239771515131
27 0.06594076 0.34431854 1.         0.9013617  0.012540694326162338
24 0.90963787 0.18537204 0.99521774 0.45856518 0.0125201977789402
24 0.22891562 0.4317161  0.86574525 0.70728153 0.012486306950449944
38 0.90365845 0.3600828  0.996152   0.4427737  0.012460622936487198
2 0.40181696 0.25388944 0.7603791  0.79993135 0.012453591451048851
5 0.         0.         0.94009644 0.95035547 0.01240572426468134
19 0.9478837  0.         0.9874829  0.08517824 0.012380841188132763
40 0.        0.1796718 0.6974254 0.6342621 0.012331279926002026
24 0.32260612 0.30206114 0.83505404 0.73217094 0.012319989502429962
