2 0.03469959 0.1436289  0.1849902  1.         0.45187464356422424
34 0.         0.03843376 1.         0.5141325  0.427174836397171
2 0.06843372 0.23231855 0.40695605 0.9256941  0.36774465441703796
2 0.04024348 0.6845055  0.3183383  1.         0.3191877007484436
2 0.11602657 0.01926514 0.4582384  0.99608856 0.2794632017612457
34 0.        0.2926536 0.8384997 0.8226511 0.2556680738925934
2 0.02529613 0.         0.31443435 0.9597624  0.19957727193832397
34 0.         0.04273553 0.8352651  0.37666255 0.19879435002803802
2 0.04349833 0.48761776 0.27328968 1.         0.19164204597473145
34 0.         0.09127149 0.8143811  0.7488597  0.1881774216890335
16 0.0575811  0.4880626  0.28669664 0.76555836 0.1830712854862213
15 0.20311196 0.28789067 0.78212565 0.5826784  0.18252097070217133
33 0.00801444 0.38583857 0.2098301  0.83787405 0.17458395659923553
2 0.07612219 0.         0.5660902  1.         0.17173346877098083
16 0.06925356 0.4774295  0.36986682 0.8014631  0.15414606034755707
12 0.         0.2780763  0.44844407 0.6737681  0.15364336967468262
2 0.04487452 0.21441372 0.6137641  0.9787008  0.15290652215480804
2 0.12424632 0.         0.56229615 0.51505715 0.1522664725780487
24 0.95481986 0.00298561 1.         0.07994689 0.1471668779850006
24 0.40738043 0.30080634 0.8923269  0.58633095 0.13610132038593292
2 0.0324267  0.47850487 0.43368593 0.9954407  0.13331419229507446
16 0.04514596 0.18656299 0.34518555 0.6741428  0.13166280090808868
16 0.04702052 0.37777075 0.32268453 0.6881788  0.12940993905067444
34 0.         0.45985556 0.5450445  0.78207767 0.12918435037136078
12 0.         0.12525703 0.5257539  0.7195791  0.12731942534446716
33 0.         0.15180196 0.29723573 1.         0.12597939372062683
24 0.9402625  0.003554   1.         0.05284709 0.12549766898155212
24 0.92125106 0.00172712 1.         0.14334443 0.12321075052022934
24 0.0205486  0.38898927 0.5304344  0.98968357 0.12198082357645035
16 0.0276909  0.5759016  0.24964015 0.8788674  0.12066289037466049
34 0.23194963 0.2632728  0.8711369  0.5734021  0.11267014592885971
24 0.51385075 0.17895742 0.9286072  0.5914148  0.1124681681394577
34 0.02223785 0.02287944 0.57147944 0.6164546  0.11129345744848251
40 0.         0.36895332 0.8504072  1.         0.1093306690454483
1 0.         0.03604614 0.5127292  0.8538124  0.10910238325595856
34 0.24998246 0.07473335 0.9139126  0.6255179  0.1089453175663948
34 0.         0.36808062 1.         0.90720016 0.1076740175485611
24 0.92319703 0.00254956 1.         0.03704474 0.10744994878768921
24 0.8949526  0.00443613 1.         0.10143022 0.10492592304944992
34 0.         0.82462966 0.5777172  0.9806125  0.10291875898838043
2 0.00774347 0.22757556 0.2197519  0.87669337 0.10289641469717026
41 0.         0.42138878 0.48696136 0.99201    0.10116143524646759
2 0.14691068 0.         0.5390682  0.83248335 0.10106231272220612
24 0.03694575 0.7193482  0.5711482  0.96329814 0.10018568485975266
37 0.51078475 0.27922797 0.9765381  0.57007927 0.09929582476615906
2 0.03891131 0.31297818 0.27018726 0.9208958  0.09918459504842758
24 0.93734163 0.15930925 1.         0.26570085 0.09914495795965195
2 0.05102529 0.6495254  0.8680705  1.         0.09891428053379059
33 0.         0.25480533 0.32609233 0.75779235 0.0984218642115593
24 0.8932899  0.00124163 1.         0.1982766  0.09770134836435318
24 0.9368209  0.18663897 0.9999032  0.2924324  0.09688068926334381
40 0.04688052 0.09432549 0.8593377  0.6118917  0.0968165174126625
24 0.93805116 0.07899339 0.99942017 0.18604739 0.09637133032083511
24 0.92141616 0.02598142 1.         0.32976064 0.09461107105016708
24 0.9377343  0.13254558 0.9999633  0.23881565 0.09451773762702942
24 0.9192626  0.20000656 0.9991332  0.2764497  0.09239999204874039
34 0.         0.29979283 0.58609515 0.73552555 0.09234657883644104
33 0.         0.14647569 0.7454054  0.6756049  0.09093006700277328
1 0.089086   0.72125614 0.57591575 0.9814096  0.0901794359087944
24 0.9202617  0.17294255 0.999218   0.24959598 0.08963430672883987
24 0.85931957 0.00296619 1.         0.07097619 0.08806529641151428
24 0.67431575 0.22493638 1.         0.59337384 0.08727234601974487
24 0.93635976 0.21415055 0.9994789  0.31871653 0.08642987161874771
24 0.8592886  0.00476629 1.         0.14494747 0.08612300455570221
24 0.9183061  0.22725494 0.9984428  0.3029159  0.08608673512935638
24 0.        0.8556482 0.6992203 1.        0.08362597227096558
24 0.920897   0.14612134 0.9989543  0.22273758 0.08348213881254196
15 0.3351136  0.18052357 0.8095969  0.5654923  0.08283098042011261
40 0.       0.762871 1.       1.       0.08249686658382416
24 0.92118484 0.1194117  0.99873936 0.19597276 0.08200831711292267
1 0.02083033 0.48371542 0.6062456  0.90225923 0.08092180639505386
24 0.89399415 0.04863152 1.         0.25007707 0.08017005771398544
20 0.56005013 0.32748094 0.9054915  0.572233   0.08016786724328995
24 0.91890645 0.10601034 0.99983424 0.4080563  0.08000214397907257
24 0.8912434  0.18255082 1.         0.3872368  0.07884305715560913
24 0.93556225 0.80110246 1.         0.9063897  0.07851506024599075
34 0.         0.01140564 0.54710156 0.34333363 0.07849553227424622
33 0.03799688 0.29426286 0.5753672  0.7676673  0.07835095375776291
24 0.8943804  0.10293648 1.         0.3043312  0.0782490000128746
40 0.00226135 0.09499092 0.8562386  0.9158601  0.07792673259973526
24 0.         0.7326358  0.38340774 0.97056746 0.07756481319665909
20 0.51891947 0.4014357  0.87715447 0.64419013 0.07747171819210052
24 0.85994834 0.15988712 1.         0.30268136 0.07574188709259033
40 0.         0.49324343 0.2527568  1.         0.07525162398815155
24 0.9176594  0.2542032  0.99774426 0.32932058 0.07439849525690079
24 0.9358654  0.24128978 0.9991639  0.34459484 0.07347165793180466
24 0.8544683  0.00124837 1.         0.27129948 0.07343634217977524
2 0.0863336  0.37853113 0.54133457 0.898725   0.07339517772197723
33 0.         0.11128174 0.4925937  0.8870989  0.07226196676492691
2 0.01817391 0.76524365 0.55487865 1.         0.07035525888204575
12 0.         0.19823721 0.39059973 0.8657184  0.07033348083496094
24 0.8591614  0.10626423 1.         0.24786948 0.06851857900619507
24 0.93590397 0.72130805 1.         0.8254976  0.06811094284057617
24 0.80424047 0.13369757 1.         0.5498745  0.06698380410671234
24 0.01707146 0.54689497 0.6579492  0.929159   0.06692974269390106
24 0.8585363  0.21461    1.         0.35805294 0.06635557860136032
24 0.85740113 0.05298651 1.         0.19577277 0.06628832966089249
12 0.         0.36036852 0.2438972  0.71735    0.06624794751405716
24 0.64631575 0.         1.         0.6704349  0.06545895338058472
24 0.12009041 0.8108888  0.58026654 1.         0.06543831527233124
16 0.05077655 0.597986   0.17392579 0.9212829  0.06459463387727737
24 0.71770644 0.00362329 1.         0.13801272 0.06365908682346344
22 0.         0.16226225 0.21692567 0.9665599  0.06326514482498169
24 0.        0.6567417 0.2021714 0.9840358 0.06319715827703476
34 0.04036164 0.5483483  0.54628855 0.8398201  0.06294986605644226
1 0.        0.6176048 0.7671624 0.9674829 0.06283707916736603
24 0.8885881  0.23659576 0.9986369  0.44083995 0.06200237199664116
33 0.         0.3151317  0.35164636 0.91181624 0.061781540513038635
24 0.9355826 0.563102  1.        0.6637917 0.061732154339551926
24 0.9171853  0.28083825 0.9973183  0.35564303 0.06171867623925209
24 0.91610384 0.1873677  0.9989863  0.48530802 0.061543870717287064
24 0.00600548 0.612326   0.4717499  0.93235457 0.06136007979512215
24 0.93540406 0.26798552 0.9988422  0.37051502 0.061308424919843674
2 0.05912285 0.5955352  0.5213201  1.         0.06100904569029808
24 0.9357711  0.5369152  1.         0.63705313 0.06027701124548912
34 0.16566898 0.39636308 0.94998884 0.66438216 0.06025109812617302
16 0.10753957 0.3990589  0.44424897 0.72940165 0.059605542570352554
24 0.         0.81655085 0.3683039  0.982478   0.0593353770673275
41 0.         0.28209582 0.40673608 0.8975677  0.05877632647752762
24 0.         0.33523014 0.4543518  0.80226433 0.058317091315984726
24 0.2924681  0.34483597 0.88692355 0.6344661  0.05781097710132599
33 0.         0.3909242  0.45686963 0.79693186 0.057460885494947433
24 0.9352404  0.58941257 1.         0.6907369  0.05743139237165451
24 0.79817265 0.00552836 1.         0.19095929 0.05741387605667114
34 0.2709581  0.26576933 0.96909344 0.9323969  0.05686614662408829
41 0.05743683 0.8209536  0.58817005 0.988724   0.05672093480825424
34 0.        0.6538229 0.6164585 0.9087209 0.05652043968439102
12 0.         0.25288048 0.70424044 0.77168053 0.055089063942432404
24 0.9353951  0.8270444  1.         0.93339837 0.05487430840730667
15 0.         0.10485624 0.6138393  0.7384535  0.05479521304368973
24 0.9356102  0.69503146 1.         0.79861635 0.05433209612965584
25 0.9276819  0.40302303 1.         0.5055548  0.054309550672769547
3 0.35984764 0.29083058 0.9128527  0.6164316  0.05370659753680229
24 0.8544006  0.26792887 0.9998762  0.41209397 0.053355563431978226
24 0.         0.526733   0.36660627 0.9624518  0.05321545898914337
16 0.046218   0.4791087  0.20175083 0.8127736  0.05302112177014351
25 0.92751366 0.3765796  1.         0.47880957 0.052587490528821945
24 0.93605065 0.5109389  0.9995504  0.6102789  0.05251339077949524
24 0.9167962  0.8145602  0.99937063 0.8912892  0.05239900201559067
24 0.91707665 0.30754784 0.9968329  0.38193718 0.05225929245352745
24 0.9351099  0.29488754 0.9985272  0.39656398 0.052187371999025345
25 0.92741    0.42965963 1.         0.5325804  0.051903802901506424
24 0.80128103 0.02433987 1.         0.4265336  0.0512918159365654
37 0.45589387 0.3405633  0.94932425 0.62373644 0.05110646039247513
24 0.35112306 0.07529926 0.8845218  0.53203297 0.05075735226273537
24 0.64143735 0.00220413 1.         0.2073268  0.05061287432909012
24 0.93501306 0.6156993  1.         0.7178441  0.05009257420897484
25 0.90644187 0.41678315 0.9996216  0.49225405 0.0500149205327034
10 0.88098717 0.         0.99113303 0.11110275 0.04990254342556
25 0.92747104 0.34992665 1.         0.45239982 0.04962430149316788
40 0.         0.24256195 0.6535441  1.         0.04950074106454849
34 0.49824077 0.28359085 0.9294439  0.60588485 0.04920612648129463
24 0.38458622 0.24410604 0.87240267 0.49607748 0.049015238881111145
24 0.85148907 0.31960553 0.99716085 0.46620455 0.04804118722677231
25 0.9063547  0.44346985 0.99942356 0.5192261  0.04765651002526283
25 0.9272682 0.456514  1.        0.5588187 0.047517888247966766
25 0.9274929  0.48283556 1.         0.58488667 0.046627193689346313
24 0.8868588  0.2916796  0.9974558  0.49449348 0.04661170393228531
2 0.08771327 0.00333023 0.5498278  0.34464377 0.04638034477829933
25 0.9276657  0.50856525 0.9998933  0.6110489  0.04579484835267067
25 0.9273444  0.3234434  1.         0.42612284 0.04554891586303711
24 0.11306379 0.31015363 0.59294456 0.806875   0.04543400555849075
2 0.16508448 0.12778081 0.49522305 0.7191304  0.04536603391170502
24 0.9167905  0.33460826 0.99636465 0.40856096 0.04518915340304375
24 0.9180561  0.55042    0.9989622  0.62338823 0.04504653811454773
24 0.935141  0.6420421 1.        0.7452566 0.045022040605545044
24 0.9353688  0.66856116 1.         0.7723772  0.04501679539680481
10 0.9121875  0.         0.9922217  0.15111634 0.04487615078687668
24 0.9348813  0.3220851  0.99822646 0.42304668 0.04474252834916115
25 0.90613943 0.47021323 0.9987369  0.54585433 0.04459858685731888
20 0.9135187  0.35993078 0.99655664 0.43806016 0.044436726719141006
41 0.36237773 0.25032803 0.9152635  0.84574026 0.044338639825582504
35 0.8829057  0.275444   1.         0.51544225 0.04430657997727394
24 0.         0.5458593  0.23876768 1.         0.044217221438884735
1 0.9531156  0.90748626 0.99985546 1.         0.04379003494977951
14 0.91480774 0.36075184 0.9960069  0.4426034  0.04375430941581726
2 0.08685853 0.2740331  0.8871432  1.         0.04357621446251869
24 0.93582565 0.48519105 0.9987307  0.5840383  0.04357607662677765
20 0.9134619  0.38695782 0.9963825  0.46397564 0.04357561841607094
14 0.91417503 0.33454534 0.9960435  0.41613293 0.04346608743071556
25 0.92752635 0.5346134  0.9993084  0.63748485 0.04314363747835159
14 0.9139789  0.30810407 0.9958012  0.38961133 0.043092597275972366
20 0.91441375 0.18506415 0.9980726  0.49649054 0.04304075986146927
33 0.12217517 0.28941298 0.7401995  0.54615206 0.04300961270928383
3 0.5306442  0.28166983 0.97828496 0.5765041  0.042966488748788834
15 0.16381814 0.05117455 0.7894566  0.5598522  0.04296577721834183
14 0.8808601  0.23528627 0.9966698  0.46651566 0.04291819781064987
34 0.         0.52107173 0.7236761  0.8996985  0.04279681295156479
14 0.9157129 0.386898  0.9954891 0.4692212 0.04272590950131416
14 0.9137949  0.281781   0.99554926 0.3632817  0.04268540441989899
41 0.         0.16310021 0.44543734 0.5838993  0.04242105782032013
10 0.8431621  0.         0.9866614  0.16047715 0.042371928691864014
2 0.10310034 0.         0.40178677 0.7315396  0.04199010506272316
20 0.9135084  0.3333847  0.9967797  0.41174397 0.041856296360492706
14 0.9339558  0.32172924 0.9976112  0.43028724 0.04184406250715256
38 0.5830423  0.26282263 1.         0.5757847  0.041831012815237045
25 0.9067283  0.49649385 0.9981356  0.5722388  0.0417315699160099
14 0.91332513 0.25543004 0.9954166  0.3367583  0.04123098775744438
24 0.11581967 0.16012166 0.49117312 0.43504894 0.04116510599851608
33 0.20924258 0.2281142  0.76746035 0.5142395  0.04103744775056839
34 0.0518201  0.25846198 0.3262744  0.8021589  0.040950920432806015
25 0.92706484 0.29637077 1.         0.39982665 0.04093807563185692
20 0.88250697 0.28659582 0.99840355 0.5069291  0.04080517590045929
14 0.91129804 0.10728301 0.9964624  0.4333568  0.040558893233537674
10 0.8357121  0.         0.9886768  0.07945755 0.04054441303014755
1 0.         0.00134908 0.9540925  0.795398   0.040513671934604645
14 0.93316776 0.26954442 0.9974365  0.3780511  0.04040129482746124
34 0.13646622 0.203275   1.         0.7444372  0.040091417729854584
24 0.91732687 0.7482829  1.         0.99464035 0.03996235132217407
35 0.9122867  0.32793772 1.         0.4154838  0.03994746133685112
18 0.83400756 0.6010214  0.9962889  0.77694815 0.0399443693459034
40 0.         0.48127097 0.5014287  1.         0.03992825374007225
14 0.93522614 0.37318686 0.9967319  0.48416778 0.039880555123090744
14 0.83424973 0.31879988 0.9942201  0.49030477 0.039742060005664825
14 0.91216505 0.19055383 0.99726206 0.513352   0.03969002887606621
24 0.91637605 0.3620593  0.9962068  0.43549865 0.03964604064822197
33 0.         0.19169594 0.79166764 0.91139954 0.039629098027944565
24 0.91532594 0.27565512 0.9982744  0.56739    0.039625026285648346
18 0.83230394 0.6521278  0.9971158  0.83057255 0.039574310183525085
24 0.9180093 0.5242883 0.9981179 0.5968713 0.03950819745659828
35 0.9122576  0.3017245  1.         0.38797188 0.03941129148006439
20 0.9132407  0.41404992 0.99657035 0.48972392 0.039373431354761124
34 0.         0.70141345 0.9316543  0.9369914  0.039338815957307816
24 0.93464786 0.34962752 0.99818563 0.45021272 0.0393376387655735
1 0.919565  0.7325255 0.998772  1.        0.03928804770112038
14 0.9166504  0.41261202 0.9949687  0.49605012 0.039281055331230164
14 0.91242665 0.22864594 0.99520725 0.3103485  0.039268556982278824
25 0.90714854 0.52252156 0.99757355 0.59863573 0.039266716688871384
25 0.9275456  0.5606037  0.99871236 0.66444844 0.03923787549138069
33 0.00617807 0.2743904  0.23359625 0.94761723 0.03922859951853752
40 0.         0.82889146 0.83263034 1.         0.039176374673843384
24 0.3932468  0.18005323 1.         0.68797886 0.039117854088544846
20 0.9334537  0.2938877  0.99821585 0.3982821  0.039096854627132416
1 0.93807334 0.9336201  0.99991804 1.         0.03904172033071518
1 0.         0.44695663 0.83967704 0.94114035 0.03899198770523071
10 0.88215953 0.         0.9898811  0.21635488 0.03897074982523918
16 0.06867886 0.5376408  0.27715245 0.9413227  0.03890452906489372
25 0.87347484 0.29616264 1.         0.5115491  0.03873423859477043
14 0.91069686 0.01979471 0.9982227  0.35096395 0.03860083594918251
38 0.94379   0.        0.9972354 0.0716817 0.0385129339993
21 0.         0.29989424 0.474955   0.88566357 0.03842126578092575
38 0.90586364 0.         1.         0.13494672 0.03834759071469307
1 0.10071841 0.82336867 0.67242736 0.97828627 0.03831905499100685
20 0.9140537  0.30703288 0.99674696 0.38547313 0.038286421447992325
1 0.35600114 0.00450414 1.         0.89834905 0.038240838795900345
35 0.9123859  0.35413098 1.         0.44286674 0.038175068795681
25 0.83071375 0.3236027  1.         0.48051712 0.03812892362475395
25 0.87228876 0.24159089 1.         0.4582182  0.0380583256483078
41 0.         0.2753082  0.48031053 0.7305661  0.03803451731801033
41 0.35346717 0.30440918 0.7910901  0.63160765 0.03797952085733414
14 0.8828061  0.3370651  0.99551    0.57446146 0.03791959583759308
10 0.9481103  0.         0.99513096 0.07975616 0.03790365532040596
14 0.9321234  0.21771826 0.99734664 0.32517013 0.037894438952207565
15 0.         0.3033049  0.74477696 0.7143587  0.03784368559718132
1 0.         0.00708104 0.5166141  0.4777818  0.03773336857557297
25 0.9049461  0.34862885 1.         0.65585285 0.03771590068936348
35 0.83966666 0.3130219  1.         0.4778352  0.03769422322511673
35 0.93234134 0.5231205  1.         0.6444554  0.037614401429891586
14 0.8376855  0.26297665 0.99405104 0.43580776 0.03731243312358856
38 0.92817914 0.26259792 1.         0.371599   0.037213802337646484
35 0.91200197 0.2753863  1.         0.36023942 0.037190452218055725
14 0.9148673  0.33848727 0.99583    0.66853386 0.03716328740119934
24 0.93539023 0.8524853  1.         0.9605989  0.03714802488684654
1 0.9371762  0.8774585  0.99899346 0.99387044 0.037136320024728775
25 0.82882315 0.15656345 1.         0.3205237  0.03713086247444153
11 0.         0.33084086 0.22537299 1.         0.03703215345740318
14 0.879669   0.09383951 0.995529   0.33121368 0.03697977960109711
25 0.8214785  0.12349986 1.         0.72908074 0.036878801882267
25 0.9484957  0.9113349  1.         0.99703145 0.03683454170823097
35 0.839001  0.3642429 1.        0.5330797 0.03682660683989525
25 0.8731357  0.18575977 1.         0.40580097 0.03680199384689331
25 0.90712374 0.5483596  0.99693596 0.624929   0.0367547906935215
14 0.9113608  0.2015758  0.9948654  0.28386822 0.036676134914159775
18 0.835841   0.5522525  0.99516493 0.72299707 0.036442261189222336
14 0.93406886 0.5326883  0.99707097 0.6420616  0.03639650717377663
35 0.91297233 0.16580546 1.         0.5100902  0.03638115152716637
38 0.9086096  0.30485028 1.         0.38413638 0.03634519875049591
25 0.9279988 0.5872297 0.9982069 0.6915903 0.0363285057246685
24 0.05277631 0.09322657 0.5970614  0.25973934 0.036198683083057404
22 0.         0.22300334 0.34136015 0.8026529  0.03619151934981346
24 0.9353041  0.45899236 0.9983831  0.5580606  0.03609852492809296
38 0.9272432  0.23572625 1.         0.344752   0.036061421036720276
20 0.9343601  0.26792645 0.9982956  0.37235442 0.03604350984096527
25 0.9270573  0.2692769  1.         0.37365505 0.035965967923402786
24 0.9162639  0.38929722 0.9965843  0.46253216 0.035867299884557724
14 0.83866286 0.20523217 0.99361664 0.38237217 0.03581373021006584
42 0.3449941  0.2166333  0.76004714 0.7737491  0.03574274107813835
24 0.84872025 0.37427017 0.9955059  0.52120304 0.035671111196279526
35 0.93188995 0.2593986  1.         0.3762297  0.03560362756252289
1 0.9368791  0.79801893 0.99632853 0.91240776 0.0355873703956604
24 0.9346604  0.3771255  0.9983815  0.47728938 0.03557975962758064
24 0.9511517  0.90845484 1.         0.9996165  0.03547446429729462
38 0.9073718  0.17089427 1.         0.48656362 0.035467974841594696
35 0.91264385 0.3798029  1.         0.47036028 0.03534383699297905
14 0.93146884 0.19084097 0.99700266 0.29894462 0.03533518686890602
24 0.9168843  0.84107846 0.9992429  0.91878176 0.035335104912519455
20 0.9327352  0.40036434 0.9978646  0.5019034  0.035214491188526154
25 0.9058767  0.19173473 1.         0.5033298  0.03517571836709976
25 0.8301379  0.26753792 1.         0.42754054 0.035018473863601685
10 0.83847654 0.         0.98762304 0.30831107 0.03501380980014801
