17 0.19240601 0.22980429 0.73224807 0.9815305  0.5170106291770935
17 0.45465368 0.39304665 0.7194489  0.8843491  0.5028921961784363
17 0.34202525 0.21510671 0.83230215 0.9753706  0.43334606289863586
26 0.00522303 0.17580064 0.44817543 1.         0.3001808822154999
26 0.        0.5250444 0.6139917 0.9823858 0.2987401485443115
26 0.         0.7952371  0.41034853 1.         0.29291290044784546
17 0.2618438  0.45317385 0.8579808  0.83405334 0.27204132080078125
17 0.10343377 0.22286962 0.6126428  0.8132083  0.2716539204120636
17 0.3846732  0.34599346 0.7010164  0.7948415  0.2685698866844177
32 0.1540971 0.1860652 1.        0.7804896 0.2632307708263397
32 0.10811447 0.05814929 0.6727762  0.86792636 0.25380533933639526
26 0.        0.5545425 0.3528985 1.        0.25225013494491577
26 0.03866351 0.18052429 0.6901643  0.90796876 0.2240280658006668
32 0.22467649 0.         1.         0.69840217 0.217263862490654
17 0.30932593 0.3647294  0.6467067  0.75430983 0.19091886281967163
17 0.         0.34596094 0.80229706 0.9734259  0.18184036016464233
26 0.03851814 0.28440383 0.5526504  0.8153564  0.18057982623577118
32 0.14564586 0.24389835 0.796443   0.9844926  0.16705338656902313
17 0.50874597 0.37340382 0.8003334  0.9221454  0.16196098923683167
17 0.23348595 0.359586   0.8460602  1.         0.16102568805217743
17 0.16215457 0.17587683 0.40398732 0.74409777 0.15829499065876007
17 0.07315669 0.10753866 0.44326925 0.82951665 0.14354082942008972
26 0.        0.8256533 0.1112439 1.        0.1384156346321106
26 0.00275972 0.775731   0.084557   1.         0.13772015273571014
26 0.         0.8704125  0.15902446 1.         0.13147656619548798
41 0.3849535  0.26072747 1.         0.7432265  0.1286342740058899
18 0.04264169 0.         0.40014106 1.         0.12390252202749252
41 0.44402447 0.09948289 0.9802106  0.47690842 0.1227324903011322
26 0.         0.8209411  0.20672971 1.         0.12147844582796097
26 0.         0.91100067 0.05505903 1.         0.12096630781888962
32 0.3633953  0.27310935 0.7966152  0.8025929  0.11664827167987823
26 0.02514677 0.6477449  0.4801291  1.         0.10816730558872223
18 0.04492034 0.01717751 0.42191076 0.61727095 0.10261955112218857
26 0.039607   0.83017004 0.3010986  1.         0.10227561742067337
32 0.19748731 0.1890249  0.6967428  0.76693434 0.10002925992012024
32 0.0944194  0.06565277 0.44618744 1.         0.09717211127281189
17 0.22176464 0.3187573  0.5337419  0.7563492  0.09590507298707962
32 0.02207387 0.37948132 0.9871987  0.92357576 0.09128675609827042
1 0.6670828 0.        1.        0.7403531 0.09076257050037384
41 0.40525314 0.16536978 0.9481879  0.59397286 0.08940053731203079
41 0.47024024 0.47315806 0.9831458  0.78151095 0.08898075670003891
32 0.08331078 0.18396205 0.7666934  0.6160995  0.08783295005559921
32 0.15508093 0.28503108 0.62264574 0.87753785 0.08718689531087875
41 0.18234468 0.16073196 1.         0.5543417  0.08432497084140778
26 0.08678108 0.17022151 0.44266897 0.79817104 0.0835452675819397
26 0.1665215  0.21266419 0.81760436 0.8247663  0.08251027017831802
17 0.5317094  0.47550976 0.70857716 0.74157685 0.08208629488945007
10 0.34450573 0.00233246 0.96598434 0.308893   0.08208603411912918
18 0.06174161 0.19974826 0.3737046  0.90308994 0.07778429985046387
17 0.150605   0.19282462 0.60869884 0.63434005 0.07724925875663757
1 0.72215855 0.24999955 1.         0.92162436 0.07390737533569336
17 0.27800295 0.24587245 0.6066449  0.6794637  0.07322878390550613
26 0.33393785 0.37849078 0.7906823  0.7557525  0.0731787160038948
41 0.04531128 0.36658922 1.         0.75423205 0.07259278744459152
41 0.47675437 0.32519072 0.9473599  0.83963513 0.07209830731153488
26 0.05751142 0.27097437 0.7199228  0.69170475 0.06720393896102905
32 0.41307506 0.         1.         0.5619657  0.06566780060529709
26 0.00283911 0.69645995 0.24349071 1.         0.06399772316217422
26 8.1036886e-04 5.9357911e-01 1.8117285e-01 1.0000000e+00 0.0633523166179657
17 0.06643423 0.22533827 0.5238686  0.5990262  0.060569021850824356
17 0.41365507 0.4000908  0.9074568  0.95494163 0.0600118488073349
32 0.08557501 0.1400796  0.54250014 0.67383057 0.05938692390918732
10 0.12791024 0.02753211 0.9271502  0.3478269  0.05732118338346481
32 0.29237518 0.24905923 0.91785604 0.6619566  0.05710141360759735
26 0.40499267 0.2159536  0.92271423 0.7654803  0.05706460773944855
41 0.33028477 0.2026555  0.9916549  0.46216288 0.055599696934223175
17 0.06938948 0.23931247 0.35366705 0.6816454  0.055075060576200485
32 0.4283481  0.06258255 0.94313437 0.7197334  0.05371039733290672
32 0.3408136  0.39135858 0.90624726 0.70000875 0.051668357104063034
18 0.07824779 0.06252711 0.6558595  0.5728176  0.05165579542517662
32 0.5459021 0.4104506 0.8072314 0.7846041 0.0516173429787159
18 0.0913632 0.        0.7182002 0.8186899 0.049844179302453995
17 0.13249455 0.3056288  0.4938653  0.8405886  0.04847089573740959
32 0.44474193 0.3325768  0.8393196  0.74239546 0.04813844710588455
41 0.45817536 0.38095805 0.94969    0.647374   0.045817118138074875
27 0.56269544 0.01055781 1.         0.9582939  0.04537007585167885
16 0.52254814 0.21007249 1.         0.80966836 0.045352544635534286
26 0.12232464 0.86272186 0.39048004 1.         0.04408207908272743
17 0.03797238 0.11606738 0.31575507 0.8861731  0.043388478457927704
32 0.10601828 0.30349988 0.54999006 1.         0.04324125871062279
16 0.5863394  0.46464977 0.98613465 0.94485545 0.04130334034562111
41 0.02284027 0.48379862 1.         0.8956641  0.040909722447395325
17 0.32400966 0.3351121  0.7930772  0.72254354 0.040385495871305466
32 0.03959111 0.60196877 0.6622041  0.99526167 0.03981730341911316
32 0.1789368 0.        0.8293494 0.5059013 0.03850880637764931
17 0.48107824 0.17796782 0.8570768  0.8907574  0.0383518747985363
17 0.         0.5552219  0.69212854 0.9713722  0.03826542943716049
32 0.43465507 0.36218148 0.7670305  0.91959065 0.03806628659367561
41 0.37293032 0.4767829  1.         0.69410944 0.037155985832214355
26 0.21296716 0.3372203  0.76513225 0.6414764  0.03714866191148758
18 0.03375079 0.12300721 0.3041833  0.7825635  0.03673082962632179
1 0.5924647 0.        1.        0.6301807 0.03576832264661789
17 0.47820526 0.21615985 0.8772699  0.64318615 0.03566499054431915
10 0.82473034 0.03254448 1.         0.31688574 0.03512056544423103
32 0.36670795 0.10774013 0.8420518  0.6410758  0.034458424896001816
41 0.55794424 0.4499015  0.9145379  0.90709335 0.03411718085408211
10 0.31715038 0.11075689 0.9805922  0.8947722  0.032892003655433655
41 0.21469061 0.17569156 0.73882496 0.6062593  0.0324191190302372
1 0.64274025 0.09374952 1.         0.9035961  0.03100573644042015
1 0.6299505  0.13192673 0.98237234 0.6820506  0.030848762020468712
16 0.29224688 0.25712577 1.         0.73953766 0.03066643886268139
41 0.62261254 0.25874653 0.9059117  0.7701951  0.030588973313570023
26 0.09900966 0.42610487 0.468661   0.97536093 0.03048253431916237
41 0.5233701  0.415603   0.87959373 0.76532656 0.03027099370956421
26 0.48798248 0.42318228 0.8289189  0.7546093  0.029948176816105843
41 0.16449906 0.09911629 0.95651084 0.32314172 0.0292733795940876
41 0.35009313 0.35444283 1.         0.59506124 0.029233010485768318
26 0.05024863 0.3311153  0.35810623 0.8223734  0.02901584282517433
30 0.01539022 0.74599916 0.9381832  1.         0.028428731486201286
41 0.40050486 0.07581715 0.965985   0.271562   0.028121639043092728
41 0.12723185 0.13327932 0.82465965 0.5046448  0.02723325788974762
15 0.42259312 0.2899245  1.         0.84582114 0.02720833569765091
6 0.91055536 0.9249794  1.         1.         0.027037600055336952
1 0.72190505 0.3654145  0.9812504  0.7688914  0.026678400114178658
26 0.         0.6581668  0.75202936 0.9239656  0.026563482359051704
32 0.         0.70786923 0.82215095 0.9734242  0.025999046862125397
17 0.28953105 0.18126921 0.8036627  0.5534597  0.025647632777690887
41 0.0309935  0.20013183 0.71121687 0.5412726  0.02549472078680992
10 0.28823823 0.02897827 0.88289654 0.57474333 0.024720031768083572
41 0.30061957 0.28912935 0.9820091  0.53568625 0.024709602817893028
32 0.17141068 0.04971258 0.66260153 0.60487735 0.023987263441085815
1 0.3389974 0.        1.        0.4919548 0.02395000122487545
10 0.         0.21763772 1.         0.862123   0.023728536441922188
24 0.58832425 0.10697912 1.         0.80091745 0.023564232513308525
16 0.69193155 0.7189816  0.94409525 0.98118037 0.023514045402407646
26 0.30873278 0.17271231 0.9770864  0.65331113 0.023185692727565765
41 0.5743506  0.21193178 0.90411574 0.61601096 0.023027047514915466
18 0.05534533 0.08825531 0.6250488  1.         0.022622907534241676
41 0.09145419 0.25859132 0.87200147 0.73815453 0.022486144676804543
26 0.06513441 0.775553   0.4955891  0.9962366  0.022460829466581345
16 0.27974764 0.14530182 0.8762984  0.5448133  0.022243572399020195
26 0.13887434 0.19765359 0.5990013  0.7604983  0.021818947046995163
17 0.00318008 0.7910724  0.32753012 0.9947095  0.021785076707601547
17 0.0095597  0.7797223  0.08252085 0.9995189  0.021293845027685165
16 0.69042534 0.6341035  0.9591539  0.9018226  0.02104739286005497
27 0.4790145 0.        1.        0.6090784 0.02093915268778801
28 0.4369093  0.74816257 0.8451886  0.9713909  0.020827244967222214
41 0.33837503 0.41103846 1.         0.8514123  0.02079290710389614
32 0.09950273 0.21726252 0.41762692 0.82821375 0.020670069381594658
17 0.         0.64843273 0.81725895 0.9978672  0.02039274200797081
41 0.01406629 0.18152164 0.5218834  0.6319564  0.020117130130529404
16 0.16714308 0.12934847 0.3896201  0.7698983  0.019834965467453003
41 0.37936848 0.5599765  0.9920198  0.8957537  0.01977669820189476
17 0.42130363 0.21825735 0.7261758  0.6362296  0.01968872919678688
1 0.57242435 0.13456587 1.         0.5127711  0.019680369645357132
10 0.         0.02885915 1.         0.77372575 0.019319599494338036
17 0.09347782 0.11451966 0.37146974 0.5919976  0.01927061378955841
17 0.1787382  0.13648959 0.6680414  0.5163437  0.019131729379296303
10 0.38397834 0.         0.8532635  0.4497074  0.01908458210527897
1 0.5445272 0.        1.        0.9870392 0.019079841673374176
15 0.57963574 0.39820495 1.         0.844303   0.019052518531680107
1 0.38306355 0.66369    1.         0.98520774 0.018705692142248154
24 0.7893032  0.27493435 1.         0.62868893 0.018573693931102753
27 0.17970118 0.05037197 1.         0.37056795 0.01827543042600155
28 0.32720467 0.6995569  0.8802422  0.9643318  0.01815570704638958
16 0.19988771 0.12337416 0.5006968  0.49809012 0.018068768084049225
10 0.01533488 0.04940888 0.9524865  0.5124858  0.017060499638319016
16 0.27105883 0.70269126 0.9530632  0.9921048  0.017028389498591423
27 0.6306491  0.31420177 1.         1.         0.016979636624455452
17 0.00751202 0.62475264 0.41370016 1.         0.016896162182092667
32 0.15679578 0.87536013 0.42113167 1.         0.016617752611637115
28 0.4100214  0.8159526  0.93431604 0.99197423 0.016409557312726974
41 0.05220336 0.10337568 0.42332125 0.577563   0.01638728566467762
14 0.7442565  0.7407342  0.9502274  0.99163026 0.01625972054898739
26 0.3937693  0.35636717 0.8688851  0.64264345 0.01597541570663452
30 0.56394166 0.11334437 0.92153823 0.85571474 0.015919385477900505
32 0.         0.82971394 0.6555285  1.         0.0159001387655735
27 0.21676743 0.04739759 1.         0.5461366  0.015773067250847816
16 0.34510934 0.38010228 0.91242427 0.9941344  0.0157703198492527
27 0.49270734 0.04759837 0.9727377  0.5070105  0.015667764469981194
18 0.07748751 0.07187048 0.5254093  0.8053444  0.015652971342206
17 0.07111918 0.44771725 0.5339452  0.99886864 0.015572398900985718
16 0.14444259 0.11532281 0.34158427 0.66734517 0.015511998906731606
41 0.02796707 0.19812238 0.58225214 0.88914615 0.01503518596291542
41 0.01789655 0.31978068 0.5586954  0.7456882  0.015027658082544804
2 0.815215  0.3512156 1.        0.9954726 0.014722444117069244
32 0.0263227 0.6386971 0.3856067 1.        0.014641009271144867
16 0.5392263  0.6469739  0.95813805 0.927571   0.014605364762246609
27 0.62987447 0.04105021 0.9781535  0.78442913 0.014569379389286041
16 0.49707758 0.17192353 0.9235444  0.5828586  0.0145135298371315
29 0.6389776  0.19712207 0.9501682  0.8999583  0.014476669020950794
26 0.519553   0.14756954 0.93962526 0.6708311  0.014406104572117329
32 0.00900218 0.9269279  0.06521502 1.         0.014305123127996922
41 0.21288203 0.41251874 1.         0.61734486 0.014298561960458755
4 0.0443423 0.0515579 1.        0.8225083 0.01410949882119894
33 0.         0.05666659 0.62018126 0.8434396  0.014029442332684994
33 0.35468248 0.08642036 0.9555331  0.9384118  0.013653353787958622
16 0.5228496  0.43122855 1.         0.7286256  0.013518143445253372
10 0.         0.18984647 0.5556368  0.92310375 0.013296819292008877
4 0.38757008 0.0554113  1.         0.73955214 0.013244538567960262
17 0.00897639 0.83074594 0.10875987 0.99520755 0.013050327077507973
32 0.07909264 0.68745524 0.54786795 1.         0.012975337915122509
17 0.060548   0.83851004 0.30215067 0.99368644 0.012876564636826515
41 0.4488456 0.4697048 0.8552423 0.8732357 0.012856695801019669
32 0.19863805 0.42023808 0.65510416 0.9543856  0.012680325657129288
41 0.38345984 0.08031856 0.8598395  0.35098058 0.012664507143199444
10 0.34115505 0.28488943 0.8857603  0.7660518  0.012658398598432541
18 0.01086257 0.923812   0.05572475 1.         0.012589498423039913
41 0.11577446 0.28103176 0.68157226 0.6751386  0.012433611787855625
1 0.7553585  0.57943505 1.         0.923371   0.01243008952587843
33 0.0495753  0.16442515 0.953241   0.86134017 0.012416165322065353
17 0.06553143 0.05508273 0.42115226 0.48731324 0.012241363525390625
41 0.40381613 0.54454917 1.         0.76288646 0.011918988078832626
41 0.51088566 0.23760071 0.9368508  0.4963445  0.011878891848027706
16 0.2079689  0.15882462 0.550622   0.6794946  0.011469700373709202
16 0.27846223 0.17786644 0.68423873 0.7669813  0.011390889063477516
24 0.77303404 0.45524272 1.         0.90941024 0.011387074366211891
41 0.        0.3966427 0.797929  0.8703331 0.01116135437041521
32 0.         0.82998174 0.3521432  1.         0.011078995652496815
32 0.05464353 0.11411684 0.62242323 0.489114   0.011050457134842873
32 0.5106648  0.42175904 0.89253473 0.89831746 0.011012690141797066
41 0.5289828  0.3242808  0.9402143  0.59053344 0.011011388152837753
32 0.1349324  0.50329113 0.4928197  1.         0.010951626114547253
32 0.20533769 0.4754817  0.90267867 0.9107942  0.010756599716842175
16 0.11945838 0.09220663 0.335488   0.49559647 0.010714573785662651
29 0.6439717 0.0392612 1.        0.3100107 0.010682385414838791
16 0.69246423 0.21943904 0.9817855  0.7760228  0.01060748752206564
18 0.00246277 0.         1.         0.5645746  0.01053803600370884
4 0.48071754 0.22682834 1.         0.9175924  0.010379868559539318
1 0.2600494 0.        1.        0.7548283 0.010351201519370079
32 0.13152723 0.77846384 0.58316755 1.         0.010350057855248451
41 0.0386571  0.04739967 0.48214144 0.40280348 0.010301279835402966
26 0.06794037 0.21200964 0.64655364 0.5659847  0.010099024511873722
32 0.34248033 0.         1.         0.3203137  0.010042693465948105
1 0.71281636 0.44742683 1.         0.9861013  0.010034976527094841
30 0.33459765 0.09499787 0.9404779  0.88118184 0.009882578626275063
41 0.03632202 0.74493235 0.838074   0.98434585 0.009827171452343464
17 0.00983786 0.8262337  0.20067489 0.99460465 0.009773777797818184
27 0.26766703 0.03359553 1.         0.81937444 0.009732346050441265
16 0.684042   0.84304285 0.9472584  0.9771083  0.009723721072077751
30 0.6068035  0.29035333 0.8687529  0.9974539  0.009687408804893494
16 0.12094919 0.20337269 0.2835322  0.87056386 0.009657841175794601
10 0.15043518 0.3446433  1.         0.9716555  0.00960509292781353
1 0.6885697 0.2668251 0.9640599 0.6802862 0.009602759964764118
32 0.04830685 0.01876536 0.38055274 0.600551   0.00953598041087389
24 0.68148106 0.42026916 1.         0.9517331  0.009524800814688206
32 0.0035202  0.76883966 0.43876344 1.         0.009449796751141548
27 0.40449867 0.06360023 0.8938446  0.41800076 0.009449482895433903
1 0.63247836 0.30017644 1.         0.7494664  0.009319019503891468
10 0.7383749  0.00948649 1.         0.23422445 0.009138111025094986
26 0.07638316 0.18366575 0.31596437 0.66267985 0.009074126370251179
17 0.05855502 0.05762178 0.2730208  0.36697093 0.009041626937687397
24 0.11584397 0.13695176 1.         0.5064412  0.008992297574877739
1 0.48622915 0.03303504 1.         0.44901136 0.008877187967300415
30 0.43765336 0.04651535 0.9192025  0.62079394 0.008827687241137028
41 0.09728587 0.584835   1.         0.95786643 0.008809015154838562
27 0.12826253 0.10234223 0.9403702  0.6956968  0.008701500482857227
41 0.5417528  0.12391945 0.9109518  0.42057398 0.00868928525596857
17 0.00762184 0.9111425  0.05111843 0.9923144  0.008601256646215916
41 0.27436587 0.27399537 0.8302743  0.63641775 0.008571337908506393
29 0.768597   0.37775448 1.         1.         0.00854567438364029
16 0.6302465  0.7950692  0.96359867 0.9807867  0.00851263664662838
32 0.49161246 0.         1.         0.25581774 0.008478053845465183
16 0.74894536 0.78804135 0.9540051  1.         0.00847301073372364
15 0.48439068 0.49581736 1.         0.8892488  0.008448568172752857
33 0.         0.         0.36423588 0.9661141  0.008444630540907383
41 0.         0.69857216 0.659351   0.9511528  0.008365013636648655
17 0.52731335 0.40683833 0.90191054 0.81983465 0.008282963186502457
41 0.0309786  0.53048044 0.77104294 1.         0.008272243663668633
24 0.7821931  0.36616766 1.         0.7144655  0.008269786834716797
10 0.         0.2611247  0.60316265 0.71925825 0.008261050097644329
26 0.2731626  0.26937556 0.8001711  0.5892156  0.00823418889194727
31 0.8229966  0.00440009 0.9810891  0.09271113 0.0081903962418437
17 0.01323701 0.87389773 0.1526005  0.99228764 0.008028586395084858
16 0.12167066 0.12413847 0.25285405 0.742498   0.008012830279767513
41 0.04130758 0.40897843 0.56029177 0.9999837  0.0079986322671175
16 0.09761186 0.09183712 0.25004    0.507767   0.00792316161096096
32 0.43551758 0.13349411 0.9786888  0.53085005 0.007819036021828651
20 0.934571   0.9403142  0.9997802  0.99582356 0.007653541397303343
14 0.6543417  0.6477331  0.92415226 1.         0.007596270181238651
1 0.23490784 0.         0.6734098  0.57299036 0.007574337534606457
26 0.2681569  0.29971075 0.65071535 0.82018787 0.007561597973108292
1 0.36306974 0.         1.         0.38806444 0.00755304517224431
21 0.83280784 0.00580352 0.9739205  0.23937786 0.007538213860243559
33 0.60471445 0.346846   0.9458298  1.         0.00746006378903985
32 0.01130199 0.8714844  0.12281565 1.         0.0073991743847727776
29 0.61704236 0.7211231  0.97785705 1.         0.007358018774539232
15 0.5490957  0.1513665  0.98602223 0.77515423 0.007329210638999939
41 0.08644117 0.07682893 0.9343735  0.25207472 0.007232163101434708
21 0.03016219 0.         0.35970125 0.71932423 0.0072054024785757065
27 0.02951276 0.00199523 0.3320249  0.15660353 0.007194782141596079
10 0.         0.39808133 1.         1.         0.007187521550804377
24 0.32578465 0.15957054 1.         0.75947946 0.007166709750890732
24 0.38853723 0.0889257  1.         0.5965189  0.007162261754274368
33 0.         0.5701484  0.64100975 1.         0.007150043733417988
26 0.0301524  0.39432132 0.33022568 1.         0.007145856507122517
18 0.04716507 0.44027486 0.59564966 1.         0.007110633887350559
41 0.23148565 0.78304535 0.88971394 0.959993   0.007089860737323761
33 0.         0.15079865 0.52475923 0.65913796 0.007063806056976318
18 0.0000000e+00 1.8007915e-04 3.3050078e-01 3.5429507e-01 0.007063333410769701
10 0.40038338 0.33855614 0.83032584 0.8922768  0.00704846391454339
15 0.42459378 0.45911962 1.         0.7586413  0.0070425961166620255
33 0.00593922 0.05895996 0.37333822 0.7196585  0.007035437971353531
29 0.4438113  0.06756201 1.         0.3262411  0.0070098466239869595
1 0.6357728  0.15314074 0.8778765  0.81058025 0.006957579869776964
41 0.02855194 0.0439331  0.29960555 0.31292516 0.006937084719538689
1 0.6609318  0.01033735 0.96312433 0.5286039  0.006931590382009745
18 0.02267403 0.78837895 0.07757179 1.         0.006881786044687033
24 0.7257653  0.22212219 1.         0.6049096  0.006853169295936823
6 0.22782847 0.6613902  0.599609   0.9642892  0.006842873990535736
