31 0.43594494 0.21554205 1.         0.5576136  0.26496291160583496
9 0.         0.         0.36815476 1.         0.2295004427433014
30 0.33918524 0.2458004  0.8529265  0.5070189  0.16655515134334564
9 0.        0.        0.3928781 0.717044  0.16201961040496826
9 0.         0.02984268 0.27535427 0.8362653  0.14810548722743988
30 0.49977988 0.140555   0.74784184 0.50156426 0.1330067366361618
33 0.3574483  0.20283414 0.80257195 0.58415955 0.1290515512228012
9 0.         0.11847539 0.49639568 1.         0.12457186728715897
29 0.36663187 0.         0.81714165 0.926613   0.11339817196130753
21 0.2313933  0.26262355 0.802965   0.49808285 0.10544563829898834
34 0.1375004  0.02600737 0.9621506  0.2237827  0.10522536933422089
33 0.47920626 0.09731586 0.8251668  0.64020437 0.09853697568178177
34 0.         0.2807121  0.75724083 0.92798513 0.08052439987659454
9 0.         0.02014969 0.65855074 0.5264601  0.07776801288127899
34 0.48417842 0.01742279 1.         0.20896408 0.07717964053153992
21 0.04980087 0.11944056 0.6244924  0.9595103  0.07642707228660583
33 0.04227626 0.05287951 0.8081546  0.62211895 0.07597994059324265
34 0.11478332 0.18012676 0.88956    0.8929997  0.07514074444770813
33 0.23131435 0.25164774 0.9072923  0.5268579  0.07267316430807114
32 0.5109512 0.3005569 0.8853523 0.6056287 0.07246740907430649
34 0.13424912 0.         1.         0.5855014  0.06979360431432724
16 0.16360861 0.41105276 0.9672988  0.6680446  0.06864414364099503
21 0.40981498 0.19712973 0.77348566 0.6228956  0.06396730989217758
30 0.25182208 0.24118632 0.73849064 0.54899234 0.06245787441730499
30 0.37113655 0.17328848 0.72129536 0.48204982 0.061243340373039246
2 0.09224945 0.0379158  0.84633446 0.8240859  0.05998264625668526
16 0.33177945 0.3810627  1.         0.5918876  0.059896472841501236
21 0.1367512  0.03704605 0.7984852  0.6535259  0.059715427458286285
31 0.5069561  0.07618065 0.9297973  0.59583557 0.05894945189356804
33 0.33756396 0.08279951 0.90887034 0.63483185 0.05773603916168213
27 0.5555246  0.         0.9048219  0.60013705 0.05764230713248253
29 0.2819808  0.15232345 0.73388886 0.6936531  0.05512756481766701
16 0.20321783 0.26248282 1.         0.62914604 0.054269615560770035
34 0.         0.01593968 0.78742915 0.20216404 0.0539722703397274
29 0.13800298 0.         0.7668925  0.87849355 0.053427521139383316
21 0.11404595 0.22229    0.7719574  0.5488427  0.05301225930452347
30 0.40061587 0.02008197 0.84681886 0.557913   0.052226223051548004
29 0.19841687 0.         0.8113875  0.6954158  0.05114258453249931
16 0.34940845 0.30548346 1.         0.76657456 0.04770038276910782
32 0.5346814  0.2728018  1.         0.52768576 0.04607945680618286
16 0.13974045 0.33292648 1.         0.88705975 0.04587382450699806
1 0.         0.08150081 0.8411363  0.8629271  0.04480868950486183
9 0.00891459 0.20833449 0.6035759  0.4857698  0.04375847801566124
30 0.37375292 0.19056718 0.8324699  0.6143157  0.043599799275398254
1 0.0083967  0.         0.40125668 0.67140555 0.043582815676927567
21 0.45390332 0.13263747 0.74073356 0.55389136 0.043341148644685745
16 0.42674866 0.3068558  0.95652944 0.6055875  0.0390872098505497
16 0.31927565 0.47030294 0.9718924  1.         0.038997091352939606
5 0.3395299  0.         0.85443443 0.6765207  0.03890008479356766
1 0.         0.22928676 1.         0.80112076 0.038897063583135605
32 0.49611554 0.24023148 0.86279064 0.5115052  0.03814633563160896
34 0.53956664 0.         0.986732   0.6127002  0.03767317160964012
16 0.2874397  0.4204139  0.85994685 0.732811   0.036897923797369
34 0.4624034  0.00876419 1.         0.36179736 0.03613497316837311
24 0.         0.0045726  0.40279818 1.         0.03520451486110687
9 0.         0.23988165 0.44114682 0.65827733 0.034767504781484604
41 0.         0.18265773 0.65870315 1.         0.0342172347009182
32 0.528951   0.13621183 0.8230178  0.5477703  0.031931549310684204
29 0.30063984 0.21358533 0.8490004  0.57690257 0.03148533031344414
29 0.08048523 0.0222728  0.5631429  0.8361238  0.031304940581321716
16 0.16728908 0.38091737 0.86447716 0.5863813  0.0306593868881464
30 0.2948779  0.09929934 0.78598887 0.5205337  0.03058244101703167
30 0.29040435 0.         0.8193129  0.84020406 0.030472781509160995
34 0.24054576 0.02652695 1.         0.3100106  0.030429506674408913
34 0.36835226 0.04075826 0.96662986 0.8636251  0.03028232976794243
11 0.13679953 0.24973328 0.8856284  0.56332844 0.029776373878121376
30 0.5488115  0.09050316 0.7938278  0.46167025 0.02921104058623314
1 0.         0.01600245 0.64037627 0.7313158  0.028801120817661285
32 0.4897751  0.33533335 0.99404657 0.56631124 0.028081919997930527
27 0.4860916 0.0274234 1.        0.5641559 0.027460556477308273
24 0.         0.08831889 0.90020776 1.         0.027112780138850212
16 0.3486737  0.32009533 1.         0.5451097  0.0267300046980381
33 0.10083936 0.17827189 0.66359925 0.89856255 0.02555287629365921
33 0.35417822 0.13369362 0.6669872  0.6145841  0.02466418221592903
16 0.46932462 0.32372203 0.865383   0.7272808  0.024076174944639206
2 0.13204962 0.1409572  0.8319766  0.61392796 0.02376631461083889
34 0.         0.19614108 0.40514112 0.8962605  0.023704323917627335
21 0.         0.68629587 0.6530171  0.98579043 0.023393718525767326
31 0.3516541  0.02902252 1.         0.6503079  0.023365672677755356
21 0.31463012 0.12047826 0.84374565 0.5545303  0.02327360212802887
29 0.19755992 0.12192808 0.6499608  0.7974107  0.02326170913875103
27 0.39913505 0.09243215 1.         0.71055484 0.022666847333312035
1 0.04568443 0.3311833  0.870606   0.81392395 0.02171916328370571
27 0.55312717 0.00497362 1.         0.21482787 0.02155676856637001
1 0.31284425 0.4261223  1.         0.9020622  0.02145965024828911
34 6.7277831e-01 4.6997073e-05 9.7843063e-01 4.0808240e-01 0.0211589764803648
41 0.063931   0.30017713 0.8354523  1.         0.021118447184562683
10 0.40812016 0.14234905 0.87439823 0.827696   0.020925099030137062
1 0.45079347 0.6411439  1.         0.95760846 0.020648393779993057
27 2.4610040e-01 3.1892140e-04 9.1267693e-01 2.4003072e-01 0.01992953009903431
6 0.7158003  0.26448748 1.         0.8608371  0.019917702302336693
2 0.0931339  0.         0.58385044 0.88164    0.019898774102330208
27 0.4467447  0.08823349 0.7946214  0.61073    0.019038081169128418
30 0.14557636 0.02851001 0.7373034  0.55698425 0.01891392283141613
21 0.4989803  0.10276848 0.80651087 0.5092196  0.01852971687912941
34 0.31598318 0.17321178 0.9483654  0.52989477 0.01848650351166725
2 0.29094756 0.         0.92231804 0.82728416 0.018275003880262375
1 0.02195979 0.21342522 0.6193828  0.8259768  0.018248315900564194
31 0.5046037  0.00256195 1.         0.86407167 0.01821807213127613
16 0.32357758 0.354875   0.8337356  0.65402293 0.01819448545575142
1 0.2555337  0.17711833 0.6865654  0.84671533 0.01817031390964985
41 0.         0.06678518 0.34715545 1.         0.017902428284287453
16 0.03580096 0.46545157 0.82839185 0.9418846  0.017798801884055138
29 0.42471847 0.06446902 0.9035079  0.67631286 0.017793262377381325
16 0.21981508 0.45082927 0.82203776 0.82567763 0.01758223958313465
9 0.        0.2781556 0.4848801 0.85109   0.01724500209093094
32 0.5481317  0.09587982 0.97682154 0.53027326 0.017231397330760956
5 0.20728554 0.04641251 0.9921814  0.5826164  0.01710662804543972
32 0.51229364 0.21879044 0.9563485  0.69078684 0.017075378447771072
2 0.06833953 0.         0.40523908 0.8516055  0.01648596301674843
27 0.07775116 0.02340566 1.         0.67435795 0.01647099480032921
29 0.43573466 0.04536675 0.7342622  0.62980366 0.016306579113006592
9 0.46443492 0.02003166 0.82696974 0.60365736 0.016087494790554047
29 0.00512517 0.07572037 0.7754036  0.77734333 0.015829036012291908
34 0.6804249  0.01398658 1.         0.22467637 0.01570100523531437
34 0.23029093 0.07693662 1.         0.47083813 0.01548802386969328
16 0.32523724 0.25075027 1.         0.47877818 0.015393588691949844
33 0.23186441 0.19079676 0.90283793 0.7204898  0.015164358541369438
16 0.61153066 0.24113773 0.990766   0.59866416 0.014446624554693699
20 0.83488035 0.72975534 1.         1.         0.013964302837848663
10 0.37789685 0.04005592 0.7982667  0.72186923 0.013943031430244446
31 0.39025843 0.2173166  0.8852513  0.65560627 0.013888919726014137
41 0.8781714  0.9098459  1.         0.98882216 0.01381179504096508
16 0.        0.3134737 0.8189164 0.7985451 0.013503099791705608
10 0.22920813 0.26830608 0.9470441  0.586005   0.013484133407473564
1 0.0864591  0.4414438  0.77707577 0.8759821  0.013209926895797253
33 0.680645   0.01902145 0.94431156 0.23131388 0.012917314656078815
27 0.375817   0.10192355 0.91214234 0.5435837  0.012549781240522861
9 0.         0.027693   0.22143064 0.6426353  0.012330691330134869
20 0.5088274  0.04228004 0.99704427 0.22618635 0.012281334958970547
9 0.17955391 0.05791334 0.68866915 0.4886837  0.012162520550191402
33 0.3253133  0.04170047 1.         0.8374176  0.01212554331868887
16 0.07540792 0.50091034 0.6109636  0.9208554  0.01199633814394474
1 0.25748575 0.48363507 0.89731205 0.9040262  0.011968644335865974
3 0.         0.15789355 1.         0.47729188 0.011841355822980404
37 0.24936318 0.16053882 0.6823639  0.5044499  0.01183638721704483
33 0.36976546 0.26850617 0.9635146  0.66718876 0.011710342951118946
6 0.7531592  0.45360795 0.99939173 0.94278544 0.011642259545624256
29 0.4993096  0.10646678 0.7899586  0.71158946 0.011602404527366161
1 0.10372424 0.08758631 0.44481587 0.89590496 0.011600487865507603
20 0.7909796 0.6526839 0.9875446 1.        0.011539106257259846
10 0.3623925  0.18976624 0.9119387  0.6351361  0.011529077775776386
1 0.40687683 0.6755583  0.8137379  0.9985785  0.011452881619334221
21 0.        0.0944087 0.7762714 0.7783629 0.01141129620373249
41 0.        0.6414832 1.        1.        0.011300704441964626
16 0.23638655 0.5486512  0.83151835 1.         0.011139148846268654
9 0.02730549 0.19859324 0.4111338  0.8979991  0.010989575646817684
9 0.         0.04862984 0.4286197  0.48795798 0.010711989365518093
33 0.48558438 0.02112581 0.9503709  0.24142635 0.010678301565349102
9 0.2900888  0.         0.856283   0.53729016 0.010655366815626621
24 0.5866337  0.0054066  1.         0.26107857 0.010653244331479073
29 0.        0.        0.6059462 0.7903379 0.010494077578186989
10 0.24586    0.17830136 0.9286942  1.         0.010335675440728664
34 0.2316711  0.40817216 0.8663635  0.9284426  0.010304469615221024
6 0.57209486 0.01803584 0.96391207 0.7645515  0.010214838199317455
16 0.45292014 0.34031042 1.         0.9461829  0.010118350386619568
10 0.8242055 0.9063019 1.        1.        0.010015702806413174
24 0.14884725 0.2198081  0.8134253  0.6643293  0.009969786740839481
25 0.49432573 0.04851175 0.85616124 0.33532172 0.009872809052467346
32 0.5293675  0.16662763 0.8573503  0.8071392  0.009822550229728222
2 0.11056697 0.         0.83572394 0.25337437 0.009770249016582966
34 0.7512548 0.        0.9881652 0.2788335 0.009758075699210167
33 0.21680151 0.15265003 0.85485375 0.4620983  0.009658773429691792
27 0.344571   0.09061097 1.         0.955648   0.009593971073627472
20 0.7165745  0.03698653 0.9926726  0.22475652 0.00958558451384306
41 0.4288175  0.22941747 0.75063837 0.6569783  0.0095585398375988
33 0.         0.18580407 0.7480349  0.7282355  0.009540225379168987
41 0.25091434 0.04249522 0.87902755 0.6456284  0.00953482836484909
24 0.         0.33859053 0.68389004 1.         0.009304608218371868
33 0.17336676 0.2844077  0.6936097  0.5810517  0.009253333322703838
34 0.         0.04138233 0.8817259  0.41568202 0.009188495576381683
29 0.31444842 0.24031995 0.8711729  0.80744445 0.009186563082039356
25 0.3149397  0.13980828 0.9155826  0.30886573 0.009124716743826866
1 0.20842192 0.         1.         0.81504744 0.00909588485956192
20 0.65341043 0.02973064 1.         0.16062088 0.009044496342539787
9 0.         0.49594718 0.49380103 0.967304   0.009028452448546886
34 0.33407167 0.1557531  0.77206445 0.63211286 0.009003282524645329
34 0.         0.54402506 0.8613953  0.91097254 0.008999437093734741
6 0.3670009  0.         0.91159445 0.7134408  0.008927568793296814
14 0.60321635 0.         0.9554679  0.28733125 0.008867410011589527
33 0.2217256  0.02075048 0.8854092  0.24581058 0.008736123330891132
20 0.48931307 0.09020953 0.8009317  0.60506725 0.00864079874008894
16 0.3314241 0.3617328 0.6917192 0.7798804 0.008633581921458244
14 0.44148892 0.         0.9274172  0.7779824  0.008520538918673992
34 0.15468593 0.26516023 0.7914131  0.5707659  0.008458626456558704
21 0.         0.14688776 0.43349022 0.93797386 0.00844447873532772
37 0.14524719 0.00431882 0.75826466 0.5363749  0.008306628093123436
24 0.26201132 0.02457103 1.         0.75789636 0.008266113698482513
9 0.         0.27208367 0.5069529  0.5440302  0.008206951431930065
41 0.51191634 0.14703573 0.744793   0.5973493  0.008172502741217613
6 0.57066494 0.01746605 0.8134621  0.64105743 0.008167913183569908
34 0.04770411 0.02326234 0.6506401  0.25875744 0.008087381720542908
27 0.27163762 0.10507344 1.         0.45807573 0.007999641820788383
15 0.00126099 0.16116232 1.         0.600143   0.007896166294813156
5 0.03091583 0.1415895  1.         0.50343233 0.007892082445323467
6 0.4891502  0.04710299 0.73725504 0.57499343 0.007877807132899761
14 0.530237   0.         0.8335724  0.85254854 0.00783713348209858
9 0.         0.20427112 0.67490184 0.96972597 0.0077681830152869225
15 0.20092723 0.32548225 0.9714781  0.54031104 0.007765511982142925
2 0.24867366 0.05870903 0.7299255  0.6849473  0.007756202481687069
30 0.2185934  0.21051732 0.71751827 0.45310014 0.0077504729852080345
24 0.         0.         0.4546644  0.66209006 0.007716236170381308
24 0.34758472 0.10363958 0.8824696  1.         0.007673503831028938
21 0.16880071 0.14336176 0.7713956  0.8347186  0.007626989856362343
18 0.10216238 0.05860586 0.76111484 1.         0.007615408860146999
41 0.9011558  0.87555665 1.         0.99076885 0.0075402273796498775
34 0.5916207  0.01559176 0.9950797  0.15705472 0.0074647353030741215
5 0.         0.         0.9957576  0.66535074 0.007422718685120344
27 0.         0.05619614 0.8297797  1.         0.0074078114703297615
20 0.38565287 0.13649099 0.8836615  0.57442296 0.007354012690484524
9 0.10156291 0.         0.89439434 0.3051598  0.007317069452255964
6 0.42006487 0.0164711  0.67466295 0.62073475 0.0072971829213202
24 0.5570441  0.01737015 0.85087293 0.7230317  0.007248681969940662
33 0.6788995  0.00632361 0.9552242  0.40895736 0.007224184460937977
9 0.14892706 0.27384868 0.6444443  0.50936174 0.007084860932081938
29 0.08947797 0.16288999 0.65082276 0.5968379  0.00707409530878067
37 0.25986215 0.07252663 0.8746097  0.5196463  0.007026380393654108
24 0.23889904 0.00564676 1.         0.27590156 0.006984794046729803
32 0.51335907 0.08958717 1.         0.8932943  0.00697847455739975
21 0.         0.52835786 0.5870147  0.95885134 0.00695603433996439
14 0.7618647  0.         0.9356183  0.40103745 0.006908270064741373
27 0.7426397  0.         0.97780824 0.21114446 0.006884305272251368
22 0.7513246  0.53953075 0.9959647  1.         0.0067232465371489525
16 0.4144807  0.37996915 0.80981314 0.80669504 0.006620266009122133
25 0.34431282 0.03706587 0.930852   0.34207246 0.006617101840674877
3 0.         0.08753802 1.         0.5248453  0.00654125539585948
27 0.         0.09457459 0.8649937  0.5492795  0.00649443082511425
1 0.6330358  0.02478989 1.         0.9301534  0.006444357335567474
9 0.        0.        0.796853  0.5000419 0.006439633667469025
1 0.07629871 0.4374426  0.5348393  0.83337104 0.00643947022035718
20 0.60085857 0.0438546  0.97846985 0.3103394  0.0064331358298659325
21 0.3354024  0.3087302  0.8160196  0.57164854 0.0064224055968225
1 0.19215737 0.15736486 0.5183005  0.8908999  0.006392315030097961
27 0.37573645 0.2555102  0.8258057  0.649891   0.006369583308696747
36 0.40013805 0.24683067 0.8910777  0.68530154 0.006249345373362303
10 0.09008375 0.33490846 0.70223093 1.         0.006222552619874477
2 0.25205252 0.14194964 0.94994193 0.92924255 0.006175872404128313
10 0.17450562 0.         0.9805522  0.87606174 0.006171499844640493
14 0.09118103 0.         0.9782756  0.7778611  0.00616191141307354
9 0.        0.        0.6041794 0.2421751 0.006156390067189932
36 0.3650986 0.        0.9407193 0.7583408 0.00613859249278903
34 0.         0.14830768 0.32523984 0.66297793 0.0060761189088225365
3 0.34379315 0.15776666 1.         0.51071006 0.006060759536921978
21 0.2516968  0.14789112 0.79287404 0.43821448 0.006056145764887333
30 0.16501282 0.01531916 0.6982643  0.8854934  0.006055610254406929
10 0.         0.7415941  0.73370975 1.         0.006033509038388729
27 0.06063937 0.         0.6651985  0.21348023 0.006028792820870876
20 0.22379692 0.16183767 0.91405886 0.46606255 0.006001676898449659
24 0.8466023  0.69939256 0.9931882  1.         0.005973124410957098
24 0.3471216  0.251158   0.74928206 0.8321375  0.005938082467764616
10 0.86733544 0.88158745 1.         1.         0.0059335012920200825
1 0.55454785 0.5264304  1.         0.95072085 0.005871230736374855
24 0.76103085 0.00729697 1.         0.25462112 0.005845261737704277
35 0.5532187  0.         1.         0.25230628 0.005825430620461702
3 0.457068   0.16991608 0.879949   0.5293528  0.0058229160495102406
41 0.         0.5195979  0.54157454 0.9396047  0.005790492985397577
27 0.67176205 0.00391385 1.         0.15418753 0.005765481386333704
34 0.22336559 0.6968771  1.         0.9963707  0.00574791943654418
34 0.         0.4431244  0.641434   0.96474135 0.005698038265109062
24 0.3799856 0.2152448 0.8888194 0.6550308 0.005694460589438677
33 0.14480907 0.08636022 0.62140876 0.6509535  0.005693561397492886
41 0.29965577 0.7404567  0.8804599  0.9949758  0.005666624754667282
11 0.00587997 0.03684184 0.9137822  0.5755022  0.005652981344610453
27 0.28794488 0.26826492 0.96565    0.5952561  0.00563640845939517
25 0.5234029  0.08495127 0.92135316 0.42077017 0.0056160204112529755
9 0.346708   0.06850825 0.69535583 0.562179   0.005597964860498905
14 0.72152233 0.         0.94610476 0.22853974 0.005587555468082428
16 0.21392693 0.46069527 0.6773467  0.75399065 0.005576772149652243
41 0.4504121  0.14555588 0.91175693 0.93553853 0.005532731767743826
24 0.85407066 0.9222239  1.         0.98692405 0.005505029112100601
21 0.23660712 0.7897032  0.70460874 0.98891765 0.0054676164872944355
25 0.43937263 0.15950066 0.8832013  0.3770727  0.005458456464111805
3 0.52777714 0.0268956  1.         0.20309217 0.005453755613416433
1 0.02638673 0.12862486 0.2846836  0.8367675  0.005429693963378668
27 0.81188285 0.72145236 1.         0.9904156  0.005402625538408756
6 0.14123005 0.00989026 0.7157699  0.65188885 0.0053725172765553
25 0.50448143 0.129382   0.8134372  0.44234997 0.005297978408634663
2 0.885062   0.85189295 1.         0.9990729  0.005274225492030382
24 0.         0.0065388  0.8638835  0.25513342 0.005267322529107332
41 0.35753456 0.25642782 0.829775   0.5861643  0.005245145410299301
21 0.43485066 0.23976317 0.863851   0.5646225  0.005215981509536505
6 0.33520076 0.22696185 0.908441   0.5378175  0.005161648150533438
14 0.7515664  0.         0.91633934 0.5687947  0.00514525081962347
24 0.         0.32968387 0.37308884 0.99121094 0.005142492707818747
25 0.41346267 0.10397126 0.8249189  0.31940854 0.005099058151245117
2 0.14444275 0.         0.7215888  0.76200044 0.005084977950900793
2 0.01138807 0.3453338  0.67861646 0.8401435  0.005078287795186043
9 0.         0.27307656 0.31241146 0.9109422  0.005067605525255203
25 0.39570424 0.22967859 0.833922   0.41720152 0.0050665331073105335
37 0.41365275 0.28093565 0.8762584  0.50194144 0.005015962291508913
24 0.4429424  0.00853363 0.8930164  0.8749993  0.005010981112718582
30 0.07998621 0.11365891 0.6845164  0.687132   0.005000455770641565
27 0.7430388  0.65007234 0.9957703  0.9793129  0.004972326569259167
6 0.75132453 0.59483993 0.9714624  0.9872999  0.004971164278686047
32 0.46478772 0.14584494 1.         0.5795045  0.00494625698775053
41 0.41026536 0.15497574 0.78980774 0.5439737  0.004925309680402279
20 0.06087459 0.11422747 1.         0.57271373 0.004913366865366697
34 0.20794834 0.2738994  0.5838855  0.8348849  0.004891691263765097
20 0.27246973 0.04509255 0.9202185  0.24529971 0.004883510526269674
14 0.11690748 0.13060936 0.91952497 0.68178064 0.004882608074694872
