1 0.07700724 0.80804807 0.71610546 1.         0.11054199188947678
1 0.06954033 0.768979   0.51307416 1.         0.08945245295763016
1 0.         0.6722657  0.61732394 1.         0.08331567794084549
1 0.15634397 0.6957271  0.48238924 1.         0.08092419058084488
1 0.19960088 0.72285086 0.43809876 0.9432063  0.08047284930944443
1 0.2500407  0.90673566 0.53931016 1.         0.07717395573854446
24 0.32511237 0.88387626 0.5451859  0.99178094 0.07385816425085068
24 0.32003978 0.9153454  0.61108685 0.9914776  0.07342749834060669
1 0.31156957 0.87161756 0.5223909  1.         0.07091080397367477
24 0.3587237  0.8417201  0.51188207 0.9887813  0.06991797685623169
1 0.26067534 0.8478937  0.48061952 1.         0.0669916644692421
10 0.         0.9115878  0.06041856 0.9980359  0.0658230409026146
10 0.         0.83924246 0.08523761 1.         0.06522484868764877
1 0.2814623 0.6955339 0.5998708 1.        0.06521372497081757
24 0.38388675 0.88612175 0.5877269  0.9869842  0.06519366055727005
10 0.         0.8801584  0.11985394 0.999369   0.06468159705400467
1 0.34692475 0.8266735  0.5011719  1.         0.06419765204191208
1 0.07652657 0.692281   0.40216637 1.         0.06370880454778671
24 0.11537682 0.8238651  0.67198765 0.980751   0.06362999975681305
41 0.08807343 0.94799453 0.24630867 1.         0.062233805656433105
24 0.26364148 0.856762   0.49806282 0.99514216 0.06193944066762924
18 0.0081294  0.82532847 0.11241486 0.99542165 0.06178971007466316
10 0.         0.9107558  0.16886483 0.99745    0.061546310782432556
1 0.3600591 0.8727133 0.5818989 1.        0.06121937930583954
18 0.00734127 0.7580275  0.07976942 0.99365175 0.06120726466178894
41 0.1577533  0.93302816 0.27746043 1.         0.06080811843276024
10 0.        0.9483549 0.0850906 0.9979452 0.0607481524348259
18 0.01063707 0.74361795 0.11215053 0.96088034 0.06049671024084091
18 0.01327732 0.68195456 0.15749158 0.9879105  0.06004678085446358
1 0.34806618 0.90746623 0.6565445  1.         0.06002238392829895
1 0.24116191 0.8249899  0.91150457 1.         0.05974933132529259
41 0.08037364 0.9332823  0.1958034  1.         0.05971300229430199
10 0.01573985 0.6248514  0.64699805 0.91974133 0.05897125229239464
10 0.3568426  0.6859968  0.6968127  0.99246013 0.05834496393799782
18 0.01387642 0.8003493  0.15533525 0.9541031  0.058004919439554214
41 0.03714092 0.9478978  0.19143666 1.         0.057885099202394485
9 0.20540342 0.8489449  0.43603688 0.99480677 0.057878877967596054
18 0.01674012 0.761224   0.22335495 0.9941311  0.057794611901044846
18 0.0102828  0.8760789  0.19472855 0.9957711  0.05771880969405174
1 0.2868289  0.76936555 0.7543627  0.9978777  0.05771784484386444
41 0.16048759 0.7297819  0.38661847 0.94825625 0.05769829452037811
41 0.16545919 0.9478115  0.3285045  0.9995974  0.057335514575242996
10 0.         0.87869966 0.2100531  0.9981703  0.05702011659741402
24 0.26409298 0.7939929  0.6410157  0.9719977  0.056474242359399796
24 0.35718095 0.9491606  0.51129663 0.99737614 0.056143008172512054
1 0.14860933 0.7707456  0.3845435  0.9936366  0.05596369877457619
41 0.22758588 0.90912783 0.31061688 1.         0.05511803925037384
18 0.00789701 0.9094245  0.15689598 0.99586487 0.055111877620220184
41 0.209807   0.9324535  0.33023164 1.         0.05509478598833084
24 0.40198082 0.93552536 0.51402855 0.9954307  0.05480121448636055
10 0.01660101 0.9313839  0.14834905 0.99694175 0.054583627730607986
10 0.         0.76834875 0.23660752 0.9998003  0.05403584986925125
41 0.10085744 0.7109489  0.4059155  1.         0.05403037369251251
10 0.         0.69496214 0.16427119 0.99827576 0.05401231721043587
18 0.01880983 0.58697    0.22799729 0.9954346  0.05401114374399185
1 0.179608   0.82485056 0.41264117 0.9996883  0.05393172428011894
24 0.19888848 0.14038707 0.72378796 0.8004729  0.053880490362644196
18 0.01139887 0.6857407  0.11160769 0.90919214 0.05385509505867958
10 0.         0.68725526 0.0828113  0.9901752  0.053842946887016296
24 0.21349594 0.7357212  0.43186805 0.9215391  0.053787972778081894
18 0.00691684 0.8301368  0.05543143 0.9293764  0.053729474544525146
18 0.01446594 0.7450402  0.1552654  0.9027547  0.05354300141334534
20 0.7972567 0.0469503 1.        0.3163511 0.05342942103743553
18 0.0043129  0.911673   0.05651952 0.9944021  0.05342232435941696
24 0.41552073 0.84707034 0.5550682  0.97913456 0.05306459963321686
24 0.43033138 0.93670636 0.5386035  0.99349004 0.052989277988672256
1 0.3739067  0.94520634 0.5198472  1.         0.052954986691474915
41 0.02801165 0.932995   0.14237979 1.         0.05294867604970932
10 0.19846189 0.60614246 0.52879447 0.98778284 0.052830927073955536
24 0.25880602 0.7191143  0.53915954 0.9686305  0.05277266353368759
40 0.         0.63869745 0.6538061  1.         0.052653875201940536
24 0.41300792 0.9508185  0.5588246  0.9950409  0.052094895392656326
38 0.8676497  0.         1.         0.11203753 0.051875434815883636
18 0.00937683 0.8137785  0.07728207 0.8909132  0.051867105066776276
18 0.00307784 0.94854546 0.08062362 0.9969687  0.05174921080470085
41 0.16389361 0.83734715 0.33226046 1.         0.05143946409225464
24 0.09024841 0.78764653 0.50714034 0.9838194  0.05134962499141693
1 0.         0.596794   0.464146   0.90794384 0.05133162438869476
24 0.34748784 0.933704   0.46323818 0.997783   0.05130764842033386
24 0.43649238 0.889027   0.63400114 0.9831017  0.05090031400322914
18 0.01393761 0.690862   0.15597774 0.84818184 0.050866976380348206
10 0.         0.83487743 0.328671   0.9967624  0.050862982869148254
18 0.01796589 0.8261703  0.31423634 0.99204147 0.05079950392246246
41 0.18137434 0.714129   0.4834083  1.         0.0506465919315815
24 0.45796064 0.93744135 0.56311065 0.9914349  0.05049849674105644
24 0.17426942 0.7165549  0.46560213 0.9764904  0.05044378712773323
10 0.         0.75113636 0.117047   0.96893334 0.050335150212049484
24 0.43100384 0.9183539  0.70576847 0.98693645 0.05024523288011551
41 0.5158368  0.93477327 0.62050486 0.9999251  0.05021503195166588
24 0.46674258 0.9515486  0.6086007  0.9924712  0.05006984993815422
10 0.         0.7672557  0.4453062  0.99748296 0.05006657913327217
40 0.1546926  0.660399   0.49782112 1.         0.04999596253037453
18 0.01076107 0.62944025 0.11214677 0.8541324  0.04991338029503822
18 0.00678055 0.8016634  0.05508714 0.9034173  0.049810200929641724
18 0.02418722 0.93065166 0.14059195 0.99686813 0.04960247874259949
18 0.00877972 0.78687805 0.07754382 0.86388075 0.04958711937069893
41 0.09616067 0.7875118  0.5250698  1.         0.049384705722332
1 0.39666763 0.82947636 0.55701745 1.         0.04932418838143349
40 0.        0.8227893 0.6507227 1.        0.04923499748110771
24 0.6363847  0.06017405 0.9904075  0.65971756 0.04922870546579361
10 0.         0.9091029  0.33743337 0.99635553 0.04912782087922096
41 0.04687205 0.6892426  0.6384052  1.         0.048954952508211136
41 0.07731798 0.8795966  0.31111333 1.         0.04891426861286163
10 0.4584309  0.82996833 0.6329399  0.9959474  0.04882848262786865
41 0.1843399  0.83333445 0.4113289  1.         0.04845832660794258
24 0.21766803 0.855182   0.75301343 0.9805582  0.048433251678943634
9 0.209134   0.7692088  0.43833143 0.9824083  0.048432525247335434
18 0.03091642 0.9445619  0.18966268 0.997258   0.0483679436147213
24 0.48454037 0.93824905 0.58787185 0.9898927  0.048179950565099716
10 0.         0.67131203 0.1611555  0.8251769  0.04805256798863411
10 0.         0.8060636  0.16280381 0.95859367 0.04802650213241577
18 0.01336411 0.6366687  0.15691252 0.79380375 0.047972336411476135
40 0.1525069  0.75476056 0.61964023 1.         0.047902703285217285
1 0.327499   0.94540614 0.4707828  1.         0.047802865505218506
18 0.00834873 0.76014155 0.07787334 0.8369387  0.04771825298666954
24 0.20926532 0.7831967  0.44064048 0.9830955  0.04743540287017822
9 0.77191603 0.02586789 0.98064464 0.34445277 0.04743114486336708
10 4.1200957e-04 8.3398122e-01 5.8191210e-02 9.3450993e-01 0.047205839306116104
24 0.51032424 0.93882054 0.61312985 0.98918796 0.047191914170980453
18 0.00632454 0.77415717 0.05507848 0.8768621  0.046982791274785995
10 7.2660128e-04 7.0984250e-01 8.0860779e-02 7.8620267e-01 0.0468464158475399
41 0.07205099 0.9123341  0.38793215 1.         0.04680943861603737
10 6.1209046e-04 7.3630297e-01 8.0911145e-02 8.1243801e-01 0.046700913459062576
40 0.11554118 0.72789943 0.82070124 1.         0.04636982083320618
41 0.254323   0.9088957  0.33616894 1.         0.04630893096327782
1 0.41070247 0.87593305 0.64221674 0.99927044 0.046299517154693604
18 0.00809735 0.7335761  0.07811035 0.8101627  0.04621216654777527
41 0.11148837 0.83623064 0.27936673 1.         0.04613026976585388
24 0.20113695 0.91334    0.51589155 0.99582225 0.04612639546394348
24 0.30249903 0.9486667  0.45791018 0.99839187 0.04592905193567276
9 0.12378103 0.8808094  0.42750478 0.9943965  0.045911502093076706
10 0.02082065 0.94634455 0.19825752 0.99708486 0.04583895206451416
1 0.36984283 0.9296712  0.47546837 1.         0.04582294076681137
10 0.         0.7251732  0.16068815 0.8779456  0.045644860714673996
1 0.16375005 0.8347934  0.3235725  1.         0.04561973735690117
18 0.06129146 0.8199637  0.21763682 0.99738926 0.045531339943408966
24 0.01310585 0.68307406 0.47298777 0.93447644 0.045470237731933594
41 0.1375322 0.820599  0.7285475 0.998948  0.04546185955405235
41 0.12550916 0.8872411  0.43500143 1.         0.04543350636959076
24 0.25450164 0.9113471  0.33563352 0.9989549  0.04520818591117859
25 0.         0.94905114 0.07875597 1.         0.04513297230005264
24 0.16070971 0.73628116 0.37602618 0.9241284  0.045109041035175323
40 0.20552695 0.6983812  0.44916347 0.9429935  0.0448642298579216
10 0.00998255 0.8321228  0.62897867 0.9918325  0.044863540679216385
18 0.00583834 0.74710184 0.05529732 0.8499942  0.044760819524526596
9 0.19507752 0.90712315 0.4968794  0.9957698  0.04476001113653183
1 0.11944999 0.88303214 0.43074352 0.9998884  0.04454944282770157
18 0.07811444 0.9277047  0.19231103 0.996343   0.04448752850294113
18 0.02140334 0.9038283  0.32423744 0.9949306  0.044454265385866165
21 0.5991186  0.04268883 0.98819107 0.7776502  0.044410016387701035
25 0.01122027 0.9484528  0.18031926 0.999517   0.04440793767571449
18 0.00798844 0.70660496 0.07810488 0.7834985  0.04439839348196983
10 0.         0.6981548  0.11527482 0.9156539  0.04437532275915146
10 0.25134316 0.6812154  0.5797863  0.98919314 0.0443028099834919
18 0.00799965 0.5752752  0.07937258 0.9002813  0.04429740458726883
10 6.0591701e-04 7.6322061e-01 8.0940276e-02 8.3888346e-01 0.044238798320293427
18 0.00391474 0.66916484 0.03865702 0.82223177 0.04419781640172005
10 7.2806678e-04 6.8353873e-01 8.0487505e-02 7.6006073e-01 0.044161222875118256
10 0.         0.64385736 0.11561084 0.86108726 0.044147539883852005
9 0.26159766 0.9308139  0.3760029  0.99640477 0.04400164633989334
41 0.01670718 0.8430392  0.61594677 0.998678   0.04372318089008331
41 0.19244944 0.91276175 0.50018287 1.         0.04349636286497116
10 0.1326572  0.9079542  0.45103842 0.9977111  0.04348297417163849
1 0.         0.65162057 0.30126607 0.9600577  0.04341888427734375
10 0.         0.60677713 0.23693448 1.         0.043394360691308975
18 0.00550263 0.7203428  0.05542801 0.82330173 0.04338598996400833
21 0.        0.8345961 0.3020336 0.9905771 0.043358929455280304
10 1.6115507e-04 6.9822127e-01 5.7687495e-02 8.0189252e-01 0.043351415544748306
40 0.27941275 0.65521353 0.6302058  1.         0.04334363713860512
24 0.373497   0.7246865  0.63266003 0.95764303 0.043218936771154404
9 0.25468725 0.90650636 0.33407325 0.9968903  0.04313631355762482
18 0.02546848 0.6294014  0.31726748 0.9508595  0.043100886046886444
24 0.22800218 0.9132879  0.30767295 0.9970747  0.04298262670636177
10 0.47464988 0.877181   0.72410715 0.99528587 0.0429781973361969
10 1.6882260e-04 7.2504795e-01 5.7616211e-02 8.2795858e-01 0.042960893362760544
21 0.00274545 0.90979    0.3097345  0.9942866  0.042956914752721786
18 0.0851196  0.9427989  0.24091503 0.99679345 0.04291345551609993
24 0.23713331 0.9348742  0.3540207  0.9978751  0.04291271045804024
24 0.09509356 0.7152851  0.38868883 0.9795781  0.04280943050980568
24 0.29262194 0.9335834  0.40865773 0.99882996 0.04275915399193764
1 0.42141443 0.92933404 0.5281685  1.         0.042676717042922974
1 0.37675405 0.69642735 0.70915407 0.9981502  0.04267311468720436
41 0.4877183  0.93499786 0.59118366 0.9997688  0.04253961518406868
18 0.00753322 0.6792826  0.07799022 0.75697833 0.04240771383047104
10 0.04876228 0.8272309  0.23068568 0.9994725  0.04236326739192009
10 0.06980196 0.9305955  0.20089634 0.9968463  0.04236241802573204
24 0.04793243 0.3316461  0.5117165  0.94396436 0.042303163558244705
18 0.00530945 0.6933097  0.05543288 0.7968609  0.04225384071469307
25 0.00789612 0.93403894 0.13457762 0.99900025 0.04224632307887077
10 2.3298741e-04 6.7803574e-01 4.0242258e-02 8.3024371e-01 0.04224095493555069
21 0.00101812 0.82903004 0.07929644 0.99323386 0.04219525679945946
18 0.50794005 0.92900294 0.625937   0.9942914  0.042170677334070206
10 0.08905528 0.72662485 0.72690773 0.99260014 0.042128898203372955
10 1.2218158e-04 6.7149282e-01 5.7447612e-02 7.7594095e-01 0.04211438074707985
1 0.2311452  0.91043013 0.3066875  1.         0.04206569120287895
10 5.7824457e-04 7.9041195e-01 8.0843784e-02 8.6567789e-01 0.04203600808978081
10 3.5748482e-04 8.0727804e-01 5.7594962e-02 9.0789533e-01 0.04196764528751373
21 0.         0.874651   0.11016457 0.99273264 0.04193884879350662
25 0.         0.93521804 0.05619363 1.         0.0418848842382431
10 1.7719588e-04 7.5221276e-01 5.7526004e-02 8.5424227e-01 0.04185808449983597
41 0.25987688 0.7092227  0.5661412  1.         0.04180563986301422
10 6.6076918e-04 8.1749266e-01 8.0872834e-02 8.9274162e-01 0.04177689924836159
41 0.5012302 0.8836472 0.7098714 0.9996024 0.041694626212120056
24 0.48958492 0.8913189  0.68388647 0.98121697 0.041649166494607925
25 0.12336352 0.9480583  0.28321266 0.99857426 0.0416257344186306
24 0.10880267 0.08243518 0.61903405 0.9049395  0.04159339889883995
10 0.06450617 0.8736745  0.3121964  0.9980139  0.04152737930417061
1 0.42655897 0.9455552  0.5788334  1.         0.04142003506422043
41 0.21845709 0.947988   0.37803468 0.9997806  0.04114183411002159
24 0.4695862 0.8496697 0.6053639 0.9746488 0.04113366827368736
18 0.00500364 0.66548765 0.05546878 0.7705733  0.041110243648290634
1 0.12936226 0.5469058  0.44239056 1.         0.04106168448925018
1 0.0515029  0.8344525  0.21338426 1.         0.04091921076178551
18 0.04606664 0.5595831  0.5012226  0.8947581  0.04091065376996994
18 0.0069858  0.65191644 0.07811183 0.73020995 0.04091046750545502
1 0.2583122  0.90921605 0.3326906  0.9996349  0.04084924980998039
10 0.5026271  0.93278885 0.63009846 0.9965679  0.040836967527866364
10 6.4936955e-04 6.5702814e-01 8.0245547e-02 7.3363310e-01 0.04082769155502319
18 0.00322695 0.6116468  0.0389723  0.7699029  0.04074210673570633
10 2.3220381e-04 7.7984345e-01 5.7439387e-02 8.8081324e-01 0.04071398824453354
10 0.         0.6180188  0.16132233 0.7726642  0.040698643773794174
41 0.01551622 0.6632129  0.32423702 0.9611196  0.04067785665392876
10 0.11989487 0.81846476 0.36154154 0.99818707 0.04066925495862961
7 6.2906265e-04 9.0910709e-01 3.7023734e-02 1.0000000e+00 0.040664609521627426
41 0.5111661  0.91556966 0.7833201  0.9989929  0.04058951139450073
24 0.21807674 0.9497542  0.37766054 0.99786025 0.040582410991191864
1 0.4472696  0.9303531  0.55848086 0.9997912  0.040366560220718384
21 0.         0.908071   0.15328547 0.99327505 0.04025926813483238
24 0.03751958 0.36152086 0.3201559  0.62812006 0.040172599256038666
1 0.10809126 0.83537906 0.26824754 1.         0.04014892876148224
10 0.34103414 0.76889396 0.7970976  0.9928763  0.0400436595082283
10 0.1239857  0.93023765 0.25281963 0.9975358  0.03994901105761528
25 0.06764679 0.9486608  0.23108837 0.9987119  0.0399448424577713
1 0.        0.6750068 1.        1.        0.03991548344492912
41 0.05941194 0.8351308  0.22587016 1.         0.039907097816467285
18 0.00457752 0.6371826  0.05549877 0.7442629  0.03983999416232109
18 0.08167954 0.86623067 0.29948327 0.9946106  0.039805926382541656
10 0.10362832 0.82652205 0.2800719  0.9991555  0.03977368399500847
21 0.         0.87589306 0.19047235 0.9914843  0.03976140543818474
41 0.2331047  0.8818681  0.45697257 1.         0.03975539281964302
10 1.8969378e-04 6.2382120e-01 4.0107295e-02 7.7810240e-01 0.03964667022228241
25 0.17572758 0.93298465 0.29096907 0.9974579  0.03961030766367912
10 9.478251e-05 6.448000e-01 5.718440e-02 7.497626e-01 0.03949432447552681
1 0.         0.7763836  0.14701965 0.9317203  0.039441805332899094
41 0.04642181 0.61485046 0.50688016 0.9017734  0.03943518176674843
18 0.00646387 0.6074024  0.08527067 0.7177129  0.039325207471847534
24 0.87653    0.0072559  0.998514   0.11535271 0.039257317781448364
41 0.47288123 0.8403397  0.624809   0.99895835 0.03923005610704422
1 0.44688544 0.8321744  0.6148407  0.9977012  0.03922201320528984
24 0.18253812 0.93728703 0.29763177 0.9963003  0.03911229968070984
41 0.00540496 0.94731843 0.08166867 1.         0.039111267775297165
24 0.1622962  0.9510951  0.320866   0.99681574 0.03900416940450668
24 0.00487239 0.6271626  0.14762075 0.76064366 0.03888159617781639
1 0.32189772 0.9299451  0.42673743 0.9997276  0.03887058049440384
10 0.17470035 0.76827276 0.61765003 0.9928832  0.03882463648915291
10 0.07424252 0.94594675 0.25077698 0.9972881  0.03876713290810585
18 0.11585147 0.8179133  0.2692682  0.9944485  0.038746923208236694
1 0.44559756 0.9100612  0.77996737 0.99748874 0.03870653733611107
25 0.11982137 0.933636   0.23826066 0.9972802  0.038616061210632324
1 0.         0.8016257  0.05228811 0.9020259  0.03858938068151474
21 0.         0.76829654 0.2174914  0.9861127  0.03857168182730675
24 0.00100796 0.94988763 0.07392854 0.9926344  0.038539715111255646
37 0.83884233 0.03959588 0.98702866 0.33667907 0.0385327972471714
24 0.3081954  0.35063657 0.8577597  0.9261139  0.0385219007730484
40 0.         0.7493038  0.45982453 1.         0.03850976750254631
41 0.00859222 0.76362085 0.32467684 1.         0.03848763927817345
1 0.         0.82894546 0.05270247 0.92834914 0.03841495141386986
18 0.00881281 0.56563544 0.11291316 0.8029792  0.03835824877023697
1 0.         0.8138834  0.07331925 0.89000106 0.03834621608257294
1 0.21493083 0.9336329  0.32473308 1.         0.03832860663533211
18 0.13180959 0.92739606 0.24423447 0.9959408  0.03831775486469269
41 0.4721399  0.9498641  0.61227083 1.         0.03819398209452629
10 0.17434251 0.8749112  0.40611196 0.9985188  0.03818446025252342
18 0.0117686  0.5756913  0.15779643 0.74199253 0.03816800191998482
24 0.03140912 0.951519   0.17763036 0.9942973  0.03813646361231804
1 0.07180579 0.8793916  0.29878387 1.         0.038062337785959244
1 0.27828234 0.9462721  0.42340142 1.         0.038039907813072205
1 0.         0.75561154 0.3062765  1.         0.038037583231925964
24 0.0242306  0.4087916  0.21535207 0.8276518  0.037919122725725174
1 0.        0.6050362 0.2177444 1.        0.037915926426649094
41 0.01109704 0.6463338  0.16182287 0.798398   0.03791343420743942
1 0.18680726 0.9343529  0.2985203  1.         0.03790823742747307
18 0.49039868 0.8655181  0.71358865 0.98855746 0.03774963319301605
1 0.24222626 0.9329824  0.35064143 0.99942404 0.037729356437921524
1 0.         0.7442602  0.10705177 0.9648508  0.03771465644240379
24 0.0124367  0.6228942  0.29193613 0.8836253  0.03768395632505417
9 0.09473917 0.7649365  0.51022714 0.98739    0.03766888007521629
21 5.4529507e-04 9.0355062e-01 5.6071997e-02 9.9432963e-01 0.03766588494181633
25 0.06440283 0.9342752  0.18592755 0.99783665 0.037611447274684906
1 0.        0.7748528 0.0521596 0.8755808 0.0375964529812336
24 0.13097589 0.7627884  0.35068268 0.95460176 0.03752875700592995
7 0.00196305 0.7526302  0.07523457 1.         0.037505220621824265
1 0.22394848 0.9478703  0.37408963 0.9996265  0.03742637485265732
21 0.00115997 0.66923845 0.07866971 0.9712836  0.03740822151303291
40 0.         0.5652526  0.5249396  0.92448175 0.03740355372428894
1 0.         0.91121197 0.03900702 0.9931865  0.037359219044446945
24 2.4487815e-04 9.3581808e-01 5.2044213e-02 9.9073184e-01 0.03734566643834114
1 0.06419696 0.91093063 0.37724954 0.9993355  0.037275828421115875
1 0.47216722 0.9317665  0.5883158  0.99839246 0.03725532814860344
41 0.00868446 0.91062266 0.16042458 1.         0.03723868727684021
