1 0.01635699 0.6591644  0.51221424 0.99036145 0.24459949135780334
9 0.         0.7338287  0.45734945 1.         0.11865592002868652
34 0.00141322 0.80350685 0.76112956 0.97721225 0.08871214836835861
34 0.34276095 0.02522397 0.9232411  0.281033   0.0844595655798912
9 0.         0.8055285  0.5544206  0.99201703 0.0763615146279335
2 0.08210999 0.7735726  0.66022485 1.         0.06860150396823883
24 0.         0.82923335 0.82530916 0.99430084 0.06665696203708649
24 0.83823484 0.05127569 0.99579734 0.6326455  0.06146053224802017
38 0.82099503 0.         0.99423313 0.6512565  0.059057414531707764
24 0.00271843 0.76186997 0.72669286 0.9845737  0.05641605332493782
1 0.00878541 0.7130499  0.41360962 0.9578528  0.056073397397994995
24 0.7353378 0.0797228 1.        0.541469  0.0559140183031559
1 0.03729391 0.7465335  0.6310996  0.97642    0.054395660758018494
21 0.2706632  0.         0.6930358  0.27546555 0.05143482983112335
21 0.02962941 0.01227918 0.7246664  0.18700884 0.05137060955166817
9 0.         0.80394703 0.3636262  1.         0.0509900338947773
40 0.         0.70067704 0.90557    1.         0.04899799823760986
34 0.         0.6967173  0.934725   0.96812433 0.04836902394890785
34 0.18361649 0.7795307  0.94338036 0.9884309  0.04613266885280609
38 0.70853394 0.05641541 0.98356426 0.5422     0.04395200312137604
41 0.        0.7781281 0.5138805 1.        0.04219816252589226
2 0.1864304 0.6970359 0.6163425 1.        0.039385244250297546
41 0.         0.7364436  0.31728056 1.         0.037547945976257324
34 0.36788797 0.         0.8061717  0.4525887  0.037010736763477325
24 0.5811514  0.91552603 0.84155715 0.99615514 0.035659849643707275
38 0.8196485  0.01925367 0.99721175 0.34156632 0.03553915023803711
40 0.07068746 0.46241343 0.99509746 1.         0.03362782672047615
38 0.9058471  0.82524806 0.99555045 1.         0.03330663591623306
24 0.1716748  0.7454965  0.6263125  0.96187043 0.03302528336644173
38 0.8723307  0.03342431 0.9999388  0.28070456 0.032362859696149826
24 0.        0.7845174 0.5564162 0.9971057 0.03172164410352707
35 0.        0.772494  0.5134821 0.9919559 0.03110450692474842
38 0.87142885 0.87657404 0.9952303  1.         0.030111247673630714
38 0.8126571  0.54615325 0.99784446 1.         0.029828906059265137
38 0.6736581  0.5110301  1.         0.90103495 0.02944602631032467
1 0.04796425 0.6664382  0.7817433  0.9839457  0.029120154678821564
38 0.8247488  0.90578777 0.9934558  1.         0.028511714190244675
34 0.31508586 0.48880714 0.7872212  1.         0.027711378410458565
24 0.75615966 0.24757482 1.         0.6503963  0.027391480281949043
34 0.23240088 0.46592245 0.9025189  0.8238803  0.027018675580620766
40 0.27075252 0.49303368 0.7506262  1.         0.02681259624660015
24 0.7204721  0.53734446 0.99989    0.84148777 0.026716358959674835
24 0.         0.7430637  0.44891664 0.94089544 0.026620736345648766
38 0.75500894 0.7665133  0.996985   1.         0.026276879012584686
40 0.26004505 0.         0.987647   0.31418762 0.026212885975837708
38 0.6762651  0.63268965 0.99676424 1.         0.02588757313787937
40 0.19709386 0.6219478  0.8218639  0.9749216  0.025733115151524544
24 0.7169309  0.4516336  1.         0.76371586 0.02524588070809841
34 0.2036493 0.405499  0.9170532 1.        0.025203445926308632
38 0.6587465  0.82557255 0.9955041  1.         0.024365881457924843
38 0.86591685 0.52108514 0.9978879  0.7947111  0.02430104836821556
24 0.92467225 0.95241225 0.9934113  0.99662817 0.024237046018242836
34 0.47781372 0.03407084 0.9638854  0.813888   0.023958252742886543
24 0.9239543  0.84723717 0.9958565  0.99917704 0.023891497403383255
24 0.9414794  0.94050986 0.9961451  0.9983183  0.023816538974642754
24 0.7219534  0.84497076 0.99754375 0.98964113 0.023716839030385017
18 0.40237144 0.         0.7820528  0.31756797 0.023674726486206055
34 0.596552   0.04250416 0.94398826 0.31131688 0.022762684151530266
34 0.47581238 0.8860138  0.75712985 0.9874414  0.022691775113344193
34 0.04853022 0.73003066 0.6033486  0.96310925 0.02227083034813404
1 0.11411006 0.58476675 0.6044006  1.         0.022223157808184624
24 0.09641757 0.7976698  0.9163075  1.         0.022213034331798553
18 0.32218188 0.         0.80805147 0.21798618 0.022203354164958
24 0.78467363 0.01456004 0.99565023 0.33109143 0.021974116563796997
40 0.19148046 0.00602071 0.9692308  0.9891983  0.0219096802175045
28 0.6943185  0.14281924 0.99673414 0.5121918  0.02186388149857521
24 0.8020745 0.7902287 0.9977237 0.9861486 0.021850796416401863
40 0.28189725 0.         0.8370792  0.5612904  0.021699320524930954
34 0.39874658 0.723696   0.8041216  0.9897816  0.021294673904776573
24 0.8973986  0.891778   0.99891347 0.99519    0.021168723702430725
40 0.11883464 0.         0.96870536 0.61236674 0.021107768639922142
24 0.        0.6984971 0.5950905 0.9234521 0.02110208012163639
38 0.9209884  0.9283097  0.99467695 1.         0.02056964673101902
24 0.8920168  0.2363858  0.99488974 0.4464684  0.020514745265245438
38 0.6652361  0.06114564 0.989045   0.38228226 0.020227693021297455
24 0.8603805  0.9186724  0.9992749  0.99448663 0.02012001909315586
24 0.72320914 0.7445491  0.99632376 0.9835477  0.020066896453499794
24 0.25727227 0.66583174 0.6052599  0.9392546  0.019863663241267204
24 0.88941675 0.04219802 0.9910075  0.25723246 0.01983308419585228
24 0.7204794  0.37592748 0.99961317 0.680357   0.0197291262447834
34 0.4350736  0.00949097 0.92228985 0.1819815  0.0197210144251585
21 0.28071356 0.00523304 0.8526186  0.20717505 0.0196898952126503
38 0.76649714 0.16331454 0.985285   0.68031263 0.01928524300456047
24 0.5443247  0.88705456 0.7662705  0.9999749  0.019180184230208397
10 0.17912526 0.0129995  0.8270583  0.19581264 0.01898079738020897
24 0.84685284 0.7180093  0.9975277  0.98659897 0.018899932503700256
40 0.        0.5828059 0.5231477 1.        0.018885066732764244
33 0.357071   0.02963652 0.8584056  0.26604503 0.018880600109696388
38 0.5614743  0.90577424 0.83540374 1.         0.018708959221839905
24 0.7973774  0.51512223 0.9989666  0.9168993  0.01862821914255619
10 0.33888277 0.         0.7919744  0.29094428 0.018624398857355118
24 0.57271844 0.7864064  0.9852749  1.         0.018417945131659508
34 0.17170665 0.0231139  0.8218195  0.30539215 0.01831616461277008
34 0.46818513 0.9149217  0.854226   0.9885268  0.018282543867826462
7 0.18601078 0.02222043 0.9072821  0.29542893 0.018271321430802345
7 0.05422458 0.05063807 0.8717284  0.75439227 0.018244076520204544
24 0.6859175  0.37222898 1.         0.9329239  0.018105313181877136
24 0.89041996 0.5371206  0.99550354 0.7495912  0.017916899174451828
33 0.05639504 0.81058997 0.57079375 0.9860662  0.017741970717906952
24 0.6228959  0.59353805 0.9785249  1.         0.017698029056191444
24 0.7977672  0.64245313 0.9986434  0.9825156  0.01767769083380699
41 0.33204943 0.04875382 1.         0.25430727 0.017602287232875824
35 0.02137703 0.79203784 0.65123284 1.         0.017439408227801323
24 0.9168927  0.01267127 0.99530256 0.1571797  0.01732727140188217
24 0.03168309 0.68358564 0.9010606  0.95549774 0.016800545156002045
34 0.63563025 0.06166256 0.9595442  0.41785064 0.01674310490489006
41 0.24840865 0.22827876 1.         0.70867497 0.01662057265639305
2 0.06726602 0.7368174  0.48224416 1.         0.01658463291823864
34 0.18800062 0.5697054  0.8281257  0.93711233 0.01651759259402752
33 0.88786745 0.02070646 0.99065393 0.13894686 0.016322191804647446
38 0.90320295 0.         1.         0.16952628 0.01628858968615532
1 6.4632419e-04 6.8999934e-01 2.6157254e-01 9.7141677e-01 0.016266854479908943
1 0.14101762 0.74641657 0.88893515 0.9872963  0.016138266772031784
24 0.2606981  0.788899   0.77613086 0.9817486  0.016117136925458908
34 0.24193893 0.85169834 0.9790021  0.9959932  0.015720369294285774
1 0.5828255  0.9088368  0.8764962  0.99287426 0.01565827988088131
38 0.7599625  0.4016502  0.99644035 0.9362869  0.0156492181122303
38 0.6793326  0.27268308 0.9999699  0.6569532  0.015643298625946045
24 0.8454469  0.2320508  0.9910003  0.79691386 0.015490292571485043
41 0.33049628 0.36899686 0.7114469  0.8867279  0.0154755599796772
33 0.53083897 0.03888807 0.97776216 0.2706996  0.015474296174943447
1 0.02102793 0.58335894 0.99980015 0.98781437 0.015349759720265865
38 0.5840558 0.5369605 0.9831223 1.        0.015280124731361866
41 0.35735127 0.06130423 0.88658774 0.40299836 0.015184621326625347
35 0.         0.7698395  0.24579473 0.99669296 0.015148910693824291
2 0.0655605 0.6599118 0.6677532 1.        0.015139125287532806
24 0.64668757 0.06530426 1.         0.8457047  0.015137383714318275
40 0.3342053  0.         0.88654584 0.41467422 0.014557937160134315
38 0.8271283  0.18348445 0.99933404 0.9180479  0.014503540471196175
18 0.4444382  0.         0.8349517  0.48683998 0.014379506930708885
14 0.9009346  0.         0.98885816 0.16996804 0.014317391440272331
38 0.62974155 0.30619496 1.         1.         0.01426740549504757
33 0.8449287  0.06714816 1.         0.21933451 0.014240607619285583
24 0.9493558  0.01027821 0.9962279  0.08867389 0.014106035232543945
28 0.80501527 0.11808032 0.99076235 0.5626985  0.014101274311542511
18 0.30532756 0.         0.9022005  0.32681265 0.013968233950436115
24 0.58874047 0.71627057 0.8883943  1.         0.013966672122478485
14 0.88317597 0.2863793  0.99399734 0.5127545  0.013512183912098408
34 0.2561713  0.0538282  0.8784447  0.63696545 0.013380478136241436
24 0.8880471  0.4801467  0.99299765 0.6981589  0.013313801027834415
40 0.3735039  0.         0.9436829  0.80161756 0.013215314596891403
14 0.80931205 0.06573082 1.         0.64275044 0.013107268139719963
33 0.24953201 0.01773087 1.         0.24416958 0.013049031607806683
41 0.4300291  0.14193623 0.8083024  0.49805233 0.01297495886683464
38 0.53930545 0.77793    0.9646455  1.         0.012924311682581902
21 0.23799948 0.         0.6312886  0.39730942 0.012792534194886684
34 0.36935964 0.5584425  0.9789318  0.95915467 0.012526361271739006
24 0.7951244 0.3441825 0.9929764 0.7499902 0.012337906286120415
40 0. 0. 1. 1. 0.012224751524627209
24 0.         0.72091186 0.22750638 0.91071504 0.012213410809636116
33 0.93829775 0.00831164 0.9913292  0.07809775 0.012192235328257084
14 0.8638753  0.02856588 0.99005574 0.26447955 0.012178034521639347
41 0.        0.8282196 0.3174126 1.        0.01215466670691967
24 0.60415906 0.32378802 0.99928457 0.7881694  0.012098127044737339
34 0.47517133 0.00715683 0.73831505 0.52161354 0.012030543759465218
38 0.87467265 0.21622322 0.99524254 0.4506887  0.011912859044969082
40 0.019045   0.17694005 1.         1.         0.01182971615344286
29 0.06347354 0.7875105  0.5658114  1.         0.011798698455095291
40 0.15600316 0.46549922 0.6811796  1.         0.011680669151246548
21 0.3961698  0.00819367 0.8787616  0.15572011 0.011644621379673481
1 0.54443556 0.8740581  0.77968866 0.9914255  0.011577027849853039
27 0.8201548  0.07989118 1.         0.61950713 0.011559708043932915
16 0.         0.82807636 0.57865906 0.9684321  0.011495672166347504
33 0.03414857 0.80475783 0.3990154  1.         0.011493519879877567
41 0.20080987 0.45058173 0.7671562  0.83616656 0.011457452550530434
41 0.42913723 0.90864384 0.72364277 0.9933004  0.011427318677306175
24 0.         0.8305917  0.4381343  0.99014324 0.011135240085422993
41 0.23870769 0.11752789 1.         0.40282437 0.011042077094316483
14 8.7125266e-01 4.8181534e-04 9.8130029e-01 1.3004532e-01 0.010954155586659908
41 0.35389027 0.0974364  0.99975353 0.33233258 0.010953296907246113
24 0.21810192 0.6959815  1.         0.99682283 0.010923869907855988
40 0.23462367 0.4270508  0.91363144 0.8503406  0.01090506836771965
38 0.6540912  0.05992602 1.         0.7987491  0.010861136950552464
24 0.89077514 0.32566932 0.9969385  0.5491892  0.01079761516302824
33 0.7912277  0.05732525 1.         0.28235403 0.010778349824249744
28 0.6436936  0.31629726 1.         0.5901576  0.010561115108430386
1 0.72122085 0.05404413 1.         0.3573608  0.010293646715581417
33 0.7993265  0.1195516  1.         0.58008146 0.010256425477564335
27 0.70543176 0.11056141 1.         0.5295953  0.010243468917906284
18 0.34579882 0.         0.7284806  0.4251614  0.010231982916593552
7 0.34017506 0.04592536 0.7811528  0.41419938 0.010109174065291882
41 0.5160397  0.05235875 0.8773153  0.28687736 0.009933139197528362
34 0.696289   0.03955843 0.9691259  0.28440848 0.009897381998598576
28 0.8133415  0.07527252 0.99145997 0.40059474 0.009837029501795769
38 0.76481473 0.01420774 1.         0.23928    0.009799421764910221
24 0.42179656 0.8409987  1.         0.9935071  0.00979212112724781
35 0.         0.6182883  0.39152923 0.9712514  0.009731792844831944
28 0.6609216  0.46994802 1.         0.7521697  0.009675114415585995
1 0.05427459 0.5662761  0.3894957  1.         0.009654399007558823
41 0.17218222 0.47730276 0.95666486 0.95247245 0.00961121916770935
34 0.         0.5372796  0.7385642  0.96022445 0.009417231194674969
10 0.268227   0.         0.82528037 0.37900752 0.009416081942617893
21 0.        0.        0.6585445 0.5625751 0.009289586916565895
14 0.81080794 0.03238281 0.9946254  0.4529271  0.009270962327718735
4 0.26131186 0.00571765 0.84315383 0.3769497  0.009257592260837555
34 0.50181085 0.02530747 0.94203186 0.43538672 0.009246714413166046
38 9.407487e-01 2.711614e-05 9.986389e-01 8.784676e-02 0.00920500885695219
34 0.52051514 0.02092037 0.93862885 0.23288137 0.00920349732041359
10 0.4044105 0.        0.7637307 0.4256318 0.009181586094200611
34 0.5433599  0.09135152 0.93566746 0.5611487  0.009179296903312206
24 0.26434833 0.12050489 0.74305755 0.29029387 0.009171552024781704
34 0.16083638 0.6344096  0.6425622  0.9549864  0.009092304855585098
10 0.06232717 0.47009745 0.60922545 0.9765962  0.009043015539646149
40 0.        0.7863592 0.6840088 1.        0.009001191705465317
35 0.         0.7000544  0.29492652 0.97513896 0.008874623104929924
24 0.6336898  0.24884596 1.         0.5910005  0.008732981979846954
24 0.29805237 0.5607098  0.59313923 0.86803466 0.008700626902282238
24 0.57052255 0.49349418 1.         1.         0.008667643181979656
34 0.22067994 0.4866805  0.6191428  0.9477683  0.008571426384150982
41 0.17449357 0.01743579 1.         0.18195893 0.008564851246774197
1 0.7462171  0.09352159 1.         0.47202587 0.008526358753442764
35 0.7431819  0.08875482 1.         0.51087636 0.008496755734086037
33 0.33092323 0.05089261 0.7782062  0.4225126  0.008457977324724197
34 0.30598578 0.3484957  0.7371782  0.8601464  0.00832474883645773
1 0.46246114 0.7675745  0.97783    0.98337793 0.008281663060188293
40 0.21437036 0.331467   0.7681412  0.9484024  0.008270515128970146
35 0.83227676 0.01464264 1.         0.6182351  0.008260156027972698
40 0.         0.22005254 0.799899   1.         0.00824070442467928
41 0.21837339 0.5172624  0.9027505  0.7706343  0.008130430243909359
35 0.09098209 0.709993   0.5382829  0.9915512  0.008099530823528767
14 0.947155   0.         0.9914856  0.09847368 0.008066125214099884
41 0.06091825 0.6687833  0.6585257  1.         0.008036965504288673
28 0.68995    0.34988835 1.         0.7229513  0.007907968014478683
35 0.57726336 0.9037448  0.8375268  0.9977351  0.007885201834142208
28 0.6140104  0.08923678 1.         0.7631545  0.007876227609813213
33 0.71252567 0.02988547 0.99062485 0.1965113  0.007862238213419914
40 0.10075648 0.8251503  0.81935817 1.         0.007834996096789837
33 0.7949281  0.08991158 1.         0.39823183 0.007830017246305943
34 0.39079988 0.91024    0.7696349  0.99409413 0.007784015964716673
41 0.3898118  0.23971571 0.7424977  0.71280193 0.0076871952041983604
13 0.80492157 0.01078089 0.98738235 0.6655157  0.0076630678959190845
14 0.8815675 0.3725108 0.9898618 0.5981288 0.007653656881302595
27 0.65198344 0.05393012 0.98278874 0.40022537 0.007629566825926304
35 0.69926965 0.45204988 0.996828   0.78175557 0.007512554060667753
7 0.24781409 0.01987462 0.8791199  0.5138855  0.007468901574611664
20 0.8519153  0.12370474 1.         0.49052736 0.0074648610316216946
24 0.47803193 0.91527385 0.7596632  0.98444504 0.007445672992616892
28 0.6585598  0.54732877 1.         0.83121246 0.007434382569044828
2 0.26584625 0.8048252  0.8194633  1.         0.007304311264306307
21 0.        0.        0.6906875 0.3204311 0.00729453656822443
29 0.15422224 0.7337063  0.98834467 0.9973035  0.0072857956402003765
33 0.62690556 0.06932755 1.         0.37983674 0.007254073396325111
21 0.38886172 0.01416552 0.8376135  0.27255973 0.007199340034276247
27 0.5330594  0.90641755 0.8240585  1.         0.007183140143752098
41 0.30620572 0.1752143  0.9928481  0.59311867 0.0071433898992836475
10 0.         0.74600816 0.3048151  1.         0.007132962811738253
10 0.03245149 0.6205943  0.45461777 0.99706924 0.00711972126737237
33 0.14105347 0.7843297  0.8507414  0.9800937  0.007104888558387756
1 0.26265833 0.80983967 1.         0.98288727 0.0070789773017168045
33 0.8490553  0.01468658 0.9871197  0.10803911 0.007045982405543327
41 0.34027317 0.40713897 0.79906565 0.7325161  0.007044426165521145
24 0.36241302 0.10408354 0.840271   0.3073313  0.007009099703282118
38 0.86994416 0.40851235 0.9986736  0.69340914 0.007005016785115004
24 0.88300407 0.01361524 0.99245864 0.11920699 0.006948907859623432
41 0.0665549 0.7496996 0.8196278 0.9829638 0.0069288332015275955
38 0.5758438  0.6946962  0.88642186 1.         0.006870350334793329
41 0.36544913 0.12587427 0.97994196 0.4750906  0.006812572944909334
1 0.6455122  0.01140839 1.         0.5712071  0.0067956275306642056
16 0.         0.81402665 0.36124665 0.98237735 0.006699032615870237
41 0.04985331 0.643225   0.45461005 1.         0.006691208574920893
1 0.24441646 0.42930946 0.5440123  1.         0.0066803074441850185
7 0.10289917 0.01840987 0.7795217  0.20188542 0.006674124859273434
28 0.6247926  0.38909638 1.         0.90192264 0.006616304162889719
38 0.5147323  0.91613454 0.778562   0.99709666 0.006576274521648884
2 0.36799255 0.         0.81031936 0.29245585 0.006562338210642338
41 0.42253038 0.8698363  0.6686272  0.9917428  0.006541545037180185
34 0.23546834 0.20905864 0.8729064  0.9365247  0.006483410019427538
9 0.04038685 0.6465013  0.36307186 0.98023003 0.0064759948290884495
7 0.29226375 0.0323722  0.71859735 0.2966263  0.006448372267186642
28 0.73838264 0.21892615 0.98732454 0.5815278  0.006440075114369392
34 0.36250436 0.26921314 0.6171636  0.8741206  0.0064326501451432705
42 0.24415825 0.         0.8879993  0.6119979  0.006388215348124504
1 0.21332337 0.644181   1.         0.9594447  0.006373925134539604
35 0.67788404 0.2813047  1.         0.5964234  0.006373478565365076
28 0.6817592  0.09698819 1.         0.4027587  0.006362421438097954
1 0.4655221 0.9084789 0.7734738 0.9957421 0.006352482829242945
34 0.2883071  0.08275662 0.8723144  0.40601152 0.0063457731157541275
28 0.6461406 0.8369693 1.        0.9822953 0.006323009729385376
40 0.17320588 0.7682132  0.71950525 1.         0.006276216823607683
28 0.81286716 0.58013135 1.         0.95213145 0.0062753306701779366
38 0.54431593 0.88321024 0.759002   1.         0.006232393905520439
1 0.5194542  0.01172518 1.         0.27279902 0.006228192243725061
28 0.7491208  0.7802599  1.         0.97629815 0.006224433425813913
1 0.83825463 0.07844529 1.         0.5601866  0.006031551398336887
24 0.46951336 0.19943152 0.7541462  0.4742857  0.005974454805254936
35 0.6881011  0.35993364 1.         0.68301535 0.005943394731730223
28 0.6528941  0.73086715 1.         0.97239506 0.005940934643149376
10 0.5106476  0.01295694 0.938016   0.18323721 0.005936326924711466
28 0.8239922  0.912633   1.         0.98829764 0.005927394609898329
24 0.49174714 0.88475376 0.7196233  0.9852207  0.005923171062022448
34 0.83167565 0.05161682 0.9830898  0.2204357  0.005922203417867422
1 0.05237573 0.81751007 0.36913142 0.9618618  0.005918635055422783
41 0.27506378 0.51479787 0.61466646 1.         0.00590148800984025
24 0.38537803 0.15532067 0.82800496 0.41664413 0.0058948746882379055
41 0.3007434  0.31224763 0.9467087  0.8723385  0.005861021112650633
21 0.18332092 0.         0.73849654 0.34639826 0.005819482728838921
29 0.30268705 0.8133118  0.8856565  1.         0.005775029305368662
28 0.75015277 0.5229658  1.         0.90573955 0.005771254189312458
34 0.30870107 0.6713837  0.6770418  0.97352093 0.005762608256191015
34 0.38652563 0.86801076 0.67355853 0.98521376 0.005731380544602871
