1 0.16805004 0.09069479 1.         0.78902984 0.2388274222612381
40 0.02851631 0.         0.8080588  0.90352887 0.21191230416297913
4 0.         0.20987348 0.8936347  0.87188184 0.20926086604595184
40 0.         0.18141846 0.9059491  1.         0.2007770985364914
10 0.09031833 0.         0.46032798 0.7227449  0.17729583382606506
40 0.12595364 0.36919716 0.75645864 1.         0.17641711235046387
38 0.5611253  0.02723412 1.         0.81366456 0.16061457991600037
41 0.12061435 0.06284612 0.5332662  0.6978919  0.14858515560626984
41 0.01675247 0.15445237 0.6343446  0.6304973  0.14448362588882446
1 0.13121906 0.1761391  0.70134604 0.53146434 0.11955054104328156
27 0.23896252 0.4557804  0.997841   0.8424362  0.1126445010304451
38 0.66247797 0.1719083  1.         0.5538239  0.11249228566884995
41 0.        0.3330227 0.7706546 0.6480846 0.10974669456481934
34 0.17145412 0.14586149 0.98157024 0.5712387  0.10818834602832794
1 0.26198614 0.1805511  1.         0.61284053 0.10699323564767838
34 0.07148916 0.12023931 0.942069   0.7441424  0.09587889909744263
27 0.19287634 0.3480833  0.8905858  0.79839563 0.09289208054542542
41 0.         0.17745227 0.6446444  0.8811906  0.09248686581850052
38 0.52643853 0.28556514 1.         0.7867051  0.08974742889404297
21 0.         0.15911746 0.5722532  0.7622981  0.0869564488530159
38 0.7451965  0.14197706 1.         0.6364432  0.08376874774694443
1 0.24235347 0.2857913  1.         0.7928327  0.08307889103889465
4 0.        0.2969787 0.9652161 1.        0.08058040589094162
10 0.05067937 0.21902986 0.50787973 0.82116175 0.08016695082187653
1 0.15932348 0.14078152 1.         0.47394645 0.0781763345003128
24 0.5038399 0.3891811 0.8998803 0.7783328 0.07673202455043793
41 0.         0.38951993 0.5617276  0.69869876 0.07489386200904846
21 0.         0.04154656 0.5422651  0.5967342  0.07158060371875763
27 0.10153946 0.25174046 1.         0.76318353 0.07126759737730026
40 0.15866815 0.32990888 0.83632267 0.8269221  0.070968858897686
38 0.70566624 0.02555415 1.         0.5111729  0.07091722637414932
10 0.08709079 0.34384587 0.5716219  0.708217   0.07072321325540543
41 0.         0.3114799  0.92530507 0.7835621  0.0695999264717102
27 0.1898803  0.03239889 1.         0.82888794 0.0692717581987381
40 0.04405444 0.19667694 0.8095497  0.72971284 0.06599932909011841
4 0.         0.14971827 0.62197226 0.77030635 0.06186075508594513
38 0.5079309  0.12193332 1.         0.6240875  0.060580573976039886
1 0.18214148 0.1353136  0.56015354 0.60836244 0.06045352667570114
41 0.06311974 0.35598466 0.6666155  0.75383687 0.05758016183972359
34 0.14419045 0.21969579 0.9049645  0.50757974 0.056278325617313385
24 0.16550283 0.32682824 0.7923935  0.8997974  0.055997371673583984
4 0.03107    0.12666261 0.98704064 0.5391836  0.05476247891783714
34 0.01737447 0.08705094 0.82229793 0.55068326 0.05430733039975166
10 0.07984469 0.         0.47526664 0.44958112 0.05399201065301895
24 0.36399    0.39738822 0.8545679  0.8357964  0.053915105760097504
24 0.4160391 0.5097158 0.9544499 0.82153   0.05329564958810806
34 0.04290314 0.25545764 0.89125603 0.9086774  0.05141237750649452
34 0.13319033 0.36406294 0.9730197  0.76843876 0.051205236464738846
24 0.11638936 0.23364826 0.9250144  0.8030535  0.05089421197772026
37 0.9002585 0.8179573 1.        0.984251  0.04969309642910957
27 0.43679008 0.5308343  1.         0.92117167 0.048758357763290405
24 0.11988483 0.47314256 0.68665856 0.7071201  0.04798641800880432
1 0.32828325 0.41182563 0.93085694 0.8306088  0.04725627228617668
24 0.65820915 0.53156066 0.9955124  0.82886565 0.046177297830581665
1 0.19773968 0.2562795  0.8945381  0.5126311  0.0455254465341568
38 0.36564    0.16705383 1.         0.78661144 0.04506675899028778
24 0.         0.28981587 0.65207964 0.74990875 0.04505697637796402
1 0.07615687 0.17437887 0.8558643  0.43683553 0.04504552483558655
34 0.01695547 0.06632393 0.9145202  0.3727313  0.04455054923892021
37 0.8645994 0.7811877 1.        0.9851268 0.04368678480386734
1 0.03620423 0.05453397 0.8805713  0.8182334  0.043494708836078644
4 0.0556943  0.19839528 0.6278358  1.         0.042205601930618286
10 0.08629642 0.36382726 0.55614746 0.9315089  0.041441887617111206
24 0.17906804 0.44026744 0.6377748  0.79978555 0.04129127785563469
40 0.31701916 0.32457513 0.90382063 1.         0.04117061197757721
24 0.5307104  0.16260128 0.9518137  0.838381   0.04040459915995598
41 0.02314641 0.48663306 0.6949667  0.7170644  0.03996625542640686
24 0.3662491  0.16878639 0.93460983 0.9917034  0.039884671568870544
34 0.08532123 0.21529557 0.7489395  0.5931078  0.039865124970674515
21 0.         0.08871834 0.72731847 0.90499187 0.03965083882212639
21 0.         0.26593658 0.50630116 0.6835281  0.039581675082445145
1 0.07659841 0.04571472 0.79477644 0.481003   0.03861921280622482
24 0.6095331  0.38184905 0.95346797 0.7313146  0.038478296250104904
7 0.         0.04676745 0.7809898  0.8896644  0.03761682286858559
14 0.53656065 0.30206087 0.9422558  0.8159486  0.037021078169345856
27 0.19621608 0.02768239 0.6262071  0.7639206  0.0369236022233963
27 0.24538542 0.15860265 0.81823194 0.6542151  0.03690354898571968
41 0.        0.430583  0.3877076 0.7073218 0.036741532385349274
34 0.12918167 0.32905522 0.8657386  0.60287094 0.03653591871261597
7 0.         0.08749896 0.46531832 0.76106    0.03518596664071083
24 0.09887954 0.23895915 0.45341513 0.60440505 0.03508986160159111
41 0.00629842 0.05499255 0.69831705 0.44523987 0.0342477485537529
10 0.01424301 0.2765509  0.45382717 0.6592568  0.034225329756736755
40 0.41180038 0.5408484  0.85452515 0.9024387  0.033744946122169495
40 0.         0.13601792 0.6682019  1.         0.0332968533039093
27 0.4164846  0.12340076 1.         0.9055135  0.0331437848508358
40 0.25266564 0.4796165  0.75193554 0.8094147  0.03282860666513443
29 0.26063675 0.19591764 0.7211223  0.84837985 0.0325833223760128
24 0.12513387 0.25863978 0.63322216 0.62008226 0.03206729516386986
40 0.24431774 0.44625163 0.66505253 0.9225991  0.030365733429789543
34 0.22950006 0.13154902 0.7921041  0.48962352 0.029983043670654297
41 0.         0.51944685 1.         0.8703587  0.029946167021989822
27 0.08977666 0.25961626 1.         0.95840985 0.02962912991642952
24 0.25343797 0.16719297 0.59002334 0.67426527 0.029417414218187332
24 0.02511041 0.15974872 0.3710428  0.60178775 0.029069792479276657
21 0.04123582 0.2860976  0.38608032 0.73229426 0.028634827584028244
24 0.29833493 0.47438774 0.72210294 0.8537269  0.028444871306419373
1 0.17628564 0.13611437 0.8767857  0.37551323 0.028163980692625046
24 0.         0.20208092 0.5446458  0.64057773 0.028076795861124992
41 0.         0.44551188 0.75665224 0.8236961  0.02777944691479206
10 0.1549278  0.26006642 0.67803246 0.99613476 0.027627287432551384
2 0.28099805 0.13657194 0.8965641  0.61078745 0.027225777506828308
28 0.51551455 0.33522284 1.         0.9693976  0.026839518919587135
6 0.56647587 0.07008611 1.         0.63212144 0.026582036167383194
7 0.         0.04850421 0.8203112  0.56013584 0.026462864130735397
41 0.17997444 0.25087017 0.56893533 0.76049024 0.02605913206934929
7 0.        0.2495953 0.9510532 1.        0.025754757225513458
27 0.         0.17734174 0.92964846 0.87596476 0.025300757959485054
34 0.23291433 0.24697785 0.9852876  0.6537838  0.024727893993258476
24 0.01358332 0.36753878 0.5502213  0.67694736 0.024503609165549278
34 0.15790711 0.18245366 0.591909   0.6402981  0.02431628294289112
10 0.02002176 0.00427181 0.38139564 0.16428176 0.02390252612531185
40 0.         0.10341723 0.792621   0.55004996 0.023711981251835823
28 0.39710495 0.54333264 0.98109746 0.8076992  0.023453280329704285
27 0.         0.45184276 0.8636834  0.81969035 0.02324194647371769
28 0.5952933  0.16249494 0.9630053  0.8152523  0.02308649942278862
1 0.45704284 0.35470995 0.952581   0.76148885 0.022750981152057648
41 0.23406549 0.45190307 0.8912252  0.8497343  0.022516388446092606
27 0.09768199 0.16225734 0.71287346 0.75413877 0.022375378757715225
1 0.30522227 0.12877254 0.650599   0.6145953  0.022293180227279663
10 0.10203926 0.41857478 0.61508304 0.7864059  0.021933389827609062
37 0.86816776 0.8674936  1.         0.9877516  0.021904325112700462
21 0.00960258 0.3894308  0.61217356 0.7544382  0.0215896163135767
27 0.5265246  0.37448886 0.9660952  0.8078161  0.02152678184211254
27 0.37818822 0.42275566 1.         1.         0.021522322669625282
40 0.06481867 0.47561494 0.9680371  1.         0.02114746905863285
2 0.0735994  0.12564914 0.7095629  0.8025311  0.02108391560614109
1 0.25066698 0.06301725 1.         0.37812874 0.021012207493185997
24 0.01520604 0.4310842  0.53240544 0.7701364  0.02092014253139496
24 0.91023636 0.8060737  1.         1.         0.020864013582468033
41 0.28949898 0.5530711  0.9926342  0.89279705 0.020823698490858078
2 0.17509858 0.24725927 0.8380248  0.88567734 0.02077902853488922
38 0.45692688 0.5297812  1.         0.7971101  0.02067515440285206
24 0.         0.30843323 0.500962   0.8757456  0.020662600174546242
37 0.82106173 0.6736654  1.         0.99180114 0.020525412634015083
41 0.03919525 0.28553247 0.48882458 0.6260929  0.020155051723122597
38 0.5634303  0.02173705 1.         0.31666592 0.020108399912714958
24 0.836399   0.9001221  1.         0.99511963 0.020089948549866676
7 0.         0.04714531 0.5277199  0.45212883 0.020022155717015266
27 0.38703364 0.12554845 0.8848869  0.55642146 0.01985194906592369
1 0.28699684 0.20813851 1.         0.45052013 0.019599564373493195
14 0.45729676 0.18033808 0.9113621  0.6698064  0.019500048831105232
10 0.13266858 0.24218893 0.50000286 0.6814637  0.01949469931423664
24 0.42061424 0.16633098 0.86732477 0.5579965  0.01913565769791603
13 0.6010493  0.0626858  0.96887594 0.6323504  0.01908865198493004
28 0.61761767 0.05448387 1.         0.52987754 0.019059661775827408
24 0.8422126 0.5438304 1.        0.9871392 0.018589699640870094
24 0.12448746 0.36798358 0.70928293 0.6497958  0.018487578257918358
24 0.60948575 0.17294994 0.9425564  0.6853571  0.018409188836812973
1 0.27049112 0.10852914 0.8125086  0.45442262 0.01783340983092785
1 0.07492391 0.06666291 0.6068609  0.7025086  0.017492158338427544
29 0.33648628 0.34195825 0.8149705  0.86259645 0.01748347468674183
38 0.66370475 0.01012809 1.         0.1592247  0.017479849979281425
24 0.12589203 0.16751929 0.4019985  0.52301425 0.017432285472750664
1 0.3924433  0.16979952 0.97398216 0.51077676 0.017271699383854866
38 0.65754217 0.30921137 1.         0.69596165 0.017222464084625244
1 0.43943626 0.15455684 1.         0.78116745 0.016941847279667854
4 0.05070066 0.37130314 0.75889254 0.96737003 0.01689382642507553
1 0.08492727 0.41014743 1.         0.8643847  0.01676645688712597
14 0.59526485 0.0627476  0.98117405 0.63275456 0.016763869673013687
1 0.25302577 0.07359632 0.571477   0.73957205 0.016718823462724686
24 0.16329226 0.26109612 0.5234237  0.7287849  0.01653815433382988
24 0.04614548 0.40923148 0.3359605  0.7595998  0.01644834317266941
28 0.706394   0.04480095 1.         0.42190892 0.016327880322933197
10 0.20276919 0.04626374 0.4767183  0.64025986 0.01622452214360237
24 0.29854143 0.10559247 0.9167965  0.7066319  0.01620917208492756
40 0.41590902 0.19566035 0.93993014 0.7783923  0.016130845993757248
6 0.64688617 0.         1.         0.8151089  0.01584910973906517
34 0.14413251 0.07472457 0.7149075  0.452329   0.015821760520339012
9 0.16833864 0.21281643 0.59439814 0.6348012  0.015729369595646858
14 0.65472215 0.27088904 0.9774174  0.59767157 0.015078707598149776
10 0.10318837 0.12056775 0.48988593 0.58173156 0.015047998167574406
40 0.10867063 0.31406733 0.6743573  0.72182804 0.014948353171348572
10 0.04680603 0.         0.6790168  0.6975912  0.014786156825721264
37 0.9058779 0.9121044 0.9969196 0.9905169 0.014705252833664417
7 0.         0.24439228 0.52568024 0.89273906 0.014659458771348
40 0.16643228 0.07175481 0.5319284  0.84919554 0.01465760637074709
34 0.08544436 0.36297616 0.72096497 0.6486197  0.014585061930119991
38 0.74558157 0.019649   1.         0.22537512 0.014539651572704315
27 0.5708944  0.09194924 0.95985484 0.7743523  0.014496557414531708
13 0.64155173 0.20500347 0.98418325 0.5538034  0.01448631938546896
24 0.8785237  0.86208785 1.         1.         0.014321097172796726
24 0.8356366 0.8081308 1.        0.9835668 0.014303372241556644
6 0.67227894 0.20993467 1.         0.6200682  0.014293371699750423
38 0.47403276 0.01036404 1.         0.1628031  0.014292228035628796
1 0.24703461 0.02985987 0.7109308  0.38982612 0.014184984378516674
27 0.5007559  0.17697948 0.9639907  0.56626254 0.01415400579571724
21 0.         0.15488388 0.44719473 0.5652671  0.014122530817985535
10 0.01147406 0.00049913 0.28200212 0.22848517 0.014106681570410728
18 0.13897261 0.         0.6642387  0.47893047 0.014035787433385849
18 0.08411407 0.1323746  0.7438829  0.90771514 0.013925637118518353
29 0.2681909  0.17154849 0.8373215  0.6757379  0.013812471181154251
4 0.0190787 0.3541413 0.7298821 0.7114219 0.013677888549864292
2 0.3112134  0.04476847 1.         0.82478285 0.01365780271589756
1 0.17329867 0.19936708 0.5197434  0.8711205  0.01364167034626007
4 0.00808876 0.03393997 0.5148578  0.5071181  0.0135267972946167
10 0.03621226 0.01954798 0.5053287  0.29934156 0.013434074819087982
4 0.01515478 0.24930787 0.787799   0.5929333  0.013428408652544022
21 0.00891917 0.29763392 0.39241156 0.5831469  0.013348021544516087
24 0.9301828  0.92366266 1.         1.         0.01328364759683609
24 0.9483126 0.8942059 1.        1.        0.013231310993432999
40 0.38753578 0.39124826 0.86981326 0.7700158  0.013048400171101093
27 0.15127592 0.         0.9211505  0.60128635 0.01300329901278019
1 0.         0.10059639 0.43360612 0.87656426 0.012986461631953716
28 0.4531128  0.43706718 0.9393076  0.7699736  0.012939529493451118
13 0.28771883 0.13854912 0.7827753  0.85699636 0.012907716445624828
24 0.         0.43680727 0.48364377 0.63957685 0.012727298773825169
7 0.         0.00905529 0.55807996 0.3401803  0.012593857012689114
24 0.6965019  0.02351854 1.         0.15806057 0.01251040119677782
20 0.9011003  0.85291505 0.9895219  0.99477845 0.012504929676651955
24 0.31211516 0.33052528 0.6251395  0.849146   0.012499451637268066
13 0.40728012 0.11681656 0.87786114 0.5755313  0.012392633594572544
20 0.8654563  0.82546085 0.98924696 0.99017805 0.012370900250971317
38 0.7490147  0.29153132 1.         0.77526456 0.012297483161091805
40 0.         0.         0.66930306 0.54822016 0.01221094373613596
10 0.10122924 0.33261886 0.429183   0.85979474 0.012196141295135021
22 0.5516007  0.07001241 0.98942244 0.51653385 0.012140432372689247
34 0.8816164 0.8235477 1.        0.9897795 0.012051579542458057
24 0.         0.3300854  0.4156799  0.59543484 0.012001320719718933
24 0.75798297 0.5446784  1.         0.92925537 0.01198872271925211
37 0.94538516 0.90277296 0.99738485 0.9895713  0.011968767270445824
34 0.16540526 0.46507224 0.908758   0.82866806 0.01193794421851635
16 0.2307393  0.36812785 0.7883973  0.7923473  0.011903666891157627
18 0.12348015 0.         0.9143211  0.9627582  0.011900256387889385
1 0.22732942 0.34875044 0.8319103  0.70252454 0.011868545785546303
24 0.77232194 0.18869896 0.97282076 0.55422497 0.011863334104418755
5 0.         0.         0.9355339  0.67437565 0.011842173524200916
41 0.16462138 0.45531413 0.6951724  0.78184116 0.011755858547985554
24 0.         0.26328084 0.38657394 0.52871776 0.011728323064744473
9 0.12673411 0.25630563 0.66775906 0.5528338  0.011591489426791668
24 0.73999983 0.03468258 0.9989557  0.2791132  0.011456823907792568
24 0.02127426 0.09922317 0.8475423  0.6154307  0.011456421576440334
33 0.         0.06752907 0.77753717 0.70442677 0.011420557275414467
24 0.54638076 0.06147597 0.96920514 0.41189617 0.011334161274135113
1 0.17576846 0.31733674 0.80182743 0.6011273  0.01124884095042944
27 0.5588032  0.34835562 1.         0.9872145  0.01112176664173603
24 0.22422361 0.38650665 0.54247934 0.83769625 0.011011427268385887
24 0.694895   0.22782692 0.9708341  0.49337882 0.010973778553307056
21 0.         0.41751513 0.75171983 0.93195903 0.01094569731503725
24 0.53995574 0.19992033 0.94602966 0.54766554 0.010931090451776981
7 0.        0.0526613 0.9808896 0.4180769 0.010930264368653297
24 0.4776478  0.04795249 0.9624075  0.28596172 0.01087656244635582
40 0.25340062 0.25861326 0.8870736  0.7039307  0.010803038254380226
24 0.71330637 0.07878172 0.9744857  0.4384407  0.010784703306853771
24 0.52556205 0.02495481 0.9879645  0.20111421 0.010768195614218712
24 0.16849712 0.13475998 0.4758217  0.5503137  0.010744708590209484
24 0.         0.48560777 0.42206773 0.69816995 0.010603160597383976
33 0.59441465 0.31354842 1.         0.5727175  0.010602792724967003
33 0.1408234 0.2397699 0.8912592 0.7126166 0.010600531473755836
37 0.87088156 0.6911786  1.         0.9130349  0.010555754415690899
41 0.02195803 0.5564235  0.7529491  0.75861835 0.010546642355620861
24 0.10152674 0.52745014 0.66470474 0.76252407 0.01052794512361288
34 0.8419466  0.7940861  1.         0.97966534 0.010396420955657959
1 0.19746847 0.25751072 0.650687   0.6690122  0.010361920110881329
1 0.20044966 0.34146106 0.72258514 0.84561527 0.010305146686732769
41 0.         0.01301786 0.6554715  0.32373503 0.010218799114227295
37 0.9120909  0.93961304 0.998313   0.99180746 0.010189065709710121
18 0.12569809 0.         0.59795153 0.84806836 0.010152624920010567
37 0.8309126  0.89938295 1.         0.99040323 0.010061953216791153
24 0.45431885 0.41827568 0.9687494  0.9486238  0.009820755571126938
40 0.28330404 0.18387161 0.5973738  0.75537413 0.009818444959819317
21 0.0570737 0.2596415 0.8006727 0.7875816 0.009703734889626503
14 0.19887063 0.10272782 0.84860414 0.7724574  0.00963839516043663
15 0.01729383 0.13414167 0.84832555 0.7664437  0.009615914896130562
27 0.         0.05053648 0.8781012  0.6945196  0.009581729769706726
4 0.04056371 0.26948997 1.         0.69671184 0.009576131589710712
9 0.16274066 0.12885661 0.8071908  0.66771656 0.009561548009514809
27 0.03033811 0.3125161  0.7676924  0.703939   0.009544304572045803
14 0.38483578 0.03826147 0.9165493  0.6108751  0.009507913142442703
2 0.11963081 0.06768087 0.50912976 0.77729595 0.009504439309239388
4 0.         0.10809578 0.6530944  0.55691844 0.00948686245828867
38 0.85681134 0.01549902 0.9991077  0.11296652 0.009479189291596413
27 0.7022011 0.5895466 1.        1.        0.009457075968384743
29 0.21826996 0.2297744  0.55549055 0.8068161  0.0094141885638237
10 0.23263863 0.21454923 0.5030702  0.7878831  0.009371219202876091
34 0.7861571 0.9061435 1.        0.9906886 0.009355279617011547
13 0.65584695 0.04879247 1.         0.4765032  0.009352169930934906
33 0.42749837 0.20254399 1.         0.5601462  0.009337573312222958
41 0.16278838 0.06936231 0.77619123 0.5675852  0.009329739958047867
40 0.45609233 0.5715278  0.99875855 1.         0.009306768886744976
41 0.2516141  0.15195465 0.57597655 0.65301293 0.00928986445069313
1 0.30132127 0.22558399 0.6223357  0.81211245 0.009270991198718548
35 0.71699584 0.05981209 1.         0.62379366 0.009266633540391922
24 0.8744508  0.72671837 1.         0.97107625 0.009261492639780045
9 0.06971273 0.1320298  0.53761077 0.70325655 0.009217334911227226
22 0.61774266 0.30699697 1.         0.72687584 0.009141338057816029
24 0.377013   0.08810612 0.9627318  0.5041201  0.009107116609811783
14 0.6682475  0.3249519  0.9558865  0.68932027 0.0090795261785388
13 0.5170006  0.         0.9677165  0.45807487 0.009044555015861988
34 0.02201289 0.391848   0.6930618  0.7815821  0.009023827500641346
20 0.81607974 0.84282506 0.98610234 0.97375876 0.008992151357233524
41 0.74947166 0.9011957  1.         0.9989677  0.008974629454314709
33 0.31637985 0.15708184 0.94688916 0.5363661  0.008956504054367542
24 0.         0.28878528 0.31470472 0.7597731  0.008938189595937729
14 0.4369105  0.10193776 0.94249654 0.9315106  0.00893575232475996
22 0.5331517  0.         0.9646438  0.75310194 0.008932285010814667
28 0.67443764 0.17991966 1.         0.4791584  0.008913795463740826
21 0.05301844 0.21114472 0.5480329  0.6035407  0.008849515579640865
9 0.12518144 0.30799612 0.60507435 0.7108124  0.008833557367324829
41 0.0168541  0.00514865 0.6939756  0.21717678 0.008826259523630142
