24 0.85697645 0.91326207 1.         0.99194163 0.15892931818962097
24 0.93880737 0.9358035  0.9983405  0.99954367 0.1548045426607132
24 0.73891294 0.01234324 1.         0.13819622 0.1530073881149292
24 0.80494744 0.01624597 1.         0.19348395 0.14652250707149506
24 0.895257  0.8834892 0.9994316 0.9915967 0.14613860845565796
42 0.         0.17987669 0.16249965 0.88543904 0.14497458934783936
24 0.9206066  0.9488352  0.99541396 0.9983562  0.14445041120052338
26 0.3104219  0.3496983  0.7350259  0.69720197 0.14413665235042572
24 0.8974942  0.01122817 1.         0.1002696  0.14397811889648438
24 0.85670227 0.02155633 1.         0.2722727  0.13370618224143982
24 0.8641632  0.00779913 1.         0.07026463 0.13264581561088562
24 0.92215914 0.8387958  0.99771947 0.9935854  0.12621916830539703
24 0.7303948  0.0175163  1.         0.23691468 0.12402981519699097
42 0.         0.16620594 0.11296585 0.4203145  0.11940846592187881
42 0.         0.27437693 0.11131479 0.5276406  0.11636069416999817
42 0.         0.31241238 0.15621504 0.48927894 0.11441802233457565
42 0.         0.05613631 0.11446731 0.31399176 0.11226174235343933
42 0.         0.60691226 0.16222745 0.78629327 0.111188605427742
42 0.         0.5274289  0.16885847 1.         0.10999850928783417
42 0.         0.5557779  0.16130076 0.7327839  0.10976412892341614
42 0.         0.657646   0.1625926  0.83767164 0.10804550349712372
42 0.         0.36722526 0.15671356 0.54222375 0.10670886933803558
42 0.         0.01827691 0.08115821 0.36586982 0.10480453819036484
24 0.852262   0.03601062 1.         0.46143952 0.10058087110519409
42 0.00131903 0.17878821 0.0802443  0.5324038  0.09983160346746445
42 0.         0.06379499 0.07980937 0.15057114 0.0996217355132103
42 0.         0.70757955 0.16129552 0.8887136  0.09928450733423233
42 0.         0.09017019 0.07969005 0.17746763 0.09898877143859863
42 0.         0.2524222  0.15909682 0.43528295 0.09875896573066711
42 0.         0.5959029  0.11232084 0.8457594  0.09850941598415375
42 0.         0.11685295 0.07957753 0.2041462  0.09758485108613968
42 0.         0.14370616 0.07949951 0.2305735  0.09728169441223145
42 0.         0.1705797  0.07964693 0.25693727 0.09712101519107819
24 0.72376525 0.840063   0.99859095 0.9812511  0.0966554656624794
42 0.         0.50212723 0.15950127 0.6774861  0.09492417424917221
42 0.         0.03891774 0.0803611  0.12397465 0.0946253091096878
42 0.         0.         0.11620728 0.18010235 0.09418504685163498
24 0.8006959 0.7834189 0.9983258 0.9765639 0.09295377880334854
42 3.4549079e-04 4.2057157e-01 1.5794790e-01 5.9578133e-01 0.09129473567008972
24 0.85135967 0.7066353  0.9962905  0.9701923  0.09050013870000839
42 2.07125355e-04 3.79499108e-01 1.12377234e-01 6.34208918e-01 0.08943340927362442
42 0.         0.48684958 0.11258281 0.74045587 0.08881251513957977
42 0.         0.00147015 0.08067613 0.16636269 0.0882522463798523
42 0.         0.75964344 0.16161224 0.9376395  0.0845484659075737
42 0.         0.69966775 0.11381887 0.94551015 0.08275215327739716
42 0.         0.0162446  0.08056834 0.09799971 0.08079499006271362
42 0.         0.21068268 0.05647251 0.32401893 0.07977039366960526
42 0.         0.07658231 0.05598788 0.19136618 0.07958522439002991
42 0.         0.19530764 0.16274713 0.38169107 0.07881978154182434
42 0.         0.13018844 0.05601252 0.2445604  0.07781705260276794
24 0.8524048  0.16976258 1.         0.659935   0.07620804756879807
32 0.31950867 0.27852452 0.7269755  0.73049843 0.07470782846212387
42 4.8764546e-06 2.6487151e-01 5.6626398e-02 3.7788445e-01 0.07461722195148468
24 0.80334073 0.42174667 0.9993896  0.7765193  0.07437899708747864
42 0.         0.02673448 0.05657459 0.13784069 0.07425274699926376
24 0.79935616 0.63575363 0.9969613  0.9617092  0.07110666483640671
38 0.9245293 0.9290367 1.        0.9982241 0.06971627473831177
24 0.85163176 0.39071688 1.         0.8807173  0.06695685535669327
24 0.72221434 0.71493113 0.9927222  0.9680602  0.06656531244516373
24 0.80438226 0.15458857 1.         0.51003766 0.0662965252995491
24 0.80176425 0.52992404 1.         0.89184135 0.06605803966522217
18 0.01145646 0.366515   0.15482987 0.52713734 0.0638299360871315
18 0.00738206 0.3249289  0.11016045 0.5580545  0.06335440278053284
42 0.         0.811331   0.16694942 0.98624    0.06321722269058228
42 0.00220823 0.6015386  0.07991726 0.94790816 0.06177547574043274
24 0.80281293 0.2623817  1.         0.61685693 0.06106101721525192
8 0.         0.44476092 0.1092614  0.660623   0.059386901557445526
8 0.         0.49687517 0.11019796 0.7157272  0.05876833572983742
24 0.5636604  0.0178601  0.93541574 0.18982966 0.05831652507185936
41 0.0022288  0.03034097 0.05441146 0.1343567  0.057738419622182846
8 0.         0.4293838  0.15071951 0.57756495 0.05756807699799538
8 0.         0.391348   0.10898077 0.60553956 0.05728922039270401
18 0.00771058 0.17249402 0.07977149 0.48906413 0.05717307701706886
18 0.01125455 0.4207662  0.15179709 0.5824647  0.055142320692539215
42 0.00026676 0.00497818 0.05653169 0.08526312 0.055023349821567535
41 0.0024784  0.05827301 0.05445973 0.16093653 0.05471406877040863
41 0.00435688 0.04440427 0.07667035 0.12020259 0.054372139275074005
8 0.         0.33631304 0.10987643 0.5519426  0.053908608853816986
8 0.         0.48259524 0.15144216 0.6311606  0.05374695733189583
18 0.00633495 0.43358853 0.10640933 0.66789955 0.05359950661659241
41 0.00288648 0.08567358 0.054505   0.18707152 0.052953049540519714
18 0.00926346 0.22470084 0.11185678 0.4424196  0.0526510514318943
41 0.00297894 0.11257663 0.05451399 0.21323703 0.052480652928352356
41 0.00468802 0.07193571 0.07655426 0.14652291 0.051946207880973816
17 0.34680414 0.2871593  0.64390486 0.7379648  0.05190984532237053
41 0.00295745 0.13965178 0.05444057 0.2398747  0.05132603645324707
18 0.01473179 0.31392065 0.1576951  0.46948925 0.05088408663868904
18 0.00466692 0.12911174 0.05499434 0.23039341 0.05076206475496292
18 0.0047536  0.18202445 0.05499599 0.28466767 0.0506889633834362
18 0.0047479  0.15555263 0.05497938 0.25766492 0.05056292191147804
38 0.8250083 0.9081871 1.        0.9966708 0.05043461173772812
18 0.00465256 0.20871016 0.05504624 0.3117367  0.05019764229655266
18 0.00460213 0.10278998 0.05495496 0.2031541  0.050175320357084274
18 0.00394553 0.28753382 0.05527184 0.3942881  0.05013390630483627
41 0.00501866 0.09888476 0.07662293 0.17271301 0.05004606023430824
18 0.0073532  0.09835607 0.07917974 0.4011282  0.05004344880580902
18 0.00458692 0.07648466 0.05485399 0.17616275 0.04946368187665939
18 0.00439492 0.23483898 0.05513422 0.33909065 0.04926177114248276
41 0.00508854 0.12568435 0.07677766 0.19900529 0.0491928867995739
18 0.01149438 0.47392955 0.14984222 0.6350703  0.04912085831165314
8 0.00066005 0.37360138 0.15219457 0.5247808  0.04901192709803581
41 0.00511425 0.1526965  0.07677423 0.22548333 0.04881333187222481
41 0.006462   0.05124962 0.07773151 0.34544402 0.04876687005162239
41 0.0031152  0.16685389 0.05430996 0.26631144 0.04866469278931618
18 0.00417801 0.26095596 0.05520559 0.36679348 0.048611123114824295
41 0.00518312 0.17982157 0.07666487 0.25189236 0.04856546223163605
8 0.         0.5990009  0.11275885 0.8226488  0.048233356326818466
18 0.00672813 0.5396937  0.10379481 0.7695511  0.048133380711078644
41 0.00451582 0.01719181 0.07655837 0.09246381 0.047957394272089005
42 0.        0.        0.1671315 0.6644311 0.04767956957221031
18 0.00408627 0.         0.05371992 0.07488148 0.047502703964710236
18 0.00441788 0.05046075 0.05445523 0.1491321  0.047084204852581024
18 0.00406388 0.0240624  0.05421118 0.12350777 0.046637553721666336
41 0.00195013 0.00299861 0.05403414 0.08024257 0.04539448767900467
18 0.0083534  0.6437065  0.10577568 0.8702864  0.04516776278614998
18 0.00632039 0.1712374  0.07718637 0.24430324 0.045028746128082275
18 0.00612501 0.         0.07555386 0.06166052 0.04485738277435303
41 0.00337549 0.19408676 0.05435203 0.29295787 0.044357169419527054
18 0.00632432 0.14474851 0.07700003 0.21727298 0.04330752417445183
25 0.         0.9489989  0.08022728 1.         0.043229635804891586
8 0.         0.53253824 0.15603323 0.68599474 0.04316052794456482
41 0.00478711 0.00602928 0.07602192 0.15367651 0.04299896955490112
18 0.00606242 0.01334326 0.07551162 0.08583607 0.04287456348538399
8 0.         0.28041413 0.11171605 0.50035685 0.042735371738672256
18 0.00695956 0.01970871 0.07798363 0.3149579  0.04268036410212517
18 0.00633313 0.11831474 0.07691848 0.19045304 0.042487241327762604
18 0.00638502 0.09181197 0.07682944 0.16366367 0.042469870299100876
18 0.00646511 0.06546211 0.07665267 0.13657136 0.04231550171971321
18 0.00580744 0.         0.07425272 0.03737622 0.041688911616802216
41 0.00547148 0.0107878  0.07780052 0.23814006 0.04151168093085289
18 0.00595686 0.03944958 0.07600473 0.1103347  0.041067205369472504
18 0.01315591 0.52754796 0.14779471 0.68508244 0.04106713831424713
42 0.         0.11558683 0.16567792 0.30339724 0.040956370532512665
18 0.24348831 0.         0.76654273 1.         0.04091890528798103
18 0.010211   0.17505477 0.11130408 0.38318264 0.04069146513938904
18 0.00671783 0.5883081  0.07583071 0.92146933 0.04050286114215851
25 0.        0.9330127 0.0570785 1.        0.04048924148082733
42 0.         0.         0.16848788 0.3348283  0.03953209146857262
24 0.7304201  0.13199723 1.         0.3884511  0.03946283832192421
42 4.0424347e-04 8.6605126e-01 1.1640390e-01 1.0000000e+00 0.03942829370498657
42 0.00260766 0.82157737 0.08377827 1.         0.03937529772520065
41 0.00360196 0.22119215 0.05452614 0.31973407 0.03931185603141785
18 0.00643694 0.         0.07528248 0.13923813 0.03913776949048042
18 0.00821655 0.74511147 0.10787468 0.9833263  0.03907947987318039
8 0.         0.04835339 0.05694474 0.15526225 0.0389954037964344
8 0.         0.7531371  0.11231751 0.97676384 0.03844720125198364
41 0.00361028 0.00208734 0.07636125 0.06518847 0.038222718983888626
35 0.6736361 0.8185178 1.        0.9948091 0.03813204541802406
42 0.         0.90018183 0.16698746 1.         0.03777751699090004
18 0.4514016 0.8630489 0.6729146 1.        0.03769557550549507
24 0.5838133  0.79145503 0.96289206 0.9771452  0.03749668598175049
8 2.1006903e-04 6.8318355e-01 8.0317795e-02 9.7941244e-01 0.0373617522418499
32 0.00184502 0.02461015 0.05595836 0.12919657 0.03710437938570976
8 0.         0.17960018 0.0807578  0.48626953 0.03687267005443573
32 0.00146059 0.00047332 0.03856495 0.0769772  0.03645489364862442
41 0.00614531 0.13657118 0.07738592 0.42712042 0.036312736570835114
8 0.         0.10200777 0.05713659 0.20671037 0.036296531558036804
38 0.65688723 0.         1.         0.13980836 0.03618577495217323
8 0.         0.18288441 0.05752843 0.28679603 0.036060500890016556
8 0.         0.15585063 0.05745393 0.26003504 0.036027006804943085
24 0.7243221 0.5456307 0.9996696 0.8160701 0.03593483567237854
8 0.         0.12888642 0.05732074 0.23332135 0.03588834032416344
38 0.8683184  0.8745932  1.         0.99504226 0.035840850323438644
42 0.         0.         0.16594829 0.14443275 0.03560047224164009
8 0.         0.21007963 0.05750345 0.31361923 0.035594575107097626
24 0.55432916 0.9139724  0.8199702  0.9864457  0.03521263226866722
32 0.00113656 0.05001581 0.05684382 0.15461013 0.034761909395456314
8 5.5445099e-01 3.2947541e-04 1.0000000e+00 1.6497576e-01 0.03474906086921692
25 0.         0.9106585  0.04072142 1.         0.03467113897204399
42 0.00137789 0.00359272 0.07733031 0.04198587 0.03455854952335358
32 0.0025291  0.01283632 0.07730728 0.09003321 0.034458909183740616
8 0.         0.23726395 0.05732339 0.3403561  0.03431253880262375
8 0.         0.00899527 0.08248601 0.3363517  0.03392922878265381
18 0.01833904 0.19480874 0.15445918 0.7786419  0.03359212726354599
35 5.4399437e-01 7.5511933e-05 1.0000000e+00 1.5569197e-01 0.033509016036987305
32 0.00222501 0.03749883 0.07978117 0.1151543  0.03341161087155342
35 0.7685665 0.7501624 1.        0.9970549 0.033177103847265244
32 0.00358518 0.         0.07724024 0.14922869 0.03280626982450485
18 0.01718414 0.34886256 0.15363416 0.9140904  0.032783109694719315
32 0.0010699  0.07697314 0.05680582 0.18164814 0.032753657549619675
41 0.00341381 0.24826136 0.05464797 0.34672135 0.03259306773543358
18 0.00427082 0.81620544 0.0770864  1.         0.0325591042637825
8 0.         0.2643211  0.05716213 0.36695522 0.032455138862133026
8 0.00126607 0.8250232  0.07977378 0.9871102  0.03244994208216667
32 0.00167951 0.00129588 0.0522608  0.05427918 0.032401978969573975
25 0.4775995  0.91323817 0.844597   1.         0.03237352892756462
18 0.01553673 0.5814063  0.14807971 0.7342897  0.03211798891425133
42 0.         0.00143068 0.16272457 0.08499363 0.03208058327436447
38 0.7499807  0.         1.         0.19972771 0.03200991451740265
25 0.         0.87441844 0.11048676 1.         0.03179752826690674
41 0.00320591 0.00143487 0.07619422 0.03839243 0.0317889004945755
32 0.002005   0.06362813 0.08012161 0.14204305 0.03162619471549988
32 0.00252227 0.02114578 0.08014531 0.3308627  0.03161180391907692
8 0.         0.29145652 0.0571209  0.3934413  0.03152639418840408
42 0.         0.03805435 0.16642858 0.22393963 0.03151364624500275
18 0.0061055  0.86640066 0.10554369 1.         0.03150385245680809
32 0.00094114 0.1045287  0.05661748 0.20857516 0.03129735216498375
10 0.25450134 0.27315804 0.75448316 0.7287069  0.031162932515144348
32 0.00282774 0.00019979 0.0746485  0.06526071 0.031138019636273384
14 0.5453759  0.0022268  1.         0.16838033 0.031111540272831917
14 0.69443023 0.83183306 1.         1.         0.031104054301977158
41 0.00967458 0.15069155 0.10662182 0.3493467  0.031026585027575493
18 0.01069975 0.12189405 0.11048079 0.3251662  0.030946677550673485
35 0.6831453  0.66241086 1.         0.99729615 0.03073981963098049
8 0.         0.8698699  0.10974317 0.99211884 0.030582958832383156
25 0.         0.831129   0.08147579 1.         0.030570730566978455
8 0.         0.16891426 0.08244972 0.2487393  0.030540410429239273
32 0.00209393 0.09054799 0.07981766 0.16906741 0.03040541149675846
8 0.         0.03559666 0.08165836 0.11799812 0.030307510867714882
32 0.00085159 0.13191657 0.05648262 0.2352663  0.030253957957029343
8 0.         0.06142756 0.08142183 0.14347993 0.03015603870153427
35 0.83665735 0.9067853  1.         0.99675316 0.029945066198706627
35 0.7678351  0.3568459  1.         0.84092563 0.029848316684365273
35 0.5327812 0.9090546 0.8187661 0.9973743 0.029833298176527023
41 0.00996423 0.09543091 0.10715419 0.29625407 0.029827402904629707
14 0.69868237 0.         1.         0.27871615 0.029708294197916985
32 0.00204373 0.11777259 0.07959162 0.1958868  0.029583554714918137
32 0.00077096 0.15917777 0.05642906 0.26169893 0.029552822932600975
8 0.         0.22159201 0.11380374 0.4479856  0.029515840113162994
38 0.5664848  0.17743617 1.         0.79435027 0.029361901804804802
41 0.00971151 0.20553033 0.10662801 0.4035234  0.029042106121778488
8 0.         0.1418345  0.08215114 0.22214422 0.02903536707162857
38 0.9005885  0.8207287  1.         0.99297184 0.028945891186594963
32 0.0020703  0.14499326 0.07955468 0.22263245 0.028944948688149452
32 0.00227468 0.17223382 0.07953614 0.24908483 0.028713874518871307
25 0.9010487  0.95088696 1.         0.9990722  0.028683984652161598
32 0.00075214 0.18634784 0.05641846 0.28818795 0.02845277078449726
20 0.00497383 0.44278505 0.111761   0.6515606  0.028452621772885323
20 0.00392643 0.38967872 0.11163555 0.5971551  0.0284158606082201
8 0.         0.08793852 0.08160577 0.16932446 0.02837696112692356
18 0.30959672 0.1929851  0.6480522  0.89727926 0.02826298400759697
8 0.         0.1148582  0.08182862 0.19558772 0.028257308527827263
20 0.0054407  0.49582842 0.11112954 0.7046918  0.02825101651251316
25 0.6467327  0.83859473 1.         1.         0.028247518464922905
41 0.00971178 0.03783645 0.10792468 0.24233226 0.028151534497737885
8 0.         0.00986757 0.08265021 0.09167986 0.028030917048454285
8 0.         0.34070984 0.1624433  0.9390441  0.02802429161965847
38 0.863837   0.         1.         0.09978174 0.027952119708061218
41 0.00559868 0.21758924 0.07770009 0.50655234 0.02793821692466736
25 0.82176036 0.9170716  1.         0.99758977 0.027491673827171326
24 0.72092915 0.46052203 1.         0.734219   0.027440326288342476
38 0.6556299 0.        1.        0.2393739 0.027217688038945198
35 0.7716497  0.01711126 1.         0.49919802 0.027199802920222282
18 0.01279874 0.         0.10885    0.0967527  0.02716122753918171
38 0.751344 0.       1.       0.322954 0.027159076184034348
14 0.70595056 0.69179016 1.         1.         0.027156975120306015
32 0.00087561 0.21361098 0.05637006 0.31473184 0.027095425873994827
19 0.         0.00550668 0.05766367 0.05019823 0.02706827223300934
20 0.00574952 0.54868704 0.11004457 0.7578889  0.026839308440685272
8 0.         0.         0.05817871 0.0767132  0.02681843377649784
14 0.78527296 0.         1.         0.37772524 0.026800841093063354
14 0.92871594 0.93874574 1.         1.         0.02674543298780918
24 0.65487856 0.070843   0.9966784  0.78890085 0.02670121379196644
42 0.46056774 0.00119052 0.7883967  0.31368807 0.026616886258125305
35 0.76889783 0.19892919 1.         0.6857964  0.02661091834306717
8 0.5335362  0.90642875 0.8210688  0.99436086 0.02651696652173996
18 0.01140775 0.06868357 0.11038104 0.2691284  0.026454977691173553
20 0.00285631 0.33546335 0.11102664 0.5420239  0.026406507939100266
8 0.         0.5809974  0.15876506 0.7395684  0.026334896683692932
21 0.0084726  0.         0.5987652  0.76303816 0.02629750408232212
41 0.00315898 0.2752594  0.05474957 0.37371826 0.026236653327941895
8 0.         0.         0.08242064 0.1499977  0.026184912770986557
18 0.01720118 0.63732797 0.14984116 0.78329206 0.026142321527004242
32 0.00194601 0.00088345 0.07204176 0.03973501 0.026105985045433044
24 0.7259733  0.23249558 1.         0.4891122  0.02609364688396454
35 0.6876092  0.00559489 1.         0.34954378 0.025983594357967377
18 4.8616198e-01 5.8508554e-04 7.7142870e-01 3.0229416e-01 0.02569372020661831
41 0.00811751 0.00573634 0.1077422  0.10748019 0.025330595672130585
14 0.01203711 0.40582433 0.14320977 0.566033   0.025327090173959732
32 0.00271684 0.1050376  0.07995954 0.41000113 0.025259636342525482
19 0.         0.00719923 0.04122221 0.07151329 0.02518823742866516
35 0.93154037 0.93026316 1.         0.99984306 0.02510865405201912
41 0.00782633 0.25896335 0.10729805 0.45602357 0.025073913857340813
32 0.00092879 0.24095093 0.05635973 0.34148213 0.025054629892110825
18 0.01205221 0.01674987 0.10954773 0.21388417 0.02504633367061615
8 0.00050894 0.31575292 0.15716958 0.47017688 0.024991491809487343
35 0.8295592  0.65968144 1.         0.99872917 0.024807889014482498
14 0.7892663 0.3782931 1.        0.8725116 0.02474036067724228
27 0.82215935 0.9143132  0.9980006  1.         0.024691814556717873
38 0.6715138  0.82711095 1.         0.9926462  0.024663960561156273
38 8.172257e-01 7.915688e-04 1.000000e+00 7.217962e-02 0.02459763176739216
10 0.5765068 0.        0.9556185 0.1588635 0.02457130327820778
20 0.00625231 0.40086344 0.15611991 0.5427005  0.02442293055355549
8 0.45433605 0.02984807 0.75702417 0.33193633 0.024218328297138214
14 0.7789109  0.77157205 1.         1.         0.024202769622206688
24 0.71809685 0.38255712 1.         0.6480053  0.024138666689395905
18 0.00335161 0.94417363 0.07526749 1.         0.024105370044708252
35 0.87995386 0.8730419  1.         0.99726003 0.024096975103020668
1 0.         0.         0.07364322 0.06867126 0.024046719074249268
19 0.         0.00365748 0.08075692 0.03553401 0.024017678573727608
20 0.00499924 0.6012533  0.10989764 0.8091521  0.023909196257591248
1 0.00011542 0.         0.03773592 0.07965474 0.02390480786561966
24 0.00110753 0.00194172 0.03615952 0.07382202 0.023868124932050705
18 0.0159987  0.2631572  0.1618648  0.40917233 0.023866664618253708
18 0.48176026 0.90379936 0.7665585  1.         0.023851901292800903
14 0.5367683 0.911432  0.8356595 1.        0.023832974955439568
43 0.5123704  0.01062386 1.         0.16326219 0.02376703731715679
1 0.         0.         0.07180829 0.04064522 0.023631807416677475
35 0.82822776 0.19267996 1.         0.8522557  0.023568132892251015
27 0.92706954 0.9348134  0.9999962  0.99908763 0.02355511300265789
