9 0.33499315 0.         0.77115023 0.63398844 0.49763327836990356
9 0.2811937  0.03491654 0.914823   0.5391706  0.31683436036109924
24 0.43117243 0.13947555 1.         0.6618957  0.2712930142879486
24 0.32126302 0.3647841  0.9406256  0.6883277  0.2615630626678467
28 0.17186995 0.6401182  0.8023572  1.         0.2587364912033081
33 0.6363275  0.15043543 1.         0.45158052 0.2473183125257492
2 0.527793  0.        0.9878098 0.6942409 0.24043068289756775
9 0.36156037 0.075737   0.71388113 0.76809216 0.22690148651599884
9 0.17783117 0.         0.9563385  0.7165925  0.21505993604660034
1 0.4137989  0.07841118 0.9567597  0.61308247 0.21103020012378693
24 0.40559292 0.2275899  1.         0.8415911  0.18281957507133484
24 0.3855641 0.1796933 0.8241264 0.8223405 0.15225128829479218
2 0.6375447  0.04110405 1.         0.5987661  0.15167886018753052
24 0.2760426  0.31131658 1.         0.59347594 0.14259470999240875
24 0.53276294 0.17618223 1.         0.522842   0.12818440794944763
1 0.4645981 0.        0.9560443 0.6331738 0.11858996003866196
24 0.6195113  0.21601792 0.9856413  0.5874397  0.107130266726017
1 0.4989524  0.         0.91523725 0.5036193  0.10509008169174194
33 0.47500002 0.10328756 0.96286297 0.5667603  0.09752967953681946
28 0.09281243 0.4662256  0.87175953 0.9532542  0.08747200667858124
9 0.2813723  0.07565878 0.95381063 0.37842795 0.08661194890737534
2 0.5656079  0.08163615 1.         0.45875865 0.08213106542825699
24 0.36252573 0.44735125 0.98181045 0.7763763  0.08155637979507446
1 0.5109692  0.         0.81318915 0.57829964 0.07888864725828171
41 0.26887873 0.         0.43395188 0.15550256 0.07016796618700027
1 0.6109315  0.         0.9668325  0.55929995 0.06949585676193237
24 0.34280327 0.37942398 1.         0.9983699  0.066512830555439
41 0.15321265 0.         0.38536552 0.11103747 0.06525526940822601
33 0.5184434  0.17268823 0.84968495 0.5484899  0.0631433054804802
24 0.34448943 0.21111304 1.         0.48612076 0.0627150908112526
24 0.2629194  0.3519216  0.7489873  0.76959413 0.062086183577775955
9 0.2865299  0.24253866 0.7404254  0.73807067 0.061600055545568466
33 0.8679878  0.10122257 1.         0.30135047 0.06072048097848892
41 0.13148297 0.01274427 0.43196356 0.30595464 0.06012541800737381
41 0.00129579 0.46174592 0.15856619 0.6180245  0.05781855806708336
41 0.33432987 0.         0.41645068 0.08230904 0.05561909079551697
18 0.2724458  0.         0.42918825 0.15861028 0.05552653968334198
41 0.00073687 0.51601243 0.15875793 0.6703369  0.053758468478918076
2 0.49117255 0.14960954 1.         0.60094595 0.052731748670339584
41 0.36046723 0.         0.44357982 0.0828388  0.052597496658563614
9 0.30401173 0.11440791 0.8465347  0.7052123  0.051850076764822006
41 0.00156878 0.4080316  0.15888461 0.5658242  0.051547978073358536
41 0.00100023 0.5695845  0.16045178 0.72204554 0.04889962822198868
41 0.         0.40395117 0.11452684 0.62748885 0.048741415143013
18 0.20824073 0.         0.43730125 0.11429276 0.04861325025558472
24 0.44700593 0.0728431  0.8914504  0.53773427 0.048301614820957184
41 0.11866654 0.         0.42990494 0.07778136 0.04793183133006096
41 0.00628621 0.17359349 0.22821595 0.59776247 0.04765992611646652
41 0.0012141  0.2636981  0.31038505 0.5619639  0.04746241122484207
18 0.33618164 0.         0.4146706  0.07835138 0.04704635590314865
18 0.36400098 0.         0.44187942 0.07744447 0.04693670943379402
33 0.79580224 0.13038354 1.         0.4131924  0.046235956251621246
18 0.00857174 0.31733114 0.11597399 0.55327666 0.04559802636504173
41 0.2576928  0.         0.4936604  0.11401021 0.045542072504758835
24 0.67057246 0.25266287 1.         0.5179558  0.045252006500959396
41 0.00567378 0.15587954 0.3146896  0.4458613  0.04495811089873314
18 0.00811088 0.2111257  0.08317036 0.54411757 0.04494310915470123
18 0.00773375 0.29515553 0.08159854 0.6255889  0.044903285801410675
41 0.00173291 0.35405585 0.15922345 0.5132201  0.04459763318300247
18 0.2617436  0.         0.37816608 0.05407143 0.04458379000425339
24 0.26383248 0.4718679  0.71689934 0.8621323  0.04454052820801735
18 0.31882757 0.         0.4326664  0.05377837 0.043999020010232925
41 0.31734845 0.00058226 0.436703   0.05591802 0.0439511314034462
24 0.4473048  0.14229818 1.         0.3759282  0.04310011491179466
18 0.02168179 0.         0.16296789 0.07511406 0.0425160713493824
2 0.45495078 0.26182204 1.         0.9571804  0.04207666218280792
18 0.00785826 0.37928316 0.08044021 0.7059253  0.04204384610056877
41 0.00274078 0.3013302  0.15885559 0.45843938 0.04184361547231674
41 2.6397720e-01 2.2500675e-04 3.8212439e-01 5.4230031e-02 0.041738808155059814
41 0.         0.51268685 0.11475044 0.7317942  0.04159149155020714
2 0.46808934 0.         1.         0.8913261  0.04157548397779465
41 0.00092998 0.29648474 0.11471263 0.52079415 0.040815629065036774
41 0.00202965 0.24881063 0.16194052 0.8045381  0.040629398077726364
18 0.00848865 0.48723817 0.11122841 0.7129418  0.04051606357097626
18 0.01024828 0.20247236 0.11791883 0.446037   0.040133990347385406
18 0.00628367 0.82089365 0.07987468 0.99691004 0.04010922834277153
18 0.26896313 0.         0.4888707  0.11175229 0.040094029158353806
18 0.11771243 0.         0.43328878 0.08297235 0.040077436715364456
41 0.0161025  0.0015038  0.4563589  0.21446007 0.04003184288740158
41 0.0055541  0.07542802 0.32202256 0.35950345 0.03995826095342636
18 0.27370244 0.         0.42297167 0.03945229 0.039738938212394714
18 0.01185261 0.44268012 0.15995827 0.603393   0.03960569575428963
18 0.01353708 0.3848528  0.1615063  0.55053514 0.0395628958940506
18 0.01321107 0.55544794 0.15515667 0.710466   0.0393829345703125
41 0.00345912 0.24839437 0.15733592 0.4018846  0.039155710488557816
18 0.01562336 0.32761827 0.16284415 0.49828187 0.038839712738990784
41 0.00218453 0.25495416 0.08182634 0.5689142  0.038675978779792786
1 0.34889257 0.20109823 0.9318512  0.7158668  0.03850045055150986
18 0.3752294  0.         0.4858825  0.05299648 0.038197945803403854
2 0.6855662  0.         1.         0.91656244 0.03802415356040001
18 0.3318388  0.         0.47793773 0.03887105 0.037970125675201416
18 0.01181888 0.4989298  0.15731092 0.65722245 0.03788793459534645
41 0.00144951 0.3349344  0.08205387 0.65316814 0.037747859954833984
41 0.00170673 0.41701505 0.08250033 0.7340906  0.037568509578704834
1 0.4621636  0.         0.75055575 0.70086163 0.03737262263894081
1 0.46270478 0.0414633  1.         0.43636405 0.0366133376955986
18 0.00951803 0.12285651 0.08424979 0.4593711  0.03660222142934799
13 0.24164203 0.35148883 0.584711   0.94303715 0.03638966381549835
41 0.3249871  0.0017344  0.48738912 0.16088864 0.036262061446905136
18 0.01234472 0.669851   0.1554244  0.9801464  0.03568907827138901
41 0.00367532 0.00803074 0.3236965  0.2828243  0.03565168008208275
18 0.01582955 0.2711298  0.1643061  0.4448281  0.03564311936497688
18 0.00431586 0.8703643  0.10723349 0.998271   0.035379692912101746
41 0.3764322  0.21148016 0.9059304  0.90537214 0.03524322062730789
18 0.0246292  0.         0.33097047 0.1510945  0.03520844504237175
18 0.01700871 0.39498535 0.15662535 0.9605056  0.035141926258802414
41 0.00520049 0.         0.3228782  0.15221573 0.03500191122293472
9 0.08027375 0.         1.         0.50055563 0.03474517911672592
27 0.2464901  0.37887374 0.7402902  0.87361145 0.03429294005036354
41 0.00538104 0.19634072 0.15633598 0.34455046 0.03386285528540611
41 0.00273699 0.17572705 0.08155046 0.48737758 0.033782023936510086
41 0.36963734 0.00114036 0.4902363  0.0558136  0.03355025127530098
9 0.1956456  0.15652461 0.9810942  0.585274   0.033282410353422165
13 0.2587601  0.59829277 0.847007   0.9939791  0.032989341765642166
18 0.03500336 0.         0.4662328  0.21540184 0.03274687007069588
41 0.30091655 0.         0.45954347 0.04000464 0.03205472603440285
41 0.00231138 0.1900836  0.11373986 0.40803093 0.0319703184068203
41 0.00385619 0.34349823 0.22891347 0.768579   0.031718555837869644
18 0.33232057 0.         0.4846864  0.15783046 0.03156759962439537
18 0.4041384  0.         0.5123134  0.05294403 0.031155092641711235
26 0.3620668  0.00338497 0.4398869  0.07891195 0.03069000132381916
18 0.01453238 0.1398614  0.16445303 0.77118987 0.030682841315865517
17 0.36141062 0.00507301 0.43111628 0.08156066 0.030400704592466354
41 0.24905042 0.         0.40426466 0.0393895  0.030265770852565765
18 0.23948722 0.         0.5328354  0.07885367 0.02953053079545498
18 0.01587645 0.21494225 0.1645173  0.39052325 0.029054835438728333
18 0.13136499 0.         0.44592175 0.3082337  0.028846221044659615
32 0.01033471 0.4858656  0.11850648 0.7209845  0.02861638553440571
18 0.0154643  0.         0.11738739 0.10457064 0.028495749458670616
26 0.33471245 0.00387367 0.41423658 0.07891952 0.028462287038564682
17 0.3361474  0.00370594 0.40374053 0.08182403 0.028209343552589417
17 0.34299397 0.00532777 0.44297034 0.05698111 0.027818499132990837
32 0.36481136 0.         0.44189993 0.08322145 0.02760307677090168
24 0.1480358  0.52514476 0.7993327  0.9531801  0.027539312839508057
32 0.01852936 0.5537698  0.16566017 0.71601367 0.027515958994627
26 0.3453703  0.00366924 0.4565893  0.05467987 0.026690995320677757
33 0.6548371  0.12655105 1.         0.3308811  0.02667178586125374
32 0.33899263 0.         0.41501358 0.0843454  0.026644621044397354
41 0.00341751 0.13506018 0.11299847 0.35119763 0.026610560715198517
41 2.2323395e-01 9.3355178e-05 5.4024303e-01 7.8798257e-02 0.026598036289215088
32 0.00793368 0.3767387  0.08551437 0.7152479  0.02649839222431183
17 0.36774236 0.00619352 0.46843985 0.05738041 0.026490982621908188
18 0.02385708 0.06968839 0.24322683 0.5703158  0.026240674778819084
9 0.7665016  0.757577   0.97911733 1.         0.02617785334587097
41 0.00783009 0.0107932  0.23728374 0.4244545  0.025859488174319267
17 0.3184344  0.0043623  0.41588956 0.05689484 0.02578403614461422
18 0.02897706 0.18638161 0.3358532  0.54382896 0.02555166184902191
1 0.27205873 0.         0.415368   0.1667001  0.02545047737658024
32 0.34857863 0.         0.4582068  0.05703547 0.025124890729784966
13 0.0871089  0.37327713 0.6606896  0.9448993  0.025111598894000053
17 0.3236936  0.00354029 0.45468155 0.04217085 0.02490587905049324
32 0.00954438 0.37500086 0.11976072 0.6193234  0.024705665186047554
41 0.35394865 0.         0.5122633  0.04002355 0.02464810200035572
1 0.34181762 0.         0.44892192 0.05673409 0.02449852228164673
41 0.00099111 0.03583204 0.16289993 0.568986   0.024071229621767998
1 0.36035436 0.         0.43407014 0.08162463 0.023859083652496338
18 0.02397832 0.07323074 0.33925584 0.436206   0.023783668875694275
41 0.00426217 0.06135376 0.35371527 0.56870747 0.02377655729651451
1 0.32408673 0.         0.46618494 0.04118412 0.023712219670414925
18 0.01503681 0.         0.2414324  0.21236674 0.02349257282912731
1 0.21072531 0.         0.41904223 0.11771921 0.02343026176095009
32 0.28222203 0.         0.42906597 0.16468836 0.02338617667555809
26 0.26931033 0.0079154  0.4372703  0.16118984 0.02328624203801155
41 0.00961998 0.00487799 0.23873396 0.21416123 0.023272480815649033
32 0.01811377 0.4987374  0.16693835 0.66478944 0.023209841921925545
26 0.2893805  0.00438799 0.4061983  0.05555807 0.023126062005758286
32 0.33308342 0.         0.47557226 0.04129076 0.02300523966550827
32 0.22697286 0.         0.43645087 0.11923681 0.022997505962848663
18 0.01798074 0.         0.33441576 0.2866946  0.022968731820583344
42 0.00486254 0.8244209  0.08648638 1.         0.022804034873843193
17 0.3930956  0.00709229 0.4925993  0.05794815 0.022764166817069054
26 0.32926077 0.0019473  0.47486234 0.04015661 0.022736813873052597
18 0.01157582 0.08743218 0.11925436 0.335303   0.022694328799843788
1 0.36819178 0.         0.4748067  0.05726956 0.02260945364832878
1 0.53380513 0.         0.81058055 0.44025183 0.02257385663688183
32 0.01706418 0.44224826 0.16817698 0.61261743 0.022509511560201645
1 0.33432108 0.         0.40770867 0.08152171 0.02245350368320942
18 0.02424065 0.24668267 0.23563294 0.7449339  0.022184567525982857
41 0.00486476 0.48558748 0.16584802 0.9909363  0.022174501791596413
18 0.0157542  0.1589678  0.16561003 0.33506674 0.022080309689044952
41 0.4559596  0.14677534 0.9998622  0.7360448  0.02196480706334114
26 0.2733556  0.0029451  0.42415527 0.04098977 0.021915454417467117
18 0.00324006 0.92850447 0.05536705 0.998572   0.021578341722488403
42 0.00746076 0.49533612 0.11162688 0.7343679  0.02157672494649887
42 0.0029288  0.86522454 0.11572988 1.         0.02156759425997734
26 0.0025982  0.3956125  0.10916977 0.6211892  0.021505704149603844
42 0.01221556 0.55756664 0.15148486 0.7220996  0.021374279633164406
17 0.29235768 0.00388901 0.38780645 0.05723301 0.021334771066904068
24 0.73668605 0.17381658 1.         0.42958102 0.02131008543074131
32 0.29781228 0.         0.40598089 0.05812416 0.021263757720589638
17 0.37394947 0.00461687 0.5043669  0.04249308 0.02118716388940811
34 0.37702408 0.03560585 0.9637635  0.5309247  0.021176153793931007
28 0.11384066 0.5170414  0.6572981  0.8900267  0.02103135548532009
1 0.17232113 0.         0.45332247 0.08229993 0.020983757451176643
32 0.00837779 0.82155997 0.0867734  0.9904428  0.020839134231209755
42 0.00695567 0.39646494 0.08206034 0.7395775  0.0207875557243824
1 0.28907967 0.         0.396383   0.0567556  0.020751267671585083
13 0.18180263 0.4981131  0.773275   0.9614266  0.020698990672826767
24 0.21986458 0.1146633  1.         0.7881553  0.02061828039586544
32 0.1425403  0.         0.42351058 0.0835252  0.020579861477017403
26 0.20560932 0.00806588 0.44934642 0.11613403 0.020565038546919823
24 0.39944127 0.42050624 0.8415259  0.85168314 0.02041487582027912
1 0.47908744 0.06108045 1.         0.861576   0.020242951810359955
18 0.01189714 0.         0.08118659 0.14349455 0.02010554075241089
1 0.31888413 0.         0.46290004 0.16901281 0.019938809797167778
41 0.19482364 0.40541092 0.71606547 0.6957175  0.019894709810614586
32 0.28422108 0.         0.42531773 0.04222067 0.019815165549516678
17 0.2744577  0.00275775 0.39999837 0.04221744 0.01980518363416195
26 0.00389189 0.32148775 0.0785564  0.64284647 0.019748849794268608
18 0.434053   0.         0.53916    0.05280871 0.019697627052664757
25 0.         0.8773252  0.11534433 1.         0.019576270133256912
26 0.         0.5009728  0.10527494 0.7275458  0.01951790414750576
26 0.00221639 0.3983087  0.07740416 0.7241974  0.019379667937755585
26 0.00415908 0.45810726 0.15173095 0.61340266 0.019263245165348053
41 0.42100623 0.00223312 0.54616463 0.05503128 0.019222036004066467
1 0.00704428 0.49868938 0.14858608 0.67661685 0.019193781539797783
42 0.0128764  0.50477487 0.15407434 0.6695108  0.01897660829126835
41 0.00599091 0.01735358 0.15999585 0.29818085 0.01882025972008705
26 0.         0.56332225 0.14654012 0.71998954 0.018812013790011406
1 0.00903118 0.5521488  0.1540265  0.73070776 0.018802382051944733
32 0.01566145 0.38729897 0.16825528 0.56359416 0.01873965933918953
18 0.01163349 0.         0.16733103 0.55305105 0.018704406917095184
25 0.         0.94930726 0.08566764 1.         0.01862202398478985
1 0.26220077 0.         0.37049398 0.05714713 0.01850367709994316
1 0.00473359 0.44385356 0.14413276 0.61981875 0.018450293689966202
32 0.00736186 0.21287613 0.08689371 0.56312203 0.01844642125070095
41 0.6548593  0.09970787 0.99601054 0.76933587 0.018408451229333878
32 0.00883639 0.86988354 0.11919151 0.9921083  0.018153540790081024
1 0.39451337 0.         0.5002324  0.05808363 0.018134966492652893
32 0.40187848 0.         0.5094263  0.05649012 0.018130892887711525
26 0.00744591 0.40574715 0.15275976 0.5605466  0.018056506291031837
26 0.11216372 0.00843063 0.44215822 0.08262048 0.017998812720179558
1 0.15749457 0.         0.37044394 0.1201188  0.017938312143087387
41 0.00701741 0.8388484  0.08739699 0.9979851  0.01793365366756916
32 0.27738562 0.         0.48936993 0.11779252 0.01782841607928276
42 0.01014129 0.4230004  0.16106367 1.         0.01782204583287239
26 0.00077405 0.50992006 0.14934413 0.66581565 0.017714781686663628
1 0.00109437 0.376783   0.10241842 0.6285056  0.017705628648400307
32 0.00612681 0.9427667  0.09012351 0.9957825  0.017658879980444908
42 0.23366041 0.         0.41928065 0.12341362 0.017565596848726273
1 0.50883514 0.01030572 0.988644   0.32078284 0.0175156369805336
42 0.0111644  0.68414575 0.1617239  1.         0.017499899491667747
2 0.47905356 0.         0.8102176  0.77643996 0.017447536811232567
32 0.00410865 0.92713624 0.06232914 0.99437094 0.017332786694169044
18 0.01140954 0.9052533  0.15063903 1.         0.017301497980952263
27 0.3674757  0.2823988  1.         0.98237747 0.01724902354180813
41 0.01102551 0.         0.16653936 0.08070567 0.01723157986998558
32 0.01753356 0.4117414  0.1699894  0.95140934 0.017209386453032494
25 0.         0.9350793  0.06103382 1.         0.017003720626235008
34 0.5611072  0.0623221  0.93238914 0.45310655 0.01699594408273697
26 0.00615347 0.24585542 0.07905373 0.5639643  0.016966750845313072
34 0.37950462 0.17834386 0.9623572  0.653871   0.01695975847542286
41 0.01055777 0.8798131  0.11912064 0.9941325  0.016947777941823006
32 0.00887643 0.26604578 0.12135466 0.52060884 0.01691274717450142
42 0.32711884 0.         0.4809991  0.16607219 0.016865260899066925
26 0.39763504 0.00270288 0.50773615 0.05449848 0.01684376411139965
1 0.00412176 0.4841327  0.10776811 0.7390203  0.016770413145422935
18 0.00261132 0.9439606  0.07872849 0.9998932  0.016656378284096718
26 0.00394966 0.4533074  0.1445295  0.9738728  0.016611522063612938
32 0.386521   0.         0.5261039  0.04123398 0.016461677849292755
42 0.284965   0.         0.42229152 0.17110512 0.01643834076821804
26 0.00572313 0.29471034 0.10988856 0.51550025 0.01636217162013054
42 0.00918744 0.3893149  0.11476601 0.6305378  0.016219012439250946
42 0.27210656 0.         0.4788839  0.12099863 0.01605348475277424
42 0.01476009 0.45126167 0.1568612  0.6188031  0.01600622944533825
41 0.         0.37351874 0.3131632  0.67541695 0.01587219163775444
42 0.20580035 0.00112826 0.4560487  0.08569539 0.015861522406339645
18 0.01974789 0.         0.23924816 0.42794663 0.015861358493566513
41 4.0565726e-01 4.9496972e-04 5.6775379e-01 4.0151678e-02 0.01584295742213726
42 0.3645252  0.00143708 0.4380973  0.08196813 0.01582621969282627
17 0.26629332 0.00420583 0.3591496  0.05718374 0.015673335641622543
41 0.39431065 0.1560376  0.6927226  0.8458424  0.015644008293747902
24 0.34387904 0.00517917 0.45931607 0.05375221 0.015509000048041344
1 0.00397137 0.37826476 0.07420456 0.735576   0.015455727465450764
41 0.01061613 0.7123454  0.16392344 0.983302   0.015414116904139519
26 0.00398506 0.83820295 0.07438873 1.         0.015351745299994946
29 0.34658095 0.32611454 0.9635165  1.         0.015258670784533024
2 0.43782523 0.16081566 0.88089716 0.7388775  0.015255613252520561
26 0.00908512 0.35365337 0.15311374 0.5078561  0.015127614140510559
25 0.         0.83804333 0.08638533 1.         0.015122945420444012
1 0.00190524 0.38934058 0.13981454 0.56553453 0.015106111764907837
32 0.0151574  0.15678973 0.1736798  0.80103964 0.015095190145075321
42 0.37447894 0.0025707  0.4813536  0.05734526 0.01502660010010004
17 0.41943777 0.00770466 0.51631147 0.05827024 0.015010658651590347
24 0.3618625  0.00682204 0.4401101  0.07747181 0.014998462051153183
1 0.00192771 0.29624474 0.07170024 0.6506186  0.014972892589867115
26 0.00337749 0.8853593  0.09853059 0.9998562  0.01496583130210638
24 0.29821238 0.00258204 0.45382035 0.03945867 0.014911393634974957
31 0.31369075 0.50408345 0.718184   0.88983536 0.014902520924806595
32 0.01545339 0.33305043 0.16901895 0.51439476 0.014886334538459778
20 0.         0.87771904 0.10635769 0.98006827 0.014641235582530499
29 0.37824363 0.         0.88468236 0.6596391  0.014472659677267075
32 0.01298505 0.68583524 0.16618505 0.98068684 0.014444930478930473
24 0.29198316 0.00570472 0.40619475 0.05382788 0.014433272182941437
41 0.3619657  0.37890708 0.7172389  0.7667918  0.014358998276293278
42 0.33607557 0.00131339 0.4722924  0.04117869 0.014352910220623016
26 0.38168874 0.00108449 0.5259209  0.03995646 0.014320743270218372
24 0.33570027 0.00718577 0.41393745 0.07794279 0.014318824745714664
42 0.18100719 0.         0.3632013  0.12581152 0.014276043511927128
35 0.46344662 0.11046439 0.9438764  0.48546362 0.0141763212159276
