27 0.1459732  0.07281464 1.         0.9317974  0.47481146454811096
27 0.        0.1551588 1.        1.        0.41174185276031494
27 0.18836035 0.41467768 1.         0.99198985 0.39197054505348206
27 0.21054447 0.06169009 0.91496736 0.5321754  0.27988582849502563
38 0.03020673 0.04547903 0.54257786 0.39100567 0.21711139380931854
27 0.         0.00312515 0.94500804 0.51630735 0.20545920729637146
1 0.         0.6884484  0.8489436  0.97109324 0.204154372215271
27 0.         0.76911724 0.6953476  0.97209233 0.19601589441299438
1 0.0680924  0.58005536 0.94951177 1.         0.1831630915403366
41 0.06481898 0.5965949  0.6138895  0.8385989  0.18066363036632538
38 0.43351823 0.         1.         0.43782112 0.1768348067998886
38 0.1645633  0.04486519 1.         0.3701405  0.1578214317560196
41 0.0145591 0.578542  0.4854295 0.8905466 0.15184465050697327
38 0.31572855 0.02432148 0.93013585 0.3018084  0.14269691705703735
41 0.11368332 0.49668127 0.59735656 0.7713566  0.140883207321167
27 0.        0.6544612 1.        0.9630425 0.1347351372241974
27 0.         0.06785441 0.9670185  0.40134466 0.12493821233510971
27 0.41803476 0.19374378 0.99821496 1.         0.12226972728967667
27 0.159823   0.32711646 0.9488511  0.7986651  0.1215883195400238
41 0.        0.5580462 0.5561312 0.7818826 0.11955834180116653
27 0.         0.         0.67960095 0.43387797 0.10171310603618622
38 0.018245   0.03908369 0.36060813 0.16462563 0.09567800909280777
27 0.         0.4209477  1.         0.98038656 0.09408500045537949
38 0.00925594 0.04471029 0.2611451  0.23986089 0.09405604004859924
38 0.01153877 0.05453826 0.34109464 0.3238107  0.09237339347600937
1 0.         0.         0.3698826  0.48289165 0.0908370316028595
38 0.01964254 0.03743514 0.58099186 0.21073759 0.08979714661836624
40 0.09017289 0.2826869  0.9681016  0.97396326 0.08930882811546326
43 0.02750224 0.2684232  0.7038082  0.96829736 0.08389807492494583
38 0.5490153  0.11076545 1.         0.46839905 0.08315720409154892
27 0.33028638 0.4333249  1.         0.8114101  0.0828750804066658
1 0.1676708  0.49583656 1.         0.96931845 0.08283951878547668
27 0.21752839 0.06060561 0.74895024 0.32279348 0.08261933922767639
1 0.02221586 0.8140617  0.6644044  0.97899497 0.07779733091592789
41 0.1867278  0.55026275 0.64888376 0.7968741  0.07604169845581055
41 0.03845698 0.4394028  0.4753437  0.7708894  0.07552526891231537
25 0.        0.8387776 0.7860537 1.        0.07480119168758392
1 0.12949361 0.6527516  0.69076395 0.9798281  0.06957898288965225
41 0.09565799 0.55871737 0.38591897 0.8822377  0.06490488350391388
27 0.28765917 0.46317536 0.8123152  0.99718297 0.06426457315683365
24 0.5253772  0.04244548 0.9198601  0.35490763 0.0635579451918602
38 0.7240096  0.07607315 1.         0.54297435 0.06297627836465836
27 0.01154678 0.43648753 0.8540255  0.932485   0.059909380972385406
27 0.1578431  0.18000962 0.9407009  0.6925745  0.059640608727931976
25 0.        0.6883913 0.9164546 0.9720591 0.05839518830180168
41 0.0540935  0.43202537 0.6204173  0.70484215 0.05786571279168129
38 0.5736297  0.         1.         0.58500624 0.05777508765459061
1 0.5146236  0.33225387 0.96316206 0.7331984  0.05655290186405182
27 0.         0.6622192  0.6312319  0.96939474 0.056147921830415726
27 0.25442317 0.30981335 0.78868514 0.9138739  0.05577146261930466
24 0.6702517 0.0985965 0.9845598 0.7200665 0.05503461882472038
25 0.         0.74344856 0.7860748  0.9921991  0.054148148745298386
27 0.38647774 0.16239345 0.96409    0.48433027 0.05389951542019844
1 0.20204856 0.54059833 0.7426524  1.         0.051328144967556
38 0.05918704 0.02793543 0.89255005 0.17364891 0.051245078444480896
3 0.         0.8209295  0.25787744 0.9864051  0.05095083639025688
27 0.         0.         1.         0.78079844 0.05082134157419205
24 0.6019293  0.1419396  0.91934544 0.41684008 0.05046803876757622
28 0.03170413 0.04858231 0.4403284  0.31746772 0.05036647617816925
27 0.47576478 0.00890762 0.9406345  0.8652853  0.050215378403663635
41 0.26107627 0.5017172  0.5921927  0.8262771  0.04969256743788719
41 0.08012294 0.45567334 0.77439356 0.7560846  0.049609169363975525
41 0.00587307 0.7297086  0.32400635 0.91687596 0.04918837174773216
28 0.         0.0889129  0.8867105  0.37222317 0.04827684909105301
38 0.         0.04590862 0.9336972  0.41933858 0.04771745949983597
32 0.17378764 0.5038126  1.         0.93185264 0.04592980071902275
1 0.46218976 0.23228534 1.         0.7106177  0.045418985188007355
24 0.54210573 0.18421248 0.926427   0.5555401  0.0451449453830719
27 0.         0.5523529  0.74242353 0.9814145  0.044617507606744766
25 0.08915207 0.7945869  0.6872856  1.         0.044167641550302505
1 0.5065148  0.36541098 0.8015161  0.96087384 0.04379181191325188
1 0.21913834 0.16334641 1.         0.9405736  0.043654993176460266
3 0.         0.8109127  0.42507675 0.99472773 0.04345264285802841
27 0.34188336 0.07698219 0.86257946 0.36894512 0.04263295605778694
1 0.31296995 0.3070325  1.         0.87714946 0.04246462509036064
41 0.         0.5214401  0.30612835 0.93658894 0.04229626804590225
27 0.43054974 0.43418244 0.8970882  1.         0.042140595614910126
24 0.23940676 0.0548627  0.89898926 0.31211606 0.04156838357448578
1 0.4317506  0.36648303 0.8793384  0.87088877 0.0414181686937809
10 0.00344676 0.3157546  0.63850814 0.84913903 0.04140660539269447
41 0.08268295 0.67126447 0.6846254  0.8726351  0.04108452796936035
28 0.6318307 0.112202  1.        0.6657051 0.04041634127497673
24 0.13349582 0.79453343 0.69991344 0.9627917  0.04012686386704445
28 0.14181794 0.05014797 1.         0.3485729  0.039674241095781326
25 0.         0.7758407  0.46665242 1.         0.03944740071892738
38 0.56210095 0.15210737 1.         0.7435007  0.03722740337252617
38 0.01517649 0.0680908  0.19054195 0.31918433 0.036920107901096344
25 0.         0.56471974 0.6448074  0.96251947 0.03691264986991882
25 0.         0.7168103  0.29362172 1.         0.03684667870402336
25 0.1638999  0.47684583 0.7304285  0.8465933  0.03683169558644295
43 0.01337983 0.19169292 0.40922654 1.         0.03602645918726921
19 0.         0.55546397 0.7857499  0.9878033  0.03586805239319801
25 0.06735019 0.57279027 0.7879243  0.9160343  0.03584481030702591
27 0.720425   0.39209402 0.9886263  0.9760298  0.035335659980773926
41 0.00553267 0.62398106 0.3419036  0.8937014  0.03526388853788376
27 0.         0.         0.43049634 0.41197896 0.0344654843211174
27 0.         0.0173685  0.60167766 0.18467167 0.03349068760871887
24 0.55248976 0.25020757 1.         0.82134366 0.03269875794649124
24 0.14791927 0.65819204 0.5214541  0.9139765  0.03258058801293373
3 0.         0.70580953 0.27962855 1.         0.03171872720122337
1 0.3446958  0.47241217 0.8756814  0.99448264 0.031337521970272064
19 0.         0.16583636 0.9849219  0.8843337  0.031076177954673767
27 0.         0.79429114 0.36539814 0.99748933 0.030659236013889313
24 0.12036764 0.79395497 0.48814505 0.954613   0.030416445806622505
10 0.29447505 0.2796451  0.6026121  0.83822113 0.029941735789179802
25 0.2104355  0.82914835 0.8395197  1.         0.02990700863301754
38 0.39133486 0.04309817 0.8029126  0.47250408 0.02983284927904606
37 0.04886851 0.80535275 0.69508964 0.9751992  0.029810408130288124
1 0.16387935 0.0490814  1.         0.64415896 0.029434509575366974
24 0.254741  0.6754614 1.        0.9420782 0.029216617345809937
25 0.17463863 0.7348306  0.9597762  0.98601943 0.02892550453543663
25 0.1632089  0.647321   0.8192658  0.97371745 0.02887779101729393
19 0.1890813  0.35106707 0.88884187 1.         0.028864197432994843
27 0.         0.01593835 0.605718   0.2903151  0.028772562742233276
41 0.0468381 0.7393865 0.6445649 0.9180289 0.02869962900876999
24 0.2709199 0.5351666 1.        0.8758347 0.028654638677835464
32 0.13142326 0.6427459  0.7514728  0.9570547  0.0285172276198864
40 0.3791936 0.3392319 0.9648519 0.9148585 0.02848839946091175
24 0.7844622  0.15047856 0.95595574 0.5014856  0.028215883299708366
32 0.05311435 0.5776207  0.5334946  0.9316078  0.02801182121038437
25 0.        0.4555645 1.        0.883167  0.027524521574378014
24 0.6906842  0.11104871 0.9384378  0.50055766 0.027259377762675285
24 0.5362444  0.02681292 1.         0.5387968  0.026896202936768532
43 0.         0.07663982 0.84772617 1.         0.02683914639055729
24 0.21564825 0.73769116 0.60999316 0.96360254 0.02682848460972309
24 0.3075874  0.57494634 0.7596133  0.9201701  0.026608681306242943
32 0.09707006 0.44782412 0.5978979  0.86425346 0.026512764394283295
24 0.21434383 0.6190924  0.9307485  0.9331113  0.02650049701333046
27 0.5794635 0.5220221 1.        0.9408187 0.02613944001495838
24 0.39360058 0.531629   0.649184   0.8755555  0.026000527665019035
32 0.25188592 0.46711224 0.7393861  0.90157616 0.025629526004195213
10 0.        0.5674657 0.3991009 0.9281424 0.025571823120117188
38 0.7342622  0.23130797 1.         0.6470374  0.025405090302228928
27 0.         0.7101     0.37837252 0.9851917  0.025283854454755783
20 0.         0.8263768  0.40519685 0.9475237  0.02522016502916813
41 0.01099695 0.6939903  0.2144577  0.9661633  0.02514640800654888
40 0.07758316 0.14640066 0.78431547 0.89598113 0.025145282968878746
24 0.77852595 0.29095307 0.977934   0.65854657 0.02497132495045662
28 0.5178551  0.11901222 1.         0.5564911  0.02470114827156067
28 0.         0.05093174 0.8861546  0.27994084 0.02458691969513893
38 0.0039931  0.02070348 0.68275607 0.27769682 0.024506567046046257
41 0.01011908 0.8127469  0.22461289 0.9574805  0.02427488937973976
27 0.08715317 0.697978   1.         0.9770024  0.024241279810667038
27 0.         0.01191633 0.49678263 0.14459519 0.023928804323077202
25 0.         0.29949966 1.         0.84108174 0.0237260889261961
1 0.11918005 0.7674091  0.56332076 0.9612527  0.023668063804507256
10 0.03766665 0.42400068 0.45765892 0.8815722  0.023461122065782547
41 0.03003642 0.458195   0.40122244 0.9024969  0.023330245167016983
24 0.72985375 0.18336119 0.9499566  0.5564075  0.023048317059874535
1 0.42635626 0.47041097 1.         0.83435225 0.02283087559044361
19 0.         0.71147764 0.74370396 0.9583176  0.022778421640396118
41 0.09242882 0.30929077 0.809686   0.7103181  0.02270166017115116
1 0.         0.         0.59527    0.42628825 0.022665638476610184
25 0.         0.42712402 0.8725531  0.83904725 0.022611547261476517
25 0.        0.827448  0.3633757 1.        0.022491684183478355
38 0.37754405 0.23435609 1.         0.66671157 0.022301044315099716
38 0.06753682 0.81397706 0.7270372  0.9808932  0.022265946492552757
24 0.11760543 0.70057243 0.42381546 0.920355   0.02219851315021515
24 0.6151968  0.36122152 1.         0.7295303  0.021800974383950233
24 0.24458736 0.643363   0.69567144 0.9493381  0.02168787457048893
41 0.293179   0.5104147  0.7656298  0.76147467 0.021523261442780495
24 0.5748213  0.27513325 0.9757382  0.63662845 0.02145475149154663
19 0.21270664 0.         0.77005666 0.7847914  0.02110733836889267
24 0.3636725  0.06388444 0.7469606  0.36981127 0.02094648778438568
25 0.         0.6899683  0.43934155 0.9902577  0.020882442593574524
3 0.42123076 0.30995634 0.80892235 0.8881346  0.020799411460757256
24 0.44048876 0.10099237 0.93347335 0.4304146  0.020453426986932755
43 0.04552475 0.38691768 0.5365485  0.92090803 0.01990499533712864
28 0.2513533 0.0744964 0.8364644 0.3379771 0.019836409017443657
24 0.07422028 0.7467929  0.24457294 0.92522126 0.01977016218006611
28 0.10118815 0.08110348 0.49489504 0.39790323 0.019749922677874565
41 0.         0.7695402  0.16718861 0.9682162  0.019735557958483696
3 0.00526847 0.5935794  0.38528216 1.         0.019734036177396774
28 0.5865883  0.21848394 1.         0.7848837  0.019678955897688866
24 0.04397002 0.19307308 0.35216564 0.4278054  0.01947166584432125
14 0.37541044 0.0055388  0.97518617 0.42046946 0.019352687522768974
24 0.5208486  0.4108724  0.82280624 0.8037613  0.019311897456645966
3 0.        0.7049995 0.6718932 1.        0.019261445850133896
32 0.28697297 0.40747103 0.6116131  0.892753   0.01918334886431694
27 0.         0.23738724 0.39612716 1.         0.01915312558412552
27 0.652776  0.3136893 0.9592833 0.822902  0.018956132233142853
25 0.         0.6001555  1.         0.92909414 0.018739160150289536
27 0.1429741  0.58117115 1.         0.9430113  0.018682384863495827
25 0.07983724 0.12699635 1.         0.32872477 0.01867542788386345
19 0.11486382 0.5466807  0.7583346  0.9013149  0.01859770156443119
6 0.08820862 0.         0.7342066  0.4193179  0.018562259152531624
25 0.         0.5800594  0.48021302 0.9388607  0.018386254087090492
1 0.45846614 0.31887317 0.73266    0.9252049  0.018187953159213066
25 0.25518882 0.13622317 0.86869335 0.41531393 0.017955558374524117
24 0.41197434 0.02918905 0.7384283  0.257568   0.01783176138997078
40 0.21637614 0.10354569 0.91991806 0.7512806  0.017815101891756058
25 0.2984253  0.38318563 0.7660381  0.82621    0.017731888219714165
24 0.4904305  0.10248584 1.         0.69718647 0.017544779926538467
24 0.29774314 0.740096   0.74336356 0.9493635  0.017449738457798958
25 0.3094411  0.48794627 0.8174738  0.892884   0.017428964376449585
28 0.         0.03827706 0.32144976 0.25793698 0.017273232340812683
28 0.37132663 0.09236728 0.9552816  0.3639867  0.01704421266913414
14 0.46376038 0.11162939 0.9523443  0.48069417 0.0166435819119215
41 0.16871448 0.4397118  0.7538     0.6339923  0.016617847606539726
19 0.00417137 0.6222534  0.6187539  0.93225557 0.016616201028227806
32 0.03109378 0.5819311  0.3535532  0.93022597 0.016362560912966728
24 0.16326529 0.0390548  0.75550365 0.26730293 0.016242777928709984
28 0.738165   0.29037502 1.         0.62549555 0.016126178205013275
24 0.36750033 0.39628968 1.         0.7424564  0.015941595658659935
32 0.13484345 0.36096308 0.64801395 0.79741985 0.01593627780675888
24 0.00512203 0.06630465 0.3624498  0.4160392  0.015740806236863136
18 0.111909   0.45005423 0.5605928  0.7603952  0.01566474325954914
41 0.22227985 0.49393722 0.80184287 0.67348576 0.015662342309951782
3 0.08259577 0.80220836 0.51817554 1.         0.015635231509804726
1 0.04625707 0.7236628  0.48357108 0.97292227 0.015611822716891766
24 0.02052478 0.03033717 0.46333295 0.31157997 0.015422612428665161
38 0.52961946 0.35045707 1.         0.65682566 0.015381875447928905
24 0.33462453 0.54415303 0.58697593 0.8884575  0.015065071173012257
1 0.         0.08264939 0.40963155 0.85143757 0.015011797659099102
1 0.5001817  0.22948095 0.7708129  0.7835609  0.01462844293564558
35 0.17414348 0.06114877 0.77937514 0.31966153 0.014603499323129654
3 0.17295273 0.33626    0.594251   0.9225157  0.014555012807250023
24 0.08275227 0.69005924 0.28719488 0.9048587  0.014479419216513634
18 0.08616902 0.34340575 0.5068863  0.9067797  0.014157243072986603
41 0.3571003  0.4450379  0.630529   0.72962064 0.014115163125097752
10 0.17452472 0.41162625 0.6323937  0.83571285 0.01410637516528368
1 0.23316279 0.74777806 0.6404522  0.98625094 0.014078288339078426
19 0.        0.        0.6386491 0.5599859 0.013976571150124073
18 0.02952184 0.26915666 0.75907445 0.87810284 0.013929682783782482
19 0.32903573 0.4453523  0.66590595 0.9772871  0.013919113203883171
28 0.2378029  0.0341508  0.78338486 0.22178793 0.013852076604962349
28 0.01004695 0.81921095 0.85954756 0.9388279  0.013776862062513828
40 0.37576512 0.1945429  0.88275635 0.6924747  0.013756249099969864
27 0.         0.00699586 0.29608712 0.34792513 0.013741628266870975
28 0.3164579  0.05638256 1.         0.2606212  0.013666379265487194
27 0.         0.01204171 0.30284938 0.13235326 0.013619866222143173
25 0.         0.12094796 1.         0.43081757 0.013570844195783138
14 0.0761378  0.01869387 1.         0.368366   0.013552146032452583
28 0.6545879  0.17257541 1.         0.53251386 0.013432897627353668
24 0.44667432 0.48159263 0.6906846  0.82543826 0.013411372900009155
29 0.34202218 0.3241438  0.9006424  0.8091541  0.013377969153225422
38 0.04368853 0.76387984 0.6549511  0.9529527  0.013371746987104416
10 0.         0.6483008  0.30991232 0.9420226  0.013247418217360973
3 0.04911505 0.6812201  0.25710836 0.9703893  0.013187556527554989
6 0.18741754 0.         0.9490303  0.44338349 0.013100996613502502
1 0.49606395 0.08891246 0.9844664  0.64642996 0.013082482852041721
33 0.10645137 0.5764447  0.61982524 0.88129234 0.013071567751467228
10 0.0546784  0.44818676 0.7859822  0.8635884  0.012970593757927418
28 0.6015798  0.2845438  1.         0.62867033 0.012954742647707462
38 0.08444341 0.71681994 1.         0.94531536 0.012906217016279697
40 0.34334293 0.07095256 0.85848236 0.60383826 0.012894639745354652
27 0.48814756 0.2659465  0.95597804 0.76323694 0.012804640457034111
3 0.         0.8038628  0.13662371 1.         0.012694071978330612
25 0.36205357 0.7138169  1.         0.9691123  0.012693764641880989
38 0.18125623 0.02582567 0.58087677 0.35941285 0.012643757276237011
3 0.5476313  0.06000054 0.8711873  0.7694744  0.012601376511156559
13 0.03928553 0.00516768 0.89773744 0.42967957 0.012514256872236729
33 0.27202153 0.59025836 0.57110715 0.92279667 0.012447929009795189
14 0.6157823  0.09896408 0.95389163 0.55765873 0.012311924248933792
24 0.24589765 0.45629427 0.88607556 0.839033   0.012286772951483727
3 0.02484212 0.72360134 0.470218   0.98454285 0.01226038858294487
41 0.14614256 0.7460824  0.89415    0.9049648  0.012092904187738895
41 0.02952732 0.32830617 0.27552664 0.85989076 0.011976406909525394
25 0.04951309 0.10591766 1.         0.25681236 0.011938627809286118
1 0.         0.07208964 0.7451522  0.7542095  0.011820780113339424
36 0.29760408 0.493791   0.8705767  0.97820693 0.011810620315372944
41 0.0187158  0.76418    0.43354553 0.9298046  0.011793878860771656
10 0.         0.76740354 0.28540745 0.9806151  0.011792253702878952
1 0.02438576 0.7742992  0.29316306 0.9715281  0.011790341697633266
28 0.0448669  0.10051276 0.31342867 0.41912898 0.011745675466954708
27 0.50067544 0.08357158 0.9543625  0.45021567 0.01170116662979126
35 0.25027347 0.04185012 0.96680075 0.35323521 0.011627654545009136
37 0.15392753 0.7670392  0.5934454  0.97206014 0.011555589735507965
28 0.07574654 0.03652574 0.76364404 0.15714145 0.011488898657262325
32 0.16296573 0.22946435 0.9437901  0.74107254 0.011433713138103485
24 0.46414897 0.44644684 0.9512425  0.77770084 0.011301579885184765
18 0.17014927 0.3483011  0.61250436 0.7887003  0.011279284954071045
3 0.19933826 0.560674   0.66412276 0.9619404  0.011127201840281487
25 0.19014253 0.31994307 0.70305586 0.7735901  0.011075334623456001
28 0.48208097 0.15126246 1.         0.42890164 0.010886380448937416
25 0.33436218 0.1048385  0.94483197 0.3517116  0.01076649408787489
1 0.5714382  0.44400665 0.98096275 0.74499726 0.010715804994106293
25 0.40321225 0.4588732  1.         0.8456488  0.01068176794797182
27 0.7100067  0.58399445 0.99537694 0.9423045  0.010629257187247276
14 0.5934865  0.13510326 0.9584354  0.8854476  0.01060405746102333
3 0.5096783  0.43229118 0.8269586  0.9761541  0.01054809708148241
3 0.11061783 0.52840936 0.4205475  0.9241372  0.010422819294035435
19 0.         0.         0.30045944 0.44296193 0.010267761535942554
27 0.01162368 0.         0.35571238 0.18715042 0.010196450166404247
19 0.27697697 0.06323695 0.8342635  1.         0.010040615685284138
41 0.10392115 0.3131721  0.48523408 0.7542254  0.010015642270445824
28 0.         0.03304721 0.47179323 0.16330129 0.009951925836503506
28 0.49172157 0.07240758 1.         0.32136557 0.009942221455276012
38 0.3195533  0.5447884  1.         0.82347274 0.009881657548248768
38 0.5423749  0.44543195 1.         0.7413887  0.009867171756923199
20 0.        0.764296  0.2256804 0.9319327 0.009822455234825611
24 0.41628897 0.7004446  1.         0.92703176 0.009748904965817928
32 0.01659121 0.6788563  0.27072072 0.96167606 0.009725414216518402
24 0.15908702 0.0122429  0.6759065  0.14994922 0.009722997434437275
3 0.5062124  0.29268357 0.8400112  0.71705717 0.00970605481415987
24 0.01890027 0.02416414 0.22874396 0.17322922 0.009668121114373207
28 0.         0.02927437 0.2364545  0.19504586 0.00966634601354599
3 0.07657675 0.45812383 0.4740987  1.         0.009637921117246151
24 0.02652868 0.04394895 0.67161375 0.33476987 0.009625889360904694
6 0.05947879 0.         0.62744844 0.32538366 0.009608426131308079
