1 0.08124125 0.         1.         0.530416   0.19951696693897247
24 0.36454478 0.17478125 1.         0.4667407  0.1708216518163681
24 0.27898297 0.05653548 0.5843952  0.40702918 0.14074638485908508
24 0.14611547 0.0598649  0.4766325  0.4471333  0.12680430710315704
1 0.5360311  0.         0.9010041  0.64590704 0.11481458693742752
34 0.        0.        0.4238666 0.4012962 0.11136424541473389
1 0.06987562 0.         0.62107575 0.498912   0.10271495580673218
24 0.36470333 0.0572825  0.6659341  0.40216193 0.10180751979351044
24 0.30137292 0.13722377 1.         0.5723616  0.10132721066474915
24 0.        0.0560918 0.7064293 0.4626472 0.09933628141880035
24 0.5627691  0.20305265 0.8733765  0.64847904 0.09775003790855408
24 0.0035391  0.07694116 0.18916465 0.39440882 0.09008890390396118
24 0.0492924  0.04578402 0.54632264 0.38859677 0.08685468137264252
34 0.         0.         0.26275432 0.38958135 0.08525228500366211
1 0.40951344 0.0898826  1.         0.46199968 0.07773192971944809
1 0.20351438 0.         0.71116436 0.51672703 0.07553895562887192
34 0.         0.00262189 0.56567544 0.48022076 0.07420054078102112
24 0.02777145 0.0637894  0.35380065 0.4587605  0.07350467145442963
1 0.5228854 0.        1.        0.6710011 0.07153461873531342
1 0.36639693 0.         0.9170983  0.5206715  0.06727651506662369
1 0.3000617  0.         0.64110845 0.6452416  0.06702309101819992
24 0.21633334 0.1560765  0.67936546 0.5501377  0.06662306934595108
24 0.6486201  0.15986319 1.         0.43622258 0.06023639813065529
24 0.39481747 0.16970757 0.88365585 0.5529476  0.05834202840924263
24 0.31125337 0.17119958 0.6338272  0.6901186  0.05785501375794411
1 0.23550077 0.05833897 0.9369777  0.42399684 0.057774629443883896
1 0.11116479 0.         0.46207878 0.44429344 0.0572710856795311
24 0.13273904 0.16498101 0.8078335  0.4809958  0.05720528960227966
34 0.         0.00262861 0.18772721 0.4378942  0.05484265089035034
41 0.         0.         0.20788962 0.47815034 0.05433082580566406
41 0.28950712 0.11610802 0.6418343  0.66726166 0.0525139719247818
24 0.03546644 0.11316758 0.7721158  0.57086277 0.052073583006858826
24 0.7959849  0.10207825 1.         0.4287819  0.05169977620244026
24 0.6974173  0.08651026 1.         0.39550832 0.049220431596040726
1 0.02086945 0.         0.7837686  0.38808313 0.047844380140304565
41 0.44298086 0.16238897 0.99205923 1.         0.046211764216423035
24 0.8305681  0.0689261  0.9998096  0.33933222 0.037282396107912064
21 0.27977282 0.13740402 0.6347867  0.66951996 0.03727273643016815
1 0.12182114 0.         0.8375174  0.78055143 0.03670896217226982
24 0.         0.02904645 0.24107285 0.36047822 0.03641775995492935
24 0.45687816 0.05616011 0.75290704 0.41019943 0.036111682653427124
1 0.63975984 0.         1.         0.67558444 0.03574371337890625
41 0.5609013  0.47637382 0.95048445 1.         0.03550770878791809
34 0.         0.         0.29938522 0.53687936 0.03531956672668457
41 0.04346578 0.13182732 0.83454645 0.6494735  0.03484232351183891
24 0.61668444 0.13719584 1.         0.53394705 0.03342662751674652
24 0.76337314 0.0572162  0.9953865  0.2571317  0.032591380178928375
1 0.26390457 0.         0.6168249  0.46414775 0.03220538794994354
41 0.48877636 0.16171046 1.         0.67217046 0.03195103630423546
34 0.09378467 0.00873231 0.49595624 0.3801819  0.03165635094046593
24 0.45411026 0.2569569  1.         0.5719982  0.03131995350122452
2 0.4408804  0.17058182 0.9947547  0.52351403 0.03130078315734863
2 0.610141   0.10362031 1.         0.63085425 0.031093448400497437
20 0.         0.858869   0.37333176 0.9527934  0.030926164239645004
1 0.62433624 0.00932732 1.         0.5591259  0.030209476128220558
24 0.02897906 0.08290909 0.51435393 0.537071   0.030144479125738144
1 0.02490191 0.         0.6466171  0.63345766 0.029859401285648346
37 0.03469929 0.82829165 0.45173356 0.98975426 0.029233861714601517
34 0.         0.0489709  0.9005216  0.44627717 0.02889321558177471
33 0.         0.02539497 0.22524402 0.4149137  0.028592390939593315
33 0.         0.0780217  0.3173036  0.37783828 0.027375314384698868
1 0.02527227 0.01512957 0.56153363 0.3622979  0.027214474976062775
33 0.         0.03630235 0.27352357 0.2982695  0.027049493044614792
37 0.00173887 0.8266778  0.6566647  1.         0.026813503354787827
24 0.39431447 0.23642161 0.9644107  1.         0.026259159669280052
33 0.00135318 0.05571648 0.18633461 0.3634991  0.025822076946496964
41 0.39043266 0.261714   0.86041474 0.6973917  0.025596944615244865
18 0.03793291 0.35475293 0.34263054 0.71351373 0.02486640028655529
34 0.06908976 0.10569248 0.6671457  0.51693594 0.024764543399214745
24 0.26567775 0.00878403 0.3772875  0.04428209 0.024696296080946922
33 0.27809718 0.14632769 0.61398464 0.6722238  0.024515647441148758
34 0.         0.18412054 0.72488415 0.5070067  0.023913707584142685
41 0.         0.0145713  0.35242692 0.45240712 0.02390889823436737
1 0.37380946 0.11191101 0.8130051  0.7014612  0.02345704287290573
24 0.2103922  0.10983796 1.         0.43436056 0.02276555635035038
10 0.26690346 0.00086778 0.3932414  0.05740413 0.02176685631275177
2 0.40314108 0.04334666 1.         0.59980106 0.02169427089393139
24 0.17665736 0.18880375 0.80857176 0.8237365  0.021241215988993645
41 0.         0.06455668 0.4997107  0.4822204  0.021062757819890976
41 0.2654947  0.20322452 1.         0.7780586  0.02091432921588421
10 0.28216323 0.2238854  0.6507147  0.73833334 0.02084507793188095
41 0.04796633 0.17519931 0.72164357 0.51212925 0.02084014005959034
1 0.03854772 0.         0.36177862 0.44439673 0.02030724659562111
18 0.01731599 0.48154816 0.12136009 0.70796376 0.01983402669429779
1 0.4187932  0.         0.8005084  0.46561712 0.019693341106176376
34 0.15744461 0.02270472 0.63268757 0.3431049  0.019166111946105957
9 0.5349051  0.13453858 1.         1.         0.019138894975185394
24 0.53770113 0.05447928 0.8603106  0.46135616 0.018902039155364037
9 0.         0.85080284 0.37439615 1.         0.01877611130475998
41 0.5805494  0.17138919 1.         0.504683   0.018685508519411087
1 0.16761614 0.         0.48163494 0.32732156 0.01866891048848629
10 0.33913133 0.01009928 0.7300433  0.48383123 0.01827932707965374
41 0.5738298  0.32622862 0.9918138  0.9341669  0.01807892508804798
41 0.10099785 0.07506903 0.4433241  0.45935178 0.01807626150548458
41 0.3427976  0.03680321 0.6714196  0.4836781  0.01791360042989254
34 0.         0.01661597 0.38761467 0.3109271  0.01779339089989662
21 0.         0.         0.21860382 0.3273981  0.017589129507541656
34 0.22841035 0.16371223 0.6017267  0.6539174  0.017302315682172775
1 0.02666671 0.         0.21322717 0.4347755  0.01728671044111252
24 0.37841508 0.34468284 0.8300315  0.6803813  0.01706615649163723
24 0.7873032  0.04876501 0.9806754  0.18379106 0.017026791349053383
41 0.26764542 0.0330629  0.5885756  0.46911684 0.016978196799755096
34 0.24441679 0.209411   1.         0.47455394 0.016946541145443916
41 0.02746231 0.4262664  0.33566663 0.7307823  0.01692497916519642
41 0.07191315 0.07505183 0.57190895 0.53443384 0.016809795051813126
24 0.23486891 0.00906606 0.35264632 0.0498158  0.016801219433546066
41 0.01234948 0.5056577  0.11841446 0.73854554 0.01665165275335312
27 0.03387383 0.11054064 0.84390575 0.4856666  0.016612594947218895
1 0.25603697 0.         0.36465558 0.05368182 0.016574498265981674
33 0.         0.06749329 0.578891   0.43580726 0.016385963186621666
21 0.25338027 0.         0.5916286  0.40382096 0.015988551080226898
9 0.14536105 0.1927981  0.9151872  0.4675822  0.015834147110581398
25 0.         0.         0.6349958  0.27711496 0.015317234210669994
27 0.24398977 0.09040546 0.6718087  0.7520225  0.015268415212631226
41 0.67419016 0.17171504 1.         0.96251833 0.015250910073518753
24 0.43178996 0.17239603 0.97076154 0.69478846 0.015210386365652084
16 0.33338287 0.17493843 0.61033857 0.59462464 0.015176929533481598
25 0.13032712 0.         0.5587135  0.36482862 0.015165099874138832
24 0.25160706 0.00616383 0.39521754 0.03341026 0.01506956946104765
41 0.12308884 0.08310588 0.8052979  0.9021226  0.0147042041644454
33 0.0532807  0.1056439  0.45865297 0.3844205  0.014609144069254398
27 0.1409992  0.0791006  0.7473587  0.60371894 0.014480757527053356
10 0.4130744  0.17495744 0.9225751  0.949974   0.014415938407182693
41 0.6616235  0.20866461 1.         0.644443   0.014343377202749252
2 0.3003164  0.05544001 0.60849476 0.6639628  0.014329529367387295
41 0.6776269 0.5982689 0.9858423 1.        0.01414556335657835
34 0.         0.14775999 0.77690434 0.65385103 0.014124590903520584
2 0.74024475 0.08522974 1.         0.49469352 0.014109594747424126
1 0.22991511 0.         0.3377973  0.05613447 0.01400238461792469
35 0.1904539  0.13774739 1.         0.40719604 0.013843073509633541
34 0.25461233 0.1608669  1.         0.36911926 0.013841282576322556
4 0.2839831  0.20096065 0.6897847  0.8037875  0.013653662987053394
41 0.2902915 0.1755118 0.8888608 0.5312487 0.01347233448177576
34 0.         0.         0.3401707  0.25412023 0.013366853818297386
10 2.5651902e-01 1.3572058e-04 4.1837654e-01 4.1678961e-02 0.013085683807730675
18 0.33550578 0.01859894 0.6361199  0.64969385 0.012995414435863495
9 0.2370576  0.14072937 0.9762384  0.4229588  0.012989187613129616
21 0.1512781  0.01731897 0.5032954  0.38790193 0.012960756197571754
29 0.3744751  0.18965824 0.96172386 0.48056743 0.012775387614965439
41 0.8592889  0.08390155 1.         0.5553583  0.012659731321036816
10 0.2348035  0.21225402 0.9595573  0.50572854 0.012616653926670551
34 0.4406433  0.12124024 0.88284326 0.5677472  0.012416413985192776
33 0.         0.1261583  0.8048611  0.60070896 0.012411167845129967
1 0.70283943 0.06734364 1.         0.4622023  0.012402171269059181
20 0.         0.8125739  0.30012542 0.9505032  0.012370174750685692
25 0.15457039 0.02864712 0.975511   0.39630055 0.012361941859126091
9 0.01418132 0.15951008 0.7345998  0.45927256 0.012300134636461735
21 0.17766699 0.10269591 0.6668205  0.5240597  0.012211138382554054
4 0.42438608 0.26636767 1.         1.         0.01213864330202341
3 0.0136945  0.86539084 0.4198981  1.         0.012113222852349281
33 0.16675276 0.12151483 0.63106424 0.5274147  0.011888391338288784
34 0.10382781 0.         0.315191   0.17246002 0.011877895332872868
27 0.28194094 0.11946973 1.         0.5137719  0.011856098659336567
25 0.0647436  0.01579402 0.68955475 0.47132108 0.0118531109765172
41 0.26178324 0.00342279 0.38260612 0.05385518 0.011815052479505539
24 0.11687633 0.06185525 0.775743   0.3356857  0.011538715101778507
41 0.00647799 0.07602879 0.68094605 0.3937043  0.011310672387480736
41 0.73705393 0.16445291 1.         0.49716005 0.011158532463014126
16 0.40178737 0.24568772 0.92780685 0.47720495 0.01102449931204319
19 0.31645378 0.12400872 0.61874145 0.72680867 0.010888359509408474
41 0.43020844 0.04760343 0.74982446 0.5079429  0.010839972645044327
10 0.15812905 0.16519646 0.7216536  0.57056063 0.01083861943334341
41 0.22958834 0.00392931 0.34810647 0.05433608 0.010799534618854523
38 0.         0.85515106 0.52694684 1.         0.01067683007568121
33 0.0778947  0.03406917 0.9339542  0.47102442 0.010619595646858215
9 0.24384476 0.16711187 0.63653785 0.6862363  0.010588954202830791
33 0.04905411 0.17148542 0.6898193  0.4513189  0.010485269129276276
33 0.         0.8430684  0.36984712 0.9822911  0.010459721088409424
25 0.         0.         0.49782857 0.34494472 0.010417353361845016
41 0.58982754 0.6572396  0.9131289  1.         0.010250631719827652
2 0.50493324 0.02055578 0.979151   0.96757126 0.010113810189068317
25 0.19246778 0.04174731 0.6325974  0.5989771  0.01007658801972866
27 0.22246015 0.02111135 0.611482   0.5064257  0.010008472949266434
16 0.20976426 0.1587942  0.64124197 0.47968736 0.00992274098098278
2 0.4084892  0.22957759 0.8419723  0.6535688  0.00984955858439207
1 0.26030907 0.         0.954132   0.8930049  0.009804933331906796
1 0.5802765  0.         0.9045264  0.45822072 0.009721042588353157
9 0.13965267 0.14316712 0.6548611  0.53835267 0.0096783097833395
1 0.28475377 0.22539358 0.87211746 0.6631095  0.00966586172580719
35 0.45256573 0.1519828  0.99231476 0.54284763 0.009609783999621868
33 0.26070204 0.06850376 0.6027832  0.44975933 0.009602733887732029
34 0.         0.         0.43783754 0.68249476 0.009586869738996029
9 0.         0.8091137  0.23565684 1.         0.009524520486593246
34 0.5096942  0.15640013 0.99664205 0.45824188 0.009513597004115582
41 0.64741486 0.7272445  0.9843559  1.         0.009381445124745369
24 0.03444227 0.21431029 0.62544984 0.7279238  0.009378463961184025
4 0.545234   0.20260003 0.9598437  0.7796693  0.009366150014102459
2 0.09715882 0.05570798 0.8436419  0.6773605  0.00924338772892952
29 0.31346554 0.21038263 0.5875033  0.7099946  0.009083623997867107
41 0.8800387  0.04024072 1.         0.27400452 0.009059235453605652
35 0.5958585  0.08087169 1.         0.40262148 0.008863039314746857
1 0.71195334 0.         1.         0.72358906 0.00884024053812027
34 0.2784324  0.29489237 1.         0.7399698  0.008725669234991074
18 0.23803729 0.02263341 0.71437204 0.5547447  0.00867839902639389
10 0.18114276 0.14789186 0.90985894 0.44379374 0.008650777861475945
10 0.235921   0.         0.36193585 0.05703582 0.008639009669423103
21 0.         0.         0.39304686 0.31964472 0.008620699867606163
25 0.        0.        0.6553441 0.4106396 0.008588922210037708
34 0.03139608 0.         0.3097364  0.12554535 0.008584430441260338
34 0.7608628  0.         0.9994171  0.35501975 0.00848641898483038
41 0.02713941 0.045079   0.4811664  0.37352386 0.008409340865910053
7 0.29865378 0.19227667 0.60398257 0.7346132  0.008293754421174526
34 0.6192133  0.7400599  1.         0.95066553 0.0081503139808774
41 0.34555382 0.34848017 0.9812956  0.65239644 0.008070593699812889
24 0.0674952  0.13370071 0.43593913 0.6337806  0.008029119111597538
42 0.         0.50063264 0.11399872 0.7437862  0.007981382310390472
34 0.         0.14496516 0.9217975  0.3914618  0.007980032823979855
27 0.        0.8364173 0.516204  0.9721494 0.007970438338816166
27 0.02237956 0.         0.9553412  0.61998326 0.007961940951645374
41 0.64162517 0.555596   1.         0.90513265 0.007905271835625172
24 0.17354645 0.8288516  0.9267153  1.         0.007867597974836826
2 0.19267078 0.07375089 0.64158714 0.5495037  0.007842672988772392
24 0.04533709 0.8251919  0.6807146  0.9974028  0.007816972211003304
16 0.5730671  0.16280155 0.85129684 0.5447165  0.007806308101862669
24 0.7209238  0.032885   0.97950643 0.13416453 0.007740509230643511
24 0.21660793 0.00581046 0.36869946 0.03776222 0.007660473696887493
41 0.00326497 0.01105939 0.4505296  0.6338383  0.007655691355466843
34 0.68903565 0.8026055  1.         0.9754882  0.007624263875186443
37 0.01828264 0.79011565 0.27511817 0.9893505  0.00761681841686368
21 0.         0.11470703 0.8207865  0.6075967  0.007565401028841734
35 0.2420128  0.07110568 0.67399013 0.60511494 0.0074586644768714905
38 0.02346278 0.87501234 0.7437025  1.         0.007364925462752581
33 0.         0.04859683 0.49878898 0.3215533  0.007332302164286375
36 0.3394694  0.06642032 0.625098   0.6826369  0.007320768665522337
15 0.6722813 0.6962949 1.        0.9792497 0.007274491246789694
40 2.5593853e-01 3.7819546e-04 4.0463808e-01 5.4949261e-02 0.007262830622494221
9 0.6291435  0.61077636 0.9911489  1.         0.007219579070806503
20 0.        0.8583953 0.6363366 0.9624059 0.0072183567099273205
15 0.2557059  0.2030688  0.63906646 0.62367123 0.0072037698701024055
24 0.21020186 0.02067301 0.42984936 0.10147054 0.007151422556489706
42 5.3810119e-04 4.0730664e-01 3.0971757e-01 7.5113976e-01 0.007131385151296854
37 0.7820735 0.6768222 1.        0.9720213 0.007042113225907087
9 0.1026076  0.02992697 0.4700991  0.4372461  0.007007290609180927
24 0.82968783 0.10751452 0.98985445 0.5400057  0.006946142762899399
9 0.42250407 0.13895157 1.         0.5844096  0.006945164408534765
7 0.29687434 0.01267131 0.5927581  0.5156012  0.006920638494193554
33 0.3456564  0.06904283 0.6895348  0.42266908 0.006873682606965303
35 0.21072306 0.         0.5995552  0.43151832 0.0068697938695549965
34 0.01560201 0.05484468 0.94583476 0.3151083  0.006814039312303066
10 0.50444263 0.255929   0.9384362  0.6877202  0.006765610072761774
2 0.2676367  0.11325222 0.9321932  0.45601085 0.006719163618981838
4 0.20393883 0.16521852 0.78244174 0.6252102  0.006718914955854416
24 0.         0.03336955 0.5662359  0.13984573 0.006707728840410709
2 0.8236916 0.        1.        0.5264459 0.006707415916025639
1 0.36021158 0.         1.         0.34293187 0.00665699690580368
25 0.23508115 0.         0.37497807 0.05227932 0.006629654206335545
42 0.3244192  0.10900744 0.9857261  0.66813415 0.006594815291464329
34 1.9350198e-01 1.0420482e-04 3.1509620e-01 5.5961177e-02 0.00658732745796442
34 0.10864477 0.16361287 0.98544496 0.633248   0.006539697293192148
34 0.22636773 0.00060963 0.34139666 0.05232312 0.006515782326459885
1 0.20681071 0.         0.31192484 0.05986495 0.006495099980384111
10 0.         0.04506144 0.32308552 0.5096737  0.0064711482264101505
41 0.8526104  0.05511446 1.         0.39017218 0.0062991720624268055
9 0.08523237 0.07549291 0.85467166 0.5219137  0.006282205227762461
41 0.81964743 0.11257823 1.         0.6692688  0.00626120250672102
10 0.29447576 0.10128141 1.         0.58468425 0.0062561617232859135
41 0.4616098  0.41021398 1.         0.7532469  0.006254683248698711
25 0.         0.         1.         0.44970953 0.006083393469452858
34 0.25772595 0.08530604 1.         0.53304356 0.006069060880690813
9 0.3340055  0.14463778 0.819004   0.5174937  0.006060481537133455
33 0.23622148 0.00715675 0.36979255 0.05363731 0.006054633762687445
33 0.26745763 0.1915609  0.8344762  0.46879685 0.006035398691892624
25 0.         0.         0.21165796 0.36973318 0.0060327500104904175
29 0.20206696 0.16101564 0.6309773  0.5556544  0.005995285697281361
24 0.2002319  0.01867347 0.48230273 0.06719193 0.0059867785312235355
34 0.         0.84786654 0.593407   0.99075186 0.0059713441878557205
24 0.23815346 0.32438782 0.86772424 1.         0.005965300370007753
27 0.07583237 0.01580635 0.50369453 0.4775761  0.005940064322203398
29 0.5247995  0.23380443 1.         0.6792519  0.005898441653698683
21 0.31452557 0.         0.6987578  0.35437977 0.005869343876838684
16 0.11365311 0.20094444 0.75867397 0.43368357 0.005828958936035633
35 0.23541155 0.19331631 1.         0.46529517 0.0058205751702189445
33 0.         0.         0.39549384 0.57245564 0.005805889144539833
15 0.        0.8340307 0.6070157 1.        0.005789965856820345
9 0.         0.08856708 0.56135976 0.4981592  0.00575881777331233
34 0.1596643  0.         0.28795326 0.05958386 0.005756171885877848
2 0.25164738 0.06382263 1.         0.7510781  0.005719767417758703
15 0.10380977 0.18774682 1.         0.3932592  0.0057113077491521835
24 0.16493909 0.05828685 0.44803682 0.18283245 0.005702773109078407
1 0.14171726 0.         0.35697818 0.12769713 0.005698421970009804
34 0.497098   0.33516428 1.         0.83560693 0.005691642872989178
7 0.21969266 0.16656207 0.6569565  0.56173587 0.005685503128916025
35 0.3472199  0.         1.         0.54869807 0.005677171051502228
41 0.24238063 0.00758151 0.5285709  0.07424904 0.005662065930664539
34 0.60772836 0.12427699 1.         0.3464346  0.005653965286910534
2 0.02900378 0.         0.22846645 0.47986564 0.005640916060656309
2 0.2739408  0.         0.57732147 0.48714188 0.00561197753995657
34 0.         0.00082196 0.42046234 0.14504443 0.005549163557589054
1 0.20910028 0.         0.35170865 0.17327411 0.005536818411201239
24 0.16247259 0.01984153 0.32539746 0.17728381 0.005512183532118797
4 0.04591649 0.23889281 1.         0.7929298  0.0055105192586779594
24 0.22140099 0.02134408 0.37866393 0.14933206 0.005477560218423605
24 0.20410699 0.00940627 0.32383305 0.05586683 0.005471358075737953
1 0.19175173 0.         0.40491617 0.11816788 0.00543607072904706
33 0.555401   0.14653853 0.8588192  0.61217797 0.005420572590082884
21 0.06830348 0.13331942 0.7976688  0.43132132 0.005406165961176157
18 0.1164191  0.         0.90339833 0.66745645 0.005380694754421711
1 0.16075756 0.         0.30600968 0.18056548 0.005364816635847092
2 0.25819626 0.00351693 0.3847053  0.05345966 0.005323838908225298
10 0.         0.23432212 0.7949814  0.5460248  0.005299017298966646
