32 0.3437551  0.53662556 0.75261414 0.9122262  0.37731650471687317
26 0.31896722 0.69241387 0.57383037 1.         0.20685097575187683
32 0.37081957 0.68963283 0.74546254 0.9498104  0.17238380014896393
32 0.33239537 0.37288514 0.725916   0.9633927  0.08773200213909149
34 0.         0.13861735 1.         0.6829667  0.07334516197443008
34 0.00446554 0.45835674 0.8091781  0.83868825 0.056512776762247086
17 0.3463522  0.65689844 0.5576161  0.98937917 0.05479750782251358
32 0.31130254 0.78706205 0.79733956 0.9629908  0.04645513743162155
31 0.42621157 0.04221039 0.6933552  0.3673717  0.042143113911151886
26 0.2970629 0.7287886 0.6425355 0.9571448 0.03919488936662674
34 3.6977133e-04 2.8621420e-02 1.0000000e+00 5.2513653e-01 0.03173598647117615
26 0.26894125 0.6415265  0.65553206 0.93724203 0.031364474445581436
30 0.3036219  0.04561717 0.62285906 0.49640408 0.02717340551316738
31 0.41087228 0.04846629 0.6992746  0.57112324 0.026552140712738037
32 0.3624097  0.17949799 0.73154026 0.76426476 0.024758951738476753
32 0.23294516 0.6647966  0.7950353  0.9209851  0.024587394669651985
41 0.07074244 0.7132904  0.6837658  0.9753109  0.022980935871601105
32 0.3076621  0.02762652 0.66532886 0.5843156  0.02115727961063385
10 0.25144467 0.5916633  0.726282   1.         0.020847056061029434
18 0.39443558 0.5720092  0.60302895 0.9876516  0.020536450669169426
16 0.36879462 0.77546227 0.64098966 1.         0.020178508013486862
30 0.35985097 0.11507523 0.57858074 0.5456107  0.019087614491581917
29 0.34122655 0.02401323 0.8641203  0.4110161  0.018028022721409798
32 0.38549754 0.5898433  0.73108697 0.8450818  0.017925629392266273
34 0.15399921 0.20860042 0.8468839  0.52102804 0.015538668259978294
32 0.33507386 0.01261615 0.6873462  0.38284785 0.015060123056173325
34 0.07704669 0.6494249  0.71102977 0.8868152  0.014901201240718365
32 0.22550629 0.57014894 0.7937619  1.         0.014315390028059483
34 0.09712692 0.11191096 0.878796   0.41349265 0.014111729338765144
10 0.23398675 0.00832954 0.6335489  0.3686215  0.01372827123850584
34 0.         0.         0.9036245  0.29263544 0.013606654480099678
32 0.34998766 0.11055939 0.8000543  0.5741527  0.012956918217241764
17 0.16656993 0.7309252  0.54350597 1.         0.012645266950130463
21 0.06587692 0.641891   0.6284004  0.9816834  0.012135346420109272
34 0.         0.03819514 0.7875694  0.37989467 0.011929357424378395
34 0.00996315 0.29423803 0.8533577  0.5645299  0.011847753077745438
26 0.21280798 0.8181942  0.63870347 0.94224834 0.01169720571488142
30 0.356573   0.08408029 0.5998732  0.37731355 0.011198475956916809
17 0.37366846 0.76058805 0.5793602  0.96202224 0.010520276613533497
21 0.3733739 0.4592514 0.5924252 1.        0.010223545134067535
34 0.11052157 0.5494673  0.7840615  0.97803223 0.009771738201379776
10 0.24339545 0.03901654 0.6047614  0.5240818  0.009622495621442795
41 0.38042602 0.6318794  0.696232   0.936979   0.009592844173312187
32 0.20912921 0.28773457 0.8632107  0.93041444 0.009193378500640392
16 0.14277352 0.6211486  0.5821451  0.93239605 0.00906668696552515
34 0.         0.13173266 0.6712403  0.64667815 0.008994710631668568
41 0.0901678  0.5647766  0.6568708  0.90214133 0.008788328617811203
32 0.2720221  0.05100729 0.8199638  0.39095947 0.00856192409992218
16 0.39793813 0.8285761  0.5554068  1.         0.008559398353099823
19 0.19316429 0.00140579 0.8215526  0.5159912  0.008421765640377998
30 0.30290037 0.02307101 0.6662252  0.29254496 0.008155286312103271
16 0.21099788 0.77894455 0.55020714 0.99581677 0.007905195467174053
16 0.30932873 0.70832044 0.9525555  1.         0.007895052433013916
26 0.35534224 0.66201323 0.60654014 0.90593266 0.007643656339496374
25 0.16325316 0.23545869 0.7437518  0.47269872 0.007120038848370314
29 0.27624103 0.03319865 0.95917827 0.52218586 0.007071292493492365
25 0.14965247 0.34387004 0.723892   0.6605164  0.006999772507697344
34 0.12483533 0.33873257 0.8163868  0.66638017 0.006919951178133488
16 0.37540597 0.77744865 0.8585084  1.         0.006685237400233746
34 0.1173745  0.27123737 0.92115664 0.77858096 0.006619674619287252
27 0.36573303 0.02428752 0.72563744 0.4845779  0.006555542815476656
34 0.         0.09228002 0.85572296 0.9881474  0.006554523017257452
30 0.25446346 0.20513272 0.6332133  0.6202426  0.006216004490852356
10 0.02073545 0.68790275 0.76252395 1.         0.006170256063342094
25 0.19721596 0.12345897 0.71994674 0.33940867 0.006026587914675474
41 0.3967393  0.56439424 0.6944794  0.8637611  0.005778688937425613
29 0.4067041  0.10331362 0.8802631  0.54687554 0.0057769883424043655
41 0.4306662  0.34903523 0.65012974 0.67449355 0.005739968735724688
10 0.16324112 0.         0.68360746 0.29161525 0.005529352929443121
6 0.3494587 0.        0.629993  0.3093078 0.005368891172111034
29 0.3941212  0.09394597 0.7451236  0.4284007  0.005354928318411112
20 0.36231148 0.01698952 0.6770867  0.26542142 0.005122439470142126
25 0.19485013 0.26813185 0.6843211  0.5643025  0.005114494822919369
30 0.3686812  0.23603064 0.5415434  0.7664649  0.005083039402961731
6 0.34604988 0.         0.8068237  0.3673784  0.004940783604979515
29 0.16991104 0.21538259 0.8474071  0.6464275  0.00482168747112155
2 0.08100995 0.2694334  0.67288536 1.         0.00464267935603857
30 0.18698505 0.05420921 0.6572828  0.5980355  0.004605869296938181
34 0.03712743 0.5393146  0.73216605 0.77654195 0.004571862518787384
5 0.         0.42246327 0.77011836 0.95742345 0.004570143297314644
29 0.21544906 0.00918739 0.90363383 0.30673397 0.004551210440695286
10 0.10407013 0.04757554 0.75066763 0.3775665  0.0044490620493888855
34 0.23709415 0.4792268  0.8941798  0.9236519  0.004275292158126831
25 0.36071005 0.08496901 0.6893237  0.38881755 0.0041323271580040455
41 0.40318614 0.68842113 0.81741357 0.9133942  0.0041303387843072414
21 0.05866949 0.42195973 0.6717102  0.9307656  0.004037247039377689
35 0.27263433 0.01616426 0.71689767 0.31293875 0.003977023996412754
19 0.        0.4199506 1.        1.        0.003973242826759815
26 0.15002696 0.77951825 0.6528135  0.969185   0.003945669624954462
16 0.08633387 0.3403189  0.5238009  0.8215384  0.003927127458155155
18 0.32144237 0.492499   0.6706705  1.         0.003867218503728509
20 0.37160975 0.06260976 0.67729074 0.39485657 0.0038529459852725267
25 0.32664147 0.08367434 0.6789516  0.27258533 0.0038252263329923153
17 0.2539804 0.7987424 0.6042469 0.9892356 0.0037341085262596607
32 0.31992155 0.28098756 0.8247567  0.6137726  0.0037291578482836485
1 0.586487   0.46345013 0.9715074  0.9661715  0.0037273080088198185
24 0.         0.6487011  0.83942395 1.         0.0036667948588728905
19 0.11526667 0.44970113 0.9428506  0.9156055  0.0034839927684515715
25 0.07864769 0.6586688  0.81609315 0.9289771  0.003436850383877754
33 0.19865042 0.         0.8040619  0.37250188 0.003384292358532548
30 0.36057928 0.05979042 0.57506764 0.29775196 0.0033816182985901833
32 0.25906917 0.40558645 0.86637616 0.7296976  0.0033349094446748495
16 0.39208248 0.7417693  0.5470012  1.         0.0033316812478005886
25 0.28095356 0.16235515 0.74421585 0.44209895 0.0033073313534259796
32 0.42028147 0.02846728 0.7282794  0.52002394 0.0032830757554620504
20 0.38363364 0.28714105 0.6549835  0.6123515  0.003281354671344161
41 0.38114145 0.64663607 0.68064386 0.83155906 0.0032505495473742485
2 0.         0.35210574 0.7661538  1.         0.003185714827850461
25 0.         0.22447255 0.9706346  0.59523535 0.003181975334882736
32 0.42355478 0.7213074  0.6497257  0.9666935  0.0031773047521710396
16 0.399989   0.87123203 0.80138254 1.         0.00316830025985837
31 0.40036112 0.01765038 0.7641109  0.28273055 0.0031551334541291
17 0.26736385 0.7009548  0.6140349  1.         0.0031195194460451603
19 0.2376393  0.         0.7122667  0.40698674 0.003072180086746812
32 0.35557222 0.6236945  0.6703498  0.9302926  0.003064126940444112
5 0.         0.63934386 0.75225973 0.97558045 0.0030469964258372784
25 0.26727754 0.27642426 0.84379303 0.5156723  0.003033966990187764
18 0.37223932 0.32764232 0.63306814 1.         0.0030087206978350878
41 0.37012202 0.78599375 0.71922076 0.9712351  0.0029719907324761152
1 0.21932231 0.5510676  0.90037334 0.94892216 0.0029653164092451334
31 0.3861168  0.03469452 0.84094846 0.44174978 0.002938590245321393
41 0.06104841 0.33760414 0.60877657 0.8152004  0.0029005599208176136
25 0.09950031 0.20907535 0.76998943 0.40046883 0.002893957542255521
34 0.20022886 0.5363893  0.74970156 0.8660025  0.0028342250734567642
30 0.21468093 0.02326326 0.7310411  0.34592992 0.0028329682536423206
25 0.         0.22342655 0.8693646  0.8125648  0.0028145681135356426
34 0.         0.01283183 0.7882241  0.16550393 0.0027860631234943867
41 0.2928441  0.5806664  0.8110928  0.83878464 0.002756960690021515
35 0.27752787 0.07048427 0.74416935 0.42800468 0.0027460907585918903
16 0.3793313  0.504235   0.58563507 0.7510882  0.0027425780426710844
30 0.27235729 0.14803973 0.53347886 0.69892794 0.002730495296418667
36 0.10560308 0.6924749  0.7654323  1.         0.002724370453506708
33 0.16073996 0.6410955  0.61220384 1.         0.0027208379469811916
34 0.29590505 0.         0.9549009  0.5227564  0.0027093221433460712
18 0.4024281  0.63359195 0.5832721  0.8408247  0.0026898174546658993
29 0.17360395 0.07656815 0.8138     0.44900995 0.00268208677880466
19 0.         0.06937978 1.         1.         0.0026543685235083103
27 0.        0.        0.9377739 0.8803631 0.002647737041115761
27 0.28151262 0.14710124 0.8157467  0.6155711  0.0025856923311948776
24 0.         0.44584566 0.8271734  1.         0.002567549701780081
1 0.22082363 0.04242399 1.         0.6203492  0.0025590199511498213
1 0.30767822 0.         1.         0.41844487 0.002555655548349023
41 0.10729373 0.6696527  0.8719317  0.93084335 0.0025259198155254126
29 0.32570872 0.02078195 0.70082986 0.3067285  0.002510244492441416
27 0.         0.         0.7239539  0.22445063 0.002480084542185068
32 0.26427728 0.47156638 0.9902167  0.9067729  0.002468741498887539
33 0.35723105 0.56220764 0.5864456  1.         0.0024347356520593166
26 0.13746588 0.39965868 0.654359   0.79631174 0.002413100330159068
33 0.1193186 0.        0.7570783 0.63357   0.0023983377031981945
1 0.5619639  0.00169993 1.         0.73726165 0.0023786588571965694
16 0.14623868 0.7100178  0.523164   0.9787105  0.002378317294642329
29 0.40681058 0.0370052  0.77334523 0.34932283 0.0023767047096043825
41 0.01917631 0.28243077 0.7641449  0.655547   0.0023630675859749317
18 0.02823151 0.51914847 0.6536419  1.         0.0023614310193806887
2 0.         0.5491515  0.59353423 1.         0.002295422600582242
16 0.31004202 0.23301005 0.7050559  0.54141515 0.002279360080137849
19 0.        0.5942364 1.        1.        0.002274183789268136
41 0.3517165  0.7313781  0.81622744 0.9638551  0.0022652416955679655
5 0.         0.01966761 0.8744506  0.97117656 0.0022613953333348036
29 0.3413196  0.19839618 1.         0.57161045 0.002261043293401599
27 0.         0.         0.73555017 0.5229841  0.002230448415502906
41 0.34321648 0.840401   0.8875895  0.95721155 0.0022158564534038305
20 0.33385333 0.6025873  0.5457091  0.8747567  0.0022114270832389593
10 0.        0.7809121 0.8574531 1.        0.0022057497408241034
2 0.         0.02351237 0.8119236  0.9248487  0.002203465672209859
20 0.26864246 0.02881997 0.74708235 0.34892768 0.0021883558947592974
30 0.18749553 0.58529013 0.63230073 1.         0.0021807088050991297
25 0.14529997 0.45083508 0.73107445 0.7479222  0.0021761758252978325
25 0.06370799 0.30908504 0.80469984 0.5063899  0.002116579096764326
17 0.35493746 0.7098358  0.5506292  0.9180657  0.00211022375151515
17 0.3742908  0.553023   0.57482934 1.         0.002095879288390279
27 0.36905244 0.         0.8120608  0.30217218 0.0020717771258205175
27 0.32021403 0.         0.7026675  0.35724127 0.0020605470053851604
41 0.12873937 0.74641395 0.9690788  0.945876   0.0020418521016836166
25 0.        0.5679368 0.8197323 0.8877536 0.002022405853495002
21 0.25613093 0.4428345  0.7468069  0.9793219  0.0020130383782088757
41 0.38719437 0.1366727  0.6189206  0.45347652 0.0020033048931509256
25 0.        0.7017948 0.7729212 0.9018412 0.001981936627998948
1 0.56404483 0.03496595 0.9576636  0.5506829  0.001962639158591628
5 0.         0.6404276  0.9989248  0.91431105 0.0019476879388093948
27 0.28896448 0.01704713 0.91167057 0.3979035  0.0019375625997781754
16 0.3592381  0.287884   0.55535424 0.59293234 0.0019298454280942678
20 0.37084422 0.17541367 0.65988356 0.5327491  0.001924971118569374
18 0.39248115 0.67311686 0.5773124  0.9562959  0.001924655749462545
41 0.10592626 0.37208378 0.7757606  0.7189321  0.00192336889449507
27 0.         0.14460519 0.82529575 0.645417   0.001916774781420827
21 0.         0.05277532 0.65081537 0.8528621  0.0019166750134900212
27 0.38853464 0.1309705  0.7259785  0.72402203 0.0019103102385997772
25 0.01552933 0.06221175 0.861694   0.228166   0.0018833837239071727
30 0.26550815 0.55947715 0.5790189  1.         0.001871386426500976
32 0.21228725 0.02215384 0.84846675 0.29355404 0.0018665340030565858
10 0.3200675  0.30407518 0.64331114 0.84781784 0.0018190698465332389
41 0.         0.1529893  0.60302216 0.5277824  0.0017908343579620123
33 0.22162253 0.5316935  0.6888612  1.         0.0017804944654926658
41 0.13621745 0.5844486  0.6290636  0.8133836  0.0017670642118901014
16 0.27769685 0.17890218 0.7837278  0.45858145 0.0017596003599464893
25 0.07196045 0.76848215 0.7961783  0.9471434  0.0017551206983625889
41 0.37899974 0.6980281  0.69077355 0.88228446 0.0017418970819562674
31 0.4257069  0.5136238  0.74413675 0.97053355 0.0017383192898705602
5 0.11018232 0.30352244 0.8879473  0.69818383 0.0017334743170067668
25 0.09971339 0.73243856 0.8577346  0.9053652  0.0017240832094103098
5 0.15784124 0.5133435  0.8667631  0.86578035 0.0017187412595376372
19 0.         0.02606033 0.97848374 0.6561436  0.0017141561256721616
27 0.         0.15868226 0.7581357  1.         0.0016982302768155932
1 0.3341666 0.0527177 0.9076175 0.4335296 0.0016957945190370083
18 0.4166993  0.7448421  0.60755396 1.         0.0016930998535826802
41 0.43380788 0.5092291  0.69906783 0.79704183 0.0016877477755770087
26 0.16083127 0.5863311  0.7002293  0.8811526  0.001675038249231875
16 0.3675653 0.6827278 0.8356955 0.9263372 0.0016658453969284892
18 0.42919347 0.20494539 0.6183651  0.7590483  0.0016527727711945772
1 0.5616621  0.16708755 1.         0.52124685 0.00164417817723006
16 0.26831844 0.50590825 0.8831297  1.         0.001642935792915523
34 0.25162613 0.07273258 0.7879629  0.44399837 0.0016391261015087366
30 0.24335489 0.03026339 0.763368   0.23504332 0.0016277096001431346
30 0.29995006 0.27486446 0.59889466 0.76471454 0.0016270667547360063
42 0.28598818 0.6257828  0.7364549  0.9711021  0.0016170189483091235
41 0.16699088 0.5986127  0.9215384  0.8941384  0.0016129357973113656
30 0.14794461 0.16847016 0.5839737  0.9987306  0.001609730999916792
33 0.3221572  0.         0.6955535  0.28599042 0.0016029409598559141
17 0.2959129 0.6099957 0.5250077 1.        0.001601777970790863
27 0.16115291 0.         1.         0.47795972 0.0016011535190045834
19 0.23083283 0.16354859 0.76063895 0.6718285  0.0015998444287106395
25 0.         0.46604225 0.8349904  0.67860615 0.0015925484476611018
1 0.57207114 0.5590673  1.         0.9499304  0.001589201739989221
29 0.07196923 0.07627543 0.6739432  0.53592765 0.001584001467563212
27 0.04077812 0.6191272  0.73419905 1.         0.0015358147211372852
5 0.13547583 0.03931426 0.84960943 0.42312428 0.0015308111906051636
35 0.23864353 0.13003404 0.8706528  0.55494833 0.0015216019237414002
16 0.3126548  0.3086796  0.6667251  0.62413466 0.0015209701377898455
31 0.32998398 0.         0.7342944  0.3645994  0.001520693302154541
1 0.31627944 0.3859459  1.         0.9578391  0.001508626388385892
31 0.39195216 0.58427435 0.8465963  0.9955048  0.0015062587335705757
34 0.30197263 0.1659649  0.9907438  0.47429898 0.0015055099502205849
24 0.         0.07115611 0.7490247  1.         0.0015024406602606177
26 0.35262528 0.54203165 0.60966796 0.8369225  0.0014944568974897265
25 0.         0.4066943  0.80383134 0.6238424  0.0014790670247748494
16 0.22953573 0.69705194 0.74900573 1.         0.0014721949119120836
33 0.31827596 0.         0.6730129  0.47411835 0.0014711132971569896
19 0.         0.35614568 0.97554016 0.7391332  0.0014633885584771633
29 0.44398123 0.16657524 0.7722391  0.5860344  0.0014624538598582149
20 0.26455328 0.18022151 0.7247885  0.4952172  0.0014484541025012732
1 0.15539734 0.2415495  1.         0.7715179  0.001442787586711347
30 0.34176123 0.44378072 0.5481749  1.         0.0014388840645551682
25 0.         0.3576705  0.81994385 0.54306436 0.001436477992683649
25 0.         0.         0.9047033  0.35061285 0.0014197068521752954
26 0.22639324 0.7331161  0.7982843  0.9260809  0.0014020568924024701
1 0.5456362  0.         0.80545026 0.3582311  0.0014006044948473573
1 0.5317415  0.         0.94766706 0.41793352 0.001389394630677998
29 0.154795   0.03104202 0.7191444  0.33279347 0.0013819382293149829
10 0.00980581 0.01439433 0.55133325 0.3144824  0.0013695411616936326
15 0.31848723 0.08330949 0.8268671  0.43563285 0.0013633747585117817
10 0.10013204 0.14103849 0.7311182  0.4772567  0.0013615746283903718
6 0.6905292  0.29707122 1.         0.974223   0.0013602998806163669
32 0.46017578 0.11467244 0.7573717  0.6886021  0.0013524822425097227
1 0.6176156  0.38681093 1.         0.9263713  0.001347805024124682
29 0.25204393 0.39608902 0.8023065  0.68156016 0.0013418481685221195
28 0.3449679  0.04760933 0.6667479  0.48036683 0.0013382744509726763
25 0.        0.6031118 1.        0.8107334 0.0013323212042450905
10 0.27063695 0.13375436 0.62479895 0.7112078  0.001330133993178606
33 0.32373106 0.10082583 0.64550257 0.6128128  0.0013287103502079844
35 0.0906939  0.00814519 0.8431504  0.50417763 0.0013275411911308765
40 0.         0.24338448 0.7668605  0.75169915 0.0013265800662338734
36 0.03550565 0.46322674 0.71178335 0.9629718  0.0013245363952592015
33 0.24450676 0.7423305  0.69755954 1.         0.0013230056501924992
29 0.05580574 0.04267035 0.6046541  0.18385813 0.0013163045514374971
21 0.         0.2771417  0.82971954 0.9347662  0.0013146070996299386
33 0.         0.24433503 0.75969    1.         0.0013123711105436087
19 0.27909312 0.07420032 0.7333071  0.5580176  0.0013113279128447175
32 0.2306232 0.5505243 0.8113007 0.8443936 0.0013077466282993555
41 0.02085437 0.10847396 0.5648754  0.41579413 0.0013061532517895103
33 0.21059579 0.33221555 0.7468074  0.9421163  0.0012967998627573252
1 0.28441474 0.         1.         0.78007495 0.0012904811883345246
26 0.24405564 0.6673985  0.6674856  0.83536625 0.0012863249285146594
19 0.14226235 0.2031104  0.95549643 0.59761983 0.0012810544576495886
30 0.36545858 0.48604208 0.5266043  0.9075192  0.0012779473327100277
16 0.32588935 0.4229209  0.74072385 0.65122545 0.001275711809284985
16 0.3265625  0.17337428 0.5943635  0.38995224 0.0012647876283153892
41 0.19876915 0.25430742 0.82152486 0.78577805 0.0012501267483457923
17 0.12948886 0.54146516 0.5292636  1.         0.0012379337567836046
24 0.11055959 0.19597518 0.9114505  0.61672604 0.0012352439807727933
25 0.10710104 0.08277895 0.7464439  0.25908053 0.001233971444889903
20 0.3558271  0.4992271  0.5903577  0.81804985 0.001203492283821106
18 0.10469821 0.26106632 0.6752803  0.94730574 0.0011917997617274523
24 0.         0.13429955 0.9200006  0.8234849  0.001191115821711719
41 0.4514599  0.4288212  0.6802318  0.73035914 0.0011901771649718285
28 0.3925866  0.07375851 0.85303134 0.4348158  0.0011899728560820222
30 0.29711738 0.34960455 0.5383322  0.87088805 0.0011857047211378813
19 0.23079565 0.44164586 0.76709193 0.97697794 0.0011846377747133374
5 0.         0.05372124 1.         0.51779634 0.0011842654785141349
6 0.6939572 0.        1.        0.6491446 0.0011779991909861565
16 0.20029756 0.62837034 0.5636882  0.8329914  0.001163661596365273
25 0.14330514 0.5917205  0.8620009  0.86074823 0.0011621896410360932
25 0.         0.38778743 0.9410043  0.7476189  0.0011568372137844563
5 0.17610812 0.13019182 0.88394463 0.53800815 0.0011531393975019455
41 0.02956655 0.46707603 0.85213053 0.82307976 0.0011522379936650395
25 0.         0.67657673 0.9901032  0.85700667 0.0011491025798022747
5 0.30588165 0.22206083 0.7248576  0.698703   0.0011483747512102127
10 0.33411074 0.03047095 0.62115216 0.2722376  0.0011453094193711877
41 0.4457306  0.24812143 0.671244   0.58378106 0.0011313969735056162
17 0.2689509  0.14728941 0.551387   0.48789337 0.001131177064962685
