7 0.5994126  0.13052297 1.         0.9552409  0.32405632734298706
21 0.18935502 0.06228646 0.8847233  0.66949964 0.17760993540287018
7 0.30088097 0.20273165 0.95905924 0.9319504  0.1520489752292633
24 0.         0.3168243  0.35848156 0.55820554 0.09754468500614166
10 0.22309321 0.2517561  1.         0.7706277  0.09200260043144226
2 0.15491241 0.12426117 0.62456584 0.63439    0.09102386236190796
41 0.45415488 0.3086791  1.         0.91470647 0.08089093863964081
2 0.09355614 0.16602997 0.44975057 0.6049564  0.08036390691995621
10 0.60699946 0.16349605 1.         0.819246   0.0797325149178505
21 0.41592053 0.14948021 1.         0.7145764  0.07721192389726639
7 0.11449911 0.12620306 1.         0.92847556 0.07701196521520615
24 0.11485013 0.33196935 0.3394357  0.5972501  0.07638903707265854
4 0.188051   0.18279794 1.         0.9623535  0.06225549802184105
2 0.18014911 0.14131783 0.8146339  0.7024936  0.05912714824080467
24 0.06045761 0.35745567 0.5460688  0.62566805 0.05883777141571045
41 0.60158306 0.3094106  1.         0.9682925  0.050097547471523285
2 0.14932364 0.16338997 0.5638928  0.4889673  0.04932624474167824
24 0.         0.26953757 0.6116117  0.63963014 0.04860001802444458
24 0.10073794 0.3907629  0.69867533 0.6979604  0.044919878244400024
21 0.19462863 0.17959963 0.68096155 0.4973507  0.040243249386548996
2 0.10977975 0.2330912  0.67012656 0.7048702  0.03979850932955742
4 0.        0.178353  0.8933471 0.9132549 0.039206258952617645
2 0.08650038 0.09875623 0.54244703 0.78316283 0.03717447817325592
4 0.4146196  0.12517019 1.         1.         0.03673093393445015
1 0.10567179 0.11375308 0.99038035 0.80098474 0.035946134477853775
2 0.13141023 0.18531665 0.39302307 0.7186587  0.03560769185423851
20 0.03516937 0.8597733  0.31517807 0.98630387 0.03551420569419861
40 0. 0. 1. 1. 0.03239693492650986
18 0.4812442  0.04448535 1.         0.8868211  0.03173474967479706
1 0.02690603 0.19218487 0.43966702 0.703973   0.031364403665065765
7 0.06851176 0.08848386 0.73719263 0.91909784 0.02808031439781189
41 0.15113719 0.18230978 1.         0.90449667 0.02678556554019451
2 0.04264668 0.09420296 0.46795127 0.4525582  0.026103287935256958
24 0.20916279 0.3585144  0.8352049  0.7652619  0.025825845077633858
24 0.02922538 0.37877077 0.38642737 0.59872407 0.025614159181714058
2 0.11179206 0.05017665 0.35031128 0.67047596 0.025490880012512207
21 0.0952344  0.01454755 0.636549   0.70795023 0.024955742061138153
6 0.         0.84351313 0.32851717 1.         0.02426750399172306
14 0.04670208 0.84477234 0.2754217  1.         0.023973790928721428
18 0.373081   0.25793678 0.9042503  0.64032644 0.023511195555329323
1 0.01694209 0.12283134 0.7073949  0.8435339  0.02304558828473091
24 0.01015928 0.3017507  0.50927657 0.50356793 0.022879701107740402
21 0.18785922 0.11210246 0.5691326  0.56326944 0.02241172082722187
41 0.80449325 0.26986516 1.         0.8873783  0.021105725318193436
1 0.01917676 0.1399066  0.55182576 0.60694295 0.02085272967815399
2 0.08363495 0.28616673 0.8863064  0.7809958  0.020302537828683853
24 0.01223286 0.15609251 0.30408943 0.45440483 0.01988195814192295
2 0.11276027 0.         0.77430123 0.59601843 0.019361399114131927
24 0.00603032 0.26820916 0.36669567 0.6566215  0.019082965329289436
1 0.62109303 0.23151612 1.         0.99885094 0.018354246392846107
38 0.25146887 0.00564695 0.60667396 0.08093984 0.01782158575952053
1 0.02399737 0.10045332 0.83700126 0.597894   0.017592744901776314
18 0.23685749 0.08563945 0.9868609  0.87933403 0.017488347366452217
21 0.2949293  0.21453522 0.8025124  0.5465164  0.017471803352236748
1 0.29477972 0.22254479 1.         0.79266185 0.017337912693619728
40 0.45695257 0.         1.         1.         0.01733275130391121
4 0.07091691 0.21432249 0.6721859  0.84213036 0.017141543328762054
10 0.18617457 0.28202635 0.8573173  0.5614044  0.016514725983142853
24 0.00180969 0.3024968  0.29567498 0.47115377 0.01627282425761223
6 0.         0.79691446 0.5149254  1.         0.016005776822566986
20 0.04572854 0.81315196 0.23915282 0.9862322  0.015129158273339272
25 0.         0.17249258 0.32637802 0.5317118  0.014720335602760315
1 0.5091816  0.1381634  1.         0.82254696 0.013882171362638474
38 0.28712425 0.00749435 0.5656779  0.11487539 0.013830569572746754
1 0.         0.07955911 1.         0.37982962 0.013805055990815163
1 0.04421506 0.72111106 0.8246691  1.         0.013711275532841682
42 0.17066203 0.3155616  0.9924024  0.8144842  0.013669558800756931
24 0.         0.17502524 0.4483348  0.5094784  0.013497509062290192
41 0.21290274 0.2845809  0.49273545 0.76651275 0.013495366089046001
25 0.         0.23943897 0.9188835  0.7542909  0.013279329054057598
7 0.75466734 0.15437749 0.9652983  0.8558669  0.012915880419313908
10 0.13037497 0.30072972 0.7844083  0.72833234 0.012682639062404633
24 0.07198531 0.4324111  0.38634259 0.6260193  0.012672722339630127
25 0.         0.29209775 0.6042321  0.7813446  0.01242855191230774
24 0.40767348 0.38029745 0.8559433  0.7960303  0.012347952462732792
2 0.06805468 0.         0.45819286 0.69135356 0.012266683392226696
1 0.06159785 0.7224471  1.         1.         0.01158884447067976
41 0.5110184 0.6015267 1.        0.844609  0.011014540679752827
1 0.         0.41425514 0.55632275 0.8238561  0.010994265787303448
18 7.1442038e-01 2.9449465e-04 1.0000000e+00 8.9865631e-01 0.010863403789699078
33 0.44648707 0.21624212 1.         0.9082253  0.010703181847929955
7 0.12004334 0.15894303 0.5792317  0.86537725 0.010587967932224274
24 0.01449563 0.36069193 0.2954413  0.50746626 0.010579505935311317
6 0.24283674 0.         0.60016215 0.09414124 0.010298729874193668
1 0.49069124 0.32889232 1.         0.9025261  0.010248796083033085
41 0.18327662 0.24888004 0.72740453 0.7646154  0.01006941869854927
2 0.15035874 0.26564038 0.65040106 0.53148675 0.009964500553905964
38 0.3065531  0.00788775 1.         0.15945293 0.00990130566060543
27 0.10269776 0.24486476 1.         0.9373265  0.009814905002713203
24 0.02959363 0.50147617 0.408035   0.644964   0.00978428591042757
18 0.28999516 0.19471368 0.7730088  0.59499264 0.009781314991414547
22 0.25545722 0.         0.59161544 0.07029298 0.009566958993673325
1 0.06641317 0.16765511 0.76543355 0.47431612 0.00954754464328289
24 0.5971331  0.36655715 0.905707   0.79581046 0.009467680007219315
25 0.         0.7068448  0.61418223 0.9377335  0.009388206526637077
24 0.         0.16801362 0.23223415 0.39272463 0.009375792928040028
5 0.        0.        0.6478291 0.8978514 0.009284764528274536
20 0.0493855  0.82553184 0.45753512 0.9792892  0.009279242716729641
14 0.0402481  0.8172434  0.41257337 1.         0.009234202094376087
25 0.         0.33376154 0.5902093  0.62296855 0.009130379185080528
38 0.8021352  0.00241277 0.9989956  0.08195713 0.008810970932245255
21 0.108803   0.16747092 0.57268226 0.45829043 0.008791031315922737
33 0.         0.8488121  0.32532528 1.         0.008760008029639721
1 0.01957152 0.20295492 0.28462103 0.7303235  0.008695757947862148
21 0.20937991 0.11105327 0.45807964 0.6296413  0.0086887301877141
38 0.         0.85028774 0.33030438 1.         0.008665798231959343
6 0.2798338  0.         0.55887526 0.13331145 0.008630900643765926
33 0.70327383 0.26556873 1.         1.         0.008605161681771278
25 0.         0.12554108 0.66136885 0.5322131  0.008585718460381031
38 0.         0.81441873 0.51750106 1.         0.008473784662783146
1 0.14406118 0.         1.         0.6377544  0.00844978354871273
1 0.         0.03175529 1.         0.55015624 0.008410695940256119
41 0.18823408 0.26804715 0.6151412  0.6394866  0.00840044766664505
1 0.       0.       1.       0.394131 0.008331834338605404
18 0.25559127 0.27137268 0.8271179  0.6980068  0.008302472531795502
24 0.10459568 0.16655955 0.34145802 0.5109404  0.008207050152122974
38 0.40308854 0.0087438  0.9356201  0.21590345 0.008126353845000267
25 0.         0.3730283  0.34884363 0.58336514 0.008059804327785969
1 0.         0.10907611 0.65167093 0.4347588  0.008024761453270912
2 0.08497866 0.08528097 0.7671508  0.43973437 0.00788381788879633
24 0.11541609 0.37800696 0.6236127  0.55538297 0.007809092290699482
27 0.5340507  0.10944799 1.         1.         0.0077089304104447365
29 0.6924628  0.30283156 0.9982413  0.9730049  0.007493902463465929
23 0.02829931 0.15662232 0.65628684 0.8185728  0.0074294134974479675
21 0.16329254 0.07266746 0.41145337 0.5689435  0.007338471710681915
25 0.         0.329759   0.35680765 0.510849   0.00709637301042676
25 0.         0.139032   0.45558813 0.43419394 0.007019904442131519
10 0.7607513  0.13542858 0.9874591  0.81151    0.007005218882113695
24 0.14853226 0.40165082 0.35739762 0.6491723  0.006995264440774918
22 0.29293072 0.         0.5584238  0.10324584 0.006863789167255163
1 0.         0.59854966 0.7736269  0.9617989  0.006842521484941244
18 0.14890257 0.11950181 0.6125089  0.72595084 0.0067540183663368225
24 0.02596031 0.15836723 0.6752811  0.53460425 0.00675223907455802
1 0.11574074 0.         0.8575373  0.41658753 0.006637232843786478
2 0.06307116 0.01670303 0.39663273 0.5204998  0.006636640522629023
4 0.         0.20658496 0.5904069  0.68087137 0.006591511890292168
1 0.0358391  0.16508508 0.30691615 0.5615201  0.0065877060405910015
33 0.24500237 0.01044981 0.5910935  0.07710499 0.00652245944365859
40 0.00690435 0.03737508 0.6631788  1.         0.006504463963210583
25 0.         0.74984145 0.96392375 0.9448062  0.006462404038757086
41 0.6726104 0.3647653 1.        0.8966604 0.006310306489467621
4 0.06122976 0.20969133 0.8046472  0.60616034 0.006281252950429916
2 0.05836625 0.13790578 0.3125206  0.53267    0.006198363844305277
18 0.11157102 0.         0.7670495  0.89251244 0.006188615225255489
25 0.         0.42938438 0.34262502 0.6460145  0.006031841970980167
25 0.         0.26742983 0.66061187 0.56437063 0.006000721361488104
24 0.47321194 0.28723714 0.895754   0.730051   0.005915381480008364
7 0.09569295 0.0579671  0.551366   0.6830356  0.005896706134080887
24 0.05077174 0.24169205 0.51523614 0.5855314  0.005884328857064247
42 0.56867313 0.19181834 0.9279628  0.84073496 0.005807087291032076
1 0.        0.        0.6070867 0.6724336 0.005789518356323242
7 0.05642624 0.02674362 0.48289064 1.         0.0057887183502316475
38 0.0727369  0.01121711 0.8487299  0.16306233 0.005726258736103773
24 0.07863752 0.47196707 0.53609735 0.62228006 0.0056546712294220924
1 0.17982212 0.7131456  0.5688961  1.         0.005617852322757244
22 0.33570096 0.         1.         0.14043693 0.00557632464915514
1 0.0455852  0.7111737  0.49950308 1.         0.005552357062697411
24 0.01220634 0.42003563 0.2915715  0.56165457 0.005478205159306526
2 0.05577754 0.         0.30426115 0.6875709  0.005451825447380543
5 0.         0.         0.49947113 0.6544915  0.005376193206757307
1 0.10459371 0.27971834 0.46816322 0.9058793  0.005352433305233717
33 0.27730724 0.01586139 0.5634744  0.10772733 0.005343597382307053
10 0.30908895 0.26875925 1.         0.6011116  0.005323818884789944
25 0.         0.1966286  0.3531398  0.40603805 0.00526039581745863
41 0.2767526  0.27159044 1.         0.63949114 0.005251873750239611
6 0.         0.7887223  0.23182185 1.         0.005219293292611837
29 0.5264181  0.34787393 1.         0.8783674  0.005197230726480484
41 0.17846373 0.21429968 0.817334   0.594967   0.005175188649445772
42 0.07880292 0.27957    0.75518334 0.76678896 0.005133309401571751
10 0.64294714 0.22557376 1.         0.6267432  0.005104612093418837
41 0.86981    0.27414623 1.         0.5610815  0.00508873350918293
41 0.7417274  0.29069442 1.         0.76970255 0.0050708455964922905
24 0.01128199 0.23340933 0.4813292  0.44579974 0.005045309197157621
25 0.         0.26998186 0.46642935 0.63398093 0.00501845870167017
2 0.5756808  0.08344679 0.9188052  0.8148262  0.004977176431566477
24 0.19462177 0.18761235 0.88498956 0.60925955 0.004973890259861946
7 0.3985531  0.13129407 1.         0.7510651  0.0049152737483382225
25 0.         0.21299642 0.61327535 0.43858007 0.004718593787401915
33 0.         0.82352597 0.5011722  1.         0.00468449667096138
4 0.         0.16099375 1.         0.6705181  0.0046266112476587296
6 0.907535   0.92074966 1.         1.         0.004626150708645582
14 0.05625805 0.79823023 0.21206994 1.         0.004603871144354343
25 0.         0.23131679 1.         0.7017888  0.00453786039724946
25 0.         0.15048172 0.34085837 0.35499212 0.004519765265285969
20 0.03392296 0.74770594 0.31770372 0.9745862  0.004481035750359297
1 0.03091512 0.3305395  0.3133217  0.82029134 0.00446846941486001
18 0.25534546 0.07517807 0.6599233  0.60554236 0.004411898087710142
40 0.        0.        1.        0.9171023 0.004355946555733681
24 0.07673632 0.17401886 0.63272756 0.42365766 0.004354577977210283
41 0.31956568 0.6322998  1.         0.92259544 0.0043532829731702805
41 0.2664977  0.52196616 0.9726217  0.8218199  0.004352897871285677
6 0.40360084 0.         0.9050199  0.25263816 0.004347326699644327
38 0.14925747 0.00884134 0.6966954  0.22833522 0.004342389293015003
38 0.         0.01326728 0.16556157 0.0807968  0.0043211691081523895
23 0.         0.22039439 0.5242842  0.8825336  0.004305791109800339
19 0.29403254 0.         0.51922745 0.08242004 0.004286881070584059
5 0.44705507 0.02314916 0.96897686 1.         0.0042540207505226135
10 0.10973676 0.3340265  0.912599   0.6236332  0.004239378031343222
1 0.09907456 0.6439586  0.99951035 1.         0.004191407468169928
1 0.00288015 0.38628855 0.96404064 0.93769056 0.004170380532741547
41 0.08181053 0.29756334 0.52276635 0.83331525 0.0041324482299387455
1 0.04383329 0.5095963  0.75292176 0.8585542  0.004083533305674791
6 0.20181705 0.         0.88072014 0.19410427 0.004080380313098431
24 0.06515892 0.5206636  0.48573172 0.6674496  0.004065679851919413
10 0.05613887 0.48815376 1.         0.7616003  0.004057197831571102
21 0.3115297  0.23798689 0.9647018  0.49456677 0.004035472869873047
25 0.        0.6287889 0.7190519 0.858644  0.003959416877478361
25 0.2672918  0.01150743 0.58099633 0.06994062 0.003951091319322586
24 0.02548917 0.11915363 0.51695853 0.44987398 0.003934175707399845
38 0.         0.01833002 0.4566512  0.16694666 0.003926238976418972
33 0.8228193 0.3204113 1.        0.8367137 0.003908886574208736
21 0.48812172 0.25199103 0.9958478  0.60998845 0.003897498594596982
1 0.85501784 0.31017646 1.         0.9715229  0.003857522504404187
4 0.11152059 0.2494239  0.91760194 0.7286449  0.003814178751781583
1 0.01298005 0.00487559 0.352974   0.8410194  0.0038071239832788706
22 0.         0.1683059  0.6588772  0.74940974 0.0037734920624643564
1 0.0733306  0.02364647 0.47840953 0.5173648  0.003759547136723995
38 0.85207814 0.         0.9974918  0.11189764 0.003723137779161334
22 0.43152252 0.         0.9005845  0.19239797 0.0036897724494338036
1 0.         0.29194763 0.56548613 0.6965846  0.003678613342344761
20 0.04211444 0.8624883  0.6053473  0.9752941  0.0035641761496663094
7 0.5004563  0.23570737 0.9030564  0.7727631  0.0035361996851861477
24 0.28195435 0.00548831 0.58058816 0.0688951  0.003517091739922762
27 0.         0.19348897 0.9651565  0.860261   0.003510627895593643
1 0.29552466 0.0656547  0.9409951  0.48179638 0.0034837424755096436
14 0.06100062 0.76482594 0.34100023 1.         0.00346749578602612
25 0.         0.45882183 0.32453725 0.8810171  0.0034648238215595484
1 0.00795705 0.13580543 0.3709245  0.4545185  0.0034509196411818266
41 0.86597466 0.24120913 1.         0.69618183 0.0034488968085497618
25 0.         0.34363225 1.         0.7235636  0.003422439331188798
38 0.7287566 0.0013578 1.        0.2262499 0.0034212491009384394
25 0.        0.1309321 1.        0.6194262 0.003413317957893014
7 0.8236232  0.12065478 0.9891566  0.76273286 0.0033798450604081154
25 0.         0.2587622  0.5205036  0.48827603 0.00330842612311244
5 0.12025335 0.17295998 1.         0.860823   0.0032966136932373047
23 0.         0.01558813 0.4145728  0.7969159  0.0032748421654105186
2 0.4357905  0.21659869 0.91145784 0.740788   0.0032725746277719736
42 0.19015852 0.16802648 0.9694146  0.61500645 0.0032034411560744047
41 0.19112486 0.19616733 0.43512523 0.6686558  0.003199242753908038
41 0.15222616 0.15811424 0.55986166 0.50115085 0.0031742346473038197
6 0.         0.9096613  0.14308731 0.99971926 0.003159275045618415
24 0.00188216 0.08552619 0.40029323 0.40098104 0.0031483806669712067
1 0.52258825 0.         1.         0.4252288  0.0031468593515455723
5 0.         0.10320251 0.4838498  0.5052437  0.0031224519480019808
4 0.         0.1879149  0.46661398 0.5720791  0.0031127624679356813
25 0.         0.37228358 0.5281279  0.7138026  0.003102661343291402
14 0.29434183 0.00157058 0.5608538  0.07981109 0.0030797652434557676
20 0.02391893 0.9235638  0.18157417 0.9958774  0.003074693726375699
25 0.         0.45405367 0.6750076  0.7381063  0.0030562470201402903
25 0.         0.48851854 0.33699748 0.7023997  0.003052636981010437
18 0.6117846  0.19555321 1.         0.7238489  0.003046714700758457
25 0.29966146 0.018133   0.54104626 0.10027342 0.003045904217287898
41 0.23357694 0.5064911  0.68690777 0.75477624 0.0030336591880768538
21 0.60345185 0.23749325 0.95636743 0.5037595  0.0030264416709542274
1 0.3291623 0.0102174 0.595217  0.0807893 0.002994733862578869
40 0.         0.03030541 0.73316896 0.7075716  0.0029870104044675827
18 0.15488002 0.08990181 0.438028   0.7036767  0.0029759921599179506
2 0.18387389 0.37539878 0.60509855 0.69676656 0.0029650037176907063
18 0.64074594 0.         1.         0.7857656  0.0029648812487721443
5 0.         0.20614997 0.6494328  0.5517852  0.0029529931489378214
4 0.11880662 0.26627383 0.45421815 0.7997343  0.0029316970612853765
21 0.60248804 0.08688388 0.9519623  0.74559915 0.0029003166127949953
7 0.6460296  0.2187559  0.95735514 0.64484143 0.0028716183733195066
22 0.         0.04879641 0.49920025 0.45622844 0.0028601998928934336
35 0.32182115 0.01238362 0.54651874 0.11635717 0.0028559339698404074
27 0.01843102 0.20202388 0.60277987 0.8389605  0.0028446714859455824
24 0.         0.10305762 0.27031887 0.35099325 0.0028418235015124083
24 0.8243241  0.38721535 0.9709124  0.7668494  0.002832394326105714
41 0.5746572 0.6512149 1.        0.9255587 0.00282945460639894
27 0.00903427 0.15602578 0.47680548 0.5153683  0.0028268033638596535
6 0.         0.         0.6720752  0.19942345 0.0028237842489033937
41 0.4870932  0.17604047 1.         0.7488661  0.0028223495464771986
18 0.32549503 0.         1.         0.6140214  0.002814059378579259
19 0.32094207 0.00192008 0.5011141  0.11932139 0.0027594687417149544
18 0.25608167 0.11809591 0.78080606 0.47651023 0.0027541627641767263
33 0.         0.85423243 0.7174816  0.99779624 0.0027501555159687996
25 0.         0.5861075  0.32212177 0.80791515 0.002748561091721058
35 0.29840544 0.01167963 0.5763918  0.08122764 0.0027484330348670483
1 0.47017518 0.02338125 1.         0.6492963  0.002743972698226571
27 0.30185685 0.00448412 0.5367137  0.06236361 0.0027173999696969986
27 0.00429086 0.8545689  0.27092046 0.9717265  0.002711133100092411
38 0.90718    0.004562   0.99299645 0.05486135 0.0027082962915301323
5 0.         0.         0.36489806 0.6989426  0.0027013388462364674
6 0.80413723 0.         1.         0.10281313 0.002692459151148796
41 0.50670403 0.32406875 1.         0.6444556  0.002667046617716551
34 0.         0.8107103  0.47481966 0.97920597 0.0026637117844074965
25 0.         0.29320228 0.87727237 0.5160456  0.0026624538004398346
24 0.14495902 0.55541205 0.5436342  0.6856641  0.002649652538821101
6 0.         0.7370248  0.32033452 1.         0.002648398745805025
41 0.27949417 0.4540953  0.87894505 0.7682989  0.0026471407618373632
10 0.10957284 0.277931   0.5072734  0.6765503  0.00263513857498765
20 0.02847537 0.75217503 0.176039   0.9612324  0.0026096024084836245
41 0.11291737 0.18968607 0.36630946 0.6242379  0.002601700136438012
1 0.04581735 0.20015165 0.3407979  1.         0.002595431637018919
41 0.70822084 0.54788005 1.         0.8515373  0.002592611825093627
24 0.01808029 0.46490043 0.29272363 0.60884637 0.002583702327683568
2 0.08222542 0.         0.52219385 0.4806652  0.0025792184751480818
7 0.13406703 0.06044162 1.         0.6525752  0.002573948120698333
32 0.55728346 0.04529627 1.         0.75598484 0.0025692477356642485
40 0.05278979 0.05511032 0.53678    0.8331292  0.0025691762566566467
