21 0.25635016 0.5844217  0.5048333  0.9613794  0.5274239182472229
34 0.47701153 0.1196872  1.         0.53944206 0.4882679283618927
34 0.4860698 0.3010487 1.        0.7006112 0.35678577423095703
34 0.24436137 0.17000745 1.         0.70186955 0.34069758653640747
34 0.45914882 0.2012133  0.83671325 0.6911464  0.29173243045806885
21 0.32029876 0.84647137 0.51558846 1.         0.2908634841442108
21 0.02718928 0.523071   0.5332785  0.9304991  0.259929895401001
21 0.3437054  0.83535355 0.7957337  0.9973975  0.2516699433326721
21 0.20222652 0.6791297  0.7661053  0.9666911  0.22049987316131592
41 0.36145017 0.09160912 0.80642647 0.73634785 0.21957197785377502
41 0.17806715 0.13576579 1.         0.7803059  0.2190243899822235
21 0.28376454 0.5301209  0.76942754 0.93674237 0.20991367101669312
10 0.28651348 0.8494462  0.66487074 0.9967153  0.202509805560112
34 0.26180974 0.26766762 1.         0.8995472  0.19813255965709686
41 0.26998243 0.31473532 0.9433402  0.74084425 0.18581944704055786
34 0.33187813 0.4051983  1.         0.81610996 0.17932312190532684
10 0.         0.81680346 1.         0.98647064 0.1557229459285736
34 0.40281087 0.1499642  1.         0.42355123 0.1503870040178299
10 0.08468486 0.74210435 1.         1.         0.13985422253608704
1 0.29303747 0.0224338  1.         0.29726186 0.1363835632801056
1 0.39464185 0.00275492 1.         0.58913845 0.12436974793672562
34 0.17644568 0.06981155 1.         0.49096426 0.12007827311754227
21 0.17047922 0.77778673 0.477015   0.9846653  0.10574004799127579
34 0.4496484  0.08222911 0.7929868  0.53505886 0.10285510867834091
10 0.07701614 0.65649027 0.7363413  0.9928098  0.10231323540210724
21 0.3019128  0.44477654 0.5568578  0.9310715  0.10141673684120178
10 0.27822667 0.5765843  0.6123605  1.         0.09704021364450455
41 0.27292743 0.08971972 1.         0.349898   0.09392525255680084
34 0.24751318 0.6240124  0.97396    0.92472863 0.09361357986927032
41 0.07405734 0.6291203  0.80471265 0.94549316 0.09275153279304504
21 0.18314306 0.85328406 0.6928219  0.9964856  0.09002798795700073
2 0.2959558 0.4058146 0.943934  1.        0.08690595626831055
10 0.72159094 0.75338626 1.         1.         0.08687382191419601
10 0.0472021  0.28704372 0.8086505  0.90785605 0.08331584930419922
34 0.32103312 0.05706211 0.8281152  0.45502543 0.0823422223329544
21 0.11916357 0.6077865  0.67069876 0.9402359  0.08231739699840546
4 0.0308253  0.60595655 1.         1.         0.08162714540958405
34 0.556884   0.08860291 0.961202   0.61712325 0.0799778625369072
21 0.8216566  0.68542266 0.9366252  1.         0.0793268159031868
34 0.3839365  0.16718063 0.8716193  0.5580155  0.07727395743131638
7 0.         0.20637833 0.8479276  0.8412919  0.07685072720050812
21 0.7735619  0.78575927 0.9083262  1.         0.07483041286468506
21 0.06317034 0.32768837 0.6543478  0.93080956 0.07466419786214828
21 0.12982821 0.8066652  0.5938565  0.9930297  0.07401673495769501
4 0.         0.58976644 0.8086194  1.         0.07349129021167755
40 0.09719107 0.         1.         1.         0.07056999206542969
34 0.13096003 0.06173344 1.         0.31472445 0.06953570991754532
10 0.79636145 0.64434195 1.         1.         0.06846941262483597
21 0.08670038 0.6354338  0.47488475 0.973209   0.0639515370130539
34 0.57397777 0.23696743 0.97492903 0.52662426 0.06169354170560837
34 0.3735352  0.31861246 0.879818   0.69978386 0.060210440307855606
4 0.         0.70740867 1.         1.         0.05953476205468178
34 0.5734753  0.36068147 0.96806043 0.6637954  0.05825815722346306
1 0.5503245  0.         0.9823117  0.65119666 0.05796611309051514
41 0.26737124 0.6280545  1.         0.91071534 0.05607879161834717
10 0.56089747 0.7998365  1.         1.         0.05601993575692177
34 0.35023078 0.2760694  1.         0.5734703  0.05586012825369835
41 0.16721757 0.4429299  1.         0.8939299  0.05584694445133209
1 2.8337994e-01 9.0016052e-04 9.9527425e-01 1.6562256e-01 0.05564388632774353
41 0.06407283 0.08167887 1.         0.55169475 0.055594686418771744
41 0.         0.0367565  0.93131673 0.3848224  0.05503242835402489
41 0.2881318  0.06327286 0.9505593  0.5154472  0.05406700447201729
1 0.36085293 0.         1.         0.24814011 0.0540400855243206
41 0.19649193 0.6269347  0.64204    0.99899876 0.05289118364453316
21 0.36414245 0.725085   0.8045795  0.96528524 0.050848353654146194
24 0.22600472 0.645463   0.53157717 0.96115655 0.04770882800221443
10 0.25042716 0.5688267  0.78640515 1.         0.04620010033249855
10 0.         0.8295947  0.83371156 0.9735314  0.045120302587747574
41 0.2661749  0.5555405  0.70812166 0.96078056 0.044868241995573044
40 0.13835993 0.47105083 1.         1.         0.04465195909142494
34 0.5838847  0.21015511 0.99416983 0.8273076  0.0443863719701767
34 0.19887927 0.09835494 0.96471775 0.37898815 0.044187672436237335
1 0.36130676 0.12714393 1.         0.76170594 0.043916355818510056
10 0.01321299 0.7751067  0.7911345  0.9948628  0.043600935488939285
2 0.3886518  0.01928619 0.96681684 0.9277348  0.042782075703144073
10 0.05546143 0.53827596 1.         0.9775681  0.04219702258706093
34 0.26226196 0.6068669  0.66095716 0.94453186 0.0418066531419754
34 0.50429064 0.34717554 1.         0.94183147 0.04151599854230881
4 0.2140707  0.16627721 1.         0.96429163 0.04122019186615944
21 0.         0.06302112 0.74427605 0.7417965  0.040731340646743774
34 0.30819282 0.5095577  0.8439071  0.75512564 0.039905693382024765
41 0.34053567 0.         0.76258457 0.6087688  0.03949176147580147
21 0.29409832 0.6499926  0.5277712  0.9287436  0.039458099752664566
34 0.2705519 0.6780958 0.5807217 1.        0.039253298193216324
10 0.08592685 0.45355648 0.73904216 0.94180465 0.038882579654455185
33 0.15524669 0.05955495 0.99237144 0.78215575 0.03880614787340164
21 0.20008683 0.7124833  0.52253246 0.9750739  0.03768781200051308
21 0.33594358 0.87839407 0.54879165 0.99625707 0.03735567256808281
41 0.40341184 0.39162356 0.97539675 0.7010898  0.03713078796863556
18 0.2260555  0.63645786 1.         0.9779299  0.036607686430215836
41 0.8174535  0.66050893 1.         0.9569504  0.03560836240649223
1 0.42654246 0.00862339 1.         0.3904658  0.03497370705008507
40 0.23150928 0.         0.9512271  0.99854046 0.034755706787109375
1 0.35164836 0.5555197  1.         0.8726471  0.03419850766658783
18 0.72141176 0.7485776  0.97239685 1.         0.03331077843904495
34 0.4607356  0.03173756 0.9968954  0.31732595 0.033220916986465454
41 0.30100352 0.8648752  0.68169546 0.99820447 0.03229274973273277
21 0.06355578 0.487339   0.593486   0.7930617  0.032084111124277115
18 0.16618317 0.72146195 0.6673515  0.93996227 0.03183925524353981
18 0.7888211 0.5661728 0.9710284 1.        0.03170005604624748
24 0.06018285 0.12914728 1.         0.35878164 0.03162078559398651
21 0.6558439  0.77686614 0.8758634  1.         0.031478915363550186
24 0.1651769  0.09095816 1.         0.2791557  0.0313507504761219
18 0.13569544 0.5816876  0.64740485 0.91137415 0.02975354716181755
21 0.16162619 0.20416446 0.7103742  0.84542644 0.029559792950749397
10 0.01774615 0.17925301 0.84700483 0.73953086 0.02917388267815113
34 0.0015712  0.15646134 0.86897665 0.6978089  0.028991563245654106
21 0.28370792 0.6151355  0.47728658 0.8196688  0.028642600402235985
1 0.18620321 0.         1.         0.43972525 0.02832186408340931
7 0.         0.38042063 0.8892266  1.         0.02822742611169815
41 0.17375779 0.7219875  1.         0.9630357  0.028176115825772285
18 0.31132087 0.8734551  0.55910003 0.9917598  0.028004886582493782
1 0.3260462 0.3757373 1.        0.7538549 0.027992209419608116
34 0.29138163 0.51424015 0.7190071  0.87334484 0.027984168380498886
21 0.02967646 0.75256586 0.47913417 0.9902558  0.02765567973256111
34 0.5029985  0.19945298 1.         0.4634162  0.02746664173901081
10 0.3148772 0.4701504 0.6767389 0.973867  0.02709161303937435
24 0.7621347  0.03821765 0.96053314 0.14811334 0.02663421630859375
41 0.1904829  0.54638934 1.         0.77786946 0.026614008471369743
34 0.1264128  0.4595246  0.9685801  0.89091575 0.026477282866835594
21 0.7045721 0.8166521 0.9174751 1.        0.02638920024037361
21 0.4405592  0.81619024 0.88715017 0.9981161  0.026371998712420464
34 0.06557091 0.04612847 0.8597384  0.21946028 0.026291754096746445
7 0.01858943 0.08798701 1.         1.         0.025549940764904022
34 0.3375178  0.37242097 1.         0.66157776 0.025384608656167984
41 0.34721527 0.30093265 0.7888789  0.8441169  0.025261135771870613
24 0.6913853  0.031974   0.94166046 0.11382482 0.025258498266339302
1 0.36421478 0.43464762 0.6802104  0.9379517  0.025185395032167435
21 0.19984406 0.45357028 0.6316003  0.8945957  0.02511529251933098
2 0.21374303 0.44022402 0.6868016  0.98622686 0.02508726716041565
1 0.16394521 0.6019494  1.         0.9626108  0.024830223992466927
9 0.23378141 0.15686257 0.86828077 0.89606875 0.024803632870316505
2 0.25930312 0.54391736 0.57389355 0.96142864 0.02469662018120289
18 0.6103693  0.7977667  0.99822015 1.         0.024383550509810448
10 0.04382556 0.54791087 0.77681875 0.8481542  0.024343866854906082
4 0.         0.40686217 1.         1.         0.024080516770482063
1 0.24328534 0.5730608  0.75714856 0.94677645 0.023267967626452446
1 0.10012955 0.5009621  1.         0.8537007  0.023064296692609787
34 0.2580023  0.03014806 0.74446654 0.33404395 0.022451912984251976
1 0.12373055 0.5726408  0.926655   0.8707237  0.02221248298883438
24 0.17088291 0.7129463  0.64375335 0.97953624 0.02161083184182644
10 0.40157962 0.14970838 0.67093384 0.7193569  0.021244557574391365
41 0.22098026 0.25419366 1.         0.59040225 0.021101878955960274
10 0.29865316 0.31996474 0.7316932  0.7495291  0.020904429256916046
18 0.32549924 0.8264836  0.9833716  0.9891379  0.020818833261728287
24 0.35570005 0.04935732 1.         0.14897023 0.020571362227201462
1 0.18663953 0.45565808 0.70140487 0.83424765 0.02049330249428749
24 0.3992318  0.36781707 0.7043647  0.7098348  0.020160172134637833
1 0.49311057 0.27510345 1.         0.69993305 0.020108666270971298
34 0.         0.03726162 0.92797387 0.26079932 0.0197784174233675
7 0.22762734 0.3473856  0.70467776 0.85807997 0.019724257290363312
4 0.19380806 0.5324743  0.64188826 1.         0.01968305930495262
1 0.4605628  0.24492842 0.80186224 0.75508386 0.019620025530457497
41 0.8160112 0.0325153 1.        0.2288002 0.01948547177016735
10 0.298744   0.62618476 0.58042645 0.91500187 0.01934162899851799
1 0.333352   0.6092733  0.5673087  0.86945975 0.019220298156142235
41 0.11394903 0.7606062  0.8147202  0.9848729  0.01897912099957466
40 0.        0.        1.        0.5873952 0.018891597166657448
41 0.38411984 0.48840746 1.         0.7636986  0.0188557468354702
34 0.15980497 0.6594729  0.5979045  0.9577402  0.018827570602297783
24 0.2386467  0.7074834  0.50723433 0.8687259  0.018770860508084297
18 0.3990716  0.         0.98251486 0.9224115  0.01874690130352974
18 0.08825399 0.43774924 0.74302965 0.860209   0.01840178668498993
7 0.06483218 0.5519629  0.9000631  1.         0.018353711813688278
7 0.02778796 0.60647595 0.5653044  1.         0.018048694357275963
18 0.18373488 0.80104786 0.83469933 0.979156   0.01780617982149124
41 0.45419592 0.14763975 0.8898826  0.66657615 0.01774163544178009
18 0.6759612 0.842901  1.        1.        0.017356036230921745
10 0.2530771 0.6551446 1.        0.9993509 0.0171954482793808
2 0.5616076  0.08414383 0.9976988  0.80646735 0.01710313931107521
1 0.26208034 0.54103875 0.56111956 0.9410203  0.017092809081077576
7 0.         0.06040329 0.7822886  0.4570375  0.016748452559113503
41 0.16859508 0.01544387 0.7934242  0.25181228 0.016610458493232727
24 0.09875423 0.66124046 0.9612801  1.         0.016392387449741364
33 0.18154679 0.62809414 0.63817656 0.963773   0.016378160566091537
41 0.22071137 0.         0.76872194 0.3712551  0.01633770577609539
1 0.35894585 0.4984308  0.8525455  0.8945849  0.01630689762532711
18 0.1828208 0.5022487 0.9122329 0.942677  0.01630575582385063
24 0.11276101 0.6316718  0.69713306 0.94583255 0.015873201191425323
41 0.25798318 0.8440142  1.         0.9721386  0.015701565891504288
27 0.8280791 0.6669065 1.        1.        0.015614503994584084
24 0.20269966 0.06403801 0.9532525  0.21290019 0.015522686764597893
2 0.28030097 0.41088915 0.8374118  0.84614295 0.015404600650072098
24 0.03029973 0.26884404 0.9515648  0.9396505  0.015159571543335915
1 0.42402026 0.29953024 1.         0.6463001  0.015149385668337345
27 0.26596946 0.57764375 1.         1.         0.015034228563308716
18 0.29737812 0.61747164 0.5877053  0.9297856  0.015023366548120975
40 0.17807165 0.2661946  0.85819113 0.8651982  0.014936468563973904
33 0.05935514 0.53293794 0.7488413  0.97269005 0.014935530722141266
34 0.56196177 0.39586484 1.         0.7700493  0.014895541593432426
24 0.26461244 0.20433734 1.         0.739056   0.014820479787886143
10 0.6171972  0.68021464 1.         1.         0.0147154675796628
10 0.         0.03859647 0.83109486 0.36402085 0.014714826829731464
1 0.37161002 0.53333277 1.         0.7607771  0.014621881768107414
34 0.39585024 0.05282265 0.70282674 0.5790065  0.014313300140202045
10 0.00847616 0.7325878  0.54285944 0.9898484  0.014249416999518871
25 0.         0.6794585  1.         0.94007725 0.014160418882966042
33 0.4312819  0.22779481 0.71397924 0.7592924  0.01398024894297123
7 0.08948331 0.7123519  0.9359319  1.         0.013892089016735554
41 0.23982804 0.6376358  0.56912446 0.89867026 0.013737883418798447
34 0.27996626 0.4038861  0.7711782  0.8023824  0.013119520619511604
21 0.26050583 0.3927288  0.59532773 0.81684136 0.012980314902961254
1 0.         0.         1.         0.35342407 0.01291869767010212
18 0.25594944 0.5589924  0.5614365  0.8869777  0.01291546132415533
24 0.36653835 0.22371474 0.72391087 0.6625637  0.012795217335224152
21 0.17924798 0.469153   0.6651948  0.7350494  0.012525785714387894
10 0.0530617  0.5266984  0.5885847  0.98293704 0.012455739080905914
1 0.47063997 0.80618644 1.         0.99578995 0.012438380159437656
16 0.3780063  0.38264838 0.89185774 0.8600214  0.01195795089006424
40 0.09771154 0.         1.         0.46117747 0.011896352283656597
41 0.13174179 0.52618223 0.7769175  0.9022984  0.011890116147696972
24 0.         0.71760416 0.6440082  0.8874512  0.011872531846165657
34 0.48633194 0.30867696 0.88641185 0.8461099  0.011855746619403362
25 0.10837619 0.47181    0.7080726  0.8800017  0.011748435907065868
7 0.14404109 0.41293097 0.7933332  0.77724934 0.011716693639755249
33 0.24400699 0.2428587  0.90132207 1.         0.011607491411268711
34 0.28604674 0.46472555 0.5832541  0.90644616 0.011588375084102154
41 0.14956482 0.15688132 1.         0.46694112 0.011535684578120708
21 0.74596226 0.636526   0.9180512  1.         0.011532661505043507
2 0.58062714 0.15381394 0.961008   1.         0.011490466073155403
1 0.3955911  0.392872   0.9124697  0.76562124 0.011364537291228771
10 0.8460998  0.88094604 1.         1.         0.0113047631457448
1 0.50467503 0.3924929  1.         0.64605844 0.01124989241361618
35 0.11851451 0.49584702 0.7879169  0.9793795  0.011211025528609753
24 0.09931183 0.12005059 1.         0.5685199  0.011176089756190777
7 0.11086095 0.02691266 1.         0.46419922 0.010978754609823227
10 0.28347558 0.3860429  0.88573927 0.9644808  0.010942511260509491
24 0.3562589  0.13389106 0.6905875  0.50177735 0.010804831050336361
18 0.71235436 0.53203654 0.99382305 1.         0.010766731575131416
1 0.44483286 0.07971848 0.7953463  0.61191434 0.01056868676096201
18 0.16452825 0.48853374 0.60657054 0.86234725 0.010539217852056026
5 0.72431004 0.34949836 0.97374547 0.93596375 0.0104673495516181
41 0.76707053 0.03044457 1.         0.15758532 0.010240023955702782
41 0.2740032  0.03789349 0.87333155 0.16411573 0.010148616507649422
4 0.0460111 0.2532892 1.        1.        0.009971157647669315
34 0.01717514 0.6260841  0.5847868  0.88598603 0.009958881884813309
18 0.40401605 0.         1.         0.52861917 0.009949121624231339
16 0.39928153 0.65250933 0.89090884 0.9004159  0.009920715354382992
25 0.7669562  0.6700164  1.         0.91935945 0.009905526414513588
1 0.47976702 0.48252243 1.         0.8628363  0.009815330617129803
18 0.38114303 0.75106883 0.99976486 1.         0.009776660241186619
2 0.13724715 0.05734647 0.9576349  0.74418044 0.009627769701182842
18 0.22399488 0.         1.         0.69177985 0.009544331580400467
21 0.2818162  0.25586498 0.642903   0.6846067  0.009491118602454662
33 0.34072134 0.30711165 0.7961594  0.7820614  0.009488786570727825
34 0.41423148 0.33894455 0.73505425 0.8957475  0.009464118629693985
41 0.26239353 0.47536892 0.899859   0.83831    0.009413870051503181
24 0.28245932 0.35806474 0.86894107 0.6727121  0.009350525215268135
16 0.15796372 0.5873786  0.68441665 0.87228334 0.009266517125070095
34 0.01925741 0.7021015  0.6628616  0.980825   0.009180160239338875
41 0.43274564 0.49762884 0.80229    0.7155752  0.009125448763370514
16 0.28324032 0.7361637  0.5044677  0.97781646 0.009104330092668533
24 0.2667779 0.4431073 0.7746905 0.7196494 0.009102566167712212
2 0.17910576 0.19326548 0.9961126  1.         0.0090003227815032
33 0.26390097 0.65171033 0.5352053  0.85856557 0.00895401369780302
34 0.17135084 0.5819334  0.7765176  0.8525512  0.008949731476604939
2 0.30229414 0.5790463  0.52998954 0.8636715  0.00893124658614397
24 0.50129133 0.06233562 1.         0.20723097 0.00876607745885849
33 0.30049872 0.56437814 1.         1.         0.008718394674360752
41 0.510715   0.3160439  0.93559635 0.9706587  0.008607767522335052
34 0.2693477  0.63000256 0.5070747  0.8514659  0.008586345240473747
7 0.20692997 0.5683664  0.6267356  1.         0.008506727404892445
41 0.40984187 0.1339763  0.91071117 0.4266248  0.008500944823026657
18 0.8071736 0.6908215 0.9636301 1.        0.008468919433653355
41 0.46514526 0.4754961  1.         0.8944719  0.008435447700321674
1 0.39191625 0.15237546 0.9538332  0.5219309  0.008405155502259731
21 0.6795303  0.65887    0.88476455 1.         0.008389024063944817
24 0.         0.31666833 0.8965023  0.7866421  0.008310621604323387
29 0.44128308 0.10621882 0.86680454 0.78534085 0.00822493340820074
5 0.79057026 0.56002057 1.         1.         0.00817712303251028
1 0.5488382  0.23708178 0.8903745  0.68827224 0.008065301924943924
2 0.31603435 0.31408164 0.6404013  0.99170405 0.008060256019234657
24 0.33303148 0.15036145 1.         0.41306    0.008024011738598347
40 0.11229162 0.02592489 0.7792219  0.95863587 0.008018768392503262
18 0.18132994 0.16005576 1.         0.8799189  0.00798580702394247
21 0.38780263 0.17298421 0.6201167  0.6685708  0.00796794705092907
5 0.07983501 0.40479365 1.         1.         0.007919587194919586
7 0.         0.         0.6531772  0.57963145 0.007897783070802689
18 0.31606168 0.         1.         0.36214775 0.007871931418776512
34 0.22623044 0.02013627 0.7310061  0.23078187 0.00786123238503933
10 0.2628687  0.03286076 0.60266393 0.36342114 0.00782639067620039
38 0.7289062  0.26736572 1.         0.7617822  0.007772225420922041
40 0. 0. 1. 1. 0.007758565712720156
4 0.16847253 0.50649047 0.89627576 0.9891448  0.007754313759505749
29 0.3995582  0.5660122  0.8447863  0.93567103 0.007736672181636095
24 0.6733555  0.05110101 0.9846125  0.18779063 0.007735281251370907
1 0.46024638 0.44532502 1.         0.6980478  0.007734804879873991
6 0.75443697 0.29700103 0.98850214 0.8559265  0.007694202940911055
1 0.59321725 0.39942798 1.         0.91443634 0.007670859806239605
1 0.3543838  0.67490757 1.         0.9291739  0.007567336317151785
34 0.62127924 0.13646865 0.9891146  0.39261785 0.007538079749792814
10 0.31482655 0.25066355 0.67527485 0.6571272  0.007532470393925905
16 0.37208432 0.10244606 0.8897807  0.50827557 0.007499003782868385
25 0.         0.6243076  0.7027884  0.90398043 0.007476016413420439
5 0.6744415 0.5083305 1.        0.9790626 0.007437573280185461
41 0.7375249 0.6071561 1.        0.9703691 0.0074305301532149315
24 0.27914074 0.24570464 0.8239848  0.570641   0.007417290937155485
7 0.01365529 0.46319887 0.63035494 1.         0.007411214988678694
41 0.31378084 0.76178944 0.99589264 0.97415257 0.007376186084002256
40 0.32394633 0.         0.6969718  1.         0.007320716977119446
