27 0.43496287 0.15259868 1.         0.8912369  0.1433335691690445
24 0.8809381  0.93512696 0.98416793 0.9985834  0.12524214386940002
24 0.91398376 0.9220948  0.99447596 1.         0.11931764334440231
24 0.9505766  0.9105161  0.99706465 1.         0.10750729590654373
24 0.57936245 0.7780311  0.96046    0.99194676 0.10654757171869278
24 0.91340876 0.89554864 0.9944701  0.976597   0.10421901941299438
24 0.88391674 0.8824344  0.9936468  1.         0.09536314010620117
24 0.840226  0.9127416 0.9905931 1.        0.09495437890291214
24 0.9331832  0.88269943 0.99625915 0.99384403 0.09447667747735977
24 0.8539237 0.9350328 0.9545314 0.9962136 0.09031019359827042
24 0.7421445  0.82950085 0.8776766  0.9966086  0.08149770647287369
24 0.83437943 0.9490277  0.97142714 0.9989474  0.07508406788110733
24 0.708005   0.8282056  0.95987976 1.         0.0749683603644371
27 0.44349167 0.20502959 1.         0.6247314  0.06823326647281647
24 0.9126906 0.8681345 0.9936513 0.9496858 0.0666709616780281
10 0.45013693 0.15095864 0.7870677  0.7793346  0.06431015580892563
27 0.31080756 0.08350108 1.         0.74023485 0.06291694939136505
27 0.5127355  0.19959684 0.9433005  0.713878   0.05806833505630493
24 0.64917874 0.7109711  0.92112416 0.9754222  0.05748831480741501
24 0.9324978  0.8552292  0.99612427 0.96612865 0.0551944337785244
24 0.84444606 0.91117555 0.912462   0.9951795  0.05420161038637161
24 0.82685155 0.93409944 0.92602086 0.9970926  0.053771693259477615
27 0.1206487  0.14953436 1.         0.9048761  0.050944045186042786
29 0.5669586  0.31977618 0.9370346  1.         0.05087197571992874
24 0.6888757 0.8817068 0.8701933 0.9999516 0.0487428642809391
38 0.5276001 0.8210279 1.        0.9972695 0.04788537696003914
24 0.8434891  0.85373545 0.99157625 1.         0.04551888257265091
27 0.74092656 0.18981577 1.         0.76414    0.04416496679186821
38 0.58395994 0.90551436 0.90964216 1.         0.04378649592399597
24 0.91475946 0.832601   0.9932893  0.9997122  0.04173387214541435
38 0.7190373  0.8261779  0.88583547 0.9951893  0.04165211319923401
1 0.48291016 0.78315836 0.9893786  1.         0.04095301032066345
27 0.5554362 0.0435657 0.9929811 0.6579908 0.04081520438194275
14 0.8180759  0.11086708 1.         0.77080774 0.03908573091030121
38 0.6516952 0.8751949 0.8904833 1.        0.03874668478965759
38 0.9235893 0.9302466 1.        0.998573  0.03701583296060562
27 0.6384834  0.22461945 1.         0.66350394 0.0361945740878582
27 0.34870777 0.76174855 0.9727881  1.         0.034630242735147476
41 0.44106448 0.2591831  0.80899376 0.6915117  0.03461929038167
38 0.94194543 0.90464216 1.         0.99798626 0.03419196233153343
24 0.566137   0.28728223 1.         0.9608296  0.033147942274808884
28 0.9299115 0.9334675 1.        0.9969925 0.03310918062925339
24 0.69678795 0.22194977 1.         0.9383097  0.03233307972550392
38 0.8676822  0.93031555 0.99907666 0.9988943  0.032266393303871155
28 0.87238294 0.93111026 0.99569494 0.9963865  0.03197255730628967
41 0.39593947 0.29002517 0.96806085 0.5848238  0.031738195568323135
10 0.93082625 0.9353063  0.99776876 0.9989825  0.031544290482997894
10 0.49668834 0.20836413 0.8613657  0.89641047 0.03138820827007294
24 0.9131642  0.84081614 0.992222   0.9197386  0.03018132597208023
10 0.35372832 0.2301573  0.8638837  0.72885054 0.02936716005206108
24 0.8349564  0.165835   0.9974241  0.80955213 0.029364267364144325
14 0.87402785 0.9355149  0.99493706 1.         0.028830599039793015
29 0.44777802 0.25033596 0.8693791  1.         0.02851918339729309
41 0.46302032 0.36039332 0.92789316 0.8201366  0.028515541926026344
14 0.90756017 0.9492205  1.         1.         0.02813476137816906
10 0.94837487 0.9120755  0.99741113 0.9992211  0.027617406100034714
24 0.93297416 0.827138   0.9942262  0.93471724 0.026532340794801712
38 0.5507753 0.2817276 1.        0.8446024 0.025983354076743126
33 0.1241479  0.03955124 1.         0.9453292  0.025780469179153442
27 0.8801764  0.93343693 0.9787836  0.9988851  0.025729646906256676
21 0.         0.17795509 0.6695546  0.74683046 0.025572752580046654
27 0.91402143 0.92079675 0.99208194 0.99661565 0.025416133925318718
21 0.03596011 0.149842   0.86954916 0.66661155 0.02527633123099804
28 0.9486985 0.9114728 1.        0.9961601 0.024885302409529686
10 0.23853636 0.21014127 0.9233837  0.9290941  0.02412065677344799
38 0.8184396  0.94524384 0.9946979  0.99868727 0.02399357780814171
14 0.9465265 0.9120813 0.9998753 1.        0.02371048927307129
31 0.9156462  0.941379   1.         0.99583375 0.023669401183724403
14 0.90922946 0.8958161  0.9943123  0.9803343  0.023320022970438004
27 0.93423414 0.9341042  0.9963952  0.99703145 0.023178279399871826
10 0.87758565 0.93269086 0.9900246  0.99987674 0.02263893187046051
14 0.92925084 0.88317853 0.9972     0.9961546  0.02257290668785572
28 0.82803464 0.9054361  1.         0.9951049  0.022515052929520607
38 0.6213257  0.70545435 0.96763694 0.9978787  0.022115789353847504
31 0.8863858 0.9251811 1.        0.9950155 0.022030428051948547
14 0.8281074  0.91343546 1.         1.         0.022018922492861748
33 0.776498   0.27629748 0.98855734 0.7770337  0.022009944543242455
10 0.5286659 0.2701115 0.8551579 0.7191607 0.021948689594864845
14 0.87665427 0.8802225  1.         1.         0.02179180085659027
13 0.7627721  0.23432666 0.95740825 0.8294503  0.021693749353289604
14 0.8249699 0.9501291 0.9942163 0.9997444 0.021583113819360733
38 0.92085123 0.87548333 1.         0.98756236 0.021579742431640625
24 0.78367007 0.82336193 0.9288867  0.9943875  0.021229146048426628
25 0.8688887  0.94005203 0.99106866 0.9972708  0.020995071157813072
38 0.8153078 0.9068409 1.        0.9973929 0.020555034279823303
38 0.8982053 0.8914779 1.        0.9736689 0.02029440924525261
24 0.45743847 0.79733956 0.86808014 0.98057234 0.020224738866090775
27 0.8515646 0.9325856 0.9503326 1.        0.020212503150105476
25 0.902836   0.95286816 1.         0.9981011  0.01985129341483116
10 0.41690582 0.         0.82577324 0.85666555 0.019643733277916908
27 0.9508432  0.9083899  0.99841607 0.9963682  0.019538909196853638
25 0.90384614 0.9277194  1.         0.9945511  0.018728554248809814
13 0.47707123 0.20116992 0.9335551  0.9688679  0.018632695078849792
24 0.7364884  0.87389934 0.9158824  1.         0.018629420548677444
31 0.94921386 0.8983776  1.         0.9967262  0.018623225390911102
4 0.0527239  0.29319048 0.9863658  0.8397871  0.018521323800086975
24 0.7303284 0.2513232 0.9989582 0.6884199 0.01808208040893078
3 0.48342073 0.31268963 0.90543675 0.94248194 0.0180647075176239
28 0.90718895 0.8943045  1.         0.9712174  0.018056677654385567
1 0.62069696 0.19798765 1.         0.87382674 0.018034692853689194
24 0.7760661  0.75247705 0.98072594 0.99405783 0.017883040010929108
10 0.8227653  0.94724447 0.9869704  0.99839705 0.017664821818470955
16 0.87549216 0.9370366  0.97462    0.9963635  0.017549635842442513
24 0.82041913 0.90962934 0.88775027 0.9932013  0.017400382086634636
27 0.9126396  0.89236623 0.9896619  0.9687672  0.017365500330924988
38 0.8620788  0.87330985 1.         0.997858   0.01735493913292885
24 0.         0.3534256  0.5935898  0.60326856 0.017336824908852577
21 0.21800439 0.20079954 0.9840253  0.74272776 0.01728925295174122
28 0.8737664  0.87543887 1.         0.9941146  0.017017122358083725
16 0.908137   0.95011467 0.98808575 0.99763644 0.016783231869339943
29 0.26822734 0.2795838  0.798494   0.9482964  0.01670294813811779
27 0.8367864  0.909145   0.98552287 1.         0.01642237976193428
41 0.52394706 0.32112902 0.9554037  0.6445453  0.016383051872253418
40 0.        0.0369343 1.        1.        0.016372395679354668
27 0.9330309  0.87889975 0.99497366 0.9808362  0.01599154993891716
24 0.70641065 0.9090125  0.945865   1.         0.01587940938770771
16 0.9287967  0.9376519  0.99226576 0.9972332  0.0157716516405344
14 0.91097224 0.86757517 0.9922747  0.953247   0.015589017421007156
25 0.9444504 0.9154755 1.        0.9927552 0.015477518551051617
7 0.17099747 0.23599589 1.         0.9464819  0.015456407330930233
27 0.55306244 0.20715462 1.         0.54215616 0.015409449115395546
14 0.9305464 0.8555472 0.9939951 0.9686128 0.015354244038462639
25 0.8163093  0.95257825 0.9839595  0.99962515 0.015336650423705578
15 0.43884534 0.30785662 1.         0.8139799  0.015322073362767696
24 0.77777183 0.8753282  0.9814793  0.99895287 0.014992213808000088
24 0.27287388 0.31295046 0.9221157  0.7864836  0.014962186105549335
27 0.8826694 0.8760554 0.9888075 0.9991019 0.01473630778491497
10 0.93261355 0.8843037  0.9956578  0.9880928  0.014556408859789371
24 0.93438476 0.7964019  0.99171346 0.9030482  0.014393957331776619
2 0.8311487  0.10574392 1.         0.77596986 0.014335386455059052
24 0.91491896 0.8116724  0.9888012  0.8882594  0.01425990741699934
27 0.47190267 0.3503261  1.         0.7414643  0.014197123236954212
14 0.8206201  0.9358078  0.94467145 1.         0.0141480453312397
10 0.6264919  0.2111361  0.8996403  0.93060863 0.014141881838440895
1 0.71403843 0.8340438  0.86738515 1.         0.014138731174170971
13 0.9018734  0.9174406  1.         0.99973536 0.014063908718526363
10 0.8329741 0.9104718 0.9997514 0.9990092 0.014041378162801266
24 0.8026732  0.93422264 0.90062535 0.99578494 0.01392246875911951
35 0.8587449  0.9307302  0.9677901  0.99602604 0.013780567795038223
25 0.9028403  0.90028006 1.         0.9689434  0.013639618642628193
1 0.9522175  0.90965265 0.9953086  1.         0.013402626849710941
40 0.34974596 0.17767672 1.         0.9627577  0.013372106477618217
28 0.50170934 0.4085781  0.97393924 0.97107697 0.013299771584570408
14 0.9110664  0.8275722  0.99610263 1.         0.013294671662151814
24 0.6111087  0.29599062 1.         0.73054314 0.013245055451989174
16 0.8329332 0.9483598 0.9602279 0.9963664 0.013237521052360535
14 0.8400645  0.91318005 0.92513025 1.         0.013203350827097893
20 0.8506889 0.9515726 0.9756914 0.9948231 0.013141870498657227
1 0.937397  0.9339966 0.995075  1.        0.013069779612123966
33 0.20953718 0.16247536 1.         0.7809055  0.013036774471402168
27 0.422975   0.24795449 0.87631756 0.8065875  0.012908851727843285
28 0.816539   0.9273637  0.94830215 0.9951884  0.01289963535964489
34 0.79710186 0.23387815 1.         0.68734634 0.012689909897744656
10 0.8827223 0.8804544 0.997517  1.        0.012577969580888748
20 0.92468387 0.927459   0.9931047  0.992788   0.012486450374126434
31 0.93164504 0.8694222  1.         0.983833   0.012440509162843227
27 0.8227688  0.93011683 0.9271806  1.         0.012345916591584682
24 0.47895804 0.65088344 0.94167066 0.97915643 0.012317285872995853
25 0.8201672  0.91770583 1.         0.99803966 0.012225933372974396
16 0.8518725  0.93586427 0.9455297  0.99479413 0.012063369154930115
20 0.8943437  0.93903595 0.9848332  0.9929373  0.012059219181537628
20 0.9415375 0.9394753 0.9942843 0.9940359 0.012002048082649708
20 0.85822856 0.9189886  0.98910564 0.9919252  0.01195271871984005
16 0.9468274  0.9149704  0.9950171  0.99741673 0.011935709975659847
27 0.84108675 0.9068142  0.9128737  1.         0.011902909725904465
20 0.8666497  0.9371689  0.96082026 0.9928114  0.011872971430420876
25 0.8689945  0.8893559  1.         0.99670166 0.01187007687985897
1 0.44953716 0.05459905 1.         0.70890886 0.01185556035488844
35 0.91445917 0.92017925 1.         0.9982969  0.011770887300372124
24 0.04452423 0.30765942 0.37337714 0.558426   0.01167225930839777
38 0.83523905 0.9102344  0.92899495 0.99911565 0.01141614094376564
10 0.36043167 0.7526058  0.7420289  0.97883385 0.011410703882575035
20 0.8327116  0.3296543  1.         0.70713353 0.011384841054677963
31 0.84591055 0.9421215  1.         0.996053   0.011321685276925564
27 0.33985475 0.53784895 0.9433373  0.99110365 0.011200757697224617
13 0.94277775 0.9075514  1.         0.9959551  0.011167298071086407
13 0.841371  0.9267382 0.9733645 1.        0.01110862847417593
10 0.1091653  0.3420429  0.7214623  0.92154664 0.011051117442548275
38 0.6756606  0.31647822 1.         1.         0.01103484071791172
31 0.88634247 0.8673321  1.         0.9957563  0.010961762629449368
1 0.8428555  0.9453561  0.97751325 0.9983366  0.010937830433249474
24 0.12894885 0.3437385  0.82309127 0.61283    0.010881592519581318
40 0.25987706 0.74716115 0.82822156 1.         0.01075355801731348
41 0.48171622 0.20283403 0.8814422  0.7530011  0.010640433058142662
1 0.6460645 0.834992  0.9743035 0.999933  0.010632729157805443
24 0.0195238  0.3832716  0.69486403 0.8310847  0.010623924434185028
35 0.9505228 0.9093983 1.        1.        0.010498845018446445
20 0.83684087 0.9375208  0.9334689  0.99319625 0.010469726286828518
32 0.92826074 0.9303989  0.9934595  0.99608004 0.010415303520858288
30 0.93073803 0.9315439  0.9963954  0.9899993  0.010370711795985699
37 0.8484561  0.19641851 0.99297297 0.7783958  0.010353034362196922
20 0.9563745 0.917222  0.9943498 0.9917779 0.010349662974476814
25 0.8111234  0.93902206 0.93974257 0.99930644 0.010335649363696575
27 0.7301654  0.17518812 0.9794108  0.58920044 0.010318541899323463
1 0.88734365 0.93236816 0.98441213 0.9994092  0.010299772955477238
36 0.86596763 0.9401013  0.98497826 1.         0.010263176634907722
36 0.9013883 0.9272917 0.9944252 1.        0.010262732394039631
40 0.9274054  0.93113387 0.9949817  0.99390686 0.010247874073684216
35 0.84455293 0.94552857 0.98943454 0.9984758  0.010196356102824211
35 0.91495943 0.89375335 1.         0.97236603 0.010184654034674168
28 0.8345796  0.902533   0.9294868  0.99363345 0.010043732821941376
24 0.71062636 0.6187078  0.982145   0.95517385 0.009891679510474205
38 0.920509  0.8469962 1.        0.9607122 0.009854323230683804
30 0.91229147 0.91747457 0.9921572  0.9880017  0.00983414240181446
30 0.91270816 0.9459014  0.9953894  0.9917262  0.009794306941330433
40 0.9061601  0.91651636 0.99310935 0.9915544  0.009772238321602345
35 0.85114515 0.9078068  1.         0.99968123 0.009669727645814419
20 0.89871544 0.8878975  0.9928235  0.98878616 0.009618700481951237
35 0.8490446  0.9070333  0.9225731  0.99763286 0.009604772552847862
20 0.85212636 0.9142873  0.9192744  0.99194235 0.009579953737556934
20 0.94177014 0.8892531  0.9946272  0.9811179  0.009565337561070919
40 0.945782   0.90556693 0.9963659  0.9923386  0.009504974819719791
16 0.5407542  0.4314062  0.89606243 0.8334919  0.009476610459387302
16 0.83698404 0.9146869  0.97305644 0.9947734  0.009470275603234768
38 0.8972316  0.86352205 1.         0.94722486 0.009434537030756474
25 0.8331788  0.9177774  0.92270213 0.99954623 0.00937360618263483
27 0.6506317  0.35543802 1.         0.9616532  0.009336214512586594
19 0.33150974 0.14126503 0.84869653 0.9739957  0.009301583282649517
32 0.9470727  0.90661204 0.9940547  0.99555576 0.00926151592284441
24 0.8454385 0.7944111 0.9872582 0.9509637 0.00922422856092453
24 0.09322164 0.20734034 0.8481296  0.76658434 0.0092045608907938
38 0.5857423 0.        1.        0.7498252 0.00917440839111805
30 0.94748354 0.9051293  0.9972624  0.98711133 0.009135141037404537
27 0.         0.09993319 1.         0.61147493 0.008996536023914814
24 0.69769406 0.39124227 1.         0.7569391  0.008923591114580631
36 0.9437128  0.91280276 0.99782413 1.         0.008920617401599884
13 0.9002252  0.8904058  1.         0.97480094 0.008846834301948547
10 0.81736946 0.9331426  0.9428007  0.9965085  0.008834506385028362
4 0.06639786 0.40667185 1.         0.98705924 0.008735631592571735
32 0.9079014  0.91523653 0.99178225 0.9945039  0.008714748546481133
18 0.16820827 0.07945292 0.8134536  1.         0.008614747785031796
10 0.12406917 0.8096519  0.73601216 0.9697111  0.00857781246304512
1 0.8455614  0.90909195 0.9931868  0.999569   0.008557443507015705
1 0.9345468  0.88358337 0.9951952  0.9909892  0.00849725678563118
4 0.48292106 0.35072756 0.98144513 0.97833985 0.00845507811754942
12 0.92741436 0.94897544 1.         1.         0.008430602960288525
35 0.8883677  0.87638533 1.         0.9997984  0.00843049492686987
28 0.9065154  0.86556774 1.         0.9439825  0.008429356850683689
21 0.00615565 0.26775685 0.63257164 0.5896285  0.008404557593166828
27 0.60728693 0.7450455  0.965822   1.         0.008391068316996098
3 0.62916124 0.23071572 0.94583356 0.86291933 0.00838220864534378
30 0.88180685 0.9304854  0.9805158  0.9895205  0.008379040285944939
29 0.77572876 0.03076492 0.9607967  1.         0.008352336473762989
27 0.34835172 0.37728578 1.         0.9764456  0.00833870843052864
31 0.84697473 0.90095145 1.         0.99663687 0.008309736847877502
24 0.57006586 0.25973848 0.805617   0.6453991  0.008294111117720604
8 0.8914486  0.93000674 0.9990833  0.9893705  0.008273594081401825
1 0.70270425 0.2859838  1.         0.65723085 0.008266353979706764
40 0.904936   0.94478995 0.99268526 0.99509394 0.008255209773778915
10 0.84057677 0.9086096  0.9249947  0.99757385 0.008232183754444122
1 0.393992  0.        1.        0.5371593 0.00818350724875927
19 0.9307956  0.93280804 0.99017715 1.         0.00818321481347084
27 0.27124938 0.29554188 1.         0.7278885  0.00816920306533575
21 0.43556514 0.25544667 0.98128545 0.8416432  0.008130999282002449
8 0.8611523 0.9301972 0.9727239 0.9911186 0.008094081655144691
24 0.64447427 0.49729428 0.9923344  0.96308005 0.008080665953457355
24 0.78563356 0.94996107 0.9174649  0.99745107 0.00804353877902031
29 0.6262018  0.29557857 0.9356575  0.82117766 0.008035669103264809
41 0.33953026 0.31646252 0.9693895  0.7463802  0.008034937083721161
32 0.87410975 0.9262608  0.9834436  0.994116   0.007991810329258442
14 0.91147465 0.8392452  0.99293214 0.9236945  0.00798843614757061
19 0.94896835 0.90919507 0.9915847  1.         0.007940719835460186
21 0.4097754  0.22053996 0.75696933 0.7288489  0.007940544746816158
40 0.86996156 0.92891484 0.98238164 0.9925991  0.007891466841101646
10 0.38478693 0.37147754 0.8626729  0.943548   0.00785528402775526
33 0.3733781  0.2742406  0.98868847 0.91180044 0.007843895815312862
1 0.64451337 0.8786127  0.85893273 0.9996883  0.007825929671525955
25 0.29398283 0.79160005 1.         0.9769734  0.007794524077326059
27 0.5782708  0.66642475 0.87982416 0.98970157 0.007726979907602072
12 0.8678946 0.9485535 0.9956908 1.        0.00768649484962225
12 0.9475739 0.9298629 1.        1.        0.007616600953042507
7 0.9386419  0.9350932  1.         0.99472845 0.007603482808917761
14 0.93187535 0.82587    0.9940879  0.93674177 0.007565763778984547
27 0.9132699  0.86318004 0.99031866 0.9404357  0.007532285060733557
16 0.9293097  0.8887408  0.99070704 0.9850215  0.007514323573559523
34 0.         0.20630541 0.97766256 0.72622806 0.007496117148548365
13 0.8658417  0.87221164 1.         1.         0.007468862924724817
24 0.03846212 0.12556636 0.7710609  0.6142933  0.007423448842018843
24 0.39318222 0.8452036  0.9533795  0.98706716 0.007330656051635742
24 0.1321813  0.36410886 1.         0.9049616  0.0073164235800504684
3 0.37699363 0.20396437 0.93437016 0.87030804 0.0073014115914702415
22 0.90584993 0.9466698  0.9994864  0.99166495 0.007287309039384127
1 0.8305428  0.93115175 0.9284898  0.996804   0.007277136668562889
3 0.5794666  0.29392865 0.9381894  0.6809678  0.0072709545493125916
7 0.9208938  0.9214425  0.99794966 0.9933342  0.007256143260747194
24 0.1389726 0.2618675 0.4241962 0.5770856 0.007213518489152193
16 0.87861484 0.8891473  0.9799895  0.99635166 0.007191922981292009
38 0.8107934 0.8458151 1.        0.9939509 0.007124506402760744
25 0.         0.04583084 1.         0.65512586 0.007121578324586153
20 0.8236045 0.916619  0.8912075 0.9917956 0.007118437439203262
29 0.5713696  0.24820517 0.9032804  0.7031233  0.0071057709865272045
24 0.61803156 0.0285395  1.         0.7470127  0.007091960869729519
25 0.9016395 0.8727048 1.        0.9449464 0.007069892715662718
22 0.8720176  0.9319975  0.99140567 0.98975915 0.007063635624945164
40 0.92624766 0.8739791  0.99513113 0.97608423 0.0070628211833536625
24 0.93576765 0.7654216  0.99043095 0.87260735 0.007046544458717108
41 0.35725012 0.20980911 0.85147214 0.59641486 0.007039649412035942
1 0.91537833 0.8975945  0.9937263  0.9745851  0.007029468659311533
24 0.7702439  0.4462301  0.9961476  0.86709934 0.007015856448560953
27 0.701136   0.8218447  0.87780225 1.         0.006980587262660265
