41 0.2495215 0.8601355 0.5342499 0.9930758 0.066867895424366
41 0.2844219 0.5039595 0.6231024 0.7428869 0.05023191124200821
41 0.24410874 0.16484475 0.932215   0.8886239  0.04633276164531708
41 0.2021749 0.9059604 0.566472  0.9933357 0.04587205499410629
10 0.1511028  0.9002383  0.55264103 0.9909876  0.043463606387376785
10 0.23304924 0.85827667 0.5167331  0.9895481  0.039015572518110275
41 0.23505098 0.49092206 0.8581472  0.7380263  0.03852219507098198
41 0.15265162 0.48637748 0.7761438  0.838177   0.03827296942472458
41 0.21539457 0.41880345 0.87537986 0.68477076 0.03773525357246399
41 0.28581563 0.26941314 0.8209287  0.6709946  0.035066209733486176
1 0.30780247 0.5111299  0.89341563 0.9437598  0.0322161503136158
41 0.23479961 0.49945232 0.6323934  0.9607551  0.03206481784582138
1 0.23006147 0.5261389  1.         0.82929224 0.02948804385960102
41 0.32464835 0.12825948 0.7238883  0.6528801  0.027477271854877472
41 0.31333384 0.3408165  0.69299835 0.8110201  0.026439575478434563
6 0.69076914 0.         1.         0.89385206 0.026195066049695015
41 0.3956907  0.40646464 0.69061375 0.6516678  0.023908790200948715
24 0.2666659  0.88554597 0.5192245  0.9843692  0.023573825135827065
1 0.3771729 0.8433537 1.        0.9953886 0.02348301373422146
41 0.1651735  0.5620808  0.74018794 0.92791355 0.02281598187983036
41 0.17344618 0.7447379  0.6835632  0.985885   0.022525105625391006
1 0.17836188 0.7236913  0.6735822  1.         0.021418044343590736
1 0.3842775  0.77987313 0.8083446  0.9826785  0.02106558531522751
38 0.6493776  0.         1.         0.16404645 0.01968725398182869
1 0.27418318 0.43874645 1.         0.7609301  0.019451914355158806
41 0.20504875 0.597046   0.8736277  0.8740106  0.018594805151224136
41 0.437059   0.29963914 0.7343234  0.79789263 0.018285105004906654
1 0.5634     0.36827508 1.         0.81505525 0.01823333464562893
33 0.16669525 0.07490829 0.8595654  0.9499919  0.01822066307067871
38 0.70260704 0.25986806 0.99372154 0.7351909  0.018072547391057014
1 0.5600309  0.18032682 1.         0.91706777 0.017908966168761253
10 0.         0.8378772  0.68391377 0.98806685 0.01758430339396
1 0.2791373  0.40150177 0.7092404  1.         0.016923926770687103
1 0.22644275 0.90560937 0.5376058  1.         0.016370004042983055
10 0.05804113 0.71193415 0.6055694  0.9912842  0.016313498839735985
1 0.36926115 0.51527363 0.7318846  1.         0.016273805871605873
41 0.2358779  0.27799767 1.         0.7347311  0.016055546700954437
1 0.310867   0.50870657 1.         1.         0.016030648723244667
1 0.2723908  0.775005   0.72027004 0.9962729  0.01583920232951641
24 0.20658638 0.92191786 0.5471504  0.9873915  0.015594298020005226
1 0.16148575 0.8328566  0.87822026 1.         0.015316127799451351
7 0.08185242 0.0403155  0.8011925  0.9205707  0.015196418389678001
6 0.6998724  0.23894061 1.         0.77103364 0.014820977114140987
14 0.67805684 0.         0.937386   0.176227   0.014443197287619114
1 0.38564438 0.90324396 0.6777606  0.99321645 0.014316169545054436
1 0.28134197 0.8699576  0.5137335  0.99984366 0.013797632418572903
33 0.15243544 0.4146863  0.83088166 0.7393515  0.013740159571170807
40 0.20953472 0.3447471  0.62599045 0.8773621  0.013726718723773956
1 0.24063848 0.14696808 1.         0.89215446 0.013644624501466751
41 0.11444275 0.8379721  0.8167378  0.98237276 0.013608786277472973
24 0.30789948 0.8777519  0.5985886  0.9865076  0.013254704885184765
34 0.25739127 0.76866716 0.8034591  0.9734193  0.013250098563730717
1 0.48843816 0.25546023 0.78154993 0.8256009  0.01321333646774292
7 0.19475017 0.36641327 0.64495623 0.784304   0.01311125885695219
1 0.33460623 0.86631453 0.5658759  0.99505395 0.012783677317202091
24 0.33530256 0.5321786  0.5600508  0.64425987 0.012432487681508064
34 0.16900541 0.5673284  0.8643724  0.87339073 0.012235717847943306
40 0.09583842 0.39103675 0.7068968  0.79986966 0.012220614589750767
38 0.6145326  0.11579051 0.9892679  1.         0.011655432172119617
7 0.         0.24601784 0.672307   0.80539083 0.011318150907754898
1 0.39958423 0.6912556  1.         0.9736492  0.011302496306598186
1 0.3601392  0.3390268  0.91928613 0.7841385  0.011289495043456554
33 0.57918364 0.01714269 1.         0.14869766 0.011261817067861557
1 0.00400803 0.7001531  0.9409617  1.         0.011184953153133392
41 0.22202678 0.32948288 0.9217498  0.61489516 0.011139276437461376
34 0.16796744 0.8346197  0.9621756  0.97831553 0.010875544510781765
10 0.         0.3250804  0.70654136 0.92370814 0.010455920360982418
6 0.9132073  0.02444686 1.         0.14951669 0.010342608205974102
41 0.01638102 0.5408748  0.8753551  0.784913   0.010195186361670494
33 0.28258675 0.3891643  0.77780527 0.82137144 0.010156186297535896
1 0.38103104 0.24738373 0.8680359  0.66664124 0.010153751820325851
38 0.6366334  0.3941527  0.99790156 0.77007097 0.010103429667651653
38 0.7954456  0.24637207 1.         0.97371095 0.010093471966683865
41 0.44954124 0.12075511 0.7864767  0.57365394 0.010067655704915524
1 0.3158317  0.1509539  0.85967755 0.5918393  0.010055860504508018
1 0.37085024 0.09824438 0.6956332  0.67349386 0.010051075369119644
1 0.32881042 0.35593665 1.         0.655977   0.009929569438099861
6 0.65011394 0.         1.         0.36983955 0.00983506627380848
6 6.4059073e-01 1.4357250e-04 1.0000000e+00 2.4054301e-01 0.009811700321733952
41 0.04233424 0.5073885  0.9258087  0.93375856 0.009794908575713634
24 0.26717052 0.56664044 0.5782511  0.8602698  0.009548109956085682
1 0.20650014 0.8739499  0.44724086 1.         0.00945444405078888
40 0.13562734 0.41571358 0.81091994 0.9391741  0.009383006952702999
40 0.10522568 0.         0.8363553  0.9997919  0.009305808693170547
20 0.934042   0.03656122 0.99819666 0.12488696 0.009260844439268112
1 0.15927745 0.43942568 0.79597414 0.93053085 0.009205862879753113
10 0.         0.32618588 0.76401734 0.6572402  0.0091894855722785
1 0.2959581 0.567944  0.6004983 0.9918264 0.00915116723626852
6 0.78536206 0.         1.         0.73659194 0.009024590253829956
33 0.29994872 0.2535794  0.7342191  0.634762   0.008911142125725746
27 0.62480867 0.05339175 0.9589204  0.6685254  0.00886497925966978
7 0.15202856 0.3633525  0.7557217  0.6779853  0.008803434669971466
6 0.9390259  0.         1.         0.09135688 0.008719136007130146
40 0.17303915 0.32150722 0.7927381  0.71621346 0.008598879911005497
14 0.9364382  0.02827626 0.9916032  0.14240956 0.008592483587563038
10 0.18041098 0.19842832 0.71290296 0.5996601  0.008566489443182945
1 0.6381696  0.28164756 1.         0.6766488  0.008456705138087273
6 0.84443307 0.22800437 1.         0.51456916 0.008430046029388905
10 0.         0.18475863 0.8343883  0.76601034 0.008425342850387096
14 0.9526296  0.         0.99381554 0.09106067 0.008339769206941128
24 0.306989  0.4858071 0.6216481 0.8057249 0.008296775631606579
16 0.34791204 0.9171558  0.6149383  0.9893659  0.00819758977741003
1 0.585244   0.08585276 0.8568197  0.62235236 0.008184513077139854
41 0.36180618 0.38755515 0.80537695 0.766166   0.00817807111889124
1 0.426746   0.70097244 0.7270497  0.99378705 0.008108844049274921
34 0.11631605 0.47926348 0.88254404 0.79232866 0.00802180077880621
10 0.06958621 0.46917707 0.5911731  0.9435521  0.007994183339178562
16 0.24994273 0.9190466  0.5410525  0.99155307 0.007993662729859352
33 0.14111918 0.82610536 0.71431625 1.         0.00797497108578682
40 0.16247176 0.53156835 0.69146854 0.90717727 0.007970389910042286
1 0.37029994 0.29684335 0.70260435 0.8388267  0.007969893515110016
33 0.19161828 0.34400544 0.85040265 0.6554738  0.007928307168185711
7 0.         0.15826589 0.8686952  0.74506056 0.007872911170125008
10 0.21448632 0.53662014 0.57496107 0.95763636 0.007767724804580212
20 0.952656   0.00841012 0.9992602  0.07389457 0.007450853008776903
41 0.4068764  0.34389043 0.8705058  0.68558425 0.007401005830615759
1 0.3559034  0.36203283 1.         0.93164    0.007397571112960577
34 0.09607185 0.01461756 0.86604077 0.87239933 0.007354007102549076
35 0.23077266 0.9047078  0.5564582  0.9968489  0.007341667078435421
33 0.5469803 0.1142346 1.        0.8809008 0.007322225719690323
41 0.23845378 0.7595868  0.860472   0.9694631  0.007246221415698528
38 0.85652256 0.24261516 0.9999804  0.48622236 0.007204296998679638
1 0.5243833  0.21688136 0.9303187  0.6302566  0.007173835765570402
29 0.42606923 0.15563244 0.91272616 0.894993   0.007146179676055908
1 0.04391622 0.7772822  0.79472023 1.         0.007093215826898813
41 0.29093948 0.6791088  0.650139   0.99070907 0.007085931953042746
27 0.25814798 0.9033315  0.5744493  0.99742573 0.007085887249559164
1 0.01230815 0.4933457  0.90358025 0.85107726 0.00699234614148736
33 0.6796843  0.28832623 1.         0.65490174 0.006977937649935484
34 0.25217608 0.23338458 0.76703864 0.67204416 0.006971360649913549
24 0.94661635 0.00683194 0.9943082  0.08467777 0.006966802757233381
40 0.21568409 0.19112885 0.5803777  1.         0.006940867286175489
34 0.32394457 0.19390152 0.95168054 0.8408873  0.006913134828209877
1 0.03383901 0.54974437 0.83656484 1.         0.006898719351738691
34 0.20817393 0.48154634 0.7426261  0.9160392  0.006863915361464024
1 0.45328137 0.22876191 1.         0.6866884  0.006852274760603905
20 0.6992346  0.02113897 0.98226655 0.14572938 0.006848457269370556
24 0.20458502 0.89678395 0.4574727  0.9848296  0.006815576460212469
7 0.15567213 0.         0.9517505  0.7870254  0.006777067668735981
14 0.7778487  0.         0.9598531  0.13176256 0.0066563431173563
1 0.29252228 0.4925673  0.59053206 0.77934295 0.006653241813182831
27 0.30723464 0.85584646 0.54257923 1.         0.006650575436651707
41 0.30523685 0.09946246 0.8725832  0.559092   0.006486730650067329
33 0.21517137 0.37195492 0.99006593 0.921567   0.0064814165234565735
21 0.16034892 0.24832386 0.64725095 0.6951168  0.006423205602914095
24 0.142271   0.7816366  0.6599858  0.96753114 0.00639685895293951
34 0.27970484 0.633212   0.8173076  0.970507   0.006367524620145559
10 0.         0.9062376  0.24242966 0.9940102  0.006360829807817936
6 0.6949596  0.10193787 1.         0.57401633 0.006293375510722399
38 0.790511  0.        1.        0.6807472 0.006138865370303392
24 0.21541937 0.5370844  0.62790936 0.76775426 0.006126347463577986
1 0.44120398 0.8664854  0.6702271  0.99790776 0.006121668964624405
34 0.03667893 0.45130438 0.89465517 0.9790151  0.006106064189225435
10 0.         0.8813678  0.17492275 0.9970897  0.005990520119667053
24 0.27040616 0.625942   0.6471972  0.92436606 0.00598013773560524
24 0.23937389 0.5428418  0.7166133  0.8521915  0.005952167324721813
33 0.7257074  0.01324396 1.         0.10236917 0.00582980876788497
33 0.25786322 0.91150737 0.5260654  0.99772197 0.005813092924654484
6 0.77872336 0.16530594 1.         1.         0.005809303373098373
20 0.89751154 0.10720704 1.         0.27740455 0.005803596694022417
27 0.2949456  0.738292   0.7074873  0.99777937 0.005759756080806255
33 0.1272267  0.18171622 0.8915578  0.71675164 0.005759462248533964
24 0.31637362 0.5184774  0.50064236 0.61197317 0.0057454644702374935
38 0.7559779  0.00137903 1.         0.11492821 0.0057365261018276215
15 0.2475746 0.7839003 0.7415488 0.9704234 0.00572518864646554
6 0.89298147 0.         1.         0.17378056 0.005635196343064308
18 0.13878131 0.20901592 0.75527406 0.6680034  0.005605318117886782
41 0.13924184 0.1828288  0.87224084 0.6184528  0.0055861445143818855
28 0.7003332  0.33017278 1.         0.6369153  0.005578235723078251
29 0.33860204 0.56796634 0.85145885 0.9175599  0.0055663143284618855
25 0.12331738 0.91069114 0.45490277 0.9870219  0.005547600332647562
14 0.8958831  0.08076084 0.9818206  0.304492   0.005431773141026497
29 0.31721365 0.75952    0.7036681  1.         0.005416298750787973
41 0.09228801 0.08575686 1.         0.6835297  0.005389859899878502
24 0.34463584 0.9198208  0.6751455  0.99174565 0.005385786294937134
34 0.34077173 0.6854822  0.72272223 0.9730589  0.005367632023990154
14 0.66857105 0.         0.92758906 0.3596271  0.005271533504128456
10 0.22936504 0.25543904 0.6414438  0.880941   0.005262306891381741
38 0.534989   0.45913607 0.9673911  1.         0.005262084770947695
14 0.76096725 0.         0.9592327  0.2401716  0.0052441805601119995
1 0.50058204 0.11458033 1.         0.57615757 0.005239539314061403
34 0.37483317 0.28656688 0.7269743  0.7713719  0.005222904030233622
20 0.9015239  0.17076148 1.         0.3288431  0.005216897465288639
41 0.33307654 0.90486383 0.63363004 0.99683607 0.005189782008528709
7 0.         0.7193746  0.68143904 1.         0.00518003897741437
33 0.29615718 0.87497914 0.5039351  0.9975996  0.005167635623365641
14 0.8917321  0.19568087 0.98632276 0.40683988 0.00515632051974535
14 0.8945966  0.14104018 0.9842153  0.3566464  0.0051493397913873196
35 0.22823466 0.8575553  0.49108604 0.99841696 0.005139571614563465
33 0.85253096 0.27020887 1.         0.45805869 0.005121482070535421
33 0.6200658  0.24412946 0.97603506 0.57432616 0.005090071354061365
1 0.05737758 0.43589082 1.         0.9886526  0.005071502644568682
18 0.313962   0.18664955 0.82057244 0.59353155 0.005025121849030256
4 0.23277904 0.27435052 1.         0.85516125 0.00502013647928834
6 0.8497945  0.13182923 1.         0.392152   0.0049611423164606094
24 0.1970821  0.75215244 0.5328281  0.9503342  0.004946672823280096
25 0.17990756 0.8724824  0.46564373 0.98542434 0.004933454561978579
18 0.23989986 0.         0.8869578  0.75473714 0.004923110827803612
16 0.31597957 0.7742349  0.7109385  0.9530539  0.004907242488116026
20 0.91737366 0.01499591 0.9953807  0.13384163 0.0049023255705833435
18 0.05613337 0.78694624 0.6504157  0.9720421  0.004882968030869961
24 0.35578844 0.26335043 0.65767634 0.5461082  0.004876716062426567
14 0.91608614 0.         0.9879923  0.16179551 0.0048267957754433155
33 0.3893352  0.22023067 0.7694851  0.7227526  0.00476875388994813
10 9.4203383e-01 1.0797819e-04 9.9489558e-01 8.4248737e-02 0.004748545587062836
1 0.4032494  0.09777562 0.92473775 0.5073517  0.004733399022370577
27 0.6518927  0.24325708 0.959557   0.53277975 0.00472238939255476
7 0.         0.42544192 0.5495919  0.883259   0.004720902536064386
40 0.         0.61121255 0.8141079  1.         0.004717838019132614
40 0.16169076 0.71496636 0.59976035 1.         0.004712356720119715
1 0.6407957  0.47131073 1.         0.99929833 0.004705407656729221
14 0.8305512 0.        0.9740982 0.556893  0.004654068034142256
1 0.17138082 0.62297535 0.8518163  0.95051986 0.00463947094976902
1 0.5142721 0.7822158 0.9933431 0.9885661 0.004622931592166424
16 0.2419841  0.87621206 0.47448936 0.98483044 0.004593720659613609
33 0.7854644  0.15990674 1.         0.7129921  0.004590099677443504
40 0.20214912 0.8428057  0.5098354  1.         0.004570695571601391
27 0.94747865 0.00536695 0.99840254 0.07039241 0.004565735347568989
24 0.29899508 0.47837678 0.74036056 0.7277943  0.004565631039440632
6 0.8532711  0.0178451  1.         0.27770588 0.004549726843833923
9 0.28126964 0.90843296 0.5726224  0.9898935  0.004486143123358488
20 0.902693   0.23137222 1.         0.37931836 0.004484163131564856
1 0.2059985 0.7105435 1.        1.        0.004470671061426401
14 0.89074385 0.02369867 0.9810706  0.24741593 0.004458464216440916
40 0.22299579 0.89466596 0.54531384 1.         0.004435675218701363
24 0.2991393  0.45736554 0.5571849  0.71878177 0.004397884011268616
33 0.15777685 0.57769215 0.77570707 0.90608513 0.0043448698706924915
25 0.9474331  0.00436734 0.9997268  0.0665742  0.00434026587754488
41 0.16196218 0.43183586 1.         0.85392153 0.004322398919612169
1 0.4858671  0.01660779 1.         0.42326817 0.004314140882343054
33 0.78213376 0.03530268 1.         0.55964684 0.004252947401255369
34 0.28010747 0.556255   0.6710923  0.9431138  0.0042144544422626495
7 0.00226565 0.82878083 0.7023044  1.         0.004184821154922247
16 0.32132372 0.8293992  0.8074461  0.9550037  0.004107249900698662
10 0.06914529 0.8608525  0.46328762 0.9906852  0.004106210544705391
27 0.06929255 0.81214815 0.81233853 0.99276096 0.004098611418157816
33 0.21916439 0.74095505 0.61025566 1.         0.004094711970537901
24 0.29646578 0.78967184 0.79648936 0.9877218  0.004079603590071201
20 0.88948333 0.04582714 0.99657035 0.22538392 0.004060695879161358
7 0.12643863 0.59337354 0.73099613 0.91854715 0.004059594590216875
16 0.29153046 0.8866889  0.5342048  0.9937852  0.004047851078212261
10 0.12743348 0.39648032 0.7419544  0.7107528  0.00401826249435544
33 0.9433969  0.00562868 0.99423146 0.07695738 0.004011732060462236
7 0.10858397 0.73624486 0.53055006 1.         0.004011708311736584
1 0.7246259  0.08495768 1.         0.6870775  0.003983775619417429
34 0.32266125 0.         0.92178    0.41711572 0.003964166156947613
33 0.07889961 0.41648582 0.86675864 0.9931342  0.003937185276299715
14 0.8880121  0.24589539 0.98537374 0.45841336 0.0039239730685949326
24 0.33400878 0.4117533  0.5947579  0.66210365 0.00391771923750639
33 0.1457796  0.7541344  0.85530806 1.         0.0038905576802790165
33 0.24448574 0.48406443 0.64419824 0.93544406 0.0038742038886994123
24 0.6940189  0.01302859 0.9635304  0.15404889 0.003869387786835432
40 0.08882391 0.21563195 0.8842363  0.68512166 0.0038596466183662415
14 9.3513280e-01 2.5524775e-04 9.8990840e-01 6.0112845e-02 0.0038571390323340893
9 0.27105337 0.86401695 0.4946671  0.9927285  0.0038411542773246765
10 0.1045885  0.02052317 0.7936502  0.7261018  0.0038364215288311243
24 0.38053855 0.41533053 0.67285746 0.71382445 0.0038239273708313704
38 0.9415706  0.00248383 0.99946487 0.08333311 0.003816313808783889
40 0.         0.80656344 0.6721444  1.         0.0038142914418131113
24 0.3371777  0.53484994 0.70249164 0.96903974 0.003808405250310898
20 0.85398847 0.09097011 0.9950753  0.22710897 0.0037931420374661684
20 0.67435336 0.03027318 0.9571265  0.3223374  0.0037787891924381256
27 0.6727084  0.3387195  0.95084965 0.6176343  0.003767735790461302
22 0.66897553 0.         1.         0.14792551 0.0037659211084246635
6 0.8941674  0.0085457  1.         0.10194337 0.0037595692556351423
29 0.40917447 0.4113463  0.80231005 0.7416152  0.0037554888986051083
10 0.        0.4552297 0.6561881 0.7973074 0.003675144398584962
1 0.5624759  0.23952541 1.         0.5376323  0.00366479204967618
10 0.         0.87684655 0.34859198 0.9920838  0.0036611028481274843
20 0.8488223  0.10257125 0.98989034 0.49855393 0.0036470184568315744
33 0.85222965 0.21311554 1.         0.4095497  0.003636243287473917
16 0.1849654  0.91319716 0.4802672  0.9871878  0.0036340062506496906
14 0.8377033  0.         0.97130454 0.31621996 0.0035939000081270933
18 0.05605588 0.7933875  0.35193852 0.99866724 0.0035777247976511717
9 0.22367711 0.9031708  0.5068614  0.98710454 0.003573955735191703
40 0.17967266 0.8041418  0.70857066 0.980127   0.003553257789462805
28 0.6389579 0.1493515 1.        0.9214314 0.003551012836396694
2 0.3028526  0.7417428  0.74636394 1.         0.0035238347481936216
1 0.11334809 0.69017226 0.46567446 1.         0.003521102713420987
40 0.24903072 0.5064218  0.63555884 1.         0.0035210310015827417
24 0.92927825 0.03654533 0.9906335  0.14057052 0.003508192952722311
24 0.44004264 0.37497288 0.7413146  0.7894782  0.0035055361222475767
6 0.75092894 0.00461166 1.         0.12414347 0.003497533267363906
24 0.1704146  0.5932282  0.59246314 0.8079758  0.0034906857181340456
14 0.8317673  0.         0.9735326  0.15189023 0.0034899634774774313
7 0.21287262 0.12389229 0.65872043 0.67726165 0.0034891997929662466
14 0.91578037 0.01260521 0.98458123 0.10049284 0.003484548768028617
34 0.40432265 0.01669103 0.980051   0.2731578  0.003480636514723301
29 0.29629773 0.91053367 0.55724764 1.         0.00347854639403522
18 0.35847846 0.02618365 0.73814166 0.5256902  0.0034692236222326756
41 0.0847287 0.6418068 0.9501721 0.9959682 0.0034663707483559847
14 0.7656772  0.08648178 0.9580397  0.5071461  0.003465808229520917
18 0.03595145 0.8703229  0.12548292 0.98475385 0.0034594158641994
25 0.0939785  0.41708532 0.7456368  0.7363423  0.003450398100540042
24 0.33730674 0.50397605 0.5488085  0.60683125 0.0034392038360238075
7 0.07036921 0.37283403 0.8965176  0.9746053  0.003398086177185178
25 0.         0.85368603 0.67907727 0.97238356 0.0033617918379604816
38 0.72059166 0.4008623  0.99983215 0.9241451  0.003334075678139925
33 0.7858939  0.35268623 1.         0.85555995 0.00331895356066525
29 0.38435417 0.502453   0.8745618  0.8187779  0.003251445945352316
