40 0.08900198 0.30223042 0.86040103 0.85862553 0.6039097309112549
27 0.18778627 0.21169885 1.         0.970519   0.3609331548213959
27 0.4716176  0.05017827 1.         0.97313803 0.2949690520763397
40 0.04407359 0.37703407 0.95749635 0.9974473  0.2569732666015625
40 0.05963496 0.03245245 0.94895387 0.72937816 0.22973167896270752
27 0.21632889 0.13514014 0.89601463 0.4954874  0.20188425481319427
27 0.37440678 0.5589845  0.9196993  1.         0.19358043372631073
40 0.         0.17627533 0.7502052  1.         0.18299348652362823
29 0.40445682 0.04632045 0.9195039  0.605324   0.17662809789180756
21 0.00892422 0.3057496  0.4124053  0.8851926  0.1755608320236206
21 0.07767334 0.18663517 0.7890312  0.84991175 0.16929468512535095
19 0.5598904  0.0331808  0.89464396 1.         0.15247131884098053
21 0.12983361 0.3348349  0.36569247 0.83418685 0.14347805082798004
41 0.16906619 0.7393942  1.         0.9088242  0.1377686858177185
10 0.01005132 0.26550817 0.5334465  0.967781   0.134174183011055
29 0.3553893  0.12467614 0.9528054  0.48942342 0.13324473798274994
27 0.3148643  0.07401518 0.8646594  0.59261143 0.1272175908088684
29 0.11584427 0.09848768 0.8610303  0.69899833 0.12475474178791046
27 0.45524013 0.46574393 1.         1.         0.12227647751569748
27 0.30073172 0.14289498 1.         0.7497511  0.11859869211912155
29 0.3634919  0.20814739 0.8883235  0.8706099  0.11805838346481323
27 0.00937088 0.5739097  1.         1.         0.11496417969465256
28 0.3839213 0.3133297 0.9661728 0.7812904 0.1068907305598259
38 0.68239    0.15418717 1.         0.82646286 0.10679254680871964
40 0.16758898 0.2777742  0.5895431  0.79424924 0.10676709562540054
29 0.24031465 0.54127806 0.90860486 0.9971705  0.10608430206775665
27 0.46255088 0.54782    1.         0.9109115  0.10449620336294174
29 0.41674563 0.65101016 0.94019675 1.         0.10447519272565842
10 0.02249059 0.47699592 0.6380594  0.7514334  0.1034574955701828
29 0.48881176 0.12862793 0.98258835 1.         0.10283742100000381
21 0.05813797 0.4105701  0.49515933 0.867577   0.10182473808526993
40 0.05618106 0.07294451 0.6679764  0.8875819  0.09643444418907166
27 0.16266648 0.00556216 0.9867686  0.6386861  0.09567447006702423
21 0.11573034 0.4792089  0.7022747  0.9145401  0.09434850513935089
41 0.27629763 0.7101191  0.7559516  0.90542024 0.09292280673980713
40 0.34337083 0.11852039 0.9796928  0.87418896 0.08925464004278183
41 0.04598976 0.623443   0.511188   0.9030234  0.08287572115659714
26 0.00256272 0.93661726 0.0818148  0.9996257  0.08283300697803497
29 0.18518145 0.23305123 0.7663066  0.8146093  0.08116163313388824
24 0.79990107 0.2967715  0.97001576 0.771858   0.08092097193002701
10 0.15331328 0.3680866  0.48563886 0.92665064 0.07867074757814407
24 0.8023643  0.13193563 0.97104067 0.63823986 0.07734623551368713
26 0.00207379 0.9209249  0.05742875 1.         0.07600165158510208
40 0.02692991 0.4195214  0.5820894  1.         0.07526735216379166
29 0.27973086 0.16996937 0.80151296 0.46453    0.07404814660549164
27 0.528183   0.63629436 0.89986044 1.         0.07385000586509705
40 0.        0.4704888 1.        1.        0.07246604561805725
26 0.00210061 0.89617544 0.04017025 1.         0.07071477174758911
25 0.34526873 0.04250871 0.9872381  0.44471392 0.06599729508161545
27 0.5882238  0.25309494 0.9560669  0.97646123 0.06555956602096558
27 0.10296939 0.3122503  0.7971856  1.         0.06439989060163498
21 0.04740313 0.31215656 0.29271    0.89030915 0.06366253644227982
10 0.431877  0.6904749 0.7922512 0.9954761 0.06340212374925613
21 0.05868126 0.3812453  0.4006132  0.7504675  0.06334434449672699
10 0.10652603 0.4153618  0.5480742  0.8249664  0.06314565241336823
13 0.3253229  0.         0.75673944 0.9697559  0.06273788958787918
32 0.02726949 0.6590027  1.         0.9403535  0.06169708073139191
10 0.3565097  0.53733957 0.78571016 0.94404787 0.06035201624035835
41 0.06181053 0.70452774 0.7853936  0.9263596  0.05819840729236603
4 0.         0.43704915 0.4643626  1.         0.05756582319736481
40 0.26690844 0.26720667 0.89451844 0.7509016  0.056826721876859665
21 0.2755569  0.09283715 1.         0.8619338  0.05583034083247185
41 0.03899693 0.7302983  0.41518113 0.93773675 0.05426223948597908
33 0.00995087 0.52186644 0.66569024 0.96101725 0.05415063351392746
32 0.27381322 0.5401353  0.741118   0.9103532  0.05389014258980751
32 0.06611212 0.75442433 0.3855521  0.9896044  0.053295258432626724
34 0.5346393  0.22019853 0.9807952  0.9591907  0.052301667630672455
40 0.         0.5416545  0.79017645 1.         0.05171459913253784
10 0.         0.46791607 0.65925306 0.9356892  0.051570650190114975
4 0.         0.49329373 0.7559845  0.7538101  0.05140669643878937
21 0.         0.44157878 0.49609575 0.7183304  0.050942711532115936
40 0.03268413 0.16848099 0.50672454 0.9930227  0.050807174295186996
40 0.11297186 0.40332624 0.6765916  0.82706636 0.050558023154735565
40 0.23834868 0.5332588  0.9879054  0.9751102  0.05045429989695549
19 0.41572922 0.52144825 0.9056899  0.99840355 0.05024084448814392
10 0.        0.692788  0.9914598 1.        0.04995519667863846
24 0.68819827 0.         0.9598545  1.         0.049158528447151184
21 0.34012753 0.06228287 0.96338016 0.4850199  0.049035366624593735
41 0.15755019 0.44183967 0.5490103  0.84700364 0.04883352667093277
32 0.3165868 0.5608105 1.        0.9028591 0.04824259877204895
24 0.23721439 0.4990084  0.8307339  0.9238971  0.04818589240312576
14 0.7085045  0.4278793  0.9679941  0.86639977 0.047572482377290726
24 0.29172537 0.5831449  1.         0.92641836 0.04740173742175102
33 0.17077212 0.38771304 0.5041881  0.90888095 0.04696057364344597
34 0.13165264 0.35981402 0.93275446 0.7197033  0.04695465415716171
32 0.4187703 0.6438494 0.8254578 0.9476757 0.04612456262111664
24 0.47682643 0.15912125 0.87959564 0.5251397  0.045839693397283554
40 0.41664052 0.57950395 0.97458476 0.9254527  0.04570217430591583
10 0.04503202 0.21846586 0.74199605 0.84404737 0.04482647031545639
21 0.04714778 0.20811148 0.4698659  0.80326694 0.044569820165634155
41 0.         0.46456006 0.66300386 0.84214956 0.04424547776579857
13 0.5380062 0.        0.8122325 1.        0.04413355141878128
25 0.4512427  0.02057818 0.886227   0.51640624 0.043844886124134064
41 0.16980843 0.667691   0.9634202  0.8758016  0.0437757782638073
40 0.5593536  0.02221771 0.93805313 0.82091546 0.04356406629085541
10 0.         0.5975403  0.7775847  0.95507103 0.04353898763656616
4 0.         0.28088704 0.71166617 0.8745623  0.04329716041684151
24 0.3269405 0.6378418 0.9140269 0.9396869 0.042448874562978745
38 0.630614   0.27054307 1.         0.7781326  0.04243756830692291
40 0.18397641 0.26597992 0.47003907 0.9914142  0.04189673438668251
25 0.15613371 0.17708942 1.         0.45449165 0.04116303473711014
32 0.9341541  0.93535995 1.         0.99817103 0.04107226803898811
41 0.02930728 0.8007056  0.3992666  0.95678014 0.04096533730626106
14 0.93152946 0.9295107  0.9960583  0.9963576  0.040762681514024734
19 0.39424625 0.01434876 0.92228556 0.9036191  0.0406750850379467
14 0.9477927 0.9026871 0.9958117 0.9961291 0.040613140910863876
32 0.1681307  0.61152005 0.85226506 0.9047313  0.04024229198694229
10 0.1516655  0.31347474 0.51982963 0.7257597  0.03994208574295044
10 0.33997554 0.1451591  0.86786216 0.5112843  0.03975137323141098
25 0.         0.10205943 1.         0.6103589  0.039590053260326385
3 0.46793154 0.1624826  0.9218916  0.8124899  0.039465103298425674
4 0.         0.5096846  0.75301063 0.94760174 0.039421144872903824
7 0.         0.39014333 0.9071272  0.9614676  0.03941715136170387
24 0.4725449  0.39349133 0.9786994  0.9573718  0.03930315747857094
24 0.4822093  0.17440636 0.97472936 0.73953867 0.03917737305164337
17 0.         0.7820614  0.26771405 1.         0.03901825472712517
29 0.32737204 0.         0.9993788  0.7376234  0.03880349174141884
25 0.43282452 0.70690703 0.9216507  0.9689968  0.0379512757062912
32 0.00668801 0.9402581  0.0980505  0.99986506 0.03783896937966347
21 0.         0.05005119 0.8482648  0.6697039  0.03778316080570221
7 0.        0.43047   0.5074398 0.9530022 0.0377189964056015
25 0.18906403 0.6486913  1.         0.9552749  0.037369467318058014
33 0.00902796 0.60458946 1.         0.93210727 0.037259191274642944
29 0.5611993  0.6615632  0.87181926 1.         0.03711269423365593
41 0.08117472 0.3486925  0.64203435 0.64204    0.03708439692854881
24 0.564765   0.10047722 1.         0.93117636 0.03680602088570595
2 0.22697103 0.04759186 0.81504416 0.8028176  0.0367140993475914
34 0.18287207 0.27194306 1.         0.6181668  0.03656693175435066
10 0.         0.6764477  0.28309143 0.9619917  0.03635827451944351
32 0.9504057  0.91349185 0.9991219  0.998926   0.03620301932096481
4 0.09569916 0.31105566 0.5953531  0.7504449  0.03571835160255432
32 0.3227259  0.27586067 1.         0.8947889  0.03566692769527435
25 0.2894755  0.26609802 1.         0.6229292  0.03513767942786217
41 0.08180051 0.79602116 0.5546253  0.9568075  0.03501587361097336
32 0.2427267  0.30321944 0.85761845 0.7776808  0.034395452588796616
1 0.07163465 0.16605973 0.72253704 0.78755236 0.034315574914216995
24 0.21452121 0.18363546 0.8967728  0.79290396 0.03426500782370567
40 0.45611656 0.34900832 0.9677747  0.9538349  0.034081727266311646
25 0.374223   0.77204454 0.90217024 1.         0.03381355106830597
28 0.35474828 0.49348277 0.7930755  0.81655115 0.033765871077775955
25 0.9463175 0.9089439 0.9967284 0.9933614 0.03351116180419922
41 0.03466548 0.35977578 0.56771904 0.7907045  0.03349820151925087
10 0.3723725  0.66972727 0.9156334  1.         0.03340335190296173
24 0.5671988 0.5333778 1.        0.8915578 0.032983552664518356
38 0.7353842  0.29602906 1.         0.72716105 0.03255986422300339
3 0.288716   0.43703675 0.8475309  0.9216971  0.032237038016319275
32 0.00264474 0.8976043  0.04845249 1.         0.03207552060484886
32 0.00444826 0.92415065 0.06884734 1.         0.03204503282904625
10 0.5439625 0.7171594 0.8747829 1.        0.032043058425188065
31 0.5029449  0.15630972 1.         0.5131517  0.031776104122400284
20 0.53473485 0.69418365 0.8943955  0.9480469  0.031638141721487045
3 0.36888382 0.5906032  0.7442286  0.9033907  0.03148321434855461
7 0.        0.4953144 0.7759765 1.        0.031471602618694305
29 0.47847208 0.68372774 0.79881847 1.         0.030980797484517097
28 0.50562745 0.20423493 0.97640944 0.9269618  0.03097119741141796
25 0.9270402  0.933632   0.9967082  0.99606854 0.030883438885211945
29 0.28557825 0.6644244  0.75799155 0.9550004  0.030880358070135117
29 0.1497278  0.04854848 0.8757478  0.50068414 0.030799634754657745
21 0.35094732 0.5768602  0.9978849  1.         0.030559666454792023
13 0.40900344 0.5435228  0.80195415 0.9887669  0.03042963333427906
41 0.01880842 0.6112643  0.34058008 0.93281347 0.03031820058822632
41 0.53829575 0.75818986 0.7818233  0.9266502  0.030224522575736046
32 0.0321903  0.81124216 0.5178523  0.99903035 0.03009781986474991
5 0.23622788 0.4181451  0.82002807 0.98828024 0.02982919104397297
33 0.01757519 0.6683675  0.3316038  1.         0.029729163274168968
26 0.01119264 0.31612158 0.11814547 0.5826389  0.029659464955329895
5 0.         0.         0.9819072  0.79713005 0.02963121049106121
7 0.04569709 0.3767074  0.3567758  0.82156473 0.02947887033224106
5 0.39833778 0.557957   0.9705813  0.94614655 0.029449157416820526
14 0.84373266 0.9040436  0.99415165 0.9967961  0.029372671619057655
14 0.88331544 0.866785   0.99176717 0.9980824  0.02932378463447094
20 0.58123046 0.5353278  0.9645961  0.930489   0.02888594940304756
32 0.07035518 0.6730182  0.72671413 0.9636786  0.028806837275624275
32 0.3450541  0.7247526  0.9581697  0.96142715 0.028787430375814438
10 0.47875154 0.14386582 0.9703776  0.46347964 0.0286309365183115
37 0.5441248 0.5856218 0.86527   0.9737367 0.0281528290361166
24 0.58952254 0.03368701 0.92275566 0.5349089  0.028135616332292557
10 0.02014937 0.1200853  0.37671417 1.         0.027938153594732285
10 0.9141045  0.9308104  0.99944675 0.99889976 0.02788819931447506
41 0.21459402 0.54632354 0.840613   0.8249841  0.02784476801753044
25 0.25055984 0.37575138 1.         0.77344495 0.027662530541419983
4 0.17129527 0.39807326 0.54564303 0.97767633 0.027647897601127625
40 0.1851496  0.49453497 0.70203435 0.9394617  0.027317674830555916
37 0.4313551  0.60331064 0.96180767 0.93815726 0.027092520147562027
14 0.91329086 0.8167759  0.9917458  0.9962892  0.027007972821593285
13 0.40940532 0.         0.8167847  0.61091584 0.026936670765280724
32 0.07710573 0.7047162  0.48928642 0.97406536 0.0267806239426136
1 0.05315994 0.4419149  0.76732033 0.92800885 0.02676648087799549
27 0.24319479 0.64745307 1.         1.         0.02673451602458954
34 0.4163554  0.34095693 1.         0.8461731  0.026567606255412102
24 0.31954178 0.32950842 0.8881181  0.8886949  0.026506436988711357
29 0.45157146 0.50842613 0.9166558  0.93392235 0.026359213516116142
27 0.948384   0.90911025 1.         0.9932531  0.026122737675905228
24 0.1153403  0.3671559  0.575986   0.72413296 0.02595985122025013
13 0.42813194 0.10163406 0.79393345 1.         0.025843791663646698
3 0.         0.3381139  0.8858025  0.86936444 0.02571563422679901
17 0.00287785 0.9012074  0.03619207 0.99138397 0.025683153420686722
38 0.7565302  0.40962607 1.         0.80158836 0.02564290352165699
21 0.         0.33008087 0.9029509  0.77959514 0.02529623918235302
30 0.9436654  0.8985446  0.99712384 0.98846304 0.025148119777441025
38 0.5740092 0.5439509 1.        0.7647047 0.02509922720491886
24 0.2227091  0.46052328 0.51195216 0.91481256 0.025064077228307724
24 0.3642172  0.24834996 1.         0.96881187 0.02488386072218418
27 0.5389559  0.06323306 0.9801929  0.64161104 0.024847621098160744
15 0.51774096 0.17328624 0.9259865  0.96938497 0.024687008932232857
14 0.91472936 0.         0.9919207  0.14731944 0.024626296013593674
21 0.06173373 0.64102376 0.74288017 0.9613486  0.024591265246272087
29 0.12058327 0.31159914 0.6389949  0.87305045 0.024482814595103264
1 0.16988952 0.23069485 1.         0.7949794  0.02447620779275894
31 0.577426   0.65163344 1.         0.98725843 0.02444284036755562
25 0.9051764 0.9474664 0.9950027 0.9988913 0.024100778624415398
26 0.00989832 0.34671983 0.16125812 0.52747494 0.02403390407562256
27 0.07665985 0.66783637 0.8244849  1.         0.023967474699020386
29 0.28878596 0.41392875 0.75219065 0.9292745  0.0238835196942091
17 0.005374   0.92589045 0.05156504 0.9915146  0.023874623700976372
24 0.03249402 0.67160887 0.44807872 0.93643516 0.023807359859347343
24 0.7309454  0.2343969  0.97568697 0.7310712  0.023646119982004166
14 0.40272132 0.         0.89455795 0.9100281  0.023630483075976372
25 0.32328182 0.20039746 1.         0.53949946 0.023448744788765907
24 0.63813823 0.6469291  0.8866446  0.9431315  0.023442352190613747
38 0.42595047 0.47792348 1.         0.84707004 0.02342361956834793
41 0.20739195 0.40384498 0.82721084 0.7792521  0.023400818929076195
27 0.9304071  0.9343322  1.         0.99557304 0.023356987163424492
10 0.2188011  0.05033971 0.82376164 0.700689   0.023310953751206398
25 0.01947957 0.5953474  1.         0.8974357  0.02314574271440506
31 0.39974383 0.6985787  1.         0.9773035  0.023085083812475204
10 0.9352709  0.90647054 0.99749076 0.9986129  0.02308298833668232
1 0.95983714 0.90112114 1.         1.         0.023006079718470573
41 0.5448642  0.73865414 0.92908734 0.92689997 0.022926300764083862
24 0.66152865 0.16297534 0.9426668  0.67905986 0.02289208397269249
32 0.1264526  0.7650496  0.57998466 0.9913482  0.022888023406267166
25 0.49220908 0.16661459 1.         0.70588666 0.02280190773308277
31 0.9372645 0.9243823 1.        0.9919855 0.022733580321073532
33 0.30078804 0.632639   1.         0.9786764  0.0227036252617836
33 0.07030907 0.25807983 0.5154944  0.94513977 0.022679727524518967
24 0.6379003  0.5128908  0.86228555 0.90104514 0.022649656981229782
41 0.41984507 0.69993025 0.93567723 0.9188197  0.022471962496638298
30 0.92647505 0.9259928  0.9970225  0.9900986  0.022383466362953186
14 0.843373   0.04887626 0.9750167  0.21930806 0.022365955635905266
41 0.01442482 0.54266673 0.7623767  0.8993263  0.022256482392549515
16 0.5485542 0.3303327 0.9123438 0.8245699 0.022249532863497734
24 0.67014515 0.21773258 0.99612755 0.936449   0.02217070758342743
26 0.93014455 0.9362079  0.9969848  1.         0.02213561162352562
31 0.46195185 0.12599854 1.         0.93567914 0.021990854293107986
14 0.8010545 0.5795807 0.9906185 1.        0.02194894663989544
20 0.38976905 0.60468423 0.91376734 0.90841913 0.02176268957555294
14 0.85250443 0.         0.9858412  0.16101818 0.02165840193629265
14 0.9514756  0.         0.99497664 0.07767247 0.021646857261657715
19 0.44559622 0.04827927 0.9363266  0.6376672  0.02164079248905182
10 0.31904405 0.23801357 0.81979793 0.86586976 0.0216292105615139
32 0.59824884 0.7099249  1.         0.9841177  0.021604055538773537
40 0.25852707 0.4704298  0.6611637  0.8382754  0.021576758474111557
15 0.29106268 0.57057285 0.9807959  0.95424706 0.02156725525856018
19 0.31002602 0.36737508 0.8970925  1.         0.02155650034546852
17 0.00786702 0.94096243 0.07488228 0.99282116 0.02150825969874859
14 0.84826684 0.8128742  0.98567545 0.98385257 0.021500302478671074
17 0.00118889 0.34199363 0.15232058 0.49240765 0.02140846848487854
25 0.82196856 0.90619725 0.9968494  0.99881643 0.021391889080405235
15 0.33696142 0.11764272 1.         0.90956414 0.021361500024795532
18 0.04865568 0.07640435 0.62869173 0.88420993 0.021233411505818367
26 0.9080172  0.95027775 0.99327457 1.         0.021118059754371643
14 0.8871484  0.         0.9858837  0.21865682 0.021097542718052864
24 0.93517256 0.9371518  0.9999396  1.         0.02108994498848915
14 0.71197957 0.15683152 0.94982356 0.61309505 0.020982200279831886
32 0.15716775 0.44218132 0.82582664 0.8847437  0.020924914628267288
2 0.17983033 0.25289378 0.48804405 0.9219025  0.02089790441095829
30 0.01515853 0.05178861 0.26896334 0.3005742  0.020833827555179596
5 0.2121253 0.547572  1.        1.        0.020785152912139893
14 0.70117915 0.51246667 0.98987126 0.96882194 0.02072935923933983
31 0.9525982  0.897382   0.99849766 0.99271405 0.020687904208898544
21 0.28218734 0.63212055 0.7900028  0.93123955 0.020685335621237755
7 0.         0.2211156  0.8761677  0.84134656 0.020662616938352585
24 0.08417407 0.6294868  0.6164578  0.92264867 0.02062336541712284
34 0.18846716 0.45045677 1.         0.9369318  0.02062053419649601
25 0.87029135 0.8713901  0.9949646  0.99681956 0.020610488951206207
27 0.22926578 0.53548414 0.7272831  0.9594788  0.020427657291293144
4 0.03944661 0.43250433 0.61330825 0.86386865 0.020409569144248962
25 0.02234121 0.21749842 0.88018966 0.5402797  0.020388247445225716
21 0.         0.42698914 0.31599063 0.90305716 0.020387331023812294
24 0.81513023 0.4494638  0.9719942  0.91415834 0.020150532945990562
21 0.54288566 0.12885039 0.9639151  0.8629867  0.020109502598643303
24 0.951493   0.9122559  0.99966913 1.         0.01996547169983387
25 0.90509063 0.8248097  0.99410534 0.9955525  0.01994999684393406
3 0.52184045 0.5354958  0.9025576  0.79838157 0.019918911159038544
36 0.5444805  0.25797126 0.96553105 0.9574408  0.019892144948244095
7 0.         0.49509615 0.5587186  0.7758724  0.019874610006809235
6 0.91094273 0.94949406 1.         1.         0.01986975036561489
34 0.03857524 0.2975135  0.5366307  0.75178325 0.019794080406427383
13 0.47573498 0.32891223 0.8342677  1.         0.01978687383234501
28 0.33856747 0.57280713 0.73646194 0.9134655  0.0196540467441082
27 0.26218536 0.4262053  0.8252857  0.8932845  0.019605407491326332
14 0.6053733  0.35543677 0.9120217  0.80127877 0.01959545724093914
16 0.24847837 0.71894675 0.65075594 0.9123008  0.01959145814180374
18 0.00511675 0.8935541  0.04018835 1.         0.019576210528612137
3 0.5526634  0.70519805 0.8218494  0.93283135 0.019471822306513786
20 0.36729452 0.6903816  0.95694065 0.9467432  0.019441133365035057
28 0.21414544 0.24259639 0.8690681  0.6954675  0.019259199500083923
38 0.7244599  0.18178117 1.         0.5946791  0.019254624843597412
24 0.05712761 0.50346506 0.5213015  0.8986711  0.019042763859033585
10 0.         0.7077542  0.50022954 0.9748452  0.018996790051460266
