2 0.3146414  0.14221156 0.5497719  0.8812303  0.4448273777961731
40 0.31762138 0.24943317 0.9743206  0.75195813 0.35874029994010925
40 0.2853514 0.3346596 0.895822  0.8841606 0.34930741786956787
40 0.27918145 0.46026424 0.7997884  0.76600736 0.2502722442150116
2 0.34492996 0.21553816 0.6421558  0.80283254 0.23779766261577606
22 0.00432487 0.         0.7909344  0.47186524 0.2244110405445099
40 0.33041435 0.19939266 0.6353819  0.9105994  0.1963750720024109
41 0.3310976 0.5118065 0.5762706 0.7405266 0.1739950329065323
29 0.21174584 0.         0.78616434 1.         0.1702226847410202
40 0.3031248  0.31690618 0.7150984  0.7282193  0.16907651722431183
2 0.23618238 0.16739313 0.79171854 0.5721338  0.1594422310590744
13 0.20645803 0.2570509  0.90452397 0.9704938  0.1502070426940918
2 0.3760948  0.22180095 0.5752655  0.55294317 0.1422882080078125
29 0.17205691 0.18652222 0.72827387 0.9175     0.1421554982662201
2 0.30371562 0.32332578 0.72215223 0.7606074  0.14205650985240936
6 0.6876091 0.3296092 1.        0.7651756 0.1377267688512802
40 0.16147436 0.21760936 0.85327595 0.93981516 0.13290485739707947
40 0.35517782 0.15351649 0.72504324 0.54340714 0.1321975588798523
2 0.2506413  0.28389153 0.59313154 0.9161241  0.12320911884307861
2 0.18078662 0.07626915 0.9225907  0.84070367 0.12294282764196396
38 0.39922264 0.01406019 0.9128137  0.21580692 0.12265028804540634
40 0.33177954 0.15580258 0.9822565  0.48802528 0.12169372290372849
2 0.34157264 0.48225158 0.5475954  0.74895996 0.11295070499181747
22 0.         0.05615011 0.63110924 0.80569834 0.1128244698047638
13 0.15601408 0.3572519  0.9415318  0.8129897  0.11082182824611664
40 0.27180412 0.25330916 0.7772043  0.5311119  0.10800161957740784
40 0.23935324 0.38120037 0.6716857  0.9074499  0.103324756026268
29 0.31689766 0.01601524 0.7230898  0.54578227 0.10005664825439453
22 0.05734927 0.14110513 0.73621655 0.48424444 0.09858635812997818
34 0.31352368 0.35281962 0.78312534 0.6946095  0.09585680812597275
29 0.20858036 0.4179999  0.72842956 0.8259208  0.09531103819608688
29 0.2607822  0.33268806 0.6126924  0.9357291  0.09342658519744873
28 0.31878838 0.6934079  0.9861113  0.97681123 0.09320320934057236
6 0.00113311 0.42810416 0.23673762 0.9786472  0.08803831785917282
2 0.23629774 0.33608615 0.96190614 0.93827915 0.085825614631176
40 0.17791492 0.49932444 0.7437145  0.8380931  0.08521825820207596
2 0.16586502 0.         0.60896564 0.9970978  0.07829760760068893
2 0.22307636 0.39424562 0.82880884 0.77886266 0.07819107919931412
38 0.17408651 0.01785784 0.9233106  0.14842041 0.07610264420509338
41 0.3183965  0.32395777 0.5738485  0.71280247 0.07598140835762024
22 0.17591123 0.         0.7544616  0.20093355 0.07594142109155655
22 0.         0.19711907 0.8090998  0.9140384  0.07456424832344055
35 0.20695381 0.29011074 0.57387435 0.73137844 0.07332674413919449
2 0.18446551 0.3022324  0.7270233  1.         0.07188860327005386
40 0.26203272 0.5695106  0.9033124  0.9374919  0.06766662001609802
40 0.19415995 0.12797594 0.8756524  0.44150835 0.06590252369642258
22 0.11175342 0.07153992 0.61706096 0.5366106  0.06494053453207016
29 0.35488796 0.13373044 0.634281   0.79116887 0.06484359502792358
20 0.91418827 0.8603461  0.9998108  0.9827712  0.06439363211393356
34 0.28358662 0.28864244 0.97671    0.8987435  0.06425695866346359
2 0.22066191 0.13735072 0.6708301  0.8589958  0.06383022665977478
28 0.40891117 0.02576098 0.89154124 0.20004359 0.06259720772504807
20 0.88946044 0.9003991  1.         0.98281914 0.06158209592103958
28 0.22791426 0.5887905  0.9311537  1.         0.06082351878285408
29 0.24509439 0.20476852 0.8554118  1.         0.06035052239894867
29 0.21613927 0.         0.87565553 0.59970635 0.06024918332695961
13 0.23688614 0.2052227  0.8516647  0.57188386 0.059987623244524
6 0.00671048 0.20532061 0.17564316 0.8876759  0.059886425733566284
2 0.2993737  0.02574837 0.6931354  0.5590089  0.0592409111559391
35 0.         0.30076852 0.6543315  0.71043295 0.05635726824402809
6 0.67564374 0.22392225 1.         1.         0.05614813044667244
40 0.39130107 0.19148923 0.6646351  0.73726434 0.05463435500860214
6 0.00587249 0.54657704 0.16564713 0.73630893 0.05412944033741951
6 0.00567981 0.49320635 0.16581963 0.68056035 0.0540182963013649
33 0.33339214 0.5183108  0.578113   0.69995755 0.05397630110383034
13 0.24215892 0.13682137 0.95727813 0.74892277 0.05300771817564964
22 0.39165387 0.         0.8368978  0.1795219  0.052773039788007736
6 0.00529741 0.43902168 0.16610278 0.6248669  0.05200083926320076
34 0.2788667  0.47187385 0.86703676 0.7695074  0.05127033218741417
40 0.32115224 0.46577382 0.5842573  0.78610367 0.05039144307374954
2 0.20178495 0.4886573  0.78274924 0.85329586 0.05016681179404259
2 0.3540828  0.1273352  0.77337015 0.7005973  0.04963816702365875
6 0.         0.26824513 0.24505427 0.8093837  0.048832789063453674
22 0.25779966 0.         0.92671835 0.26867637 0.047885794192552567
41 0.29944953 0.38959676 0.6299116  0.6708716  0.04724203422665596
28 0.         0.04833354 0.51331216 0.99851584 0.04490215703845024
40 0.24770631 0.16431297 0.67380106 0.7763784  0.04395001381635666
6 0.47990084 0.         0.881547   0.23757823 0.0439000241458416
13 0.10165077 0.16230619 0.7124507  0.92638755 0.04387550801038742
6 0.00540623 0.38536456 0.16628596 0.56941015 0.04283217340707779
6 0.         0.5402136  0.2948008  0.89067215 0.04243536666035652
24 0.33428484 0.54238343 0.55184513 0.726852   0.04163049906492233
22 0.04327985 0.45048565 0.62051904 0.84771484 0.041298896074295044
20 0.893093   0.79048544 1.         0.9547129  0.0412677563726902
22 0.0035222  0.3898121  0.22353084 0.9074717  0.04090138524770737
29 0.23295219 0.12427834 0.75022626 0.5955304  0.040858153253793716
6 0.00232052 0.09966324 0.2404807  0.64987695 0.04073556512594223
29 0.3312029  0.26449314 0.55657566 1.         0.040724970400333405
35 0.12581268 0.26994285 0.5299279  0.65511525 0.04032982140779495
28 0.500965  0.542991  0.9876026 1.        0.04014524444937706
13 0.11444077 0.09027139 0.89543724 0.5050676  0.039777740836143494
35 0.13797325 0.2061939  0.6534069  0.61498004 0.03970104828476906
22 0.17746025 0.         0.6815609  0.41258338 0.03944610059261322
22 0.700941   0.2560606  1.         0.71943116 0.03913702443242073
24 0.37887308 0.5554819  0.58161706 0.7605183  0.03824787586927414
22 0.08015452 0.46025077 0.7812438  0.7633904  0.03752001002430916
22 0.6371091  0.00937998 0.99636465 0.8934355  0.03740609437227249
6 0.28544667 0.         0.853112   0.22124273 0.037283267825841904
40 0.37837255 0.27518576 0.5938707  0.5271755  0.03725162893533707
41 0.32816657 0.41907498 0.6067301  0.8464854  0.037149880081415176
33 0.35124776 0.27249297 0.58684033 0.47225934 0.03646010160446167
34 0.36334413 0.2180988  0.7135962  0.7328326  0.03645722568035126
12 0.22091337 0.15574177 0.7979163  0.4944685  0.036279451102018356
34 0.29708913 0.25493282 0.7890822  0.6263181  0.03609125688672066
34 0.33347404 0.41264033 0.75539005 0.7942547  0.035797521471977234
6 0.         0.02931906 0.31560746 0.41986772 0.03572655841708183
14 0.7053595  0.35577562 0.9724637  0.68094414 0.03539413586258888
22 0.05423264 0.45947143 0.8421644  0.9584886  0.035200588405132294
28 0.2863922  0.8278617  0.95317006 0.9842268  0.03515676036477089
6 0.70312023 0.46860352 1.         0.90244406 0.03499060496687889
40 0.329105   0.29134282 0.8353621  0.64355946 0.03482139855623245
13 0.3414586  0.07907448 0.80390215 0.5176408  0.034556031227111816
22 3.7782034e-04 1.5043943e-01 1.6229954e-01 8.6561579e-01 0.03353765234351158
41 0.26556727 0.537705   0.6238343  0.77179986 0.03352731093764305
24 0.30874646 0.45685914 0.54816294 0.86944044 0.03318413719534874
29 0.3260049  0.0432651  0.5495008  0.82386994 0.03247065842151642
38 0.8616038 0.8613045 1.        1.        0.03221113979816437
6 0.0057166  0.3313634  0.16617362 0.51575583 0.03217735141515732
6 0.78553873 0.11103231 1.         0.93570703 0.03183586150407791
35 0.1909148  0.14550774 0.8814035  0.8507832  0.0314195491373539
28 0.60703534 0.67584914 1.         0.9611334  0.031209630891680717
22 0.23582378 0.         0.59741837 0.32012787 0.03118634782731533
25 0.         0.55107844 0.70806813 0.7618478  0.030505243688821793
22 0.14568512 0.6171862  0.7616898  0.9513813  0.030357467010617256
35 0.30355123 0.27164707 0.6500254  0.73950666 0.030286215245723724
40 0.07326274 0.13141708 0.65679616 0.9440493  0.03021853230893612
22 0.16561735 0.05916367 0.5591763  0.7431773  0.030216973274946213
29 0.34413105 0.03453921 0.88854086 0.7632958  0.030196309089660645
6 0.66110796 0.16463563 1.         0.6554499  0.029690610244870186
28 0.58467096 0.77549386 1.         0.9749783  0.029181376099586487
24 0.23454216 0.48652232 0.5767878  0.8027922  0.029123490676283836
22 0.08419393 0.35054502 0.5929044  0.77784514 0.029092663899064064
2 0.28099284 0.07204552 0.6324811  0.71427757 0.028972767293453217
34 0.39646307 0.31385106 0.6897777  0.83136374 0.02871270291507244
24 0.2713409  0.45581505 0.74462277 0.7657521  0.028582701459527016
6 0.         0.3939913  0.29468074 0.7244851  0.028062736615538597
6 0.6469099 0.        1.        0.7682249 0.027919236570596695
13 0.21024142 0.46724316 0.7607233  0.8076526  0.027517588809132576
35 0.10631892 0.38380668 0.6279739  0.79696554 0.02730952762067318
25 0.         0.5056242  0.69063914 0.8783108  0.027099626138806343
40 0.3375044  0.0754227  0.857747   0.38748184 0.026375889778137207
41 0.14227517 0.52661824 0.62513417 0.82473564 0.026142539456486702
6 0.         0.8044811  0.50220126 1.         0.026068545877933502
22 0.00483188 0.4753385  0.15430143 0.67239773 0.02598883956670761
34 0.25287783 0.13284798 0.9940264  0.7208623  0.025526948273181915
25 0.07075439 0.49333486 0.61211985 0.77907175 0.025477204471826553
13 0.22541448 0.42493016 0.6242156  0.89571697 0.02544785663485527
10 0.36593577 0.53025013 0.5607898  0.7239623  0.02544122003018856
22 0.0061308  0.4230482  0.1544429  0.61926454 0.025426039472222328
13 0.24989405 0.4120042  0.8419112  0.9122314  0.0252517219632864
16 0.3832224  0.14561245 0.6890183  0.42423224 0.02520831488072872
41 0.27841073 0.49358055 0.7790048  0.7130485  0.025204379111528397
28 0.6101506  0.06741694 1.         0.92551905 0.025109123438596725
22 0.00342517 0.52942234 0.1541372  0.7248906  0.025026574730873108
22 0.645799   0.35661536 1.         0.7933808  0.02498682215809822
28 0.4804467  0.25151473 1.         1.         0.024739602580666542
6 0.670418   0.8092275  0.99769866 1.         0.02448229491710663
22 0.00628971 0.23583186 0.2316242  0.76552886 0.024445146322250366
28 0.         0.10806402 0.9013667  1.         0.02391175553202629
29 0.25728506 0.02773488 0.9592455  0.48319378 0.0238902997225523
41 0.31539026 0.49256375 0.69607437 0.8114544  0.023859264329075813
34 0.35253477 0.5213002  0.6328354  0.72103024 0.023771904408931732
2 0.24898255 0.04945648 0.8066858  0.4675603  0.023759372532367706
14 0.7801108  0.2648326  0.98020214 0.70516735 0.02375468984246254
27 0.3980871  0.02141038 0.75338364 0.19552706 0.023750388994812965
4 0.01754013 0.3356015  0.6616275  0.7910926  0.023698920384049416
35 0.08055161 0.19218144 0.75940216 0.44305238 0.02356274612247944
6 0.        0.6208382 0.3128862 1.        0.02340857684612274
27 0.2669642 0.4223967 0.8343599 0.7302508 0.023372730240225792
28 0.11070544 0.00660352 0.93810385 0.45682323 0.023366568610072136
22 0.7249517  0.15179032 1.         0.62714046 0.02332749217748642
35 0.08019633 0.48798198 0.6010725  0.87968874 0.023286620154976845
20 0.85843325 0.9277399  1.         0.9875881  0.023130645975470543
35 0.00815689 0.0960454  0.63161063 0.4999204  0.022965887561440468
22 0.00734901 0.07803256 0.23013374 0.6092386  0.02284017577767372
27 0.25041875 0.07240877 0.64243966 0.48614016 0.022750532254576683
35 0.40297636 0.27807593 0.62389964 0.50157315 0.02268773876130581
12 0.         0.24635509 0.96203405 0.4515329  0.022529009729623795
20 0.9304539  0.94298035 0.9963314  0.99189883 0.022487925365567207
28 0.20576894 0.01063922 0.841592   0.19925769 0.022367650642991066
40 0.24507307 0.19020696 0.7531822  0.46800157 0.022290220484137535
29 0.27551544 0.25888634 0.75147694 0.6949077  0.022265493869781494
13 0.25701255 0.06031375 0.8608421  0.4000261  0.02225506491959095
4 0.0810582  0.30184525 1.         0.6963692  0.022205572575330734
16 0.38076663 0.18497369 0.8243779  0.60543996 0.02219380810856819
41 0.3216187  0.47745556 0.6462351  0.691166   0.022142108529806137
40 0.3086177  0.563388   0.70678514 0.89958405 0.022110307589173317
14 0.6701153  0.29729575 0.97442424 0.9290426  0.021958688274025917
24 0.31744543 0.5287427  0.6880943  0.8744954  0.021896930411458015
35 0.38338777 0.06985353 0.7530975  0.4522809  0.02182929404079914
22 0.00667376 0.37079558 0.15533984 0.566436   0.02150568924844265
22 0.5400629 0.        0.9904341 0.6320019 0.02137565240263939
5 0.01261042 0.         0.80818725 0.87915206 0.021373793482780457
25 0.        0.4952967 0.6687923 0.7160351 0.021331699565052986
28 0.37455365 0.01622499 1.         0.29697293 0.021308481693267822
20 0.85171616 0.54514796 1.         0.9793382  0.02127940021455288
24 0.2238159 0.5664562 0.7253216 0.8061431 0.021197671070694923
19 0.3589798  0.         0.7542868  0.21896856 0.021131686866283417
13 0.31203818 0.20697373 0.568523   0.91973674 0.021079665049910545
20 0.8928106 0.7323112 1.        0.9053483 0.0208299420773983
38 0.5994863  0.81859255 1.         1.         0.02074362151324749
28 0.01869367 0.5686149  0.797353   1.         0.0207192562520504
21 0.3166696  0.4805261  0.5232941  0.70391893 0.02047029323875904
24 0.39897242 0.03008096 0.78603005 0.20227821 0.02045566774904728
27 0.29520342 0.4631718  0.72511655 0.904373   0.02022327110171318
27 0.20534958 0.32606673 0.93474996 0.89471334 0.01997912861406803
35 0.         0.15430835 0.73362935 0.7866273  0.019931696355342865
22 0.06156693 0.6667192  0.98491806 0.99596375 0.01988188549876213
38 0.6681661  0.24807249 1.         0.74571455 0.01987936720252037
2 0.15187259 0.00831485 0.8906229  0.5576055  0.01977468654513359
22 0.01788104 0.         0.6114142  0.3464615  0.019678568467497826
38 0.52880776 0.00775096 1.         0.8964452  0.019672971218824387
35 0.29170212 0.22246292 0.913606   0.47985896 0.0194439385086298
41 0.31068832 0.3041841  0.60449797 0.59393865 0.019243532791733742
24 0.35113657 0.28364515 0.7327409  0.76078767 0.019237501546740532
35 0.21816598 0.10876747 0.57688683 0.54434663 0.019183412194252014
6 0.         0.08553062 0.30680132 0.9141189  0.019160671159625053
6 0.583163   0.05504964 0.9978656  1.         0.018971089273691177
38 0.58365476 0.7008691  1.         0.9950114  0.018932227045297623
5 0.1248303  0.42141086 0.6483049  0.89053196 0.018890783190727234
22 0.69151336 0.5095641  1.         0.8309962  0.018821457400918007
22 0.         0.49271318 0.32361016 0.84703755 0.018643982708454132
28 0.6757727  0.82575345 1.         0.9783793  0.018642719835042953
7 0.04145432 0.529987   0.63548785 0.81765527 0.01857009530067444
24 0.389947   0.34539303 0.63582104 0.8435219  0.018557319417595863
40 0.19935852 0.51046914 0.6340325  0.98886454 0.018229424953460693
28 0.12384301 0.6387855  0.71920514 0.9660807  0.01820523850619793
34 0.33856493 0.3324907  0.869401   0.5959218  0.018179908394813538
12 0.11953095 0.16953105 1.         0.688783   0.018045252189040184
28 0.03670283 0.02824432 0.9387012  0.7722712  0.018009446561336517
6 0.         0.28368273 0.29668656 0.6192363  0.017923293635249138
9 0.3036259  0.23222001 0.5607729  0.73192114 0.017670389264822006
22 0.00640313 0.07806114 0.38506848 0.89779973 0.017606394365429878
20 0.77971476 0.5524754  0.99938095 0.90717673 0.017470549792051315
22 0.00697571 0.31831893 0.15623628 0.5135927  0.01745428517460823
24 0.2568321  0.27959785 0.5172672  0.6287935  0.0173439122736454
16 0.3839168  0.20764112 0.8702993  0.82089996 0.01732555404305458
41 0.3571144  0.26532313 0.63966185 0.70920354 0.017308510839939117
38 0.23766305 0.01336189 0.7820701  0.19675846 0.017289862036705017
6 0.         0.14966162 0.3103382  0.5219673  0.017233604565262794
13 0.28074193 0.37332475 0.74339455 0.74738634 0.01721015013754368
22 0.811844   0.12684141 1.         0.7390843  0.017135966569185257
25 0.09557711 0.65617985 0.6376544  0.9260344  0.017066113650798798
6 0.6842194  0.68975955 1.         1.         0.016941413283348083
25 0.         0.33176425 0.6283918  0.7103867  0.016906224191188812
25 0.02000226 0.64706135 0.45051056 0.95494694 0.0168113112449646
6 0.21100627 0.6367917  1.         1.         0.016714882105588913
20 0.8575619  0.76690567 1.         0.9703573  0.016704807057976723
10 0.33005947 0.32331035 0.61494267 0.7636197  0.016473503783345222
41 0.3811165  0.27489665 0.5732906  0.5231073  0.016425883397459984
35 0.29703504 0.43779457 0.8804479  0.72878367 0.01641898788511753
12 0.278466   0.2857235  0.65919864 0.50908303 0.016390377655625343
22 0.04488704 0.         0.6434564  0.14878233 0.01635289192199707
34 0.23655318 0.5911539  0.9758644  0.9312599  0.016295772045850754
6 0.09057597 0.         0.6690902  0.1712368  0.016177188605070114
24 0.25078148 0.40691218 0.5943455  0.7342405  0.016119256615638733
34 0.31161705 0.5029133  0.7849341  0.90466964 0.016027269884943962
24 0.31631786 0.58116746 0.90243787 0.9436426  0.01595701090991497
24 0.3948246  0.31062165 0.60144883 0.4839493  0.015737775713205338
24 0.8936533  0.8806761  0.9887947  0.99858665 0.015717577189207077
12 0.08676127 0.158896   1.         0.45526317 0.015619357116520405
38 0.72206163 0.75344515 1.         1.         0.015430491417646408
24 0.19257534 0.33404136 0.4662491  0.68338186 0.015307443216443062
14 0.7002682  0.49880484 0.97864527 0.8315254  0.015277087688446045
38 0.8971245  0.80027175 1.         1.         0.015180456452071667
22 0.00257731 0.01051913 0.31244564 0.3783468  0.015099190175533295
29 0.32933065 0.49111208 0.71683556 0.96860385 0.015098568983376026
24 0.1461448  0.5459157  0.51954776 0.82264465 0.0150567926466465
22 0.13235207 0.         0.8799494  0.78853476 0.015048622153699398
25 0.         0.6426075  0.79569083 0.91217023 0.014960070140659809
14 0.32076833 0.02354874 0.7406653  0.25352073 0.0149076534435153
25 0.         0.3859936  0.68788105 0.82458764 0.014902232214808464
35 0.34154874 0.10563143 1.         0.7537654  0.01486901193857193
34 0.32042885 0.24105592 0.9227997  0.48589352 0.014816658571362495
28 0.        0.4031313 0.5407795 0.9686655 0.014794648624956608
28 0.5010136  0.10085665 1.         0.694143   0.014771624468266964
16 0.2439767  0.2017188  0.76584166 0.64963883 0.014760429039597511
29 0.361178   0.48606402 0.54020363 0.78749776 0.014713292010128498
20 0.01953072 0.5243883  0.17116082 0.655686   0.01469298917800188
40 0.12707148 0.12704453 0.6855169  0.5289338  0.014678978361189365
5 0.18421397 0.35389212 0.5724788  1.         0.014662710018455982
6 0.00838813 0.         0.17275418 0.33917853 0.01460258662700653
34 0.15756516 0.0809317  0.9752346  0.40544486 0.014586387202143669
41 0.24766915 0.5768409  0.7117427  0.7408793  0.014557995833456516
35 0.3354119  0.06025294 1.         0.5109624  0.014520765282213688
24 0.9191153  0.82345444 0.9918751  1.         0.014503796584904194
29 0.27390745 0.02581655 0.62530094 0.63574547 0.014490113593637943
24 0.22246076 0.41928178 0.7977054  0.91445374 0.014412685297429562
20 0.01943214 0.4705287  0.17137487 0.6032863  0.014407215639948845
36 0.19766338 0.13377683 0.82832277 0.8107736  0.014198227785527706
27 0.1586138  0.02935174 0.781072   0.4026405  0.014195769093930721
22 0.11611242 0.7254794  0.72817    1.         0.014168059453368187
6 0.80792207 0.32694238 0.9979308  1.         0.014137850143015385
11 0.28746957 0.09094673 0.6697464  0.47737834 0.0141005739569664
29 0.2546465  0.         0.81420726 0.41218838 0.014083453454077244
28 0.45976362 0.41491848 1.         0.8507996  0.014071519486606121
22 0.01178378 0.3309928  0.33897978 0.68902725 0.01402015145868063
4 0.1950409  0.35106343 1.         0.8324094  0.013977446593344212
24 0.23116623 0.61532485 0.6085969  0.9200516  0.013945236802101135
24 0.9381958  0.9322089  0.99151003 1.         0.01392491813749075
