40 0.         0.14535798 1.         0.6948496  0.13497675955295563
34 0.08154948 0.25639102 0.9979888  0.9160877  0.1187543272972107
21 0.01996381 0.1759277  0.8576471  0.5689634  0.11054637283086777
41 0.13503128 0.21345659 0.6834192  0.6181101  0.10292541235685349
18 0.04221048 0.         0.45796895 0.50280875 0.10217960923910141
21 0.         0.12060595 0.35492757 0.5129402  0.0897868424654007
18 0.01655574 0.         0.6192625  0.5948299  0.08666336536407471
10 0.         0.18073025 0.5002992  0.5531962  0.08491168916225433
10 0.         0.47196317 0.13780211 0.7018193  0.08404327183961868
1 0.09432928 0.18982448 1.         0.76513565 0.08353408426046371
40 0.1093393  0.25141904 1.         1.         0.0813230350613594
10 0.02043002 0.         0.36765292 0.17359553 0.06499862670898438
22 0.72072136 0.26495454 1.         0.6834151  0.06291026622056961
41 0.2842232  0.37159467 0.9587482  0.93614435 0.06262698024511337
10 0.         0.08530899 0.6529457  0.51908034 0.06213662400841713
41 0.15552199 0.25267425 0.99200493 0.62276775 0.06143847107887268
10 0.0840769 0.2257695 0.5980059 0.5800045 0.06121348589658737
10 0.00950807 0.07091876 0.3829126  0.5329714  0.05784425139427185
21 0.         0.02964518 0.46054658 0.5077734  0.054477158933877945
1 0.08884443 0.02737727 0.88935345 0.6871181  0.054114919155836105
4 0.         0.14440969 0.65153545 0.6757752  0.0526939332485199
40 0.         0.08375911 0.9360865  0.8069176  0.05111722648143768
7 0.         0.09071627 0.47292715 0.4884179  0.05067485570907593
32 0.1460233  0.09705404 0.4583918  0.56034297 0.049689266830682755
41 0.15451416 0.28554416 0.58020145 0.57353926 0.04956036061048508
21 0.03270322 0.08284999 0.5998817  0.6217965  0.047743674367666245
18 0.0286369  0.         0.38057843 0.69582146 0.04715307801961899
10 0.         0.19309798 0.6356117  0.46285713 0.04373258352279663
10 0.         0.25459927 0.66292566 0.52187693 0.04301903769373894
7 0.00116776 0.15531166 0.49552554 0.7116803  0.04205454885959625
10 0.         0.08748205 0.51020426 0.43858644 0.041211433708667755
7 0.         0.22013019 0.36688462 0.60453403 0.040610406547784805
21 0.16066217 0.21024965 0.5197258  0.575009   0.04053517431020737
1 0.         0.39128628 0.5557018  0.7146666  0.03973624110221863
10 0.         0.5538332  0.16640033 0.71376777 0.039474006742239
5 0.21137945 0.         0.9824339  0.78434265 0.03865949809551239
7 0.01728973 0.17428882 0.95469314 0.7553064  0.03821650519967079
24 0.10736328 0.32777354 1.         0.7352239  0.0378943532705307
24 0.21439901 0.32353175 1.         0.9269481  0.03650003671646118
18 0.         0.13164185 0.5540079  0.5461515  0.03606521710753441
5 0.         0.         0.71905434 0.7853346  0.034631915390491486
29 0.32779413 0.21901737 1.         0.66266644 0.03456082195043564
41 0.06182554 0.09527003 0.69225955 0.44266155 0.0345136933028698
41 0.21972407 0.35941902 0.9640967  0.71326077 0.03441290557384491
21 0.13890994 0.23075671 0.82028437 0.86987    0.03210635110735893
27 0.23313409 0.05154366 1.         0.8025449  0.03178742527961731
5 0.         0.07983081 1.         0.69879997 0.031077327206730843
1 0.27071908 0.07819483 1.         0.72429484 0.03101884014904499
25 0.7906296  0.41635546 1.         0.84506327 0.03082386776804924
21 0.00155993 0.         0.3351355  0.39919806 0.03081229142844677
1 0.17885351 0.18391922 0.649011   0.6196877  0.030796552076935768
21 0.06589533 0.15018862 0.4430025  0.53244764 0.02987966127693653
41 0.08554115 0.06510264 0.5180297  0.4060263  0.02983943000435829
21 0.03327027 0.22721879 0.29522556 0.48319575 0.029287904500961304
25 0.         0.1836094  0.72451025 0.68521446 0.029247703030705452
22 0.61149424 0.27968562 1.         0.55635893 0.02922092378139496
25 0.6534604 0.3351151 1.        0.5716769 0.028686994686722755
25 0.6481743  0.10342265 0.99226034 0.6811627  0.028512630611658096
25 0.7471741  0.33650446 0.99378014 0.6562354  0.028511323034763336
40 0.36447313 0.14880748 1.         0.68855804 0.02832734026014805
25 0.3731221  0.04551598 1.         0.6179462  0.027706436812877655
34 0.09488937 0.6802031  1.         0.9454927  0.02733016014099121
27 0.04457321 0.21185276 1.         0.71401083 0.027123451232910156
14 0.93686515 0.0878981  0.9972397  0.19893382 0.027052637189626694
18 0.01337982 0.473396   0.11913396 0.67665786 0.02608681283891201
6 0.942646   0.         1.         0.09062974 0.0258010346442461
24 0.7771407  0.38993278 0.971688   0.6507991  0.025329172611236572
7 0.04185512 0.11715338 0.6138593  0.818306   0.02531951665878296
22 0.1906967 0.        1.        0.6726556 0.02498411387205124
14 6.5403116e-01 4.1076026e-04 9.1585493e-01 8.3142184e-02 0.024911751970648766
34 0.         0.17711248 0.9391673  0.62448704 0.024739783257246017
40 0.         0.         0.39962366 0.20373291 0.02444116212427616
7 0.         0.1179419  0.29246238 0.7115213  0.02430969662964344
16 0.11386022 0.06199303 0.6451135  0.4199772  0.02426335960626602
38 0.01832985 0.65115935 0.30949253 0.87204033 0.024173147976398468
22 0.57658815 0.06473991 1.         0.6707205  0.02376052923500538
28 0.36093825 0.05197401 0.86564666 0.75112194 0.02362821437418461
18 0.06592346 0.01684265 1.         0.7134658  0.023415224626660347
10 0.00243468 0.2336288  0.42104346 0.50632113 0.023252520710229874
18 0.02951592 0.1867686  0.3525416  0.5245333  0.023141974583268166
41 0.01477057 0.00628014 0.36552256 0.17215052 0.022989213466644287
7 0.         0.04558566 0.6797325  0.51893395 0.02238680049777031
14 0.9364159  0.03003286 0.99418324 0.15082222 0.022313466295599937
5 0.04902578 0.1138117  0.6079548  0.62868184 0.022169120609760284
4 0.         0.23701923 1.         0.68140566 0.022159449756145477
32 0.14634654 0.12112673 0.66347444 0.45948702 0.022153709083795547
29 0.7755143  0.2747404  1.         0.75889313 0.021683454513549805
6 0.9205521 0.027156  1.        0.1376666 0.02155126817524433
27 0.12938815 0.03184965 0.89054435 0.642034   0.021445410326123238
10 0.         0.19085774 1.         0.6059212  0.02133648283779621
22 0.63406575 0.14275253 1.         0.52890503 0.02123287506401539
40 0.         0.         0.65974844 0.62240845 0.021104849874973297
1 0.1847645  0.01654411 1.         0.4765373  0.02106144092977047
1 0.21511678 0.226389   0.83735955 0.56645256 0.020874308422207832
1 0.0928005  0.         0.81725305 0.42965314 0.020647037774324417
7 0.1463505  0.20418411 0.5280025  0.66571164 0.020007645711302757
29 0.20430698 0.3312142  1.         0.77184117 0.01983998902142048
14 0.92031974 0.09908479 0.99489594 0.18185952 0.019821373745799065
14 0.9205169  0.07078548 0.99363846 0.1566598  0.0198142621666193
10 0.         0.57466483 0.121621   0.8031702  0.019799208268523216
41 0.13675833 0.19544506 0.5852846  0.46259567 0.019777340814471245
32 0.19906351 0.19661315 0.59040415 0.57161933 0.019763341173529625
14 0.6269222  0.00247338 0.83187515 0.11921753 0.019732967019081116
5 0.         0.09181274 1.         1.         0.019651560112833977
10 0.7680187  0.27281964 1.         0.6884538  0.019533615559339523
41 0.        0.49184   0.1197583 0.7162975 0.01949371211230755
21 0.8163937  0.19279136 0.9764984  0.60262525 0.019486740231513977
22 0.80557525 0.2771751  1.         0.83500564 0.019451593980193138
14 0.750439   0.00159455 0.8526474  0.05858647 0.01912103407084942
32 0.13316993 0.23892345 0.70406353 0.5284371  0.018924115225672722
41 0.13683067 0.29673433 0.74822336 0.51168084 0.01885961927473545
32 0.12392296 0.01386437 0.5610767  0.49732587 0.018689773976802826
34 0.26638615 0.7749953  0.77002364 0.9988902  0.01862776093184948
14 0.6774312  0.00386875 0.88242614 0.11822162 0.018291514366865158
40 0.         0.02737476 1.         0.31759888 0.018206482753157616
18 0.11141749 0.         0.3704482  0.14640582 0.018106035888195038
1 0.00289655 0.49583966 0.12145886 0.7111684  0.017568379640579224
41 0.06420889 0.25606534 0.6483629  0.47878957 0.017480360344052315
24 0.2679082 0.160466  0.9198808 0.6750934 0.01743258722126484
6 0.90132123 0.         1.         0.0744292  0.017318300902843475
28 0.01719502 0.64921725 0.31878868 0.9090003  0.01720535010099411
22 0.76832956 0.17126071 1.         0.6161087  0.017008427530527115
22 0.44862434 0.         0.6996309  0.10268427 0.0169756431132555
14 0.54952615 0.         0.80888784 0.08476581 0.016872938722372055
22 0.         0.5040792  0.30140868 0.8563008  0.016778940334916115
40 0.02505475 0.         0.67778313 0.160921   0.01670391671359539
41 0.32984155 0.36338958 0.8485641  0.81218404 0.01665460877120495
27 0.01212589 0.5519955  0.28219184 0.810182   0.01664961501955986
25 0.         0.57213044 0.15360393 0.70706433 0.016598762944340706
14 0.7767926  0.00182842 0.87762105 0.05855164 0.016597002744674683
30 0.         0.6204718  0.28433225 0.9266266  0.016517285257577896
1 0.04303436 0.30853564 1.         0.9315869  0.01651143655180931
14 0.9169608  0.001101   0.9916013  0.17296104 0.016328115016222
1 0.01973831 0.56623936 0.17057452 0.72770214 0.016319425776600838
14 0.73699725 0.         0.8643993  0.0425998  0.016194412484765053
5 0.         0.01496145 0.57178146 0.53336126 0.01618533581495285
14 9.3570101e-01 1.1165937e-04 9.9305063e-01 9.0973943e-02 0.016133226454257965
20 0.9318981  0.03280622 1.         0.13068222 0.015882495790719986
24 0.9471565  0.0087     0.9968316  0.07944901 0.01586086116731167
14 7.3438603e-01 3.0967078e-04 9.7688824e-01 8.3823904e-02 0.01581592857837677
14 5.7548058e-01 2.8086980e-04 7.7429354e-01 1.1825045e-01 0.015797149389982224
18 0.         0.5535306  0.14831889 0.70786816 0.015637120231986046
27 0.         0.5642427  0.14699565 0.70951605 0.015584384091198444
1 0.3061694  0.23886982 1.         0.845543   0.015467452816665173
33 0.00189545 0.0185335  0.5666443  0.45700064 0.015453820116817951
41 0.         0.5769562  0.15673797 0.7044211  0.015181747265160084
29 0.18239258 0.14595474 0.65611386 0.7527063  0.015152079053223133
24 0.67973226 0.37274343 0.97585857 0.56776124 0.015150496736168861
10 0.         0.41512582 0.33288068 0.7177346  0.015103724785149097
14 0.8508472  0.         0.98413086 0.08598459 0.015057293698191643
24 0.10724119 0.15000872 0.68720686 0.6652547  0.01501417625695467
6 0.82303596 0.         1.         0.08239894 0.014953916892409325
20 0.9354716  0.01010656 1.         0.07647731 0.014901962131261826
4 0.         0.22495715 0.7228805  0.5302134  0.014860060065984726
7 0.08664635 0.23893017 0.65804994 0.5836372  0.01484045572578907
7 0.0057018  0.45992687 0.11097062 0.6920406  0.014680786058306694
14 0.8038508  0.00200617 0.9035481  0.05787387 0.01463969238102436
14 0.9199914  0.12620158 0.99367034 0.2074307  0.014456828124821186
24 0.8255609  0.43893453 0.98260885 0.78576756 0.014263102784752846
29 0.488709   0.08897187 0.99369633 0.7200916  0.014252975583076477
27 0.01306667 0.45625997 0.20797329 0.870176   0.014224895276129246
24 0.653683   0.40307298 0.9831178  0.6579769  0.014205685816705227
1 0.02426249 0.43491915 0.34334442 0.74852276 0.014129167422652245
1 0.5451302  0.11711939 0.9961601  1.         0.014076842926442623
14 0.888149   0.         0.9873379  0.12376691 0.01407027430832386
4 0.         0.06025846 0.5255504  0.49269816 0.013888767920434475
1 0.09679006 0.01029728 1.         0.28227103 0.013774457387626171
6 9.0099031e-01 1.0994593e-04 1.0000000e+00 1.5338977e-01 0.01373316254466772
40 0.         0.08392121 1.         0.55147964 0.013647855259478092
24 0.         0.59534574 0.15338412 0.71279466 0.01360323652625084
18 0.03997391 0.         0.1750941  0.30915537 0.013590789400041103
27 0.16269954 0.19919315 0.71816874 0.64842695 0.01358125265687704
6 0.913406   0.91963536 1.         1.         0.013531791046261787
25 0.6523929  0.26177186 1.         0.49147132 0.013513556681573391
14 0.86076725 0.0352818  0.9903573  0.20054616 0.013485493138432503
1 0.21180321 0.14478615 0.52211857 0.69884586 0.013455423526465893
22 0.4596553  0.         0.7948734  0.07464156 0.013432578183710575
14 0.7331582  0.0047794  0.9275753  0.11702237 0.013345491141080856
25 0.         0.48134136 0.30617642 0.73844117 0.013311192393302917
27 0.20140071 0.32803082 1.         0.85190016 0.013281246647238731
6 0.8665653  0.         1.         0.11333386 0.013245698995888233
16 0.02857964 0.11404933 0.5702595  0.5107577  0.013212163001298904
20 0.93053305 0.05784163 1.         0.15616997 0.013204099610447884
25 0.14984554 0.16617043 0.9555764  0.62136304 0.013136512599885464
18 0.00353607 0.5183737  0.11101928 0.7338392  0.01311583537608385
1 0.63833714 0.23401591 0.98838115 0.83158183 0.01305864006280899
18 0.12530151 0.05469874 0.4950172  0.7210783  0.012981906533241272
14 0.64157116 0.01688028 0.98019147 0.23297028 0.012952296063303947
14 0.91804284 0.         0.98791814 0.07405709 0.012932755053043365
30 0.00133212 0.6873307  0.1422777  0.83819807 0.012894045561552048
1 0.8344834  0.26860112 1.         1.         0.012866212986409664
27 0.28376403 0.40787664 1.         0.7469686  0.012856999412178993
1 0.13982226 0.01054944 0.7397223  0.16089897 0.012821603566408157
40 0.08796812 0.1704434  0.6072514  0.6339079  0.01281619630753994
16 0.02557625 0.09636096 0.42066258 0.38572824 0.012788870371878147
32 0.31575054 0.13842963 0.9937141  0.5475002  0.012777364812791348
31 0.01668172 0.645221   0.1657157  0.82415    0.012566080316901207
10 0.9431493  0.         0.9978989  0.08045839 0.012555886059999466
4 0.         0.4372619  0.32934323 0.70007545 0.012459936551749706
14 7.9134816e-01 3.2642842e-04 9.1558284e-01 4.1542295e-02 0.012443478219211102
6 0.5186782  0.01799861 0.8567739  0.50114787 0.012417535297572613
33 0.04583718 0.00088523 0.3945137  0.16873191 0.012402460910379887
14 0.55105895 0.0061695  0.9776522  0.1720098  0.012240547686815262
27 0.9480189  0.00480906 0.9983674  0.07292169 0.012173730880022049
22 0.29897758 0.05136659 1.         0.38890752 0.012165342457592487
33 0.12395736 0.164214   0.41079077 0.65629816 0.012149223126471043
41 0.37113032 0.72352034 0.89802754 0.9893168  0.012142220512032509
20 0.9151795  0.01036299 1.         0.14262302 0.012048978358507156
27 0.76989865 0.3809438  1.         0.7619198  0.01200792659074068
16 0.00762449 0.5762062  0.13364686 0.707851   0.012001020833849907
25 0.07782257 0.32555294 0.9791009  0.72143215 0.011916727758944035
41 0.29943925 0.8483678  0.9450281  0.9757004  0.01187250204384327
22 0.9431139  0.         1.         0.07110365 0.01185887772589922
10 0.         0.44911486 0.23147611 0.8758893  0.011777612380683422
21 0.07190725 0.24914902 0.6239831  0.52664655 0.011775556020438671
6 0.6118831  0.00359267 0.92076176 0.07722982 0.01177501492202282
4 0.         0.09569288 0.90484154 0.46125072 0.01172755565494299
24 0.         0.85275114 0.8277148  0.9750878  0.011695385910570621
22 0.         0.53361493 0.1623425  0.71941125 0.011632297188043594
25 0.        0.4289668 0.5275648 0.7106235 0.011581222526729107
10 0.92224145 0.00119739 0.9975283  0.05470439 0.011555323377251625
14 0.7884356  0.00315269 0.9764066  0.11947004 0.011554144322872162
18 0.7911328  0.12350027 1.         0.78291965 0.011433294974267483
29 0.6964835  0.10843468 0.9955552  0.8709937  0.01141803152859211
16 0.13216342 0.19148028 0.5394841  0.65235364 0.011405736207962036
1 0.0759415  0.         0.5842438  0.59226143 0.0114026153460145
24 0.0013401  0.5078136  0.10241041 0.67431086 0.011378513649106026
21 0.02295665 0.1885094  0.22343323 0.5363995  0.011355546303093433
24 0.93007714 0.00638748 0.9974461  0.05295891 0.011345459148287773
28 0.         0.47938865 0.4310258  0.9144436  0.01134109403938055
1 0.         0.39202845 0.8293807  1.         0.011295091360807419
25 0.09453766 0.26660177 0.6385843  0.57793236 0.011250167153775692
18 0.02846414 0.11890577 0.25362408 0.6080948  0.011243164539337158
20 0.88673604 0.01085427 1.         0.10257617 0.011203174479305744
21 0.00126751 0.4830022  0.11197313 0.6804643  0.011119022965431213
4 0.         0.22706589 0.6718233  0.8504446  0.011107033118605614
1 0.25591916 0.00925908 0.6599267  0.21348503 0.011089316569268703
10 0.00399954 0.21982333 0.19761808 0.67751616 0.011055536568164825
22 0.39163253 0.         1.         0.18654905 0.011045923456549644
27 0.5262204 0.        0.8195166 0.0715657 0.011027990840375423
5 0.         0.21729483 0.7059596  0.5789887  0.010995139367878437
34 0.238157   0.69862133 0.86300987 1.         0.010973861441016197
5 0.         0.00503754 0.84703577 0.6491831  0.010970016941428185
20 0.848718   0.00787154 1.         0.07337669 0.010953505523502827
25 0.         0.6011984  0.31724188 0.8249549  0.010939600877463818
18 0.02625722 0.10330256 0.16825384 0.67332715 0.010904157534241676
6 0.9212895  0.0848949  0.99690616 0.1836921  0.01083824597299099
40 0.         0.43609235 0.1343828  0.730688   0.010822750627994537
38 0.94165814 0.00356277 0.99866945 0.08119541 0.010821433737874031
32 0.09141191 0.         0.41153362 0.6105654  0.010747911408543587
24 0.9290261  0.03215607 0.99288535 0.1356355  0.010745863430202007
10 0.        0.5381638 0.292138  0.8407123 0.010738086886703968
1 0.         0.2161204  0.6754179  0.87933564 0.010724126361310482
40 0.         0.5421687  0.27797943 0.7860435  0.01071302592754364
27 0.0012241  0.4402034  0.28937006 0.7156635  0.01070138905197382
22 0.661327   0.41639334 1.         0.74888796 0.010685490444302559
14 0.713899   0.0071427  0.9801329  0.16724169 0.010643672198057175
33 0.01335866 0.00901858 0.6515422  0.17459175 0.010578061453998089
4 0.13784876 0.4137007  1.         0.97722304 0.010546274483203888
14 0.5273521  0.         0.7229472  0.11781067 0.010531053878366947
21 0.7776091  0.28652582 0.9674215  0.64384013 0.01051983144134283
28 0.05305682 0.18065919 0.8826828  0.6964547  0.010511648841202259
6 0.07114189 0.5767906  0.3330174  0.9212269  0.010506748221814632
5 0.         0.         0.76197296 0.40918326 0.010423642583191395
22 0.8184714 0.        1.        0.0768594 0.010372746735811234
38 0.01645158 0.5807651  0.3227824  0.8271899  0.010274800471961498
27 0.         0.14552203 0.70818824 0.7049386  0.010236991569399834
10 0.00141383 0.24007459 0.6523624  0.67666453 0.010217634961009026
41 0.4467976  0.4654584  0.7618269  0.98430574 0.010170499794185162
40 0.00318954 0.54319453 0.16077828 0.71471584 0.010160423815250397
25 0.         0.23304068 1.         0.6360369  0.010141528211534023
34 0.26769048 0.08812762 0.9847561  0.6151236  0.010106376372277737
1 0.03925296 0.         0.513707   0.41541052 0.010098885744810104
18 0.         0.29701117 0.32371953 0.63656163 0.010092485696077347
22 0.86509496 0.         1.         0.10671683 0.01006670668721199
20 0.9373205  0.00693447 1.         0.05100051 0.010060207918286324
18 0.0050015  0.         0.56088805 0.7990846  0.010049442760646343
24 0.92919886 0.07876825 0.9939368  0.1901102  0.010027889162302017
19 0.         0.11523832 1.         0.6452042  0.01001818012446165
22 0.92342615 0.01598927 1.         0.13021454 0.009928143583238125
22 0.         0.38488466 0.22855449 0.92453027 0.009832129813730717
19 0.         0.01758099 0.75606984 0.40269104 0.009769067168235779
25 0.94689596 0.00523465 0.9978884  0.06890222 0.009677707217633724
6 0.51991916 0.00250734 0.81661046 0.08000146 0.009665373712778091
7 0.12315287 0.15802038 1.         1.         0.009652313776314259
4 0.05153821 0.14574273 0.4938613  0.6485643  0.009599888697266579
41 0.         0.5566416  0.11592443 0.74838454 0.009544553235173225
22 0.8999978  0.         0.9994633  0.06378875 0.009517994709312916
22 0.9003638  0.         1.         0.14509723 0.009504680521786213
41 0.03768267 0.0116512  0.6815473  0.14877866 0.009429953061044216
10 0.02325653 0.30139714 0.9367083  0.7074306  0.009415214881300926
4 0.         0.09019562 0.41049415 0.70525634 0.009392213076353073
28 0.14199227 0.25159672 0.82421184 1.         0.009390835650265217
40 0.11071575 0.         0.528349   0.2162131  0.009374323301017284
22 0.35655448 0.         0.68964154 0.06997561 0.009362873621284962
6 4.9509931e-01 6.2585197e-04 7.2837669e-01 1.1125248e-01 0.009345081634819508
27 0.07442599 0.25585335 0.85206777 0.56602    0.009331890381872654
1 0.7969008  0.26272145 1.         0.8145334  0.009324196726083755
33 0.94646883 0.00398629 0.9959073  0.07733011 0.009280391968786716
10 0.00618825 0.21102284 0.30291334 0.5726772  0.009277026169002056
