1 0.03976377 0.00115236 0.4071731  0.40530926 0.46246612071990967
1 0.08766957 0.         0.34517503 0.550266   0.4586907923221588
10 0.         0.02154644 0.30791235 0.27226776 0.4422087073326111
40 0.19329737 0.03479785 0.91491336 0.86554545 0.37372732162475586
1 0.04627375 0.14252704 0.6529396  0.5913484  0.3283669650554657
1 0.         0.07158788 0.48306113 0.6636328  0.3084198534488678
10 0.         0.03008675 0.35963923 0.19279951 0.3076317012310028
10 0.         0.00877528 0.42407998 0.31811646 0.28250887989997864
40 0.         0.         0.92301637 0.99956894 0.2631298303604126
24 0.59151244 0.78256947 0.9569148  0.9753002  0.2619031071662903
1 0.002864   0.         0.5292812  0.25632167 0.2600085437297821
1 0.02110705 0.23715694 0.79752475 0.6636703  0.2506255805492401
1 0.         0.05230095 0.5666746  0.46233228 0.24257990717887878
1 0.         0.12983085 0.9606569  0.629026   0.23654116690158844
24 0.04841265 0.17679256 0.49928406 0.52237964 0.22027283906936646
24 0.8455473  0.9137521  0.9878774  0.99693954 0.21949541568756104
24 0.7787429  0.78694266 0.98082113 0.99112177 0.2091815024614334
1 0.01979833 0.         0.50729454 0.16409643 0.20466162264347076
1 0.05117264 0.13573924 0.41624522 0.7838915  0.20465686917304993
24 0.708454   0.83277285 0.9745261  0.99991965 0.20146766304969788
40 0.04699745 0.3542241  0.8955373  1.         0.19627486169338226
27 0.4256772 0.340273  1.        1.        0.1911831647157669
40 0.        0.        0.7963098 0.6305753 0.17905916273593903
24 0.5177421  0.24492976 0.91488266 0.97014123 0.17254024744033813
24 0.02859506 0.11529098 0.42804664 0.3341605  0.17099063098430634
1 0.         0.18045042 0.5575311  0.89473087 0.17016777396202087
24 0.48628008 0.83816856 0.9701136  0.9883797  0.16605158150196075
24 0.11237123 0.15615185 0.47823986 0.38327923 0.15328890085220337
24 0.6714663  0.36698997 0.93455184 0.9487755  0.1518452912569046
34 0.30236286 0.47805834 1.         0.9248126  0.15047870576381683
24 0.88740605 0.8831714  0.9884662  0.9980457  0.14966358244419098
41 0.         0.18571775 0.28541595 0.8541565  0.1491449624300003
21 0.         0.         0.4751558  0.28792968 0.1481570303440094
24 0.22291791 0.8361469  0.92043155 0.98473126 0.14649321138858795
24 0.82826376 0.7094556  0.98150355 0.9802597  0.14644545316696167
24 0.84599835 0.4063666  0.9725686  0.9827405  0.14588497579097748
41 0.         0.0013724  0.33760035 0.1975532  0.14585250616073608
24 0.         0.23256099 0.40468243 0.59437495 0.1404971480369568
1 0.29204586 0.24179022 0.6845223  0.7208561  0.13811813294887543
21 0.         0.         0.84204865 0.23580262 0.12982022762298584
24 0.83100194 0.58682305 0.9710546  1.         0.1288079470396042
21 0.00625097 0.         0.70750165 0.34939364 0.12530846893787384
24 0.11663724 0.3511092  0.5646749  0.5642356  0.12242218852043152
2 0.25631163 0.07955968 0.80549043 0.73266584 0.1202949583530426
24 0.         0.07340847 0.3672981  0.28196335 0.11998342722654343
40 0.         0.02522555 0.6313906  0.85925084 0.11872948706150055
1 0.01547404 0.21944757 0.9629586  0.8660781  0.11257576942443848
24 0.08808703 0.32814613 0.8927926  0.7889174  0.11183887720108032
7 0.02209643 0.00562586 0.6002884  0.5410738  0.10950563102960587
24 0.07072126 0.1582089  0.78835267 0.63191396 0.10933995991945267
24 0.29979825 0.5479655  0.79540104 0.9458077  0.10921473056077957
27 0.3064039  0.27014104 0.92441356 0.86493564 0.10814868658781052
24 0.84372944 0.0335379  0.9901396  0.18834192 0.10771206766366959
24 0.91601634 0.83688563 0.990996   1.         0.10681194067001343
40 0.28519082 0.45260417 0.93991905 1.         0.10676699876785278
7 0.       0.       0.73724  0.331951 0.10640744864940643
34 0.06909912 0.30508983 1.         0.7931078  0.10630907863378525
24 0.5758827  0.65710086 0.9554171  0.96898925 0.10492517054080963
10 2.2310893e-04 3.7114896e-02 5.7705516e-01 2.6431829e-01 0.10486927628517151
34 0.06121529 0.12510116 0.9020216  0.8510777  0.1044020801782608
24 0.49253806 0.51562524 0.8485749  0.92933404 0.1037321612238884
24 0.04435969 0.28229213 0.5821022  0.537711   0.1036626547574997
41 0.01586717 0.11308239 0.39119115 0.34468076 0.1017453521490097
27 0.5212117  0.24271943 0.9450843  0.9915553  0.10052003711462021
34 0.17840612 0.82978874 0.8954942  0.98286086 0.10014279186725616
2 0.33601046 0.4978828  0.9245264  0.97795737 0.10002656280994415
24 0.5315296 0.7265219 0.8430218 0.9576485 0.0984843522310257
2 0.12439346 0.04854248 0.53907335 0.68550175 0.09779170900583267
24 0.12526006 0.27257818 0.4469508  0.541894   0.0954158827662468
27 0.47977582 0.75202364 0.9574675  1.         0.09313144534826279
24 0.8431193  0.00698647 0.9926628  0.13644746 0.09192987531423569
41 0.01706024 0.43389624 0.68640625 0.92536825 0.09090803563594818
24 0.2524012  0.74299043 0.8907141  0.9755932  0.0886712372303009
24 0.7935738  0.42480573 0.9572443  0.87631094 0.0883118137717247
1 0.07369047 0.04339854 0.8371636  0.37571037 0.08827756345272064
40 0.         0.13593933 0.7261577  1.         0.08803295344114304
21 0.         0.00194202 0.35996664 0.22365768 0.08648557960987091
10 0.0889856  0.02864444 0.8086679  0.32429016 0.08635127544403076
25 0.         0.3534804  0.66335887 0.5674787  0.08603983372449875
24 0.6395084  0.03564387 0.9541653  0.92642176 0.0852443277835846
21 0.00435385 0.01809664 0.22618312 0.21736746 0.08448321372270584
24 0.02064786 0.1700983  0.36542314 0.3789882  0.0827060267329216
4 0.03492078 0.13268895 0.34434122 0.9115261  0.08171242475509644
24 0.6080489  0.5212203  0.90625614 0.9715021  0.08130001276731491
34 0.53118986 0.51145065 0.9706586  0.85885966 0.08103901147842407
40 0.51387626 0.01203662 0.90260065 0.70272475 0.080989308655262
34 0.49665976 0.27916896 0.94824356 0.95046204 0.08080621808767319
29 0.26309046 0.43723044 0.8799644  1.         0.08066082000732422
40 0.03829386 0.         0.91065156 0.43754885 0.08063749223947525
24 0.09605413 0.2136378  0.4849366  0.44798645 0.08019942045211792
10 0.         0.         0.35609728 0.45049348 0.07998359948396683
24 0.03509219 0.32879817 0.6930497  0.6626092  0.07977534085512161
24 0.46509796 0.4588864  0.75868094 0.99122447 0.07889506965875626
27 0.04757131 0.37718278 1.         0.99054754 0.07852284610271454
24 0.30443498 0.4206271  0.9299323  0.9822821  0.0758296325802803
7 0.         0.00761236 0.78276974 0.47023007 0.07526802271604538
24 0.22738312 0.4727603  0.8621742  0.7353673  0.0746401995420456
41 0.         0.04708572 0.4156949  0.29181564 0.07367479801177979
29 0.2935843  0.21421799 0.729642   0.8571204  0.07298010587692261
24 0.8411465  0.08815002 0.9870644  0.2418185  0.0724833607673645
24 0.27597076 0.24003297 0.5292027  0.53383833 0.07165379077196121
24 0.8408518  0.00449523 0.99571425 0.07954045 0.0712461769580841
24 0.3457921  0.58804154 0.8931461  0.87924093 0.07113119214773178
4 0.05180318 0.2772784  0.8093411  0.83382076 0.07103607803583145
24 0.77738    0.00847102 0.9893404  0.23180072 0.07044961303472519
21 0.         0.03040672 0.3342555  0.2988064  0.07018367201089859
34 0.37116513 0.7252266  0.99256796 0.9733577  0.0701267421245575
21 0.         0.02216447 0.2856598  0.16758314 0.07005389034748077
41 0.         0.09367725 0.33364904 0.4317148  0.06930401176214218
41 0.12056338 0.37536532 0.560606   0.76397675 0.06859168410301208
24 0.9114718  0.00464941 0.9946253  0.15436223 0.06848163157701492
2 0.1666937  0.06563787 0.8764359  0.9392499  0.06827385723590851
41 0.30859512 0.49375036 0.79776376 0.9485724  0.0674184188246727
24 0.30264533 0.2857606  0.5977061  0.60135806 0.06689959764480591
24 0.         0.05743304 0.45245495 0.17601985 0.06669560074806213
24 0.8235471  0.03731974 0.98473424 0.4397341  0.06624381989240646
24 0.32856762 0.21379054 0.9116749  0.8520895  0.0657808855175972
27 0.22384027 0.43309227 1.         0.83941275 0.06563661247491837
24 0.88165796 0.03395176 0.99073064 0.2460637  0.06563638895750046
24 0.4791127  0.42345637 0.8906047  0.8455481  0.06527578830718994
24 0.83310246 0.01846069 0.98893946 0.30642685 0.06512703001499176
34 0.02233172 0.1375307  0.7180179  0.60075545 0.06469094008207321
41 0.01041735 0.284939   0.6806353  0.74251825 0.06464672088623047
24 0.         0.25247782 0.6872689  0.58290434 0.06324709951877594
24 0.7106121  0.00110704 0.9726635  0.39090866 0.06310132890939713
34 0.4538119 0.5806852 1.        0.8226811 0.06296957284212112
2 0.29071942 0.36663678 0.84503675 0.7254391  0.06132682040333748
24 0.9331891  0.93412226 0.99234945 1.         0.06105295196175575
24 0.9146918 0.9474346 0.9884249 1.        0.06079757958650589
24 0.21235576 0.3783593  0.73872715 0.68178976 0.06071572005748749
40 0.17587967 0.8030299  0.89388186 1.         0.05958356335759163
34 0.09818701 0.3725404  0.944373   0.8935948  0.05935683846473694
27 0.60094523 0.4022297  1.         0.9194723  0.0592174306511879
40 0.02680954 0.6590534  0.9933926  1.         0.05910748243331909
27 0.458352   0.19843717 1.         0.7886338  0.05787665769457817
24 0.         0.11707241 0.73423415 0.34796718 0.05719996988773346
29 0.21377493 0.32530627 0.91794974 0.87470317 0.0569554902613163
40 0.4331487  0.23952304 0.9289421  0.97642213 0.056308191269636154
29 0.05855157 0.07690059 0.27617854 0.95614564 0.055391211062669754
24 0.6663707  0.61659473 0.9294622  1.         0.054957687854766846
41 0.22522995 0.35007507 0.6758678  0.7611609  0.05464526638388634
34 0.20576592 0.3921718  0.9161941  0.6828139  0.05434855446219444
27 0.1283989 0.8044742 0.9997449 1.        0.054053839296102524
24 0.00790339 0.18290894 0.2845879  0.63097805 0.053906869143247604
24 0.00123077 0.06400012 0.6775409  0.25062498 0.05386241152882576
4 0.06792974 0.20165658 1.         0.7351632  0.053456153720617294
2 0.15396896 0.3727448  0.82497627 0.92547816 0.05310588330030441
24 0.95067406 0.00121888 0.9974587  0.08551055 0.051551878452301025
34 0.         0.02830465 0.7475184  0.46117976 0.051384538412094116
2 0.40936    0.4016684  0.88303345 0.85455424 0.04977751523256302
41 0.28853965 0.2019202  0.5943093  0.77531964 0.049655620008707047
34 0.54200715 0.6518151  0.98034805 0.9818977  0.049293845891952515
24 0.88050836 0.0905821  0.98636204 0.29837856 0.04864657297730446
41 0.210596  0.8043507 0.7849007 0.9770463 0.04829562455415726
1 0.17215778 0.3762308  1.         0.6255283  0.04816833883523941
2 0.4616733  0.44262233 0.76206607 0.9619682  0.04772059619426727
1 0.26218265 0.32853    0.86681867 0.6922716  0.047402769327163696
41 0.01708655 0.29146105 0.37238973 0.83716416 0.04677504673600197
33 0.0392261  0.00749756 0.3476394  0.8583679  0.046395085752010345
1 0.00754283 0.3480592  0.77197194 0.831875   0.04623609781265259
27 0.46587667 0.6523215  0.89650655 1.         0.04610361531376839
24 0.         0.42908478 0.62603027 0.6113329  0.045569755136966705
41 0.11067503 0.13604185 0.39765745 0.51576203 0.04539485275745392
24 0.8353491  0.23746885 0.98303044 0.78048617 0.044493407011032104
24 0.35957196 0.3626627  0.7061775  0.81896263 0.04400834068655968
34 0.28795722 0.1807396  0.8512476  0.7816817  0.04400230199098587
27 0.57017773 0.         1.         0.9427342  0.04382013902068138
7 0.         0.12804703 0.6865933  1.         0.04381345212459564
34 0.35106695 0.6251997  0.9528011  0.8789433  0.04374762997031212
27 0.12836584 0.25638962 0.98966634 0.6977268  0.04285358637571335
40 0.         0.01366327 0.557785   0.40983933 0.042528003454208374
2 0.06616221 0.02121774 0.42068163 0.36572373 0.04216481372714043
24 0.93392915 0.00341209 0.9984692  0.05415407 0.042159806936979294
40 0.         0.5673552  0.82354397 1.         0.04211046174168587
1 0.07573873 0.17054477 1.         0.748372   0.042097821831703186
24 0.         0.19040449 0.6994044  0.45494345 0.041100356727838516
27 0.1499787 0.6853511 1.        1.        0.040866669267416
1 0.23664851 0.25573638 1.         0.89903903 0.04066881909966469
4 0.         0.09791081 0.89019394 0.45428035 0.04065081104636192
1 0.04759832 0.12886538 1.         0.5019016  0.040511202067136765
27 0.01022563 0.14333537 1.         0.87677705 0.04031830653548241
33 0.04737986 0.07672738 0.3328593  0.46851227 0.04024072736501694
1 0.39931574 0.35082862 0.73955005 0.83567595 0.03953938186168671
41 0.19146112 0.17669104 0.7497395  0.5184338  0.039028555154800415
25 0.         0.26901388 0.59807235 0.60657656 0.038949403911828995
24 0.2241989  0.34318435 0.7463392  0.5720503  0.03842230886220932
34 0.19396217 0.6903158  0.85029495 0.950719   0.03803737834095955
24 0.3179     0.51747704 0.9033773  0.806162   0.037922490388154984
7 0.06241969 0.05167674 0.8590757  0.75733054 0.037348948419094086
2 0.12848192 0.07438955 0.6243213  0.9167785  0.03697924315929413
40 0.        0.        0.3582781 1.        0.03696764260530472
2 0.19610746 0.2250333  0.59864175 0.7579345  0.03674442693591118
40 0.23726523 0.084459   0.88112336 0.5853902  0.036587025970220566
41 0.0797732  0.42320514 0.5778642  0.6702175  0.03644281253218651
41 0.03687948 0.6678679  0.7887734  0.9562641  0.03612305596470833
34 0.02725873 0.7630677  0.7917365  0.9753861  0.03561835363507271
4 0.         0.03113163 1.         0.31743643 0.03561526909470558
34 0.54831713 0.15338576 0.9432623  0.77494407 0.03545532003045082
4 0.         0.06591973 0.624142   0.7396453  0.03526199236512184
24 0.         0.39248937 0.49001    0.68595505 0.03500976786017418
24 0.58929294 0.3389282  0.8839524  0.891828   0.034935567528009415
41 0.        0.0696981 0.9634323 0.3080249 0.03473260998725891
24 0.14160153 0.24087988 0.5537293  0.5021065  0.03468291088938713
34 0.47992653 0.47535324 0.8089007  0.89156264 0.03459826856851578
40 0.21922435 0.36480814 0.8314319  0.76638633 0.0343109555542469
4 0.         0.1441042  1.         0.51291823 0.03428102284669876
2 0.31748465 0.24098928 0.8964871  1.         0.03423824533820152
24 0.6445293 0.9159357 0.9277232 0.9898049 0.034022413194179535
24 0.9148857  0.00260399 0.99839723 0.0377201  0.03358684107661247
24 0.03606433 0.14779754 0.34146088 0.47405767 0.03303748741745949
7 0.12998912 0.03975001 0.9297822  0.528123   0.03295530006289482
24 0.4669675  0.2874938  0.92144006 0.72441614 0.03290781006217003
24 0.14519727 0.70068395 0.8275064  0.94875854 0.03245895728468895
41 0.16464356 0.22374257 0.5850813  0.66054994 0.03243698179721832
27 0.26916268 0.41412646 0.9033907  1.         0.0324057936668396
41 0.04050677 0.13407142 0.8896252  0.4356775  0.03238316625356674
25 0.         0.17664602 0.8089904  0.6150639  0.03197672590613365
41 0.06768291 0.1391499  0.59430355 0.4731728  0.03141222149133682
34 0.48688143 0.7814305  0.9253155  0.9750973  0.031012054532766342
34 0.3526671 0.5309983 1.        0.7904438 0.030947813764214516
34 0.41731384 0.8374529  0.98503584 0.97546184 0.030739136040210724
41 0.16863081 0.5381694  0.8163764  0.86095583 0.03070586919784546
24 0.         0.42693543 0.58448714 0.7593745  0.030668437480926514
41 0.37753224 0.30552265 0.6676666  0.885118   0.030494488775730133
24 0.21316083 0.2967808  0.47714266 0.5478477  0.030375005677342415
21 0.01229062 0.01074605 0.24554396 0.3425237  0.030254065990447998
38 0.81580245 0.9077619  1.         0.99433273 0.030116518959403038
41 0.27279738 0.6064581  0.88296956 0.92117506 0.029843030497431755
1 0.02168716 0.35050055 0.51661605 0.7681052  0.029819153249263763
41 0.26015887 0.4512667  0.7745174  0.7636802  0.029784739017486572
7 0.01536446 0.00443306 0.5214004  0.85187066 0.029727017506957054
24 0.1429625  0.32653484 0.6110155  0.49042842 0.02938934974372387
2 0.11101366 0.         0.40875897 0.5254528  0.02925780415534973
41 0.45466137 0.44097048 0.74281687 0.9853998  0.02909868024289608
21 0.         0.00673091 0.44866684 0.14516114 0.029091570526361465
34 0.3119028  0.42650554 0.81027216 0.7872111  0.02883654274046421
25 1.0960897e-04 7.9005319e-01 9.4590235e-01 9.7985458e-01 0.028753701597452164
24 0.71662337 0.43762487 0.9557034  0.7682925  0.028641914948821068
25 0.         0.40165952 0.6026935  0.64113605 0.028534412384033203
21 0.14509216 0.76616067 0.76189506 0.960035   0.028297146782279015
41 0.3085261  0.24245305 0.8784191  0.69576484 0.02796066738665104
24 0.8295521  0.08498075 0.99379915 0.6120566  0.027872234582901
41 0.03211331 0.26239616 0.44934896 0.6830496  0.027862323448061943
34 0.43701258 0.45548952 0.93948996 0.8052434  0.027843182906508446
24 0.09493558 0.33748198 0.4253821  0.623345   0.0278310663998127
29 0.10900761 0.19895422 0.45780462 0.8827165  0.02761830762028694
27 0.73335433 0.33381805 0.9910334  0.8346801  0.0273346696048975
34 0.25836745 0.46470603 0.97520053 0.7335617  0.027188777923583984
1 0.20691209 0.19558334 0.5166671  0.74713445 0.0266237985342741
29 0.34103096 0.4590643  0.79286325 0.82903254 0.02643406204879284
2 0.42441577 0.48476768 0.98019636 0.79505646 0.026284515857696533
34 0.52202934 0.71490717 0.8487667  0.96082175 0.026177087798714638
41 0.         0.00895866 0.26762417 0.27515322 0.026155933737754822
41 0.02358887 0.18521099 0.48391628 0.53624964 0.026126496493816376
34 0.30349848 0.77315897 0.806512   0.959727   0.02584182843565941
40 0.10893713 0.27865133 0.6688463  0.6211863  0.02573363482952118
40 0.2847243  0.28062037 0.7254696  0.81656504 0.025242585688829422
24 0.42243266 0.7232871  0.7880086  0.9766471  0.02521946281194687
24 0.69715875 0.51777387 0.92849064 0.8483179  0.02512197010219097
34 0.         0.02250633 0.6889016  0.26149786 0.02469596453011036
41 0.00838673 0.5171278  0.40699753 0.96191305 0.024643711745738983
25 0.         0.27027282 0.7000788  0.705872   0.024564094841480255
24 0.00532893 0.49529538 0.7745149  0.91295147 0.0244438499212265
24 0.16077958 0.77986485 0.6653223  0.9821978  0.02428702637553215
13 0.47970995 0.3713303  0.9416606  1.         0.024249669164419174
24 0.06631475 0.5080302  0.693705   0.7580845  0.024109024554491043
21 0.10741455 0.0179231  0.403772   0.3304153  0.023925038054585457
2 0.5562046  0.5170582  0.94811016 0.938768   0.023840226233005524
29 0.25419652 0.8398279  0.84644276 0.999008   0.02351759374141693
24 0.29972228 0.6424566  0.69032526 0.9496576  0.02321781776845455
24 0.02285502 0.27909073 0.43530482 0.47280625 0.023002173751592636
24 0.19618815 0.4456655  0.7083962  0.7921911  0.022935152053833008
25 0.         0.19252583 0.68108606 0.4784421  0.022560572251677513
40 0.5970434  0.4130508  0.94828933 0.913569   0.022390248253941536
40 0.01902313 0.3995919  0.55878514 1.         0.02227901853621006
21 0.0259328  0.78926355 0.60953796 0.96448815 0.022218860685825348
4 0.0282459  0.17061435 0.50582564 0.8396456  0.022139038890600204
21 0.06602323 0.41725844 0.88866323 0.9314291  0.022091632708907127
34 0.6254719  0.42351416 0.97866225 0.91930056 0.021959301084280014
10 0.25584972 0.7995213  0.8139261  0.98483706 0.021949421614408493
25 0.         0.08871447 0.46093506 0.38028452 0.021856045350432396
41 0.0891802  0.48900595 0.657634   0.79124546 0.021648431196808815
24 0.77561575 0.13027522 0.9855069  0.5335609  0.02140607126057148
34 0.13585201 0.3104723  0.68620276 0.6931476  0.021205121651291847
4 0.3357346  0.18830428 1.         0.76687056 0.021194977685809135
27 0.80646616 0.37881362 0.9798171  1.         0.021142803132534027
41 0.15844744 0.791933   0.63340026 1.         0.021110134199261665
40 0.1338814  0.11810929 0.67147726 0.683455   0.021018238738179207
16 0.08319303 0.16192584 0.28803855 0.60921246 0.02070099115371704
34 0.37498644 0.36797017 0.712042   0.8087568  0.020595379173755646
24 0.16084689 0.18476646 0.5898797  0.41421092 0.020459363237023354
33 0.06944104 0.11659312 0.3867512  0.59342307 0.020012829452753067
34 0.09311254 0.5677875  0.9352702  0.9224803  0.019978206604719162
2 0.09671247 0.02147357 0.6598749  0.40061137 0.0198920127004385
1 0.33124965 0.33666614 0.6372726  0.9289552  0.019839400425553322
1 0.27492344 0.7191755  0.9255892  1.         0.019767729565501213
2 0.04626372 0.         0.31909612 0.8093192  0.019617276266217232
7 0.13093862 0.15530983 0.72466546 0.5212877  0.019330479204654694
10 0.08148074 0.02284636 0.5334445  0.4067367  0.01922665722668171
25 0.         0.07423253 0.99596024 0.6992286  0.01921837031841278
