21 0.         0.11107887 0.8399458  0.82882863 0.3549482226371765
27 0.         0.11705859 0.7333186  0.95075166 0.2840827405452728
27 0.         0.05049204 0.68523854 0.58357966 0.20237356424331665
24 0.06601776 0.33410868 0.71329296 0.86516565 0.13982972502708435
21 0.21368188 0.24053328 0.6838708  0.6811661  0.12054949253797531
34 0.         0.25130332 0.9392517  0.8235764  0.10796862840652466
21 0.02453959 0.13640353 0.6931011  0.7516497  0.09439655393362045
24 0.385006   0.35940072 0.66486675 0.8361324  0.09313790500164032
27 0.         0.28952578 0.59139293 0.83738446 0.0926496759057045
27 0.26001927 0.33358502 0.69472903 0.88890004 0.08524058014154434
38 0.36043194 0.6484628  0.75258017 0.98628867 0.0842716321349144
24 0.04467949 0.5453735  0.615365   0.78966886 0.08007117360830307
5 0.        0.        0.7267145 0.8828653 0.07819298654794693
18 0.8790029  0.86895406 1.         1.         0.07637233287096024
41 0.9226284  0.94586134 1.         1.         0.07539049535989761
24 0.2442977  0.21407077 0.7109427  0.7492318  0.07502549886703491
18 0.9270356  0.92597854 1.         0.9997672  0.0734252855181694
18 0.7162157  0.         1.         0.16186664 0.07321962714195251
24 0.04223503 0.29606023 0.4921985  0.8153036  0.07154100388288498
21 0.17557663 0.21640956 0.9267235  0.7176315  0.07097160816192627
34 0.23905195 0.27623385 0.7888291  0.70362    0.06874489784240723
18 0.79191875 0.8657816  1.         0.99899185 0.06812384724617004
38 0.36330497 0.5671775  0.8880747  0.96383435 0.06579183042049408
18 0.8369893 0.9015475 1.        0.9985112 0.06550435721874237
21 0.         0.26382026 0.61891377 0.83447593 0.06477835774421692
24 0.        0.1983658 0.7590779 0.7270503 0.0643315538764
24 0.12075508 0.58136845 0.6358291  0.891538   0.06275305896997452
21 0.0148261  0.23582943 0.71386516 0.524746   0.06253264844417572
24 0.20946348 0.11375443 0.93187493 1.         0.061781615018844604
18 0.9084946 0.8173979 0.9994614 1.        0.058744464069604874
24 0.34561566 0.26743796 1.         0.8341793  0.05752033740282059
38 0.3162405 0.7274466 0.8341406 0.9713851 0.05720752105116844
24 0.         0.02208951 0.83624667 0.40473154 0.05643728747963905
41 0.         0.24348031 0.7478211  0.6286995  0.05553721264004707
24 0.         0.07004003 0.8302969  0.61956817 0.05458651855587959
24 0.15468137 0.05609876 0.9639099  0.5606543  0.05297594889998436
4 0.         0.11225128 0.49876222 0.8533905  0.05222877860069275
14 0.84451747 0.6310121  0.9934446  0.7976771  0.050590191036462784
18 0.82318276 0.         1.         0.5642825  0.05028734356164932
27 0.         0.2779823  0.34399757 0.91518223 0.050109874457120895
34 0.         0.12662686 0.91093284 0.6325181  0.049402981996536255
24 0.02152728 0.00525272 0.34524894 0.20109794 0.049064572900533676
24 0.04334455 0.05347278 0.572487   0.40633598 0.04865275323390961
18 0.77131206 0.         1.         0.21999042 0.04856181517243385
25 0.6634595  0.95082474 0.83305067 0.99815524 0.04802587628364563
27 0.         0.4924242  0.56512135 0.8573275  0.04783013090491295
21 0.66657543 0.         0.98968965 0.13340956 0.04763219878077507
40 0.         0.21649343 1.         0.8388594  0.04758596792817116
10 0.14119709 0.22934917 0.6067572  0.9143347  0.047549013048410416
21 0.16853087 0.23849285 0.9238966  0.52594    0.04722430929541588
14 0.8832294  0.6240614  0.9942794  0.85802674 0.04662849009037018
1 0.13922161 0.         0.99598175 0.5690695  0.04617180675268173
25 0.         0.0466112  0.95930374 0.82575816 0.04452451691031456
24 0.3179432  0.09636956 1.         0.6945615  0.0442037507891655
27 0.25526544 0.12585439 0.70898706 0.72168946 0.043627746403217316
27 0.24277154 0.48301667 0.79992324 0.97438926 0.04292094334959984
27 0.         0.5456064  0.732681   0.97113204 0.04281042888760567
32 0.7826297  0.9046508  1.         0.99800205 0.04233694449067116
24 0.8835317  0.64602786 0.9956594  0.86240727 0.042275745421648026
27 0.0000000e+00 3.8452148e-05 1.0000000e+00 7.6977366e-01 0.04212888330221176
32 0.87352186 0.90818137 1.         0.99787295 0.04212844744324684
24 0.28453147 0.40131897 0.7220057  0.84004927 0.04189715534448624
18 0.77425826 0.92901033 0.8873032  0.99680537 0.04154663160443306
25 0.6835608  0.93583846 0.8089982  0.99525476 0.04150597006082535
25 0.3040704  0.53532195 0.81842715 0.90995985 0.041441816836595535
41 0.8601275 0.9127407 1.        1.        0.04137403517961502
5 0.         0.         0.58149254 0.50216675 0.04124537110328674
32 0.93702507 0.94537103 1.         0.9965441  0.041169386357069016
38 0.01998118 0.05828381 0.3862816  0.2966114  0.04113287478685379
40 0.         0.37185043 0.984908   0.9534072  0.04080573841929436
25 0.22155361 0.16680133 1.         0.70135784 0.04061546176671982
28 0.87997293 0.6284848  1.         0.85341454 0.039880283176898956
41 0.859944   0.08541664 1.         0.5544488  0.03969584405422211
24 0.25257906 0.5018279  0.6760019  0.9313432  0.03896365687251091
41 0.         0.31216648 0.75745875 0.80887413 0.03843659535050392
25 0.27267674 0.3154108  0.7003343  0.85971326 0.03794901818037033
29 0.01154475 0.38847923 0.63301975 0.9849634  0.037054918706417084
31 0.88967514 0.61894184 1.         0.8488812  0.037040092051029205
24 0.93252736 0.7221224  0.99672866 0.8338461  0.037026215344667435
25 0.29474777 0.3628463  0.84789896 0.776403   0.036917369812726974
24 0.         0.38505143 0.46630153 0.69043565 0.03690589219331741
24 0.38087097 0.48417145 0.748578   0.9292144  0.03620724752545357
18 0.78054047 0.         0.99829155 0.3960897  0.03613733500242233
24 0.06657804 0.53729737 0.3967138  0.84399587 0.03603478521108627
32 0.78414047 0.9277767  0.89667016 0.9955951  0.03570536524057388
24 0.         0.14240876 0.5914881  0.6156101  0.035484589636325836
24 0.1260907  0.04693796 1.         0.26801956 0.035128265619277954
24 0.29546168 0.03043749 1.         0.14360884 0.035079583525657654
14 0.9336476  0.7165459  0.9964939  0.82902616 0.03490566089749336
28 0.83548886 0.63370097 1.         0.7974092  0.03467826545238495
14 0.9164364  0.7572556  0.99439657 0.84170824 0.03459126874804497
24 0.03096689 0.39665464 0.33307263 0.8548251  0.03432567045092583
10 0.0916288  0.20963308 0.3366     0.99067885 0.03431886434555054
32 0.6716818  0.94245434 0.83376133 0.99744195 0.03431630879640579
24 0.84905237 0.65097713 0.9918299  0.7980596  0.03386422246694565
24 0.9323137  0.74932283 0.9981108  0.8603169  0.03380901366472244
41 0.85055447 0.09312299 1.         0.23718084 0.03372162953019142
18 0.8875918  0.33390236 1.         0.6003104  0.0335782952606678
24 0.02763921 0.01430943 0.49803773 0.17296316 0.033519431948661804
27 0.         0.         0.94198185 0.5095701  0.03299672156572342
38 0.        0.0147783 0.6468894 0.1401687 0.03298598900437355
2 0.05649315 0.10165398 0.7697325  0.7732089  0.03273912891745567
41 0.9380412  0.16234797 1.         0.27184343 0.03256147354841232
14 0.8491444  0.6844725  0.9948683  0.85194576 0.0323973186314106
41 0.9042738  0.41117957 1.         0.6050856  0.03239430487155914
40 0.         0.12522945 0.72280604 0.7204531  0.0322904959321022
41 0.        0.3898622 0.4268561 0.7527426 0.03199153020977974
18 0.7495734  0.927767   0.85814637 0.9997272  0.031759895384311676
31 0.85246503 0.6312673  1.         0.7913982  0.03163191303610802
24 0.91373974 0.76273423 0.9965608  0.8425717  0.03161666542291641
24 0.8912665  0.5790731  0.9953815  0.77877104 0.03156052157282829
18 0.6982521  0.         1.         0.29549676 0.03147650137543678
34 0.01367851 0.48657745 0.73432314 0.79536116 0.03147381544113159
24 0.33546844 0.4984849  0.97868687 0.9994734  0.031340524554252625
25 0.         0.16476195 0.6075157  0.826967   0.031330861151218414
38 0.00367877 0.02916624 0.46600944 0.17461836 0.031099382787942886
41 0.8947266 0.8834646 1.        1.        0.03098146617412567
40 0.         0.20980373 0.6435963  0.9863373  0.030922751873731613
25 0.        0.5496157 0.775076  0.9473036 0.03092045895755291
1 0.79133177 0.52313083 1.         0.98850954 0.030418608337640762
27 0.         0.0355063  0.27711573 0.27570513 0.030303876847028732
24 0.         0.47046033 0.4926772  0.7678513  0.030155351385474205
41 0.7843082 0.9355012 0.8958654 1.        0.029856158420443535
21 0.03790332 0.27441022 0.43962383 0.80764174 0.029706701636314392
32 0.7513538  0.9277323  0.8670147  0.99577504 0.02961749956011772
21 0.3167005 0.127234  0.623791  0.6550778 0.029558947309851646
14 0.93533033 0.7447926  0.9964104  0.85662335 0.029501164332032204
24 0.33795255 0.02741425 0.8063773  0.18443897 0.02921205572783947
34 0.02168846 0.33992428 0.64088666 0.8163817  0.028856832534074783
32 0.7193083 0.9276985 0.8360807 0.9965199 0.028718914836645126
32 0.7699876  0.870961   0.97461855 1.         0.028001725673675537
24 0.40945604 0.68296033 0.68789905 0.96930087 0.027870740741491318
32 0.8640731  0.85706466 1.         0.99855083 0.02767806686460972
4 0.         0.25610268 0.6250635  0.9452236  0.027582118287682533
27 0.         0.06351791 0.36015722 0.6120952  0.026970302686095238
40 0.0097521  0.08643609 0.60602415 0.4459008  0.026557989418506622
34 0.0259863  0.23156536 0.85356    0.50506073 0.026499144732952118
25 0.        0.2881666 0.9029165 0.8477305 0.026390675455331802
28 0.8797159  0.5411737  1.         0.77086335 0.026226339861750603
25 0.24324128 0.1992418  0.87598515 0.62862796 0.02620505727827549
10 0.15477097 0.296736   0.36616513 0.9120522  0.02597047947347164
41 0.05892767 0.20709783 0.54368305 0.5774612  0.025960002094507217
38 0.87880945 0.63752395 1.         0.8385735  0.025955086573958397
18 0.9333058  0.13037433 1.         0.26966766 0.025816351175308228
38 0.1994749  0.64188206 1.         0.9602904  0.025607388466596603
41 0.86209464 0.14531298 1.         0.289103   0.025206252932548523
24 0.28824684 0.24426779 0.957247   0.59494287 0.02511822059750557
25 0.         0.00942876 0.93121237 0.5029015  0.025087248533964157
24 0.34786555 0.124373   0.65935665 0.6090259  0.02494267001748085
10 0.37835315 0.17283928 0.63876384 0.72315633 0.024940641596913338
1 0.         0.00882487 0.8815883  0.4000425  0.02492799423635006
25 0.         0.         1.         0.59929913 0.024793870747089386
28 0.9313275  0.7144132  1.         0.82508737 0.024705974385142326
38 0.84153754 0.64283955 1.         0.7876551  0.024631135165691376
27 0.04085343 0.43684912 0.69157463 0.87810326 0.02405584044754505
10 0.3667709  0.35261157 0.6341299  0.8958802  0.023717781528830528
24 0.02905392 0.10792056 0.33256632 0.7058612  0.02366868034005165
1 0.9206886  0.62073374 1.         0.97678787 0.023512963205575943
18 0.9337251  0.19159593 0.99892896 0.3271817  0.02344360388815403
24 0.8420056  0.704613   0.99514425 0.85402673 0.02334917150437832
27 0.         0.1124351  0.4477711  0.89259857 0.02301318757236004
24 0.10194598 0.2374009  0.70993185 0.5448889  0.022595277056097984
1 0.9190184 0.796429  1.        1.        0.022546477615833282
18 0.73614603 0.8157072  0.8802261  1.         0.02253842167556286
18 0.7691054 0.7444514 1.        0.9995216 0.022447437047958374
18 0.7255825 0.9258876 0.8270197 1.        0.022374575957655907
25 0.63245606 0.9372742  0.7501838  0.99581647 0.022353725507855415
41 0.08747637 0.26089483 0.67117596 0.5163059  0.022292694076895714
2 0.23207174 0.06569977 0.8948112  0.7360609  0.022169379517436028
2 0.         0.24101354 0.9032363  0.8221468  0.022120503708720207
24 0.9129955  0.7898848  0.99784905 0.8698311  0.022097976878285408
21 0.06552714 0.17814748 0.5406859  0.6800161  0.022035842761397362
24 0.         0.27387044 0.60523146 0.50905615 0.02197488397359848
41 0.88241476 0.0441366  1.         0.24529791 0.021944517269730568
41 0.93796307 0.2130362  1.         0.32412684 0.02189529314637184
18 0.8929873  0.17144717 1.         0.46319845 0.021852515637874603
32 0.68026847 0.90297306 0.96484214 0.9981325  0.02177399955689907
10 0.7032436  0.00341294 1.         0.17533463 0.021649882197380066
31 0.9345519  0.7083927  1.         0.82096446 0.02154741808772087
18 0.7192889 0.        1.        0.4810261 0.021532146260142326
18 0.9509541  0.         0.99899954 0.08796514 0.02150280587375164
14 0.9191058  0.7854524  0.99413943 0.8693341  0.021445533260703087
5 0.         0.         0.45398208 0.82223445 0.021419228985905647
42 0.7652974 0.9056414 1.        1.        0.021310584619641304
20 0.6669504  0.9341213  0.76977825 0.9920508  0.02128720097243786
1 0.113667   0.08448385 1.         0.96448714 0.021252240985631943
24 0.9315319  0.77721846 0.99923515 0.88670176 0.021028395742177963
1 0.2751913  0.17891182 0.9139331  0.61406565 0.02099294774234295
32 0.6629879  0.92693716 0.77959687 0.99732417 0.020738186314702034
42 0.776798   0.92484945 0.89041436 0.99524254 0.020626993849873543
41 0.05278029 0.29600886 0.36939815 0.8054108  0.02061699889600277
35 0.66342115 0.93025935 0.78033614 0.9954203  0.020557506009936333
21 0.07836533 0.21439537 0.3542716  0.8748366  0.020304696634411812
32 0.7013911  0.86607283 0.917008   1.         0.02026834338903427
41 0.         0.30036286 0.5762996  0.7129593  0.020220832899212837
21 0.06368291 0.07874347 0.7325546  0.5593483  0.020072976127266884
28 0.8413217  0.68715525 1.         0.8470434  0.020012006163597107
24 0.77494514 0.6083783  1.         1.         0.020001621916890144
35 0.8435609 0.6395544 1.        0.7933748 0.01997292786836624
25 0.87158203 0.56169885 1.         0.7552534  0.019869612529873848
1 0.32477257 0.4700105  1.         0.9619012  0.01973607763648033
27 0.         0.24024513 0.661858   0.5940101  0.019715256989002228
18 0.67265224 0.8953097  0.95222443 1.         0.01970369927585125
24 0.11268464 0.26022446 0.80989015 0.6446466  0.019674260169267654
34 0.        0.0807758 0.8172036 0.4000896 0.019671911373734474
27 0.8709896  0.629148   0.9887616  0.83464116 0.01962955668568611
28 0.32313922 0.01003932 0.83536196 0.17178024 0.019629478454589844
3 0.3001516  0.2859155  0.7152786  0.67626125 0.019621558487415314
25 0.25242773 0.54316735 1.         0.9523505  0.01948627084493637
3 0.02392024 0.09190244 0.66042244 0.84001243 0.019459962844848633
42 0.85390157 0.9078952  0.99254256 0.99948746 0.019384389743208885
32 0.9231187 0.841467  1.        1.        0.019286736845970154
41 0.846503   0.03697044 1.         0.18834183 0.019184913486242294
18 0.7008808  0.85914755 0.90053296 1.         0.019156046211719513
21 0.6549111  0.         0.96838593 0.21906435 0.019142860546708107
1 0.6843821  0.94656956 0.82021207 1.         0.01910502277314663
17 0.803663   0.89428335 0.9616365  1.         0.019095592200756073
21 0.22705933 0.08312368 0.9732594  0.57977515 0.019031714648008347
24 0.02640631 0.02554938 0.27373952 0.27479705 0.01895691081881523
20 0.6430594  0.93236107 0.7450598  0.9906688  0.018950946629047394
33 0.         0.5655681  0.71558774 0.90645206 0.01890283077955246
29 0.23935387 0.4229962  0.74809676 0.98248327 0.018847445026040077
28 0.9324293  0.74434733 1.         0.8514944  0.018824299797415733
5 0.        0.        0.8218218 0.4881126 0.018790381029248238
41 0.8705372 0.4624261 1.        0.597819  0.018784161657094955
26 0.840093   0.9190332  1.         0.99945515 0.018703028559684753
27 0.         0.5188682  0.38397804 0.9217965  0.018657159060239792
24 0.9147881 0.9491199 1.        0.9941874 0.01858706772327423
1 0.9385698  0.21870753 0.9986088  0.36719579 0.018454670906066895
10 0.15408562 0.34346625 0.4704891  0.79148525 0.018315358087420464
41 0.7673293 0.8847879 0.9757503 1.        0.018224656581878662
27 0.         0.02058184 0.33353013 0.18987457 0.01816675439476967
18 0.686834   0.80969083 0.99063826 1.         0.018111752346158028
1 0.7722327  0.92839015 0.8830401  1.         0.01810510829091072
41 0.7586049  0.93598616 0.866676   0.999631   0.018038766458630562
17 0.7763582  0.93728536 0.87198466 0.99660057 0.018002673983573914
25 0.8736373  0.64409673 0.99807274 0.8375839  0.017977610230445862
29 0.3694214  0.35457557 0.6333179  0.9766585  0.017958931624889374
1 0.9373377 0.9292386 1.        1.        0.01788395270705223
26 0.8796962 0.8955337 1.        1.        0.01770089380443096
25 0.8307753  0.64976364 1.         0.78854376 0.017677461728453636
23 0.08081006 0.22191656 0.49375552 0.9167515  0.01763983629643917
26 0.9124705  0.95076156 1.         0.99860334 0.017590919509530067
35 0.88500875 0.6338898  1.         0.8472272  0.017573023214936256
26 0.77794623 0.9378046  0.88690025 0.99801475 0.017506491392850876
42 0.8155563  0.87349683 0.9933588  1.         0.017443634569644928
1 0.72224873 0.93173444 0.8236956  1.         0.0174313485622406
34 0.17549276 0.53308254 0.9458878  0.9432078  0.017248203977942467
10 0.8345663 0.6319604 0.9982002 0.8144949 0.017242150381207466
1 0.93863356 0.7851752  1.         0.91422987 0.0171987134963274
30 0.882372   0.63360727 0.9887897  0.8422869  0.017130261287093163
18 0.83788437 0.78666764 0.991848   0.9638612  0.017031008377671242
18 0.8563998 0.2000868 1.        0.4067602 0.01702788472175598
31 0.88969666 0.5285879  1.         0.76651645 0.01691175065934658
20 0.9179664  0.7603093  0.99372286 0.83809257 0.016834711655974388
1 0.74579936 0.93041193 0.8538372  1.         0.016757279634475708
25 0.15001175 0.         1.         0.51969534 0.016702035441994667
29 0.05355692 0.2970277  0.4086249  1.         0.016699276864528656
1 0.85359985 0.82231224 1.         1.         0.01669292338192463
26 0.79536104 0.8936311  1.         1.         0.016683081164956093
1 0.8577757  0.76466817 1.         0.9713922  0.016675256192684174
27 0.82647836 0.6405407  0.98252594 0.7787784  0.01662730984389782
41 0.8457011  0.03659254 1.         0.29504338 0.016595039516687393
20 0.93680155 0.7472852  0.9945624  0.8520253  0.016457198187708855
10 0.8756758  0.62996846 0.99532443 0.8760521  0.01635824516415596
20 0.69117856 0.93578106 0.79580235 0.9942263  0.016305819153785706
27 0.18969092 0.01377558 0.77651954 0.6004326  0.016267698258161545
20 0.6738564  0.949574   0.81383616 0.99608666 0.016262739896774292
31 0.9358054  0.73559964 1.         0.85159045 0.01620394177734852
41 0.9227567  0.84193873 1.         1.         0.016200318932533264
23 0.08723709 0.05376127 0.6188548  0.80106497 0.016186349093914032
40 0.         0.10906012 0.9724852  0.5054407  0.016182757914066315
2 0.31202206 0.29781002 0.9599134  1.         0.016163019463419914
14 0.9367366  0.77358055 0.9960947  0.8842973  0.016102440655231476
41 0.0111911  0.35366985 0.5910448  0.6056417  0.0160813145339489
31 0.8532775 0.6810265 1.        0.8488951 0.016044706106185913
10 0.29500654 0.46739793 0.7236685  0.9197547  0.016025058925151825
17 0.7500906  0.89202476 0.92853844 0.9994792  0.015924200415611267
24 0.68110925 0.9495291  0.8189087  0.9988154  0.015912050381302834
33 0.18361638 0.5367816  0.76369005 0.88575727 0.01588893122971058
25 0.72774357 0.9372805  0.86331314 0.9978764  0.015859784558415413
20 0.9368556  0.72083247 0.9938964  0.82333577 0.015855787321925163
38 0.9278587 0.7165013 1.        0.8209319 0.015774982050061226
14 0.22397023 0.39071414 0.74324375 1.         0.01574963517487049
14 0.87316245 0.544923   0.9887411  0.77690494 0.015638448297977448
1 0.85028887 0.6384949  1.         0.9995344  0.015590231865644455
1 0.8916665  0.85818064 1.         1.         0.015505767427384853
1 0.92030746 0.78443325 0.9994426  0.8680477  0.015473605133593082
30 0.8466994  0.6389198  0.9872985  0.78421885 0.015384587459266186
24 0.8433337  0.91672933 1.         0.9957957  0.015298483893275261
28 0.790416  0.5664999 0.996089  0.9675163 0.015289811417460442
24 0.47835764 0.66352826 0.7614219  0.98716474 0.015277230180799961
10 0.20257215 0.10574097 0.6552235  0.72691697 0.015178834088146687
24 0.85527694 0.579037   0.9959585  0.7186653  0.015034102834761143
27 0.9280772  0.74123937 0.9940849  0.84491616 0.015028220601379871
38 0.90792483 0.76016575 1.         0.8348942  0.014944161288440228
22 0.         0.         0.59040743 0.39182332 0.014911380596458912
27 0.90561503 0.7556592  0.990882   0.83315414 0.014857880771160126
20 0.891237  0.6418825 0.9943618 0.8452195 0.014826616272330284
1 0.07734505 0.         0.91892064 0.30406445 0.014815454371273518
