40 0.35033992 0.25349978 0.9052751  0.8908202  0.9158170819282532
40 0.36633354 0.4064976  0.84966    0.7723417  0.8219695091247559
40 0.32413304 0.24911948 0.88058746 0.65616536 0.7806169986724854
40 0.29659346 0.36211357 0.7692697  0.7306121  0.5796218514442444
40 0.28846517 0.20965762 0.69963485 0.86880046 0.44894537329673767
29 0.22489902 0.38791996 0.7907444  0.97792625 0.26274415850639343
29 0.28180724 0.49432823 0.7357461  0.9284105  0.2237405776977539
40 0.18781945 0.47294694 0.8433543  0.8009851  0.19432809948921204
40 0.23497826 0.20114137 0.8684499  0.5552006  0.1929338574409485
29 0.14704064 0.19173424 0.69711775 0.9787573  0.18364372849464417
34 0.23442699 0.33243385 0.9739326  0.60337126 0.14045310020446777
34 0.3084613  0.28228167 0.99441814 0.5357794  0.122263103723526
40 0.3765324  0.23848914 0.8821216  0.50585026 0.1220761090517044
29 0.2347976  0.02603658 0.78284764 0.93472505 0.11767776310443878
29 0.26517785 0.4113363  0.66831857 0.85637486 0.10104366391897202
40 0.28641737 0.12459155 0.8925535  0.3707911  0.08948846161365509
34 0.26578176 0.35660672 0.927347   0.84823763 0.08840332180261612
34 0.39248037 0.32049522 0.8049397  0.76272047 0.08423895388841629
40 0.3172601  0.4884002  0.88841045 0.88359207 0.06602468341588974
34 0.17654158 0.40969777 0.89693666 0.72007    0.05710401013493538
24 0.22729006 0.35275808 0.7256706  0.6977195  0.05493002384901047
34 0.3483866  0.28934073 0.93486047 0.71126413 0.053755130618810654
27 0.2847103  0.0127845  0.90899354 0.7964215  0.04899577423930168
34 0.43908653 0.23065387 0.7961903  0.6651375  0.048581916838884354
29 0.4182935  0.22438042 0.87158614 0.90063614 0.04615257307887077
41 0.30452693 0.3065762  0.5997183  0.8494949  0.04308560490608215
11 0.16088529 0.5258663  0.70827496 0.7886855  0.04209931939840317
2 0.19542575 0.1932191  0.5579975  0.88033086 0.04106153920292854
31 0.40194318 0.6489383  0.77704865 1.         0.04006168246269226
2 0.28818074 0.21314405 0.50600314 0.7839611  0.03871820867061615
29 0.18138954 0.12839119 0.8315985  0.6090636  0.037634994834661484
40 0.45027015 0.28354365 0.73024726 0.8021877  0.03670024871826172
40 0.20414777 0.2157363  0.7811074  0.7259939  0.03610358387231827
29 0.39699575 0.3604831  0.66046345 1.         0.03539549559354782
24 0.18018347 0.311628   0.68282276 0.59509766 0.03470849618315697
31 0.44981965 0.58849347 1.         1.         0.03319885581731796
40 0.31179103 0.20155017 0.7218425  0.60983706 0.03290423005819321
24 0.2587375  0.3112526  0.58754396 0.73165053 0.03252004086971283
13 0.40454727 0.11105677 0.8808307  0.9652393  0.03237653896212578
9 0.4119096  0.23813517 0.69793826 0.7874928  0.03227848932147026
41 0.31225356 0.29628897 0.6804169  0.6876631  0.03202599287033081
34 0.12945892 0.40307823 0.9872988  0.9585375  0.03190955892205238
14 0.24868353 0.45295593 0.7982498  0.96482414 0.031775325536727905
22 0.         0.5417013  0.83959323 1.         0.030033573508262634
29 0.36791396 0.16472135 0.9393153  0.69572794 0.029683029279112816
29 0.18575855 0.18380779 0.677029   0.7179244  0.029494082555174828
24 0.4676055  0.30306134 0.920997   0.7281636  0.029478739947080612
2 0.26892737 0.2018632  0.6127261  0.7092328  0.028375525027513504
10 0.22011745 0.27376148 0.512362   0.72676975 0.028032377362251282
2 0.23318873 0.21958087 0.45083964 0.75475454 0.027865005657076836
24 0.42787355 0.338328   0.78407806 0.8600869  0.026805706322193146
40 0.48813125 0.21103273 0.8291668  0.5492001  0.0249186959117651
27 0.14532474 0.25535244 0.7876784  0.91214764 0.024715621024370193
41 0.24209803 0.2531686  0.49315485 0.883163   0.02414044737815857
2 0.22300251 0.1964922  0.65497655 0.5601578  0.024140050634741783
9 0.2611199  0.24435021 0.5852346  0.78393984 0.024075793102383614
24 0.32150158 0.42844275 0.81448984 0.7764003  0.023346934467554092
29 0.26646316 0.3559604  0.58342427 1.         0.023251324892044067
29 0.36485526 0.31129363 0.6057552  0.9311186  0.023134268820285797
29 0.10622042 0.13789393 0.5324551  0.8604932  0.023096833378076553
40 0.5103562 0.2435697 0.8812689 0.8116506 0.02299582026898861
29 0.37518868 0.377069   0.7220722  0.87233835 0.022487439215183258
16 0.31614855 0.61898416 0.816933   0.9920509  0.022326551377773285
22 0.00799235 0.5939975  0.75242037 0.9054503  0.022220028564333916
4 0.         0.37331834 0.6618789  0.79771554 0.021772339940071106
24 0.4714589  0.264944   0.75977373 0.73792726 0.021551821380853653
11 0.2947111  0.5008457  0.666184   0.86453867 0.021548530086874962
40 0.22358364 0.20754832 0.59420776 0.80881643 0.02137025073170662
40 0.35280138 0.5816394  0.8839284  0.8268036  0.021340707316994667
35 0.03378329 0.42391828 0.78500926 0.7017499  0.021295947954058647
34 0.22298607 0.27614713 0.754405   0.66661286 0.02117573842406273
24 0.12938643 0.40914842 0.6033727  0.7343346  0.020915260538458824
24 0.35917312 0.32046956 0.96295506 0.60301393 0.020686224102973938
34 0.20150264 0.27499324 0.8313078  0.51531106 0.020633239299058914
24 0.07259873 0.3248463  0.8096831  0.53258324 0.020470384508371353
14 0.1944056 0.        0.9048163 1.        0.020333264023065567
9 0.3403325  0.2087367  0.6411706  0.80329907 0.020260578021407127
41 0.30908966 0.287278   0.8766475  0.5531625  0.020160935819149017
24 0.4589733  0.22412062 0.9614317  0.9530884  0.019645946100354195
41 0.23776262 0.4680909  0.53046894 0.80378294 0.019579583778977394
29 0.2535924  0.28166696 0.5320744  0.8605306  0.019421881064772606
29 0.17993253 0.24590363 0.7205772  0.4976661  0.019375009462237358
35 0.         0.29642084 0.75441396 0.6583688  0.019365360960364342
13 0.1896774  0.52513725 0.64875174 0.93704635 0.01918010599911213
27 0.04423981 0.03402029 0.7986571  0.49751288 0.019095849245786667
34 0.26401445 0.4747834  0.7914903  0.88449335 0.018735459074378014
13 0.16946019 0.1705365  0.64064276 0.87192255 0.018719548359513283
34 0.19633782 0.15530992 1.         0.64833534 0.01862681284546852
11 0.14261238 0.42683473 0.75466686 0.8367308  0.018601227551698685
25 0.         0.55688745 0.6207698  0.7821579  0.018350934609770775
16 0.35326314 0.53752077 0.8921098  0.8009422  0.018174121156334877
22 0.         0.16467184 0.5836392  0.7895997  0.018101265653967857
22 0.         0.53387225 0.74054784 0.82790685 0.017835287377238274
2 0.11955592 0.15750812 0.660793   0.99530226 0.017833899706602097
31 0.8342908  0.         1.         0.59302235 0.017450205981731415
40 0.3050654  0.11753953 0.7442658  0.5127391  0.0171972569078207
35 0.03181427 0.39768252 0.73690283 0.84651595 0.017157649621367455
27 0.25519273 0.07681333 0.8379783  0.58360076 0.01714957505464554
34 0.11912893 0.34339097 0.8071929  0.56377435 0.01678747497498989
14 0.35971463 0.27098814 0.88260925 0.92185175 0.016596462577581406
41 0.21874675 0.34873095 0.41803443 0.83242667 0.016561957076191902
27 0.29801562 0.46915132 0.7625282  0.9643328  0.01630309969186783
27 0.20377947 0.51751053 0.80775565 0.87514937 0.016289163380861282
4 0.07025666 0.30144706 0.9154477  0.5494745  0.01608247682452202
35 0.08323021 0.57746714 0.694834   0.8462885  0.015906797721982002
4 0.02507141 0.465553   0.8154179  0.8091032  0.015849946066737175
29 0.3996142  0.19576384 0.77701485 0.6061002  0.015129121020436287
27 0.39527807 0.21708441 0.92264813 0.93167156 0.01510509941726923
24 0.4106977  0.5155048  0.80952936 0.97508323 0.014969770796597004
1 0.343162   0.24365276 0.7602732  0.66002584 0.014843091368675232
29 0.2734606  0.28050452 0.6618574  0.62461126 0.014789815992116928
24 0.15534742 0.46701956 0.80138594 0.7058815  0.014762967824935913
22 0.         0.00544853 0.83475375 0.48337364 0.014583457261323929
16 0.34329116 0.40934274 0.959338   0.84107894 0.014576103538274765
14 0.04862213 0.3994502  0.8947604  0.9711126  0.014545784331858158
31 0.47262472 0.61224616 0.8647298  1.         0.014496181160211563
4 0.         0.35997987 1.         0.7854804  0.014467696659266949
2 0.15238401 0.3847049  0.6114855  0.86484855 0.014403375796973705
29 0.3562722 0.5411294 0.9008924 0.9127406 0.014282135292887688
4 0.         0.49062943 1.         0.92469466 0.014190006069839
30 0.3456361  0.38961425 0.7968272  0.91908014 0.014165420085191727
2 0.41211483 0.1450085  0.92233217 1.         0.014102417975664139
29 0.08806801 0.40458453 0.61943257 0.78289557 0.01407910417765379
22 0.         0.25095636 0.80093753 0.9944318  0.014078984968364239
24 0.17297174 0.37726507 0.4591848  0.65977913 0.013988619670271873
4 0.         0.2965429  0.7135342  0.65083444 0.01377144455909729
22 0.         0.06311872 0.796673   0.8009196  0.013614295981824398
13 0.34880075 0.44342613 0.712645   0.997918   0.013599800877273083
14 0.13431185 0.531396   0.7213942  0.91329044 0.013533889316022396
41 0.40252614 0.2406291  0.6971283  0.7540765  0.013502255082130432
35 0.         0.51230425 0.6638201  0.76415974 0.013272397220134735
29 0.48264557 0.23601566 0.72085196 0.7576164  0.01319937501102686
2 0.21200526 0.33814412 0.6779535  0.75874543 0.013133588247001171
24 0.11984795 0.2786641  0.7506023  0.48203868 0.013042866252362728
2 0.44486263 0.17766523 0.71053064 1.         0.012894603423774242
4 0.2084701  0.39544314 1.         0.8709902  0.012555529363453388
35 0.10274658 0.37548697 0.8919332  0.95292604 0.012527110055088997
35 0.        0.1576514 0.993688  0.639215  0.012470756657421589
35 0.30576813 0.34037295 0.66044325 0.8706229  0.012449911795556545
1 0.43496192 0.26254654 0.8294518  0.71584773 0.012115135788917542
16 0.33712727 0.6042195  0.95983607 0.88022655 0.012103457003831863
16 0.3692922  0.51911515 0.72828054 0.91831464 0.012072266079485416
24 0.10327945 0.38946322 0.8484282  0.6209062  0.011948049999773502
7 0.         0.20821163 0.8667795  0.87745565 0.011848892085254192
29 0.4025645  0.29220945 0.6539449  0.81925154 0.011800914071500301
29 0.42402524 0.13647734 0.8073135  0.5035857  0.011799624189734459
5 0.        0.        0.722427  0.8665646 0.01177673228085041
10 0.17657161 0.34767702 0.6228658  0.71145755 0.011714223772287369
29 0.28857124 0.58302265 0.9339547  1.         0.011689494363963604
35 0.15760231 0.49811932 0.8125059  0.8282472  0.011650518514215946
34 0.46525118 0.11198128 0.88123    0.75281245 0.011606722138822079
14 0.81576395 0.         0.9669084  0.63115746 0.011485307477414608
28 0.         0.15369648 0.39033017 0.9348206  0.011433804407715797
35 0.19708683 0.2874668  0.6264582  0.79925644 0.011365785263478756
1 0.3665884  0.3075738  0.9274456  0.64386743 0.011333389207720757
25 0.         0.64591676 0.6024422  0.8572799  0.011292479932308197
24 0.3293721  0.53898984 0.739968   0.8840991  0.011250768788158894
12 0.06146571 0.555437   0.98140097 0.79372907 0.011216050945222378
16 0.37286484 0.28072804 0.9626272  0.72654164 0.011153768748044968
41 0.2989736 0.3210115 0.7428809 0.527129  0.011111442930996418
27 0.11844287 0.11289661 0.964386   0.7020078  0.011015084572136402
27 0.12987421 0.04211014 0.9529535  0.38163432 0.010983475483953953
34 0.43233886 0.20210816 0.9259354  0.5335255  0.010962638072669506
22 0.         0.02159932 0.9785055  0.33399418 0.010910730808973312
24 0.3227178  0.42544797 0.6623794  0.8581088  0.010842001996934414
16 0.42092118 0.39890513 0.7401606  0.7560907  0.01051989197731018
34 0.3212653  0.37246808 0.70376647 0.8008051  0.01051471196115017
35 0.43474284 0.32809275 0.7302933  0.8314145  0.010455605573952198
31 0.711254   0.62513    1.         0.95419437 0.010378829203546047
41 0.3396623  0.41867435 0.6830653  0.76196575 0.01036366168409586
34 0.26746917 0.08660606 1.         0.41332272 0.010269013233482838
40 0.37148198 0.45925665 0.7348809  0.94130963 0.010266819968819618
11 0.23390707 0.44299853 0.64809763 0.7471053  0.010255210101604462
25 0.         0.47376883 0.5842397  0.7498054  0.01025240309536457
33 0.30995113 0.28443176 0.63371754 0.7747188  0.010230468586087227
31 0.49858487 0.12627096 0.9912057  1.         0.010213809087872505
36 0.45914876 0.24082251 0.93407094 0.8065589  0.010201509110629559
13 0.29500145 0.48350298 0.8219839  0.90063274 0.010149776935577393
27 0.16210347 0.5934965  0.6476925  0.9207997  0.010121519677340984
16 0.1527363 0.6363543 0.8032088 0.8437482 0.010090545751154423
25 0.         0.30285767 0.7036352  0.72642124 0.01002554316073656
14 0.6479644  0.05927516 0.9598639  0.56298614 0.009896048344671726
30 0.38720703 0.54449403 0.92104304 0.9537808  0.009774900041520596
41 0.3445511  0.3394468  0.80678934 0.7220046  0.009764757007360458
35 0.40516195 0.4720986  0.7068189  0.9544945  0.009661138989031315
31 0.7098329  0.         1.         0.16239688 0.009642942808568478
29 0.03858569 0.34217113 0.57483774 0.9795862  0.009637744165956974
4 0.28798005 0.36702102 1.         0.7264513  0.00948747992515564
29 0.41496104 0.3142604  0.8674001  0.64326215 0.009484587237238884
29 0.3580954  0.2606147  0.84561294 0.5382992  0.009473204612731934
11 0.10014366 0.48949084 0.6833776  0.69961524 0.009472666308283806
13 0.22034194 0.35989967 0.73995537 0.98651034 0.009460531175136566
24 0.20757459 0.62513185 0.716915   0.8712944  0.009397534653544426
14 0.38913724 0.59143096 0.7745825  0.99638087 0.00935877300798893
16 0.2834237  0.6958874  0.95926964 1.         0.009351233951747417
24 0.32588774 0.5133926  0.91582215 0.81624913 0.00934510212391615
35 0.         0.1323514  0.90134645 0.4949096  0.009339842014014721
4 0.03866648 0.36436522 0.77975637 0.57706356 0.009294970892369747
9 0.20414697 0.29983625 0.65945274 0.8408345  0.009284048341214657
7 0.         0.23224783 0.61841404 0.8296218  0.00926890503615141
33 0.1327316  0.2634433  0.9690957  0.84020907 0.00925437081605196
24 0.3789475  0.17625992 0.9064567  0.43532977 0.009244517423212528
30 0.48917767 0.11668216 0.91174614 0.7994062  0.009161918424069881
34 0.33546504 0.22246516 0.97034913 0.45129082 0.009137625806033611
24 0.3414185  0.23262113 0.66343004 0.67236155 0.009034848771989346
27 0.3962938  0.15969743 0.76328653 0.7835315  0.009002801030874252
2 0.3644923  0.26295307 0.7725928  0.9394256  0.008982384577393532
13 0.22363915 0.05733312 0.8108094  0.93529177 0.008964892476797104
24 0.2772257  0.39532787 0.9279932  0.7095861  0.008900384418666363
24 0.26980484 0.2981945  0.87063885 0.5585657  0.008881044574081898
31 0.7423692 0.        1.        0.2991186 0.008792787790298462
40 0.50310355 0.21894819 0.7479487  0.7018453  0.008725865744054317
35 0.41372836 0.17734113 0.7532844  0.69034487 0.008683367632329464
13 0.36315718 0.2462157  0.6400784  1.         0.008613633923232555
34 0.35964093 0.14126813 0.8652798  0.47038555 0.008585825562477112
24 0.10500036 0.3745571  0.6948859  0.5575223  0.008528538048267365
16 0.2152839  0.58914924 0.736859   0.8883592  0.008298642002046108
25 0.         0.6061932  0.71653384 0.82373786 0.008284741081297398
24 0.17522967 0.19236615 0.7171328  0.3887466  0.008274663239717484
24 0.1282326  0.5523538  0.69798994 0.7642214  0.008264495991170406
2 0.20371091 0.37750942 0.9176864  0.9669385  0.0081736845895648
16 0.06772286 0.64484596 0.67619294 0.8872381  0.008129473775625229
35 0.22489356 0.40448692 0.60729253 0.91343313 0.007914673537015915
10 0.15935725 0.33077446 0.7664815  0.8066275  0.007851009257137775
24 0.49733144 0.13637558 0.9071576  0.5387231  0.007837125100195408
14 0.8290011  0.18387297 0.97902995 0.830764   0.007814571261405945
14 0.52900195 0.01898122 0.93036705 0.86265635 0.007795217912644148
35 0.02651347 0.27389973 0.92068166 0.8046923  0.007746273186057806
9 0.32902926 0.383269   0.7390391  0.78980047 0.0077180746011435986
31 0.2939451 0.5763462 0.8955681 1.        0.007701771333813667
2 0.46240824 0.19687185 0.8691668  0.80227834 0.007682712282985449
29 0.30706206 0.09429723 0.97723615 0.46610135 0.007679995149374008
1 0.25485367 0.29348126 1.         0.54776174 0.007581884041428566
31 0.53916335 0.4746706  0.91864544 0.99488425 0.0075304522179067135
14 0.6706293  0.4527957  0.9828001  0.80662704 0.0075000375509262085
16 0.23046766 0.53253514 0.6015848  0.81669706 0.007467783987522125
10 0.21324578 0.4290687  0.68084586 0.83322054 0.0074499258771538734
35 0.45852244 0.42024595 0.8489597  0.8492949  0.00739190774038434
14 0.66718507 0.55724233 0.9529583  0.9001531  0.007295986171811819
22 0.11815808 0.14598651 0.45641327 0.7022984  0.007254107855260372
24 0.11272927 0.49319118 0.679693   0.88509715 0.007214642595499754
16 0.36368206 0.42011538 0.86158967 0.6942943  0.007189199328422546
34 0.12475141 0.4059878  0.7897445  0.61231256 0.0071877846494317055
1 0.32178074 0.38200623 0.946871   0.7343198  0.007141528185456991
14 0.54534996 0.3916761  0.92335266 0.92337507 0.007104257587343454
30 0.41093674 0.47164863 0.70976955 0.8955881  0.00709498580545187
7 0.03330706 0.29185537 0.7518041  0.66800296 0.0070885103195905685
27 0.3327245  0.18052638 0.8520979  0.6605854  0.007069086190313101
28 0.6584501  0.03428182 1.         0.7403671  0.0070366826839745045
1 0.34792075 0.3450932  0.75547284 0.84490514 0.006887589115649462
24 0.10668531 0.46951082 0.57882416 0.657512   0.006864118855446577
30 0.3623233 0.5343734 0.7660158 0.8362097 0.006860906723886728
28 0.4488553  0.16636477 0.99202967 0.80141014 0.006843053735792637
4 0.         0.17950152 0.8968848  0.49639314 0.0068258303217589855
35 0.4992182  0.29621086 1.         0.95477    0.006787350866943598
33 0.18112041 0.27612457 0.8630017  0.56098956 0.0067727635614573956
10 0.26508763 0.2773488  0.66137    0.6574532  0.006771682295948267
27 0.5335106  0.         0.9372105  0.80341595 0.006759074982255697
16 0.21249227 0.57947814 0.8272819  0.79145724 0.006739940959960222
35 0.0439119  0.23918255 0.9580282  0.54452056 0.00673601683229208
16 0.41522744 0.44147125 0.95709085 1.         0.006718751508742571
40 0.16315636 0.08704014 0.8177764  0.2710232  0.0067022694274783134
31 0.27009943 0.6691211  0.889055   0.999201   0.006680360995233059
41 0.39324522 0.27849522 0.8138262  0.63299    0.006630615796893835
1 0.3143997  0.16220109 0.9665599  0.5130161  0.006596679799258709
4 0.16687861 0.28479677 1.         0.6713481  0.0065926359966397285
31 0.22008462 0.8080466  0.9159802  1.         0.006572151556611061
41 0.24709763 0.58419645 0.57771444 0.73105943 0.006534280255436897
28 0.         0.11669096 0.7054224  0.63973176 0.0065269614569842815
14 0.20830345 0.26616925 0.7439569  0.9137053  0.006487343925982714
14 0.14297417 0.63247293 0.91502005 0.9755656  0.0064767166040837765
24 0.31100315 0.5050131  0.96125805 0.9987727  0.006475507281720638
4 0.06122279 0.45254076 0.8054662  0.6670415  0.0064309206791222095
31 0.741538  0.        1.        0.5001947 0.006418583914637566
36 0.05652031 0.40903088 0.80559677 0.77694875 0.006416327320039272
35 0.3679904  0.522399   0.9062013  0.86965233 0.006326835602521896
35 0.30683824 0.25578624 0.828627   0.71728367 0.006254620384424925
2 0.24042097 0.49281684 0.7349037  0.8808205  0.006245112046599388
29 0.16512236 0.4382776  0.63911754 1.         0.0062130289152264595
27 0.08362516 0.18762614 0.86667746 0.50001967 0.006208143197000027
7 0.05954209 0.18683642 0.82035935 0.61125195 0.00620785728096962
24 0.568394   0.2278922  0.9272733  0.67511845 0.006182301789522171
29 0.28482223 0.2563014  0.57794946 0.73927134 0.006123416591435671
5 0.         0.07004461 0.5561624  1.         0.006022706627845764
35 0.5011495  0.52235395 1.         0.8443838  0.0060197897255420685
12 0.         0.45661378 1.         0.81683433 0.006014207843691111
28 0.399312   0.05413168 0.94424605 0.6219312  0.005993172992020845
36 0.2831087  0.49028465 0.8857601  0.986917   0.00596903171390295
35 0.45456716 0.19855502 1.         0.714749   0.005959689151495695
22 0.         0.43080848 0.7351617  0.7360447  0.005959085654467344
29 0.3546518  0.21002488 0.6270562  0.70337135 0.005933946464210749
35 0.46276546 0.60150397 0.8418427  0.9791416  0.005920786410570145
33 0.26091555 0.24230143 0.7575784  0.66111135 0.005917410831898451
14 0.7314144  0.         0.9722557  0.30066952 0.005903809331357479
36 0.3367568  0.38212058 0.887097   0.8425632  0.005883227568119764
25 0.         0.47492382 0.8001608  0.86020225 0.005833674222230911
21 0.         0.08876745 0.6234641  0.7163     0.005821249447762966
36 0.43308046 0.5733635  0.7686707  0.99546593 0.005803361069411039
2 0.29342946 0.29688746 0.7366806  0.70370764 0.005798636935651302
24 0.15762648 0.36608    0.8906366  0.90716374 0.005764082074165344
