7 0.22301504 0.05597748 0.99721336 0.623954   0.43037453293800354
1 0.         0.         0.70125526 0.7395293  0.37215137481689453
7 0.1177622  0.13327831 0.99982244 0.845238   0.2595613896846771
1 0.         0.10012887 0.39653108 0.45930725 0.2313673198223114
1 0.         0.         0.4466349  0.58719414 0.2095174789428711
24 0.01745499 0.11611411 0.5464587  0.49822256 0.17844414710998535
40 0.06123149 0.01100306 1.         0.8948128  0.17156197130680084
1 0.         0.         0.41965118 0.37703803 0.15069782733917236
7 0.25301865 0.06135968 1.         0.37982827 0.1482304483652115
38 0.768247   0.01771059 1.         0.35592598 0.11286910623311996
24 0.         0.07568402 0.42869964 0.32789618 0.10339131951332092
7 0.42015332 0.         0.99234045 1.         0.09963013231754303
24 0.         0.1658067  0.4165231  0.43644837 0.09591586887836456
24 0.04432983 0.18847983 0.58848953 0.58945566 0.09499220550060272
40 0.1308459  0.         1.         0.53725636 0.09180011600255966
38 0.72702223 0.00539322 1.         0.54050016 0.08599649369716644
24 0.00382149 0.15040144 0.50775343 0.35817114 0.08541716635227203
38 0.77383286 0.03239052 0.9919115  0.8161664  0.0788898840546608
34 0.         0.1358222  0.42471644 0.4003693  0.07426437735557556
24 0.         0.0635026  0.33817422 0.54199946 0.06753766536712646
34 0.20529044 0.1470474  1.         0.57406574 0.06487709283828735
24 0.04049575 0.10911728 0.45054886 0.65104043 0.06113642826676369
34 0.         0.05133667 0.4289005  0.4871254  0.05511622130870819
2 0.07675451 0.02256887 0.5209822  0.64301366 0.054679885506629944
1 0.61736983 0.02077199 1.         0.6573746  0.05465144291520119
7 0.37769738 0.         1.         0.49932572 0.052503056824207306
41 0.         0.07487635 0.2886284  0.54351074 0.050076909363269806
10 0.35420233 0.14134026 0.80206144 0.6088609  0.0492398738861084
40 0.33315575 0.         1.         0.94127434 0.04911290481686592
2 0.06674699 0.12044927 0.47364092 0.4741705  0.04414821416139603
40 0.         0.         0.9586469  0.75558126 0.04295341297984123
6 0.7501737  0.10342016 1.         0.671465   0.042226750403642654
41 0.6091715 0.1376463 1.        0.6910438 0.04201827198266983
27 0.         0.         0.38695854 0.5788513  0.038532160222530365
1 0.27265164 0.05798907 1.         0.5771103  0.03848658502101898
34 0.43466076 0.04383436 1.         0.78877616 0.03835272043943405
24 0.         0.08516462 0.21863534 0.53186464 0.03751048818230629
18 0.5876596 0.        0.8509987 0.6625345 0.03622789308428764
21 0.2133581  0.         0.81760263 0.45589864 0.03569738194346428
34 0.         0.03663984 0.44167954 0.28768182 0.03560996800661087
2 0.33127886 0.03466474 0.94586146 0.67733073 0.03413721174001694
34 0.22304545 0.12154713 1.         0.4346637  0.033079907298088074
6 0.00378074 0.6571695  0.15280889 0.8428644  0.03092353790998459
1 0.01638148 0.02275142 0.30677602 0.4570673  0.029855942353606224
33 0.         0.03405866 0.29130027 0.5417542  0.02854900248348713
38 0.        0.6794693 0.1557548 0.8294848 0.028534526005387306
33 0.6814935  0.07900597 1.         0.47299623 0.027956169098615646
28 0.00610439 0.6770486  0.1556159  0.82235855 0.02778398059308529
34 0.         0.04786298 0.23717351 0.51284903 0.02746501937508583
18 0.5976617  0.         1.         0.67563987 0.027374668046832085
40 0.        0.        0.5457477 0.8124973 0.02716279774904251
41 0.282303   0.14255367 1.         0.4351586  0.026963965967297554
41 0.         0.11651231 0.35584322 0.40596524 0.02666330337524414
29 0.03738438 0.05841589 0.30831975 0.6113308  0.02626959979534149
1 0.02835635 0.00221583 0.3936213  0.86639816 0.025793004781007767
10 0.         0.39938524 0.34521997 0.6461856  0.02577504701912403
33 0.7458035  0.19134833 1.         0.62225676 0.025512736290693283
41 0.5056859 0.1292935 0.9798083 0.5018928 0.025378668680787086
40 0.4257591  0.00759392 0.955204   0.8098449  0.02491777576506138
6 0.00262817 0.60107833 0.11394303 0.85811037 0.02487911470234394
20 0.81553    0.23952281 1.         0.6673873  0.024865824729204178
1 0.67642564 0.0923169  1.         0.5399174  0.024815738201141357
34 0.68192595 0.06521108 0.99452454 0.38701764 0.024681175127625465
6 0.00293018 0.7063106  0.15285933 0.8967689  0.02434680424630642
29 0.08510735 0.08351026 0.44615194 0.6944226  0.023913567885756493
2 0.04088078 0.002363   0.35812148 0.56161785 0.023830505087971687
6 0.00222598 0.6326539  0.05849057 0.7563751  0.023724962025880814
28 0.00222836 0.61811095 0.31071824 0.9079237  0.023391634225845337
6 0.0028444 0.6481356 0.079313  0.7388904 0.02328619547188282
27 0.7579105  0.21130295 0.994733   0.62081313 0.023186558857560158
41 0.00393994 0.47600403 0.1802548  0.6097661  0.023142356425523758
10 0.24263749 0.18710747 0.86891013 0.67474365 0.02313680201768875
34 0.69899666 0.19534338 0.98445815 0.4698396  0.02290683425962925
24 0.04709089 0.292612   0.43910116 0.7948552  0.022515423595905304
34 0.19476192 0.06023686 1.         0.25386393 0.022466294467449188
28 0.00392314 0.62015766 0.11385534 0.8307864  0.022228918969631195
28 0.00705535 0.62432957 0.15356833 0.768927   0.021900158375501633
1 0.35469615 0.1103552  1.         0.42590904 0.021398456767201424
38 0.         0.62628794 0.15472072 0.7776619  0.021268459036946297
24 0.84263605 0.19538264 0.96704316 0.6709618  0.020918190479278564
22 0.         0.64267004 0.14138807 0.81838405 0.020725809037685394
2 0.15979089 0.04833916 0.6446154  0.5557966  0.02066223882138729
27 0.         0.02915515 0.24923986 0.59547883 0.020631566643714905
2 0.06302898 0.00849621 0.46559367 0.39712733 0.020437275990843773
41 0.         0.36989117 0.3530632  0.63751405 0.020069807767868042
6 7.8297936e-04 6.0978794e-01 1.5263808e-01 7.8709960e-01 0.019949326291680336
28 0.00534465 0.7256764  0.15618065 0.87596023 0.01989411935210228
27 0.75663835 0.06582996 0.97746056 0.28934357 0.019842810928821564
27 0.7612764  0.09993099 0.98242414 0.48722702 0.019782768562436104
38 0.         0.62497884 0.11587255 0.8419276  0.01961318776011467
7 0.33006707 0.18770549 0.78349143 0.69785136 0.019554339349269867
40 0.3343029  0.         0.9638683  0.52116036 0.019516168162226677
10 0.4923413  0.18917958 0.75263107 0.63145566 0.019405897706747055
6 0.         0.59045327 0.30415767 0.95060796 0.019324928522109985
38 0.         0.72983354 0.1572449  0.8823711  0.01915394887328148
1 0.14242142 0.03215536 1.         0.3099292  0.01908685266971588
41 0.45838076 0.05583004 0.9371028  0.44075736 0.01898747868835926
6 6.2986056e-04 6.2243855e-01 7.9162754e-02 7.1186537e-01 0.018881823867559433
4 0.07884806 0.20987456 0.9627351  0.6493809  0.018767930567264557
21 0.48906654 0.00996641 0.71669847 0.55351484 0.018734054639935493
29 0.5039286  0.16931278 1.         0.69962335 0.018697764724493027
29 0.01461462 0.08546107 0.20090635 0.6418374  0.018668157979846
25 0.         0.46934134 0.08525166 0.78404576 0.01846596598625183
24 0.9108598 0.7117014 0.9965302 0.7825509 0.018417963758111
24 0.78080803 0.19909425 0.95077914 0.57423145 0.01821899227797985
24 0.0347016  0.08782525 0.33233863 0.768094   0.01801309734582901
10 1.1833191e-04 4.4499710e-01 1.3753615e-01 6.4074630e-01 0.017994819208979607
38 0.         0.66011965 0.07945066 0.73323476 0.017891479656100273
10 0.         0.47751486 0.19161062 0.61516136 0.017890777438879013
7 0.4545796  0.09463051 0.7781352  0.82970977 0.01783674769103527
29 0.37938878 0.12993525 1.         0.5050982  0.017790304496884346
4 0.33252522 0.18737307 0.9909193  0.5996027  0.017711395397782326
28 0.00282528 0.6574924  0.07692844 0.72873783 0.01757911965250969
22 0.         0.6440715  0.07270826 0.7305929  0.017544498667120934
16 0.03923101 0.1360067  0.27790797 0.44366264 0.017521491274237633
41 0.11242884 0.19682272 1.         0.5930141  0.017287220805883408
28 0.00158895 0.64390045 0.05574423 0.74168795 0.017235074192285538
38 0.         0.6779415  0.11810099 0.89236104 0.01689724251627922
38 0.         0.6179147  0.32139495 0.9208298  0.01680133119225502
33 0.77563536 0.05786131 1.         0.3106272  0.016766605898737907
22 0.         0.6262189  0.05369821 0.74606514 0.01670461893081665
7 0.18827884 0.29075053 0.8489276  0.90770805 0.016548961400985718
22 0.         0.6940782  0.14116554 0.872488   0.01653873734176159
28 0.911239   0.70992243 0.99898237 0.7843034  0.016311734914779663
41 0.         0.03714391 0.3360065  0.7696079  0.016306711360812187
1 0.01384567 0.6279317  0.15050463 0.77497166 0.01625877618789673
33 0.4142168  0.09504802 0.9629539  0.8449108  0.016250912100076675
22 0.00100171 0.59114355 0.14537227 0.75952286 0.016247335821390152
22 0.         0.5698135  0.10468317 0.8217948  0.01622420735657215
38 0.         0.6474181  0.05864796 0.7469529  0.01615285873413086
28 0.00097193 0.59358513 0.03860202 0.7420172  0.016147805377840996
6 0.00317453 0.5843471  0.08444341 0.935995   0.01600855030119419
38 0.90254134 0.7083847  0.99982345 0.7875299  0.015950042754411697
9 0.         0.02790189 0.3116455  0.5933731  0.015767142176628113
33 0.02864037 0.05389974 0.502086   0.5688821  0.015532929450273514
6 0.00156206 0.5872253  0.04043994 0.75925785 0.015427114441990852
24 0.931408  0.6992253 0.9975148 0.79631   0.015424994751811028
1 0.         0.         0.5299799  0.17577077 0.015374425798654556
34 0.52823746 0.16998129 1.         0.5553903  0.015317406505346298
1 0.00577691 0.5988037  0.03895761 0.74823654 0.01523168571293354
10 0.43088913 0.02899681 0.84308934 0.40470248 0.01522042602300644
22 0.         0.6182193  0.07315905 0.7014907  0.015101131983101368
41 0.40512586 0.15107526 1.         0.55051494 0.01506057195365429
21 0.44472727 0.         0.8207616  0.53068465 0.01491761114448309
14 0.8174896  0.06445725 0.999138   0.7579998  0.014804132282733917
1 0.02078484 0.03447927 0.58145344 0.9802526  0.014783843420445919
28 0.00203627 0.6159668  0.05567715 0.7145996  0.01475557591766119
24 0.01112796 0.04102469 0.52503216 0.27149644 0.014732015319168568
1 0.45402527 0.13306038 1.         0.62235385 0.014677248895168304
24 0.7773642  0.09826735 0.9611053  0.47143483 0.014652667567133904
24 0.93163514 0.7259344  0.99794924 0.823282   0.014382894150912762
38 0.         0.63255954 0.0797148  0.70749557 0.014295432716608047
28 0.00288841 0.63029164 0.0765568  0.70146483 0.014188298024237156
7 0.32592487 0.1651662  0.89000684 0.97628105 0.014131549745798111
35 0.00853338 0.67938554 0.1424603  0.82899785 0.01410715002566576
40 0.         0.02255328 0.23267177 0.75204796 0.014035587199032307
1 0.01199412 0.6318922  0.11419012 0.83606446 0.013782062567770481
1 0.00658207 0.61910725 0.05448914 0.72146237 0.013745486736297607
28 0.8386352  0.72817874 1.         0.8768578  0.013704121112823486
10 0.         0.34167385 0.24038328 0.72294277 0.013683290220797062
1 0.016454   0.6872866  0.1525186  0.82498425 0.013671880587935448
28 0.00417436 0.60352767 0.08204418 0.89545095 0.01361601147800684
34 0.6671454  0.03831042 0.98714375 0.24621113 0.013388003222644329
10 0.00272698 0.4281524  0.09554938 0.69850886 0.013362094759941101
38 0.0134269  0.78532493 0.56989837 1.         0.013359244912862778
27 0.81073946 0.27672863 1.         0.7480664  0.013307870365679264
22 0.         0.5712785  0.03829414 0.74496126 0.013293778523802757
1 0.00553565 0.5857369  0.05420862 0.6956828  0.013179132714867592
21 0.00627584 0.         0.8463605  0.55229086 0.013014353811740875
22 0.90860486 0.70677286 0.99952346 0.77952534 0.012985429726541042
25 0.81297266 0.2590436  0.9977116  0.7047585  0.01297844760119915
24 0.12275749 0.21881676 0.79379255 0.6372992  0.012955117039382458
1 0.00639875 0.60090077 0.07263563 0.6810745  0.012942256405949593
6 0.         0.7469019  0.44257304 1.         0.012910841032862663
10 0.31330407 0.09776826 0.8579065  0.44420615 0.012841138057410717
34 0.04033808 0.0940433  1.         0.49513134 0.012793186120688915
6 9.2206959e-04 7.5790966e-01 1.5420064e-01 9.5206231e-01 0.012792395427823067
6 0.         0.81550735 0.31012237 1.         0.012711813673377037
1 0.00739489 0.63262    0.07360279 0.7064916  0.012598841451108456
18 0.4036697  0.         1.         0.63922864 0.012582380324602127
24 0.         0.6050444  0.03691705 0.73631537 0.012570780701935291
22 0.         0.5416898  0.29636535 0.8774506  0.012528263963758945
20 0.00906792 0.6630223  0.07654575 0.72532636 0.012475850991904736
19 0.         0.6653226  0.13524103 0.830231   0.012415364384651184
41 0.         0.31752667 0.24285819 0.7078807  0.012371665798127651
25 0.        0.        0.3066078 0.4821186 0.012320319190621376
1 0.04381457 0.35433722 0.33790606 0.6553257  0.01220570970326662
35 0.00211695 0.6592261  0.07265245 0.7329924  0.012159101665019989
25 0.         0.48890892 0.11632691 0.7149053  0.012156139127910137
38 0.         0.6193622  0.05856472 0.72154605 0.012103868648409843
25 0.         0.62806714 0.15403524 0.76502496 0.012083124369382858
25 0.         0.68094075 0.15251285 0.81868255 0.012041287496685982
20 0.00591764 0.6515802  0.05647716 0.7390788  0.011976688168942928
24 0.9104875  0.68559116 0.9953502  0.75527734 0.01179730985313654
20 0.76891774 0.22809528 0.9839375  0.50185245 0.011788122355937958
1 0.00867672 0.6622647  0.07558358 0.73248607 0.01178727112710476
19 0.         0.6135706  0.13343157 0.77831465 0.011729846708476543
1 0.00704015 0.65019685 0.05564116 0.74717146 0.011713226325809956
38 0.05587346 0.8400568  0.83789057 1.         0.01169656589627266
28 0.0672285  0.7822194  0.55980474 0.98385227 0.011682855896651745
29 0.6448974  0.21386297 1.         0.8386421  0.011661093682050705
24 0.00205205 0.6785692  0.14720312 0.8139701  0.011535374447703362
24 0.00243638 0.6246189  0.14939937 0.7624069  0.011511432938277721
28 0.93188894 0.7260804  0.9995444  0.8232453  0.01144688855856657
28 0.19133851 0.7813261  0.6911832  0.98319036 0.011417785659432411
38 0.74684834 0.19208537 0.9846147  0.7159058  0.011408870108425617
38 0.9229592  0.72166884 1.         0.8288384  0.011363264173269272
1 0.17117916 0.5882331  0.45722198 0.75533646 0.011351583525538445
24 0.         0.6486363  0.05259423 0.7408585  0.011303568258881569
41 0.16128269 0.18136974 0.71088594 0.6688015  0.011288034729659557
19 0.         0.65287286 0.06935298 0.7358442  0.011264409869909286
25 0.         0.18429571 0.52199924 0.8570225  0.011242239736020565
24 0.         0.621171   0.05366812 0.71354973 0.011236068792641163
41 0.         0.44231853 0.1329301  0.6332069  0.01122902799397707
6 0.        0.7488776 0.2255395 1.        0.011146972887217999
28 0.11521505 0.8353083  0.8239562  0.98564345 0.011123924516141415
34 0.         0.01666529 0.49277306 0.65222055 0.011095589026808739
35 0.00144494 0.6475442  0.05387904 0.74679065 0.011064399965107441
28 0.8344109 0.6689926 1.        0.8249093 0.011058952659368515
25 0.         0.6018562  0.03806079 0.7450448  0.011023547500371933
25 0.         0.62917703 0.11117683 0.82929295 0.011019431985914707
41 0.00775092 0.5430166  0.0815051  0.62158597 0.010977821424603462
35 0.0092236  0.62083524 0.14137365 0.7707153  0.010971613228321075
24 0.         0.6327385  0.0736373  0.70109516 0.010939822532236576
24 0.04608266 0.16374262 0.7930516  0.41571137 0.010932833887636662
33 0.         0.68297327 0.15593068 0.824288   0.010825904086232185
24 0.         0.66020215 0.07222357 0.72824585 0.01081909891217947
41 0.01018639 0.34122637 0.4658064  0.74588    0.010810937732458115
38 0.9023712  0.68036056 0.9995087  0.7606581  0.010712973773479462
20 0.00833264 0.6347777  0.07618794 0.6980655  0.010706473141908646
1 0.03829224 0.39057606 0.5622147  0.7210738  0.010688591748476028
16 0.0149619  0.14613661 0.17650396 0.45907798 0.010666869580745697
34 0.         0.07970218 0.3107355  0.6808476  0.010654679499566555
10 0.         0.62647253 0.07321469 0.7010104  0.010634100995957851
2 0.02196133 0.0117278  0.22884087 0.53466374 0.010606483556330204
41 0.         0.6093706  0.14814274 0.757421   0.010558297857642174
24 0.8375821  0.7296111  0.99757093 0.8703293  0.010554752312600613
19 0.9120797  0.70954484 0.9875885  0.78905463 0.010525638237595558
25 0.         0.5936539  0.05535514 0.6950677  0.010497353971004486
10 0.         0.6548419  0.07149813 0.72781855 0.010444660671055317
28 0.91021466 0.6817619  1.         0.7575451  0.010423343628644943
1 0.06483299 0.3010969  0.49225506 0.79571384 0.010375664569437504
38 0.818107   0.7268707  1.         0.88591576 0.010366342030465603
25 0.         0.6069748  0.07608556 0.6781818  0.010345038957893848
33 0.         0.6231791  0.15309687 0.76914436 0.010292570106685162
33 0.03883504 0.3441534  0.49269974 0.7906296  0.01027971412986517
19 0.         0.6387488  0.05156813 0.7527965  0.01023687981069088
25 0.         0.62115335 0.05517571 0.71593326 0.01022929884493351
19 0.9319957  0.72503227 0.9904881  0.83125246 0.010175889357924461
9 0.         0.05230749 0.38129613 0.41139415 0.010160994715988636
6 0.         0.597487   0.07915401 0.68253773 0.010134272277355194
14 0.00124216 0.6508644  0.06868098 0.73457026 0.010128449648618698
27 0.01289438 0.6116117  0.14120388 0.7591592  0.010109210386872292
25 0.         0.6334478  0.07649025 0.70163834 0.010096818208694458
19 0.9320848  0.6979895  0.99081564 0.80504274 0.010062259621918201
22 0.         0.5320089  0.07701001 0.89090693 0.01005835272371769
28 0.34776777 0.78286356 0.8511431  0.9827843  0.010057607665657997
28 0.00594631 0.63465136 0.2267985  0.97822654 0.010011563077569008
40 0.         0.2652525  0.24907771 0.8025566  0.010002345778048038
22 0.90883374 0.680381   1.         0.7541413  0.009993006475269794
10 0.         0.64004403 0.05319489 0.7402701  0.009986147284507751
19 0.         0.62687856 0.06928375 0.7100093  0.009956642985343933
35 0.         0.         0.38419962 0.5359562  0.009953145869076252
41 0.         0.6656736  0.14522693 0.81038827 0.009945860132575035
1 0.01971603 0.6345855  0.3136961  0.90681034 0.00990685448050499
28 0.03570712 0.7009398  0.67519146 0.9798573  0.009882660582661629
38 0.         0.84320676 0.3283887  1.         0.009837283752858639
10 0.         0.61133826 0.0536299  0.71386826 0.00976503174751997
35 0.00524406 0.61660826 0.10477926 0.83550996 0.009760571643710136
27 0.8289252  0.08851101 0.9937673  0.2955759  0.009737206622958183
35 0.00252066 0.63085306 0.07201507 0.7049879  0.00973535142838955
38 0.         0.61177564 0.0850171  0.90717155 0.009692378342151642
1 0.11832408 0.         1.         0.8620064  0.009681600145995617
25 0.         0.6343657  0.30782795 0.89878523 0.009655583649873734
41 0.02182143 0.52765787 0.32980165 0.678053   0.009654822759330273
28 0.00140068 0.7465102  0.31644022 0.9818892  0.0096539705991745
25 0.         0.33720273 0.42807323 0.8702885  0.009648250415921211
2 0.30277804 0.03151938 0.88677114 0.3430629  0.009637405164539814
1 0.00452504 0.4797986  0.09493398 0.78593963 0.009622719138860703
1 0.7803259  0.14701277 1.         0.5466858  0.009608457796275616
35 0.01070355 0.7311327  0.14303598 0.8830543  0.009585962630808353
24 0.         0.6269139  0.10869975 0.8230614  0.009564995765686035
40 0.        0.3451309 0.3794593 0.7114251 0.00954888854175806
24 0.00543419 0.02692911 0.5449341  0.16186145 0.009534611366689205
33 0.         0.06188039 0.3727193  0.7933236  0.00952808279544115
25 0.         0.6601472  0.07718998 0.7282017  0.009488203562796116
38 0.         0.6498149  0.23933601 1.         0.009486173279583454
6 0.         0.9006916  0.15350235 1.         0.009479402564466
27 0.01440547 0.6718916  0.13402003 0.8093593  0.00946864578872919
1 0.6818348  0.04361308 1.         0.8677867  0.009435571730136871
25 0.         0.735302   0.14995296 0.8725305  0.009413679130375385
41 0.14692642 0.5569384  0.44900563 0.7099552  0.009343862533569336
24 0.00775644 0.55355346 0.07492754 0.6023754  0.009338523261249065
41 0.55789727 0.21703807 1.         0.49675712 0.009337822906672955
38 0.         0.7868125  0.23735586 1.         0.009321518242359161
15 0.         0.07750385 0.35330802 0.48994753 0.009309208951890469
1 0.52812237 0.0783092  0.90542674 0.68633944 0.009305658750236034
1 0.01833785 0.7416369  0.15293163 0.87705225 0.009291008114814758
41 0.         0.22766328 0.42879477 0.8526345  0.009279679507017136
41 0.00451662 0.52670896 0.15609704 0.6783966  0.00926247425377369
