34 0.         0.3356637  0.7897272  0.86866784 0.13494426012039185
34 0.         0.07318034 0.6576342  0.63287777 0.10558467358350754
34 0.         0.18689598 0.43261003 0.95843244 0.09099002182483673
6 0.11686559 0.         0.8856181  0.6554722  0.08507005870342255
37 0.5189918 0.9041693 0.6079834 0.9943156 0.08369423449039459
6 0.21073131 0.         0.9735068  0.9403298  0.07837513834238052
41 0.0556943  0.90740705 0.3697309  0.9951471  0.07637428492307663
37 0.50251067 0.9277866  0.62721074 0.99488276 0.07121317088603973
37 0.54427797 0.9054905  0.63301325 0.99468344 0.06965964287519455
41 0.3816193  0.87637717 0.5924794  0.99376506 0.06739357113838196
37 0.49482834 0.90325755 0.58253425 0.9932602  0.06624492257833481
38 0.26434693 0.2859358  0.9291334  0.95520467 0.06590919196605682
24 0.57502556 0.9143278  0.8277924  0.9937567  0.06353981792926788
41 0.3196807 0.8322705 0.6094686 0.9748005 0.06294605135917664
1 0.24010323 0.75456804 0.9137151  0.99967694 0.062219493091106415
38 0.61141855 0.8236482  0.7919502  1.         0.06206269562244415
41 0.13967495 0.7003858  0.46678728 0.96113205 0.06151525676250458
6 0.45991203 0.         0.9948796  1.         0.06061536818742752
41 0.34533092 0.7695905  0.56200063 0.97388107 0.0602605938911438
41 0.3065717  0.94851077 0.45198473 0.9992566  0.059947751462459564
24 0.5957808  0.8867208  0.79315853 0.99166405 0.059631362557411194
41 0.49951386 0.90391266 0.57570326 0.99416375 0.05863643065094948
41 0.35959172 0.8048583  0.513841   0.98711216 0.05835501849651337
41 0.386364   0.83545643 0.5366542  0.9959751  0.05828500911593437
24 0.6672051 0.8860751 0.8755759 0.9919383 0.057765454053878784
24 0.5495585  0.8793516  0.7454016  0.99062705 0.056816209107637405
38 0.5759253 0.8696647 0.8252601 0.9994135 0.05660777539014816
41 0.04977906 0.7106051  0.401195   0.9812244  0.0565798245370388
38 0.47048107 0.6617816  0.81945556 0.9830391  0.05617707967758179
41 0.4838739  0.92911124 0.5934281  0.9950538  0.05597144737839699
24 0.5557028  0.9052826  0.6241808  0.99182296 0.055540718138217926
34 0.         0.10111158 0.34934223 0.68805206 0.05516350641846657
41 0.3506266 0.9105086 0.6353124 0.9929583 0.05497357249259949
24 0.5817619  0.9057113  0.6524806  0.99164677 0.05442464351654053
41 0.21652718 0.947575   0.37275627 0.9980637  0.05437386780977249
41 0.47431785 0.90474725 0.5496021  0.9948903  0.054356180131435394
38 0.6626208 0.8275326 0.8449596 0.9964388 0.05415111780166626
34 0.         0.0683019  0.47294766 0.51723504 0.05364386737346649
41 0.44258776 0.9460485  0.58998096 0.9968397  0.053171347826719284
20 0.50066924 0.9355641  0.6145746  0.9981072  0.052814822643995285
20 0.52001077 0.9135715  0.59849066 0.9975571  0.05277121067047119
37 0.51210517 0.9440496  0.6770068  0.9955673  0.05206653103232384
24 0.675791  0.8453943 0.8236422 0.9862252 0.051965974271297455
20 0.45751858 0.94936556 0.6108333  0.9979518  0.05195663496851921
24 0.5417244  0.93059593 0.63937837 0.99323654 0.051685135811567307
38 0.5596508  0.82182044 0.73488396 0.9997272  0.051676709204912186
41 0.33482972 0.7813657  0.6205097  0.92030805 0.05152316391468048
34 0.         0.06430738 0.48809257 0.80095524 0.05133269727230072
41 0.36208618 0.94843876 0.5079943  0.9987915  0.05110660940408707
24 0.7275678  0.84370226 0.8762009  0.9831498  0.05107109248638153
24 0.52951044 0.9045735  0.5964698  0.9909344  0.050980884581804276
41 0.43868744 0.8349399  0.58765656 0.9961543  0.050955045968294144
24 0.5296133  0.82558346 0.67399114 0.9829114  0.050853993743658066
20 0.5459204  0.9138644  0.6259828  0.99819726 0.05048246681690216
20 0.49441698 0.91292816 0.5716025  0.9961787  0.050367601215839386
41 0.3000347 0.7774062 0.7092715 0.9809243 0.050131410360336304
24 0.56636137 0.93056625 0.6675896  0.99406475 0.04974263533949852
38 0.44743806 0.7613676  0.92559594 0.98846054 0.049691155552864075
41 0.35146117 0.9333205  0.4577035  0.9991665  0.04934355244040489
41 0.33228838 0.69793063 0.6086856  0.96655756 0.04914865642786026
24 0.4999411  0.8727031  0.70051116 0.9856065  0.048992183059453964
24 0.62457144 0.84576863 0.7716777  0.98716354 0.04893834516406059
1 0.35195914 0.8239402  0.9795224  0.9956177  0.04890001565217972
41 0.10820112 0.8732237  0.3494866  0.99416524 0.04837746545672417
34 0.15415536 0.68937767 0.8863611  0.98939335 0.048120416700839996
41 0.44872937 0.90616536 0.52219594 0.99781334 0.04797833040356636
34 0.22753042 0.5786289  0.78984    0.981885   0.04746878519654274
24 0.77476    0.9368257  0.87868035 0.99438226 0.04746302589774132
41 0.43623134 0.8780228  0.6405434  0.9908371  0.04743388667702675
41 0.39039508 0.91978985 0.53228855 0.9964832  0.047408927232027054
40 0.         0.35733378 0.6356604  1.         0.047364283353090286
24 0.41641364 0.9084606  0.69318426 0.9874666  0.04733246564865112
27 0.5005061 0.8400981 0.6673136 1.        0.047300323843955994
24 0.5275651  0.94616914 0.6607637  0.99423146 0.04699470102787018
41 0.330878   0.8776467  0.53991354 0.9955689  0.04691075161099434
34 0.        0.6550455 0.8427799 1.        0.04683365300297737
6 0.61922544 0.81985205 0.78720224 1.         0.046772778034210205
24 0.5157478 0.9300269 0.6115026 0.9930493 0.04676089808344841
41 0.43361038 0.9311592  0.5403037  0.99706984 0.04664827883243561
41 0.29188588 0.6232452  0.57128185 0.9609208  0.04650002345442772
38 0.64798385 0.8760834  0.90300864 0.996415   0.04621507227420807
42 0.3159672 0.9255044 0.4290218 0.9999376 0.04619027301669121
41 0.4221691  0.90775573 0.49491465 0.99932784 0.04601527750492096
24 0.5765155 0.8370213 0.7199749 0.9915816 0.04594304412603378
41 0.14570983 0.91234094 0.4469892  0.9956238  0.0459338054060936
38 0.3276539  0.21064037 0.99672353 0.77196604 0.04570266976952553
41 0.3794519  0.9333198  0.48494807 0.9993601  0.04564214125275612
41 0.2929362  0.93406916 0.4026672  0.99873996 0.04542039334774017
6 0.49060854 0.64710116 0.81198245 0.9943548  0.04531211405992508
1 0.5022296  0.90502685 0.8054139  0.9961284  0.045298926532268524
1 0.25217313 0.62141377 0.9708449  0.9536607  0.045211710035800934
24 0.44488725 0.87363386 0.64870834 0.9868008  0.04501239210367203
3 0.52809834 0.91367036 0.5968023  0.99352264 0.04493946582078934
24 0.37215453 0.84316903 0.9608427  0.98867446 0.04489205405116081
41 0.5246564  0.9051808  0.60009336 0.9941599  0.044754236936569214
20 0.4522034  0.9354642  0.56029165 0.9964896  0.044651154428720474
24 0.4794474 0.7855054 0.8756414 0.9817373 0.044522710144519806
24 0.7494865  0.93679965 0.8522196  0.99479604 0.044436994940042496
1 0.         0.09896876 0.57694    0.88401026 0.044389527291059494
37 0.57226694 0.90597945 0.6596887  0.99506086 0.044028595089912415
37 0.46787295 0.8728135  0.71564436 0.99839765 0.04357866942882538
38 0.47770998 0.8217797  1.         0.9944558  0.043519020080566406
24 0.6072775  0.9072923  0.67938143 0.9927409  0.04331062734127045
1 0.5335504 0.8733548 0.7570115 0.9943047 0.0431949682533741
25 0.5148162  0.9034278  0.602849   0.99862266 0.04303872212767601
24 0.7242473  0.93773234 0.82369125 0.9943614  0.042821526527404785
38 0.5900097 0.9076161 0.9191749 0.9979418 0.04258784279227257
34 0.         0.56472886 0.77679616 0.90388775 0.042519036680459976
20 0.46930864 0.9124461  0.54443276 0.99582785 0.042470160871744156
20 0.57280964 0.9147208  0.6536609  0.9974202  0.04232838377356529
6 0.6394332  0.92745525 0.7563321  1.         0.04219747334718704
41 0.39528057 0.9088657  0.4681882  0.9996626  0.04216226190328598
24 0.5028266  0.90407157 0.5692468  0.9903629  0.04187409207224846
3 0.5523221 0.9136987 0.6243237 0.9936759 0.04165004938840866
25 0.4868181  0.9040632  0.5755797  0.99911773 0.04162633419036865
41 0.49319074 0.946302   0.63921744 0.996207   0.041548602283000946
20 0.63837564 0.93696016 0.7516909  0.9955346  0.04144307225942612
20 0.40822756 0.8827176  0.6468143  0.9976167  0.041210707277059555
24 0.59283674 0.93175477 0.6933671  0.9943712  0.04106868803501129
24 0.57732755 0.9474397  0.7103669  0.99628675 0.04098029062151909
21 0.         0.65649545 0.21144867 0.93884444 0.040830668061971664
24 0.6318307 0.9504305 0.7601387 0.994763  0.040569841861724854
34 0.10558323 0.90760845 0.4495037  0.99616194 0.040521908551454544
41 0.2625824  0.9343631  0.37509617 0.99866754 0.04030841588973999
41 0.36784655 0.90877324 0.4415309  0.9996277  0.04004565253853798
24 0.6593891  0.9158773  0.9331645  0.99399704 0.04000920429825783
19 0.3338798  0.77523243 0.7678382  1.         0.03985261544585228
20 0.50374484 0.9503877  0.6658778  0.99870783 0.03983654826879501
41 0.13461861 0.84423727 0.72963756 0.9839533  0.03952017053961754
19 0.39250305 0.83096784 0.6882307  0.9964828  0.03933433070778847
24 0.48946488 0.9300859  0.58460516 0.9927521  0.039279647171497345
24 0.699761   0.93823385 0.79514796 0.9930624  0.039055898785591125
32 0.3399565  0.94400495 0.49180803 0.99755514 0.03891497105360031
42 0.32138315 0.9417419  0.47431153 0.99926525 0.03886130824685097
42 0.33618662 0.8986849  0.41459852 1.         0.03884744644165039
40 0.         0.69604814 0.77824014 1.         0.03875546157360077
20 0.36231783 0.88066417 0.5791011  0.9953246  0.03875112906098366
34 0.         0.4794074  0.9035578  0.99956584 0.038726188242435455
28 0.67142284 0.8328853  0.84559083 0.9884064  0.038720499724149704
25 0.49235597 0.92988235 0.6191801  0.999425   0.03858128935098648
24 0.39046052 0.8752166  0.5846456  0.986632   0.03856971114873886
28 0.50301117 0.82660985 0.9919121  0.9858499  0.038394246250391006
41 0.         0.09847659 0.31243807 0.94666904 0.03838978335261345
3 0.5141393 0.9357845 0.6109674 0.9950724 0.03838847950100899
1 0.34154272 0.7659482  0.6481092  0.92757034 0.03836170956492424
20 0.3179499  0.9127869  0.6232561  0.99813074 0.0382678396999836
14 0.5402691 0.9094238 0.8508879 1.        0.03824441879987717
37 0.43166974 0.90628916 0.7587919  0.9962953  0.03818011283874512
41 0.1066185  0.77024895 0.5950838  0.96888626 0.0381692536175251
24 0.61998457 0.9348821  0.7189083  0.99423903 0.03800675645470619
24 0.6473421  0.9365302  0.74379677 0.9929049  0.037979915738105774
24 0.47663495 0.9464222  0.6052408  0.9936411  0.03795192018151283
1 0.36822778 0.8230167  0.6772256  0.9828926  0.03775845095515251
24 0.05317791 0.91901237 0.3478508  0.9859043  0.03771857172250748
24 0.13891874 0.7265965  0.4539853  0.97019887 0.03767922893166542
28 0.65406525 0.8774977  0.9071492  0.98944104 0.03746005892753601
24 0.3343631  0.8300773  0.61178774 0.9674163  0.037429023534059525
32 0.3539082  0.9278108  0.46486223 0.99695426 0.03741911053657532
38 0.4965967  0.90484947 0.8089091  0.99819136 0.037281740456819534
27 0.38654038 0.8339712  0.70640206 0.9898618  0.037274282425642014
1 0.5720122  0.9441976  0.71675503 0.99715173 0.03720911219716072
24 0.43772784 0.8241809  0.7230035  0.97328496 0.03718233481049538
24 0.7082053  0.95136875 0.8408751  0.9959932  0.03694945573806763
20 0.4064536 0.949685  0.553988  0.9974806 0.03681570291519165
20 0.5509798  0.93694407 0.6704927  0.99747264 0.036773499101400375
27 0.45765266 0.8808822  0.69303614 1.         0.03667256236076355
24 0.7167947  0.8872048  0.9272928  0.99050295 0.03655371069908142
24 0.4219397  0.90751344 0.4923215  0.98920923 0.03648722171783447
21 0.00226461 0.66451126 0.13890511 0.93279666 0.03636093810200691
25 0.4000653  0.874228   0.64727867 0.9979121  0.03635016083717346
24 0.3950743  0.90908206 0.46623597 0.98822004 0.03630824014544487
24 0.6741399  0.93771535 0.76882124 0.992519   0.036180026829242706
24 0.16608544 0.9175687  0.45413086 0.9902701  0.03609269857406616
24 0.2944116 0.7165328 0.8248351 0.9880696 0.03608716279268265
24 0.7565135  0.9507231  0.8951999  0.99611247 0.03605879470705986
41 0.22790752 0.91121656 0.52568734 0.9978334  0.035975132137537
38 0.13706388 0.07680319 0.863447   0.6637211  0.035970401018857956
27 0.46077052 0.9125094  0.777024   1.         0.03591781109571457
20 0.6181347  0.95062125 0.7690486  0.99709564 0.03588267043232918
34 0.15577966 0.87902915 0.5110754  0.99751973 0.0357397086918354
43 0.42393577 0.87489647 0.63348776 0.99794436 0.035704806447029114
25 0.43984947 0.94615173 0.61490554 1.         0.035592127591371536
41 0.0188931  0.7170095  0.8015015  0.96732056 0.035568591207265854
37 0.50672555 0.831896   0.68082845 1.         0.03546442836523056
20 0.4252513  0.9357541  0.53265333 0.996584   0.035293545573949814
24 0.46291938 0.93035984 0.5588061  0.9923654  0.035102974623441696
1 0.40149134 0.841207   0.6256802  1.         0.034871965646743774
3 0.5366276  0.9353693  0.63976437 0.9947557  0.03483562171459198
42 0.2637339  0.92646974 0.38071713 1.         0.034775055944919586
38 0.5424465  0.16757289 0.9830593  0.9764925  0.034762222319841385
33 0.         0.02767164 0.54821944 0.2749458  0.03474511578679085
1 0.2988326  0.5856172  0.63804376 0.9683237  0.03469882160425186
34 0.         0.10900792 0.9668917  0.72862566 0.03461447358131409
3 0.44232973 0.8867366  0.63342774 0.9936228  0.03455495089292526
1 0.34095022 0.7474969  0.5785679  0.9852509  0.034518443048000336
25 0.16681242 0.23741272 0.75344086 0.9389121  0.03446115180850029
1 0.         0.21989106 0.8205935  0.91133046 0.03441344574093819
25 0.45945406 0.9046324  0.5481052  1.         0.03417613357305527
24 0.39261407 0.919805   0.5266323  0.98993546 0.03406500443816185
10 0.         0.94895285 0.09275988 0.99696493 0.03403536602854729
20 0.41865495 0.9153389  0.746452   0.99850535 0.033997103571891785
41 0.5343224  0.9313976  0.64116246 0.9953767  0.03395378217101097
41 0.34020418 0.9084417  0.41421413 0.99897003 0.033890251070261
29 0.23842944 0.5973145  0.65727204 1.         0.033873505890369415
29 0.2177251  0.6358148  0.52619815 1.         0.03385308012366295
24 0.4757929  0.9041217  0.5437427  0.99021363 0.03384644165635109
20 0.6000365 0.9141896 0.6812213 0.9940659 0.03384169191122055
6 0.5860941 0.8704284 0.8189248 1.        0.03377590328454971
34 0.11108209 0.6644973  0.46614066 0.9650515  0.03371230140328407
19 0.29454452 0.8338435  0.8915837  1.         0.03359392657876015
25 0.5423431  0.90491885 0.62984556 0.9990306  0.033491045236587524
14 0.5277203  0.93301946 0.6464992  0.9994092  0.033460184931755066
20 0.4430649  0.9128952  0.51745117 0.99621534 0.03340320289134979
14 0.5209597 0.9058291 0.6034017 0.9993089 0.03325122967362404
24 0.43582836 0.9312217  0.53396016 0.9919267  0.03322235122323036
37 0.46971425 0.90265864 0.55438954 0.9912418  0.03321677818894386
37 0.4529773  0.9276065  0.5742265  0.99244314 0.033139534294605255
3 0.5041733  0.9148719  0.56866324 0.99484336 0.0331118106842041
27 0.57062334 0.90946406 0.65234494 1.         0.032999444752931595
34 0.         0.01180581 0.5995746  0.2787498  0.03298698738217354
18 0.3438858  0.83945155 0.56386423 0.99703634 0.03297622501850128
38 0.41921517 0.5301641  1.         0.9771989  0.03259101137518883
24 0.217919   0.889033   0.5046077  0.98896325 0.03258511424064636
1 0.4080118 0.7907166 0.5646813 1.        0.032493092119693756
27 0.12117101 0.2725195  0.845026   0.97460026 0.03249303251504898
25 0.43646333 0.92953634 0.56667876 1.         0.0324554368853569
20 0.42609805 0.84137064 0.58764    0.9924215  0.03242732584476471
28 0.44449943 0.771398   0.9056953  0.98206985 0.03239986672997475
42 0.3624297 0.8989197 0.4407794 1.        0.032182544469833374
33 0.         0.28660336 0.5928979  0.92674196 0.032136011868715286
14 0.54508233 0.9082343  0.63027734 1.         0.03210432454943657
14 0.52036506 0.8810609  0.759261   1.         0.03209527209401131
27 0.5408171  0.90483534 0.62811506 1.         0.03206630423665047
20 0.32625073 0.85330665 0.5482424  0.99266565 0.03200932964682579
38 0.6012361  0.9093232  0.68412685 0.9987086  0.0319853201508522
24 0.444006  0.8251075 0.5924245 0.9855191 0.0319768525660038
25 0.03089333 0.91688    0.3781407  0.99387544 0.03185345232486725
1 0.47720307 0.82045853 0.71226025 0.9966853  0.031797345727682114
38 0.39252743 0.6320838  0.68682474 0.96140414 0.03179031237959862
29 0.07801201 0.41013333 0.6441846  1.         0.0317004919052124
32 0.3630241  0.91301554 0.51336247 0.9954708  0.03168243169784546
32 0.38492224 0.9414979  0.5440169  0.9973099  0.03158681094646454
14 0.4859023  0.9480157  0.6369957  0.99889314 0.03157227858901024
32 0.39272064 0.8996445  0.47154084 0.9933729  0.03151867538690567
19 0.43582985 0.8549997  0.65431625 1.         0.03148269280791283
20 0.5020907  0.8444072  0.6729018  0.99791753 0.03147919476032257
24 0.42252    0.947468   0.5534211  0.99388176 0.031452726572752
38 0.51989704 0.8279267  0.6798873  0.9927791  0.031415265053510666
34 0.         0.2943218  0.41803584 0.57494825 0.03132357820868492
24 0.3371521  0.8371422  0.47881213 0.976838   0.03126012906432152
32 0.36821637 0.90021557 0.44507945 0.99513805 0.03125106170773506
27 0.3271619 0.7733896 0.7999172 1.        0.031186996027827263
25 0.18667261 0.9479727  0.3746898  0.9993584  0.03117631934583187
24 0.44883603 0.9055356  0.518234   0.9891163  0.031137213110923767
32 0.33554837 0.87066996 0.62317365 0.99578637 0.031122544780373573
34 0.544541  0.906024  0.6283782 0.9951099 0.031121576204895973
24 0.4085414  0.9324024  0.50762224 0.99213016 0.031059572473168373
41 0.24843636 0.6554109  0.80143434 0.9214748  0.03104141727089882
24 0.38055712 0.93331414 0.48154843 0.9915559  0.030764345079660416
38 0.57636714 0.9084222  0.6555402  1.         0.030752314254641533
18 0.32598108 0.9433811  0.48097494 0.9974899  0.030727079138159752
6 0.49086693 0.48234975 1.         1.         0.030660154297947884
42 0.36812404 0.9261139  0.48328382 0.99837077 0.030632706359028816
24 0.344206   0.7708098  0.7396174  0.97537243 0.030581524595618248
37 0.43719962 0.94331586 0.5998424  0.9934571  0.03058115765452385
29 0.02777931 0.72173107 0.7792653  1.         0.03055521845817566
34 0.26124465 0.6114361  0.63881844 0.9664341  0.030467798933386803
1 0.37269512 0.8798749  0.67278564 1.         0.030360404402017593
1 0.5605725  0.93072474 0.6678903  0.9967867  0.030341295525431633
3 0.49865246 0.94964814 0.6305582  0.9963472  0.03027898631989956
24 0.33429587 0.8787683  0.5308168  0.98507166 0.030242716893553734
41 0.550705   0.9077453  0.6243888  0.99564403 0.03023606911301613
41 0.01383486 0.3330703  0.59470725 0.9417763  0.03016793169081211
18 0.30682808 0.81405926 0.60605174 0.9814612  0.030101606622338295
20 0.5129518  0.886795   0.75289696 0.9959238  0.03005370683968067
27 0.         0.32283077 0.3760134  0.64309436 0.03001309558749199
24 0.3884175  0.8308845  0.53456557 0.9857755  0.0299640242010355
38 0.7139847  0.83193207 0.8974934  0.9926903  0.029963301494717598
20 0.41493878 0.9127633  0.4894746  0.9963884  0.029903432354331017
24 0.22100109 0.95297915 0.375465   0.9965371  0.029848456382751465
1 0.10258695 0.9067836  0.41475925 1.         0.029796114191412926
1 0.5665969  0.83256453 0.7246775  0.9938265  0.02975057251751423
24 0.368352   0.9104175  0.43932873 0.98673385 0.02973855286836624
20 0.39684808 0.93575037 0.5038839  0.99700993 0.0296764075756073
41 0.         0.7061197  0.30333012 0.983058   0.029609495773911476
33 0.08454727 0.66326356 0.8387106  0.9332632  0.0295840073376894
41 0.41939732 0.83527505 0.6967303  0.9769386  0.029545221477746964
43 0.508385  0.8300008 0.6628458 0.9926978 0.029419926926493645
20 0.6253889  0.8457748  0.7808047  0.99001825 0.029315371066331863
37 0.33938783 0.87821597 0.68119425 0.99175173 0.029270246624946594
32 0.35803846 0.83097553 0.57232136 0.9940138  0.0292693879455328
34 0.5197283  0.9041366  0.60167044 0.99366784 0.0292435921728611
6 0.47635296 0.7480883  0.91418034 1.         0.029235990718007088
6 0.        0.1610057 1.        0.808315  0.029197027906775475
38 0.556646   0.93197083 0.669176   1.         0.029127681627869606
28 0.6183939  0.8338114  0.78673965 0.98409    0.02909216843545437
20 0.55445033 0.9510183  0.71970457 0.9970095  0.029086671769618988
24 0.7756262  0.8456077  0.93117994 0.9855004  0.0290684774518013
25 0.47176006 0.905435   0.795725   1.         0.029051853343844414
24 0.30350766 0.9128288  0.5726654  0.9902541  0.029012080281972885
