41 0.         0.32369837 0.64568216 0.9218705  0.06412173807621002
41 0.02693296 0.5111242  0.52231795 0.88205713 0.05206127092242241
26 0.23272301 0.19814342 1.         0.7804617  0.043816857039928436
17 0.21370822 0.11120575 0.8567271  0.9266429  0.04188952222466469
10 0.05932383 0.16223325 0.78921604 0.6490792  0.0365707129240036
32 0.309349   0.94147027 0.47055447 0.9968869  0.035273488610982895
10 0.1370958  0.10659541 0.6361853  0.71347725 0.03488913178443909
26 0.34869832 0.94944906 0.4997544  0.99886394 0.03464069962501526
26 0.11795586 0.3141149  0.9204857  0.7444272  0.034137554466724396
32 0.36108044 0.9434552  0.5220055  0.9971867  0.03323938697576523
41 0.29807746 0.93187666 0.41892233 1.         0.03166484460234642
26 0.8487032 0.3545733 1.        0.6222294 0.03085952438414097
41 0.31276312 0.94572866 0.472192   0.9999808  0.030595991760492325
18 0.3386307  0.92177117 0.46115744 1.         0.030502481386065483
18 0.34682202 0.9368575  0.51001954 1.         0.028365211561322212
32 0.29662076 0.92642295 0.41840822 0.997322   0.026587408035993576
41 0.        0.5128833 0.8913109 0.9109403 0.02617969550192356
1 0.10274465 0.5257316  1.         1.         0.02605920284986496
17 0.37201428 0.9378416  0.47235006 0.9994184  0.02573361061513424
17 0.34735602 0.93668866 0.4461304  0.9996336  0.02508283406496048
26 0.33954734 0.93689483 0.45850882 0.99858755 0.024983089417219162
32 0.13411784 0.12025113 0.7086639  0.8472618  0.024586550891399384
17 0.12201017 0.27975026 0.9023801  0.84049463 0.023815134540200233
41 0.06428322 0.40387836 0.5588475  0.7637146  0.023224519565701485
41 0.38178816 0.93290955 0.4998165  0.99974185 0.022664964199066162
18 0.02180431 0.00648792 0.05704926 0.05439933 0.022447409108281136
18 0.00551735 0.51844746 0.06053435 0.6416269  0.022001830860972404
18 0.18070194 0.05921791 0.50720763 0.8346665  0.021679649129509926
26 0.15526699 0.45208344 0.8950458  0.87691134 0.02161269448697567
18 0.03211315 0.00404047 0.08026475 0.04175964 0.021527307108044624
1 0.10020729 0.41367275 0.60833335 1.         0.02104443870484829
26 0.5402291  0.31430292 0.81830525 0.588804   0.020991995930671692
18 0.05031049 0.         0.16041744 0.08245064 0.020694365724921227
26 0.39408624 0.93770754 0.50236744 1.         0.02046554535627365
18 0.0321818  0.         0.45815578 0.96911275 0.02037138119339943
32 0.18255407 0.         0.8563631  0.815091   0.01937859319150448
26 0.60659444 0.24721803 1.         0.65569854 0.019274407997727394
32 0.22857712 0.20041303 0.5439856  0.72087467 0.018918083980679512
17 0.32168293 0.93450546 0.4181964  0.9995998  0.018865427002310753
41 0.         0.49245745 0.40258148 0.8179789  0.018810458481311798
17 0.21285708 0.26456124 0.6450788  0.6640911  0.018692808225750923
18 0.28783214 0.9151916  0.4092538  1.         0.018677018582820892
26 0.28541383 0.9329172  0.4122089  0.9954622  0.0186674352735281
18 0.06160596 0.         0.60865754 0.79059225 0.018604425713419914
17 0.39705706 0.9387248  0.49590033 0.99821395 0.018444543704390526
28 0.34435773 0.6881027  1.         0.9606346  0.01831887848675251
26 0.00437815 0.5287523  0.06024807 0.6561439  0.017919376492500305
26 0.7326641  0.3383461  0.9951806  0.62741536 0.017756039276719093
41 0.         0.46534848 0.42360833 0.6975812  0.017372753471136093
10 0.01034284 0.00393181 0.0988792  0.04374919 0.0171116404235363
17 0.46785417 0.2198821  0.881379   0.63691264 0.016959182918071747
33 0.18576993 0.353473   0.713979   0.76017547 0.016908720135688782
18 0.03550284 0.00098434 0.11882402 0.11635122 0.016494136303663254
32 0.41336024 0.9439665  0.57716244 0.99487877 0.016167834401130676
17 0.34836614 0.21953538 0.76493794 0.6056104  0.016152091324329376
17 0.07380847 0.17928244 0.5263862  0.91435754 0.015955641865730286
10 0.         0.         0.67122084 0.82881254 0.015937015414237976
32 0.14076737 0.3105224  0.5683026  0.73570484 0.01551423966884613
1 0.38553634 0.92671907 0.48481807 0.99975395 0.015420526266098022
4 0.         0.12560095 0.56440187 0.8808789  0.015316464006900787
26 0.4064191 0.9491428 0.5425076 1.        0.015275992453098297
1 0.4139537 0.9267929 0.5106265 1.        0.014793789014220238
1 0.35859185 0.926821   0.45799983 1.         0.014736958779394627
1 0.03118787 0.16316265 0.67279947 1.         0.014673804864287376
18 0.0042333  0.48923716 0.06161867 0.6121517  0.014487440697848797
26 0.2520313  0.30014563 0.7611703  0.63111246 0.014337492175400257
17 0.593327   0.23673058 1.         0.6703098  0.014250614680349827
18 0.01548526 0.29739603 0.45234254 0.66653323 0.01405777782201767
1 0.4305943  0.94331515 0.5549641  1.         0.013994183391332626
41 0.         0.35994712 0.97758305 0.95829815 0.013993781059980392
41 0.12434675 0.33246818 0.6146704  0.7215867  0.013893033377826214
26 0.00941377 0.57514906 0.15717125 0.75203615 0.013847141526639462
10 0.01189703 0.00794064 0.18984787 0.08389737 0.013708573766052723
24 0.06558853 0.3664233  0.6005837  0.83591145 0.013685067184269428
17 0.02392893 0.06969144 0.6010171  0.7800294  0.013628107495605946
18 0.07862001 0.         0.4201644  0.5452698  0.01345064491033554
32 0.19201754 0.29252905 1.         0.81981677 0.013027769513428211
18 0.02658141 0.00489392 0.08121163 0.15293416 0.012966909445822239
10 0.00592659 0.00778123 0.07051774 0.05773561 0.012957277707755566
10 0.         0.12409844 0.94933313 0.7181399  0.01290944404900074
1 0.00316001 0.3015632  0.36887115 0.7547799  0.012899716384708881
1 0.33156106 0.92709905 0.43058676 1.         0.012806080281734467
41 0.         0.5315014  0.06374933 0.64682287 0.012724298983812332
17 0.29553944 0.93142724 0.38952798 1.         0.012560723349452019
26 0.11166284 0.48345304 0.52982646 0.9150409  0.012554366141557693
33 0.04148926 0.13419886 0.7224832  0.9351872  0.012511037290096283
18 0.90626794 0.         0.9971731  0.13274422 0.01249781996011734
18 0.8827687  0.         0.99992466 0.09359153 0.012365634553134441
17 0.5414601  0.30123517 0.7856698  0.5995302  0.012276641093194485
26 0.17946865 0.3510754  0.63589513 0.68144834 0.012163727544248104
17 0.86954427 0.37665412 1.         0.6263831  0.011892764829099178
10 0.         0.3276823  0.55747986 0.65317637 0.011878122575581074
18 0.2029996  0.86791843 0.5137958  1.         0.011864778585731983
18 0.39953798 0.93799055 0.5596221  1.         0.011759651824831963
26 0.64378977 0.32758588 0.9177343  0.6115188  0.011644742451608181
41 4.2757671e-04 2.8716961e-01 3.4971061e-01 9.6594626e-01 0.011628786101937294
41 0.17914996 0.90801567 0.49501035 1.         0.011463812552392483
33 0.19356526 0.26443586 0.5545934  0.7594561  0.011291559785604477
26 0.78307825 0.37676868 1.         0.636075   0.010994765907526016
32 0.291571   0.19038913 0.73505986 0.65375245 0.010771377943456173
41 0.00875439 0.39419386 0.35053015 0.7548294  0.010766301304101944
10 0.         0.03140597 0.41359866 0.57220185 0.01075146347284317
17 0.11618173 0.30087137 0.4868149  0.727117   0.010704947635531425
17 0.42145365 0.15704359 0.956733   0.81196046 0.010591390542685986
32 0.23621061 0.8968166  0.5473412  1.         0.01056569255888462
17 0.24631855 0.18929593 0.53918827 0.60018104 0.010511656291782856
38 0.2857985  0.6949085  1.         0.97943413 0.010498720221221447
24 0.22827429 0.4071951  0.471131   0.72753984 0.010029143653810024
17 0.40184745 0.95111704 0.53455585 0.9984352  0.010022364556789398
32 0.06629074 0.4055037  0.5698622  0.9290208  0.009968043304979801
26 0.7667845  0.26394582 1.         0.66396517 0.009966680780053139
1 0.03293063 0.3243857  0.5436911  0.9324694  0.00991168711334467
1 0.05140682 0.42172325 0.47739518 0.7478367  0.009764186106622219
24 0.06586254 0.30088854 0.44784567 0.72399557 0.009643727913498878
18 0.25647914 0.         0.6169486  0.6583913  0.009539826773107052
17 0.20602328 0.21534577 0.4646862  0.66293377 0.009523607790470123
32 0.01872521 0.39957315 0.4681659  0.7255328  0.00944568682461977
1 0.14548178 0.3255341  0.74896854 1.         0.009376167319715023
41 0.25097322 0.83822316 0.41998115 0.9930527  0.009338014759123325
18 0.1227843  0.         0.6584261  0.56027967 0.009277482517063618
32 0.00280145 0.5190662  0.06222085 0.6500102  0.009179442189633846
26 0.0992559  0.50542057 0.4430842  1.         0.009144162759184837
28 0.379584  0.6764929 0.7727841 0.9676749 0.009120852686464787
1 0.30472678 0.9275283  0.4019267  1.         0.009101184085011482
17 0.06554309 0.1770191  0.6567851  0.6401597  0.00892585888504982
17 0.789423   0.32584792 1.         0.62708914 0.008878377266228199
18 0.05555047 0.7715232  0.3795859  0.999886   0.00885968841612339
21 0.01216064 0.         0.07802916 0.03841272 0.00875116791576147
18 0.02201782 0.8488674  0.131027   0.9799681  0.008676975965499878
28 0.4412794  0.7691517  0.990475   0.97757614 0.00858368817716837
24 0.13282245 0.47554725 0.52603364 0.76399267 0.008390943519771099
18 0.21894199 0.13194703 0.62633437 0.8517739  0.00838535837829113
27 0.03084753 0.15054332 0.5840259  0.92634654 0.008264371193945408
41 0.01849087 0.44199377 0.18059382 0.5746363  0.008231855928897858
26 0.3331282  0.24502833 0.8648102  0.62235355 0.00818275474011898
26 0.06043396 0.58478993 0.46573585 0.8661004  0.008143441751599312
17 0.2555449  0.83935213 0.3712413  1.         0.008134243078529835
21 0.01573263 0.         0.1572399  0.06983409 0.008094513788819313
18 0.01632148 0.51609653 0.1616353  0.73591936 0.008083917200565338
41 0.19704618 0.8740851  0.4355021  1.         0.008067694492638111
41 0.41375718 0.94894737 0.5783335  0.9965123  0.008067077957093716
24 0.00199968 0.50773454 0.40461615 0.72308683 0.008054736070334911
1 0.46973142 0.92621887 0.5614165  1.         0.007972849532961845
19 0.3188837 0.9508815 0.5088989 0.9987273 0.00790438987314701
16 0.35517368 0.94484884 0.4843736  0.9978697  0.00784057006239891
10 0.00704776 0.01558986 0.14222482 0.11866564 0.007799232844263315
24 0.3703657  0.93613416 0.490583   0.9970041  0.0077556646429002285
17 0.48326325 0.2977231  0.96213216 0.69509536 0.007739789318293333
25 0.37946907 0.94329876 0.51139694 1.         0.007508870679885149
42 0.38073474 0.92646873 0.4847363  1.         0.007505275774747133
24 0.         0.42896998 0.2952877  0.7005731  0.007454875856637955
21 0.00714666 0.         0.05563728 0.05227707 0.007454048376530409
25 0.32424226 0.9566026  0.5069265  1.         0.00744893541559577
17 0.67695296 0.32950526 1.         0.64163584 0.007438440807163715
32 0.24420227 0.862554   0.47494015 1.         0.007426605559885502
18 0.1802804  0.8089213  0.41402227 1.         0.007419091183692217
32 0.06047646 0.31514543 0.49412814 0.6502796  0.007402070797979832
24 0.46266115 0.9522282  0.6017338  0.99840456 0.007253703661262989
42 0.35550946 0.9263652  0.4588427  0.9999359  0.007207921240478754
17 0.06773791 0.4194833  0.7129797  1.         0.007185831665992737
28 0.68016446 0.60366297 1.         0.94172    0.0070426431484520435
17 0.80446666 0.24857026 1.         0.7217505  0.0070039681158959866
17 0.2684126  0.9274889  0.36045417 1.         0.006980110891163349
24 0.         0.43586504 0.38188732 0.8119766  0.00696491589769721
26 0.48874193 0.25722504 0.96934265 0.64788973 0.006889929063618183
41 0.04934509 0.6335445  0.73351187 0.9313018  0.0068711391650140285
16 0.34557903 0.930129   0.4445714  0.9965418  0.006838381756097078
17 0.00120741 0.5402744  0.04612733 0.6448862  0.006793616339564323
27 0.4146151  0.9311186  0.53311926 1.         0.0066876341588795185
17 0.14296408 0.13774462 0.9142269  0.6537496  0.006608024705201387
24 0.40634203 0.9502445  0.5660497  0.9984342  0.006593620404601097
18 0.01272174 0.13247773 0.17401688 0.80440074 0.006580675486475229
41 0.01553518 0.36468393 0.18398626 0.8489783  0.00657210499048233
41 0.43067256 0.9356654  0.5516355  0.99525505 0.006558787077665329
19 0.3754685  0.937635   0.5115531  0.99783707 0.006537839770317078
1 0.48326698 0.94291407 0.6082784  1.         0.006279054097831249
4 0.1537406  0.18491025 0.53260577 0.7026596  0.006211746949702501
18 0.08035798 0.         0.76607347 1.         0.006181148812174797
18 0.02954865 0.5191237  0.37814066 1.         0.006151664536446333
4 0.05885971 0.32716    0.5887718  0.71278834 0.006082035135477781
24 0.05818736 0.5407472  0.5541403  0.89662236 0.006071595475077629
26 0.24032599 0.84977096 0.40299535 0.9968984  0.0060186972841620445
17 0.29296508 0.8887533  0.4606136  1.         0.005995955318212509
26 0.06705631 0.5086369  0.43555915 0.7839901  0.005930008366703987
18 0.01425602 0.22313718 0.35585654 0.73897636 0.0059251943603158
28 0.82765925 0.66712654 1.         0.8232782  0.005884903948754072
27 0.35745004 0.93007916 0.48625815 1.         0.005857016425579786
32 0.14711258 0.4226764  0.8645394  0.9354367  0.0058544655330479145
42 0.4060342 0.9263781 0.5103157 1.        0.005846079904586077
41 0.26290295 0.8576697  0.50375193 0.98964745 0.005788570735603571
41 0.02538904 0.58869547 0.42640668 0.9441632  0.005766926798969507
26 0.18619233 0.9144343  0.5246972  0.9928374  0.00575832836329937
27 0.4267864  0.94707084 0.571548   1.         0.005728304851800203
16 0.29787838 0.94310135 0.43269628 0.9983072  0.00572441890835762
17 0.24380209 0.8756647  0.40378994 1.         0.005715642590075731
1 0.3194255  0.7952586  0.4515442  0.99751425 0.0057038296945393085
32 0.24535236 0.81858015 0.4200043  1.         0.005701103247702122
19 0.28197747 0.9400348  0.44052115 0.99673116 0.005684175994247198
38 0.7182416  0.78223115 1.         1.         0.005663969554007053
1 0.26877895 0.7886055  0.3999226  1.         0.005652762483805418
24 0.935661   0.659863   0.99728215 0.78140116 0.005625769030302763
24 0.8424526 0.6632066 1.        0.8155434 0.005490133538842201
16 0.4116182 0.9458514 0.5381448 1.        0.0054589370265603065
38 0.38721818 0.69341254 0.74980223 0.9734594  0.00544767314568162
24 0.479629   0.93928355 0.58115256 0.99746513 0.005444868467748165
25 0.4068315  0.95387787 0.5864612  1.         0.005419182125478983
41 0.2695629  0.91546947 0.58473706 0.9967042  0.005402816459536552
16 0.39998806 0.93204564 0.49530393 0.99848586 0.005372961517423391
26 0.22367275 0.88627243 0.4585849  0.99449646 0.005369407590478659
20 0.35567242 0.9353     0.4655418  0.99515516 0.005364558659493923
26 0.03803274 0.68094975 0.4998073  0.9377814  0.005356947425752878
20 0.33213314 0.9484818  0.48345032 0.99792695 0.00527424830943346
26 0.11751862 0.21249065 0.75356954 0.82333326 0.005271646659821272
26 0.05055661 0.71985453 0.41289875 1.         0.005265808664262295
1 0.2146403  0.29746923 0.5203163  0.91375065 0.005263331811875105
1 0.00553223 0.5257897  0.04873282 0.63805    0.0052416580729186535
42 0.33108985 0.92549676 0.4332392  0.99899936 0.005234513897448778
41 0.11956868 0.7368063  0.48899928 0.96621454 0.00522904796525836
38 0.42297238 0.7799356  0.977288   0.99921846 0.005210911855101585
41 0.05530966 0.70739007 0.3728485  1.         0.005197144113481045
24 0.31814277 0.9369256  0.44194877 0.99796724 0.005095680709928274
19 0.05712847 0.3295233  0.61585706 0.7558021  0.005061035510152578
41 0.19661571 0.22870657 0.70845824 0.6756599  0.0050430442206561565
18 0.0381741 0.6525313 0.2836468 1.        0.005008716136217117
26 0.09482098 0.4476581  0.47671336 0.7260929  0.005003827624022961
16 0.1594251  0.482635   0.5257685  0.97027785 0.004986398853361607
18 0.07883292 0.         0.32862192 0.16700439 0.004944816697388887
26 0.5009174  0.23017864 1.         0.78307354 0.004856371786445379
10 0.34308645 0.93209374 0.49945572 0.9935954  0.004825520794838667
1 0.32210553 0.8550519  0.50335985 1.         0.004817815963178873
41 0.04217608 0.7114953  0.65670586 0.9718812  0.0048166061751544476
20 0.33015525 0.9366805  0.4361441  0.99464846 0.004790650214999914
10 0.00538217 0.02525796 0.09963195 0.16085154 0.004748497623950243
17 0.00156975 0.57953405 0.12247699 0.75601333 0.004742804449051619
7 0.21466668 0.16031991 0.5107134  0.6507584  0.004737847484648228
7 0.05384926 0.01245593 0.44823548 0.7660803  0.004709011409431696
24 0.00094357 0.44597754 0.3647668  0.64828694 0.004704378079622984
1 0.27791515 0.9281289  0.37241888 1.         0.0046922373585402966
32 0.44980642 0.92678857 0.57533205 0.9911274  0.0046810791827738285
20 0.38261384 0.9334587  0.49687228 0.9971973  0.004671216011047363
25 0.43456575 0.9405995  0.56418467 1.         0.004654621239751577
26 0.45352623 0.93580896 0.5499938  0.9999119  0.004616877529770136
16 0.14565206 0.13693123 0.4966144  0.80978906 0.004613139666616917
41 0.01344835 0.40985087 0.13552855 0.6115044  0.004600529558956623
36 0.34849164 0.9502707  0.51884717 1.         0.0045923651196062565
16 0.14208765 0.41652897 0.4285487  0.91989017 0.0045839594677090645
41 0.12927409 0.7985295  0.62676287 0.97921175 0.00457789609208703
17 0.8153454  0.41635817 1.         0.63594973 0.004577526822686195
24 0.18386605 0.3903376  0.5006289  0.6375959  0.004503036383539438
38 0.608338  0.8347311 1.        1.        0.0044985581189394
27 0.12324079 0.36169007 0.5076494  0.7462204  0.0044770073145627975
25 0.29413858 0.94742686 0.43632564 0.9986254  0.004461808130145073
24 0.5050289  0.9406121  0.602677   0.99523795 0.004447123501449823
6 0.4045323  0.64539057 0.9869741  1.         0.004408229608088732
41 0.04438778 0.18505763 0.46937862 0.78245926 0.004402664490044117
18 0.06066811 0.7441132  0.56722385 1.         0.0043858797289431095
33 0.0475766  0.21802823 1.         0.9922612  0.004384808242321014
17 0.30228907 0.8544399  0.42491257 1.         0.004373661708086729
17 0.09069233 0.13433488 0.4120669  0.7808912  0.004352071788161993
41 0.01347463 0.33406165 0.257442   0.72860736 0.004338775295764208
26 0.00995527 0.5062828  0.11619276 0.7840898  0.004268696531653404
24 0.         0.55278116 0.486183   0.7948395  0.004248275887221098
21 0.2126345  0.22671196 0.49350283 0.6612272  0.004210390150547028
41 0.00687326 0.45974    0.19164585 0.6647757  0.004180047661066055
18 0.01180861 0.4266132  0.11722517 0.7432584  0.004179909359663725
26 0.11242399 0.6472593  0.6202112  0.96280944 0.004169013351202011
16 0.17479965 0.28606653 0.46659404 0.88091373 0.004156057257205248
10 0.31564206 0.94635665 0.52482706 0.9951522  0.00414441479369998
41 0.03131355 0.13542531 0.6692116  0.7206833  0.00412630895152688
24 0.2798284 0.395612  0.5164152 0.6942006 0.00412147119641304
26 0.5429413  0.36091512 1.         0.75712293 0.0041112396866083145
28 0.32032964 0.7617835  0.8098649  0.97562337 0.004108859691768885
18 0.06256797 0.         0.23766345 0.23254995 0.004101816564798355
41 0.04850082 0.74524975 0.28028625 1.         0.0040909708477556705
27 0.06494894 0.3164164  0.5084387  0.9833197  0.004077907186001539
36 0.34272066 0.93532485 0.46961677 1.         0.004063473083078861
4 0.         0.         0.838602   0.88330317 0.004053912591189146
24 0.09998418 0.60994434 0.6754462  0.9468553  0.004036513157188892
41 0.         0.5546676  0.17705153 0.7219821  0.0039923544973134995
25 0.26793855 0.95964366 0.45840958 1.         0.003989961463958025
28 0.47198874 0.94321126 0.61914784 0.9992448  0.003967751748859882
41 0.         0.23736832 0.8491228  0.772957   0.0039519271813333035
38 0.6072552 0.7068296 1.        1.        0.003948373720049858
17 0.07624032 0.44076854 0.38920918 1.         0.00394465820863843
24 0.11381513 0.42983848 0.7566573  0.86329633 0.0039020131807774305
4 0.         0.37616467 0.4847242  0.66223246 0.0038822467904537916
18 0.4458748 0.922803  0.5635818 1.        0.0038500535301864147
36 0.39729646 0.9515679  0.56447184 1.         0.0038485494442284107
33 0.2641888 0.281033  0.8173408 0.7380876 0.0038381568156182766
18 0.00644722 0.31811848 0.08524957 0.6500172  0.0038359216414391994
41 0.01493515 0.42304006 0.33147907 0.65537834 0.0038316091522574425
1 0.26423183 0.85281783 0.44045603 1.         0.0038225934840738773
28 0.8184632  0.6976172  1.         0.96524966 0.003792497329413891
41 0.01273008 0.4854352  0.2967302  0.88938    0.0037922519259154797
16 0.28871745 0.92845815 0.3932076  0.9972509  0.0037864302285015583
24 0.         0.2825701  0.31395656 0.73770297 0.003782251151278615
18 0.2608804  0.         0.99127465 0.790647   0.0037755316589027643
24 0.29018578 0.6510577  0.98022646 0.9414025  0.0037338179536163807
19 0.21492504 0.9526744  0.43720502 0.9981763  0.0037314286455512047
24 0.         0.541694   0.37513974 0.88689494 0.003702109446749091
