34 0.3586423  0.13989595 1.         0.93462545 0.19299083948135376
41 0.20523329 0.17708953 0.8642022  0.49547812 0.15652430057525635
9 0.5759479  0.35544938 0.9353302  0.9147565  0.13647690415382385
34 0.80244964 0.27888903 0.9961664  0.8083117  0.12055321782827377
40 0.         0.0594666  0.66203606 0.9470838  0.09941289573907852
21 0.13489665 0.03520419 0.56159526 0.46146894 0.09122563153505325
24 0.10016996 0.8688133  0.37141904 1.         0.08912459015846252
34 0.7445232  0.41279566 0.99849844 0.7818069  0.08830279111862183
24 0.         0.8282878  0.7063783  0.99811727 0.0870894119143486
29 0.12481916 0.24537028 0.63996685 0.81129104 0.08412874490022659
24 0.13106388 0.7954295  0.81453526 1.         0.08136149495840073
9 0.7104865  0.38773715 0.9429357  0.91678023 0.08080543577671051
21 0.02133034 0.         0.5008686  0.492218   0.07886403799057007
24 0.01372053 0.766635   0.3440756  0.97987145 0.07713828235864639
21 0.        0.        0.8104192 0.6412035 0.07679825276136398
40 0.         0.13360749 1.         1.         0.0761730819940567
24 0.07789302 0.6641353  0.8709092  0.9730691  0.07424401491880417
9 0.42900026 0.4373045  0.9004773  0.79631037 0.07227524369955063
40 0.09957586 0.07497312 1.         0.86886954 0.0720129981637001
24 0.         0.72535735 0.5102667  0.9744022  0.06976624578237534
24 0.08424672 0.904462   0.47454494 1.         0.06946157664060593
24 0.00691545 0.84246033 0.3386187  0.9900141  0.06939920037984848
1 0.         0.15066232 0.97929347 0.9384221  0.06627564877271652
34 0.06481542 0.87515587 0.38309932 1.         0.06471952050924301
1 0.10046425 0.73905456 0.71367353 1.         0.06148528680205345
41 0.11260613 0.85858625 0.37324157 1.         0.060884468257427216
1 0.41256702 0.20834059 1.         0.86881006 0.06082257255911827
34 0.61575204 0.4431499  1.         0.7847666  0.06081180274486542
24 0.71528655 0.3647914  1.         0.9275665  0.0584164522588253
9 0.62675613 0.39538184 0.9233234  0.79777104 0.05595323443412781
21 0.7855914  0.17918435 0.9745012  0.7343774  0.05545114725828171
9 0.347803  0.2332381 0.8758755 0.911126  0.0546996146440506
24 5.8809917e-05 7.2309321e-01 2.6803488e-01 9.6271312e-01 0.05451268330216408
1 0.02179891 0.14048684 0.5208764  0.95854974 0.05443374067544937
20 0.09954988 0.8734593  0.35066834 0.9979324  0.05436075106263161
24 0.09807336 0.3843656  0.43274966 0.8173549  0.05419345200061798
24 0.54191136 0.39167798 1.         0.88515395 0.0539822056889534
21 0.12081154 0.07237132 0.71999675 0.70240897 0.05360472574830055
20 0.006947   0.8177911  0.49150005 1.         0.05351339280605316
34 0.66727585 0.43515337 0.9928481  0.69640446 0.05189462751150131
20 0.01404939 0.8475222  0.3551052  0.9934662  0.05080617591738701
21 0.2609485  0.0623571  0.9013074  0.71215016 0.05064946413040161
41 0.4323826  0.32167557 1.         1.         0.05003485083580017
9 0.50587505 0.11102264 0.91985214 1.         0.047814249992370605
9 0.774975   0.24708074 0.9392501  0.94672734 0.04753996431827545
37 0.         0.8115137  0.46441442 1.         0.04639090970158577
7 0.01851641 0.14127548 0.55718976 0.8789848  0.04623834416270256
27 0.        0.7447855 0.4818628 1.        0.04583461955189705
41 0.31250158 0.20208907 0.6717585  0.6040661  0.04570641368627548
1 0.         0.52432525 0.8364973  1.         0.04486970230937004
1 0.         0.19206256 0.3623196  0.9207765  0.04433244466781616
41 0.28118995 0.22807114 0.9437689  0.87454206 0.04385749250650406
9 0.         0.78179646 0.6066343  1.         0.04385705292224884
9 0.41131014 0.5244886  0.9577642  0.90613925 0.04324616864323616
40 0.1973106  0.19122162 0.9353876  1.         0.04214031621813774
27 0.         0.7888501  0.33340815 1.         0.042111776769161224
41 0.08855454 0.22306639 0.9485252  0.6313547  0.0417008101940155
9 0.5495664  0.36287236 0.90681773 0.7223595  0.04118594527244568
34 0.02420825 0.57172924 0.480713   0.9922089  0.04109646752476692
9 0.00323425 0.6400477  0.62751585 1.         0.04003451392054558
21 0.05633314 0.         0.5326433  0.6651328  0.03970867395401001
34 0.57226753 0.277754   1.         0.8662324  0.038036368787288666
24 0.01207598 0.9106186  0.27417195 0.99092746 0.0377328097820282
24 0.25258428 0.7037738  0.653105   0.98908204 0.03739454224705696
2 0.7040684  0.13371618 1.         0.99029464 0.037141088396310806
24 0.37881243 0.10155589 0.97430766 0.9952739  0.03704589232802391
41 0.034408   0.84333634 0.30621436 1.         0.03654790297150612
1 0.28874508 0.26638946 1.         0.7248018  0.03629625588655472
1 0.         0.6586496  0.6945     0.98964024 0.03619208186864853
34 0.02157326 0.90657806 0.45420086 1.         0.036008235067129135
41 0.12093826 0.9021864  0.45980358 1.         0.03564709424972534
33 0.28003734 0.15331891 0.67961204 0.5914668  0.03544461727142334
37 0.00632006 0.8379099  0.3422623  0.9952864  0.034322917461395264
37 0.10387678 0.86601543 0.35785684 0.9964966  0.03401197865605354
3 0.16431104 0.8870438  0.34579885 0.98763275 0.033497028052806854
24 0.00611585 0.5615698  0.70637536 0.9805423  0.03199493885040283
24 0.34480673 0.7355933  0.7381947  0.9870678  0.03154996410012245
25 0.         0.83338636 0.33502558 1.         0.03143340349197388
24 0.02199323 0.3694542  0.28118825 0.7829367  0.03136603906750679
41 0.03340541 0.819333   0.42351633 1.         0.031175758689641953
9 0.         0.57029814 0.41351697 0.9917359  0.02931523509323597
1 0.         0.31252494 0.8309752  0.8446851  0.029049793258309364
34 0.         0.8124989  0.49431592 0.9916146  0.029021304100751877
34 0.        0.5127216 0.6454658 0.9677574 0.028254434466362
24 0.43293667 0.5126114  1.         0.8632945  0.028033526614308357
1 0.         0.47694626 0.69324636 0.91494185 0.027768626809120178
34 0.         0.8391532  0.64529383 0.98247856 0.02757362276315689
24 0.07792483 0.30858085 0.43206593 0.48968038 0.027342993766069412
24 0.12342143 0.35231462 0.6837215  0.83174753 0.027098843827843666
2 0.22138311 0.01071808 0.9730878  0.96773195 0.026751630008220673
41 0.10437261 0.33693424 1.         0.8786187  0.026313675567507744
1 0.15497077 0.6074713  0.63224    1.         0.02627137489616871
33 0.87455    0.1233997  0.9942182  0.30788666 0.026018690317869186
34 0.8662177  0.09189416 0.9967169  0.31922004 0.02536044456064701
24 0.8793563  0.12675852 1.         0.3502885  0.025198839604854584
21 0.7117305  0.26304713 0.9847055  0.68606156 0.025058908388018608
25 0.         0.77646375 0.24697666 0.99802566 0.02488217130303383
34 0.07492068 0.20158108 0.86039174 0.9321011  0.024190716445446014
41 0.05000613 0.85049784 0.59980154 1.         0.023942407220602036
9 0.         0.83993644 0.31233716 1.         0.023748794570565224
41 0.09838311 0.3153424  0.76042217 0.7915652  0.023552371188998222
20 0.09574676 0.9123883  0.3958489  0.9926713  0.02346106991171837
21 0.11278334 0.85384643 0.33158144 0.9956655  0.023212771862745285
34 0.73120713 0.2926863  0.98323447 0.71018356 0.023121682927012444
3 0.09021445 0.82823926 0.450333   0.9903651  0.022869575768709183
10 0.1149225 0.8720786 0.3775702 1.        0.022835534065961838
40 0.03934128 0.06389313 0.90858316 0.6227268  0.02236694097518921
34 0.         0.02484019 0.93235356 0.7154582  0.022301986813545227
2 0.8839904  0.08600294 1.         0.35455194 0.02220221981406212
1 0.07370087 0.07974169 0.7655844  0.7087769  0.022063903510570526
25 0.         0.90733016 0.25062254 1.         0.02204996347427368
21 0.2672025  0.01384537 0.5280575  0.49462855 0.02203780971467495
25 0.07967687 0.86594284 0.3807894  0.9989142  0.021554285660386086
24 0.15934609 0.70040846 0.558615   0.9976654  0.02136800065636635
7 0.25083187 0.1464436  0.6062854  0.6505753  0.021283794194459915
37 0.11012271 0.9011632  0.43372163 0.99235404 0.021147888153791428
21 0.6240855  0.07991702 0.97759557 0.76948714 0.020816342905163765
25 0.         0.79698145 0.4617328  0.99584496 0.020144497975707054
10 0.03781388 0.83876485 0.32767048 1.         0.020099561661481857
5 0.         0.60110044 0.2754778  1.         0.01996740885078907
37 0.03295108 0.719585   0.35458457 0.99645895 0.019943850114941597
24 0.02108164 0.47889954 0.15407309 0.89796716 0.019848456606268883
40 0.0130073  0.09325531 0.46866792 1.         0.019718803465366364
9 0.69337946 0.2436788  0.9413786  0.6854714  0.01962539367377758
1 0.04255788 0.3439969  1.         0.9014001  0.019552456215023994
2 0.7396107  0.33464596 1.         0.82460994 0.019523099064826965
20 0.04416569 0.73618037 0.37335843 1.         0.019510522484779358
1 0.         0.8189995  0.6183867  0.97572625 0.019144488498568535
25 0.         0.         0.68009627 0.650861   0.01911923848092556
24 0.19654286 0.8635023  0.50674343 1.         0.018976761028170586
34 0.25808454 0.3014135  1.         0.8162309  0.018890976905822754
21 0.03401581 0.8120627  0.29134554 1.         0.018880752846598625
20 1.3412476e-04 8.8408691e-01 1.2010671e-01 9.7566020e-01 0.018804600462317467
25 0.         0.60520166 0.42344338 0.9773393  0.018639756366610527
38 0.         0.00782618 0.20105372 0.10858834 0.018616631627082825
34 0.5692347  0.08968846 1.         0.7037143  0.018613100051879883
24 0.35273343 0.28801686 1.         0.85247844 0.018195271492004395
1 0.07639476 0.15173602 0.56188995 0.62361026 0.018132157623767853
2 0.7949859  0.26131627 0.9951698  0.93762344 0.018064608797430992
27 0.         0.5569686  0.46015617 1.         0.0180096086114645
38 0.         0.0072033  0.15849656 0.07514954 0.01790459454059601
20 0.01580123 0.9170977  0.25852424 0.9923278  0.017524478957057
20 0.03308309 0.8150953  0.24145162 0.9876987  0.01744368113577366
34 0.55912757 0.354522   1.         0.7105466  0.017262790352106094
1 0.00427844 0.5666323  0.47412243 0.94308615 0.017210137099027634
24 0.58051044 0.1114295  0.99705935 0.8936603  0.017089614644646645
20 0.         0.84596455 0.0911453  0.97572535 0.01707063429057598
9 0.24546392 0.725616   0.6088922  0.99042654 0.01690380461513996
25 0.         0.7095449  0.3533266  0.98063415 0.016878779977560043
27 0.00663926 0.71166354 0.1696798  1.         0.016868695616722107
35 0.         0.71429163 0.45163137 1.         0.016614222899079323
34 0.         0.10232767 0.8882603  0.40078682 0.016446540132164955
24 0.2994043  0.5062043  1.         0.97522014 0.016371188685297966
41 1.2650172e-04 4.7832316e-01 1.6707772e-01 9.7194988e-01 0.01631886325776577
1 0.18505988 0.07786657 1.         0.6875136  0.016240768134593964
24 0.10912351 0.25692466 0.79923433 0.92464066 0.016181638464331627
5 0.        0.6446604 0.4958659 1.        0.016158130019903183
1 0.3006586  0.64873844 0.62965596 0.9925835  0.01613829843699932
24 0.19542944 0.2825884  0.3829824  0.53394485 0.016114957630634308
38 0.         0.00592859 0.32427812 0.07593349 0.016098156571388245
37 0.67981213 0.42257285 0.97051394 0.6895392  0.01605178229510784
6 0.         0.         0.15696594 0.14774345 0.015887338668107986
34 0.01263897 0.7105806  0.37999082 0.9815564  0.015767181292176247
1 0.488915   0.02263588 1.         0.7650225  0.015713786706328392
9 9.5848087e-04 7.9984415e-01 2.2400549e-01 1.0000000e+00 0.015623174607753754
20 0.         0.9151559  0.04145177 0.9838141  0.01553264632821083
27 0.1062092  0.8652669  0.36705118 1.         0.015492863953113556
2 0.54689705 0.         1.         0.9928211  0.015443438664078712
21 0.7630809  0.35201493 0.9542031  0.83006936 0.015348194167017937
37 0.01654789 0.78036666 0.25253215 0.98922724 0.015250046737492085
7 0.         0.06669521 0.70558727 1.         0.015225366689264774
33 0.03493261 0.12379579 0.99115276 0.43402135 0.015101644210517406
9 0.8125683  0.11362445 0.9733609  0.6325967  0.015084868296980858
9 0.12649828 0.86414826 0.40732154 1.         0.015082216821610928
4 0.0158204  0.63250756 0.4240773  0.99880344 0.0150535199791193
24 0.01774746 0.33559626 0.28936067 0.5660039  0.01504617091268301
29 0.19606079 0.1386806  0.83774966 0.8082361  0.014868905767798424
3 0.06743832 0.8449623  0.3110397  0.99288994 0.014653796330094337
25 0.         0.6779816  0.7596159  0.99035156 0.014635690487921238
24 0.8775718  0.08404427 0.9974237  0.28906444 0.014539009891450405
21 0.827077   0.07023071 0.9819376  0.56865895 0.014482881873846054
1 0.00279689 0.69864005 0.17383331 0.9621929  0.01423906534910202
41 0.06378923 0.6208727  0.3999859  0.9741016  0.014237948693335056
41 0.6103344  0.28511313 0.9930184  1.         0.014149230904877186
28 0.         0.7302237  0.14706719 0.9523672  0.013921697624027729
24 0.06165897 0.3744192  0.46988812 0.5631854  0.013898058794438839
38 0.         0.00702361 0.11559153 0.10711576 0.013765993528068066
37 0.01520855 0.89577204 0.28455886 0.9855411  0.013563128188252449
24 0.6479813  0.39167526 1.         0.7427039  0.013360616751015186
25 0.         0.81827056 0.6969563  0.99220127 0.01327107660472393
21 0.04163036 0.         0.31966817 0.63169324 0.013212292455136776
6 0.         0.00047401 0.16138662 0.08621173 0.01320523303002119
40 0.         0.51665163 0.47845235 1.         0.013054518960416317
24 0.11663991 0.30749124 0.5342382  0.5666495  0.012971801683306694
1 0.15577471 0.89754105 0.43358633 1.         0.012884300202131271
34 0.         0.8392787  0.34606758 0.98195    0.012845862656831741
6 0.00364338 0.         0.25664496 0.12322963 0.012817314825952053
22 0.         0.         0.1461992  0.12999474 0.012744644656777382
6 0.         0.         0.32691848 0.08716542 0.012740393169224262
9 0.01563446 0.7431613  0.35189176 1.         0.012726954184472561
6 0.00213711 0.         0.08616564 0.16838044 0.012690002098679543
21 0.5332564  0.02831823 0.9316209  0.8616553  0.01260336022824049
35 0.         0.7642914  0.32289195 1.         0.012520071119070053
24 0.05315094 0.34626645 0.601921   0.5145142  0.012479252181947231
21 0.01966263 0.7961338  0.41902477 1.         0.012374126352369785
34 0.         0.2285614  0.44463778 0.9351757  0.01232660561800003
40 0.         0.1467614  0.76257986 0.7214963  0.012203246355056763
41 0.03804143 0.80959904 0.20784222 1.         0.012097866274416447
4 0.15867122 0.29041183 1.         0.94368917 0.012050498276948929
4 0.02615885 0.55316293 0.6699476  0.9838066  0.012033890001475811
5 0.00758737 0.8072261  0.36312324 0.9978122  0.011990252882242203
25 0.8655949  0.0507552  0.989633   0.25366634 0.011937062256038189
29 0.14371862 0.20563489 0.99363446 0.69006723 0.011930391192436218
21 0.64466596 0.341933   0.9560728  0.8380223  0.011848896741867065
37 0.8149518  0.33098736 0.9751408  0.787853   0.011842675507068634
22 0.         0.         0.15075578 0.07508477 0.011691469699144363
40 0.2240236  0.00653765 0.6750854  0.7419875  0.011658024974167347
25 0.         0.         0.37081778 0.6940938  0.011636135168373585
34 0.48596296 0.53015524 1.         0.81664586 0.01163457054644823
10 0.03479627 0.8093756  0.48086855 1.         0.01162694115191698
18 0.12875314 0.8802176  0.35051647 1.         0.011550934053957462
5 0.         0.7748202  0.51540244 1.         0.011533048935234547
34 0.6425594  0.35144502 0.98725516 0.63188994 0.011412834748625755
40 0.         0.70911443 0.49967226 1.         0.011356586590409279
25 0.        0.2008721 0.4587377 0.9221404 0.011217236518859863
20 0.         0.9353981  0.05815484 0.9863079  0.01120789349079132
35 0.00146853 0.62664855 0.63239646 0.9948161  0.011194460093975067
38 0.04655923 0.00689716 0.31262445 0.10691729 0.011187625117599964
20 0.00607852 0.8912779  0.18551387 0.98138106 0.011144766584038734
2 0.6724207  0.38167655 1.         0.8875208  0.011126777157187462
40 0.         0.2736399  0.17595647 1.         0.011073607951402664
9 0.0548634  0.8999851  0.44082466 1.         0.011060027405619621
41 0.04066263 0.90949047 0.26283047 0.9942911  0.011007560417056084
35 0.         0.5446275  0.44863313 1.         0.01085604727268219
1 0.6950087  0.35019922 1.         0.7963168  0.01083132904022932
41 0.8941109  0.10274601 1.         0.35920554 0.010808026418089867
9 0.15489674 0.7379714  0.52034956 0.99721724 0.010777738876640797
1 0.1289502 0.        1.        0.5567053 0.010693269781768322
10 0.04845736 0.83851343 0.7590967  1.         0.010662638582289219
22 0.         0.         0.07653996 0.15835412 0.010629997588694096
37 0.01486216 0.6527411  0.57764804 0.98427594 0.010547387413680553
24 0.0538938  0.26683858 0.34527808 0.5229611  0.010507123544812202
9 0.58524173 0.2983653  0.93744975 0.62401664 0.010496157221496105
34 0.01687396 0.77617675 0.62619764 0.9852273  0.010404825210571289
41 0.0814769  0.5674873  0.58092654 0.9794612  0.010364476591348648
1 0.02336636 0.43969777 0.19631165 0.9507586  0.010321885347366333
9 0.         0.8998105  0.23967108 1.         0.010316621512174606
25 0.         0.16722138 0.8675766  0.8145621  0.010301816277205944
38 9.2473353e-04 7.3160493e-01 1.7037781e-01 9.5472455e-01 0.0102939298376441
24 0.92936355 0.00830762 0.9984474  0.0510417  0.010289054363965988
3 0.1899461  0.9152558  0.40997434 0.9866675  0.010262896306812763
41 0.35651228 0.23628521 0.78454614 0.5607015  0.010218482464551926
7 0.         0.10972957 1.         0.78606343 0.010198456235229969
25 0.         0.7187189  0.17420807 0.9864294  0.010176987387239933
25 0.         0.10078291 0.5436714  0.57560754 0.010156518779695034
41 0.05798187 0.73951393 0.33074012 0.9888371  0.01015173364430666
6 0.         0.02174322 0.15985599 0.21096775 0.010079662315547466
35 0.       0.780033 0.606244 1.       0.01007890421897173
24 0.7633097  0.03636065 1.         0.30648515 0.010061302222311497
9 0.         0.73374224 0.16043949 0.991302   0.010045326314866543
6 0.00108706 0.         0.04273413 0.08757796 0.009968636557459831
1 0.18505843 0.8541409  0.39571574 1.         0.009944009594619274
40 0.         0.62420595 1.         1.         0.009938140399754047
1 0.8339876  0.15033837 1.         0.8460712  0.009931796230375767
24 0.9199581 0.9284505 1.        1.        0.009930487722158432
24 0.00429766 0.87643874 0.19752258 0.9852561  0.009815839119255543
4 0.         0.75001556 0.21761443 0.99943334 0.009810049086809158
24 0.05810173 0.48106527 0.53909546 0.8642155  0.009809250943362713
24 0.        0.6744871 0.3378238 0.9091717 0.009680399671196938
9 0.13461637 0.14975119 0.79419947 0.753355   0.00967918150126934
34 0.15129574 0.8729109  0.4863615  0.9933715  0.009663720615208149
21 0.04280599 0.82899743 0.6335351  0.9850517  0.009607958607375622
25 0.31098533 0.16857547 1.         0.7620206  0.009577020071446896
41 0.23480134 0.87669194 0.469213   1.         0.009560329839587212
3 0.11320092 0.79811853 0.5673409  0.99459934 0.009548132307827473
34 0.41696256 0.45534822 1.         0.714079   0.009474556893110275
41 0.7755091  0.39458567 0.9836382  0.9103153  0.009462676011025906
37 0.7592985  0.40978578 0.9505166  0.7756061  0.00941688846796751
1 0.         0.7082851  0.29014796 0.9676045  0.009411994367837906
25 0.         0.38394868 0.1919705  0.9204291  0.009400558657944202
24 0.6641324  0.09359042 1.         0.38053378 0.009368917904794216
28 0.         0.7405847  0.20580533 0.96772504 0.009340077638626099
1 0.0726607  0.7372297  0.54478395 0.98120344 0.009335910901427269
1 0.12867977 0.11119329 0.45750627 0.6799069  0.009283933788537979
34 0.01374219 0.11137609 0.6722117  0.7711743  0.009211334399878979
1 0.04428228 0.45894167 0.675098   0.7615677  0.009166179224848747
38 0.01504831 0.7193469  0.3956015  0.9501183  0.009149478748440742
25 0.64081424 0.         0.9694509  0.24307686 0.009120849892497063
24 0.13244314 0.28203678 0.603956   0.44274417 0.00908584613353014
41 0.09871196 0.41689202 0.6268886  0.8449281  0.009079767391085625
38 0.09553435 0.00384068 0.44456336 0.0753612  0.009077657014131546
34 0.4328418  0.45057935 1.         0.90647066 0.009058626368641853
41 0.06670611 0.39552012 0.504538   0.9387264  0.008929865434765816
24 0.8292932  0.08393741 0.9985181  0.7254857  0.008861794136464596
37 0.2022356 0.7198903 0.4904584 0.9867902 0.008859837427735329
34 0.         0.04647993 0.6860958  0.5446923  0.00885830819606781
34 0.89929783 0.92923707 0.9963934  1.         0.00877033919095993
20 0.01353772 0.85086143 0.16609475 0.963324   0.00875938218086958
22 0.         0.         0.03990005 0.08184209 0.008727814070880413
20 0.         0.94965357 0.08232805 0.9896259  0.008673726581037045
