24 0.38793772 0.21223626 1.         0.6780472  0.4551917314529419
24 0.5274023  0.30816945 1.         0.63087416 0.4348210394382477
24 0.608027   0.13929453 1.         0.6373875  0.30381521582603455
24 0.22908132 0.33492136 1.         0.75674593 0.30025550723075867
24 0.45218426 0.4126545  1.         0.7665807  0.24128368496894836
24 0.5646032  0.23348048 0.9770104  0.52134055 0.12747123837471008
1 0.1800849  0.17120232 1.         0.8407248  0.12739670276641846
2 0.3814805  0.16674204 1.         0.7351937  0.12685364484786987
24 0.17585379 0.23454784 0.98548555 0.66275007 0.11185754090547562
28 0.16009042 0.3473299  0.77917856 0.7027088  0.10999304056167603
38 0.2066995  0.41719997 0.7771023  0.7320074  0.09668342024087906
27 0.         0.07986514 0.52571434 0.8126701  0.08728069812059402
25 0.12707947 0.17753889 1.         0.58928853 0.08471808582544327
27 0.         0.32333434 0.46979606 0.9688019  0.08145233988761902
25 0.14539953 0.34981233 1.         0.7269729  0.07690693438053131
27 0.30941418 0.28037524 1.         1.         0.07326420396566391
24 0.2428374  0.44035804 0.7225448  0.76028043 0.073020800948143
28 0.17066407 0.37907904 0.8992433  0.8274498  0.07093299180269241
10 0.00982539 0.0039971  0.16640344 0.08681094 0.06930457055568695
27 0.22383419 0.38953108 0.63847166 0.8228579  0.0664428099989891
21 0.10523438 0.00429804 0.7319831  0.15817605 0.0633564367890358
24 0.47618207 0.16766715 1.         0.54020303 0.06186643987894058
1 0.36508766 0.2631687  1.         1.         0.05958806723356247
10 0.00538637 0.00129412 0.08455241 0.04389333 0.059042103588581085
38 0.09758156 0.39442003 0.8459658  0.8767308  0.058525729924440384
1 0.5192446 0.3518797 0.9862537 0.8940249 0.05745554715394974
34 0.11665062 0.         0.68581146 0.1560607  0.05600679665803909
10 0.00311518 0.00284107 0.06073975 0.06082524 0.05287661403417587
6 0.00931295 0.6509281  0.15756726 0.97406596 0.0514865480363369
18 0.03001048 0.         0.15948382 0.08101831 0.04950559139251709
10 0.0053257  0.00649011 0.12054101 0.12812398 0.04873373731970787
21 1.7824118e-01 5.6197488e-04 6.3735789e-01 2.1114370e-01 0.04787192493677139
25 0.25340688 0.51606    1.         0.7992618  0.045742228627204895
18 0.0131896  0.00024179 0.07904439 0.03997821 0.045610737055540085
9 0.55162174 0.00269802 0.777777   0.10913213 0.04519185796380043
29 0.32826403 0.29898345 1.         1.         0.04495199769735336
33 0.136531   0.01623985 0.6098631  0.21485421 0.04459839314222336
18 0.00813417 0.         0.05622685 0.05442756 0.0440131276845932
6 0.01131194 0.3145345  0.27951524 0.9585394  0.04361458867788315
14 6.1413848e-01 1.6860009e-04 7.2013777e-01 5.5544436e-02 0.04338151216506958
10 0.02491243 0.00673042 0.33862844 0.17394637 0.043328721076250076
9 0.6146852  0.00336657 0.7778116  0.1526535  0.04331906512379646
16 0.3665517 0.9121037 0.6393248 1.        0.04326784238219261
25 0.06293361 0.4308573  1.         0.7915583  0.04321067035198212
14 0.64079183 0.         0.7469269  0.05591613 0.04269831255078316
27 0.14565596 0.35932747 0.67073226 0.99252313 0.042573653161525726
14 5.8755386e-01 4.5815785e-04 6.9338316e-01 5.5195309e-02 0.042340271174907684
24 0.14754616 0.03074208 0.5428828  0.21018992 0.04212309047579765
28 0.04104843 0.36003596 0.68280804 0.76232374 0.04204458370804787
41 0.44797242 0.00116877 0.67884654 0.11347762 0.04170439392328262
14 6.6761160e-01 1.7245611e-05 7.7338237e-01 5.6324236e-02 0.04151088371872902
14 0.62411124 0.         0.7649352  0.04001758 0.041365254670381546
2 0.18979989 0.         0.64660126 0.21810703 0.0402735099196434
13 0.13194883 0.33761045 0.75513166 1.         0.040207039564847946
9 0.4862025  0.00289845 0.79241425 0.07717775 0.04016068950295448
2 0.00101099 0.         0.07697768 0.03747097 0.03987375274300575
41 0.26944348 0.88020337 0.37838486 0.9875933  0.03944497928023338
2 0.13100465 0.         0.7544557  0.15863885 0.03940388560295105
14 0.57139313 0.         0.710838   0.03977028 0.03931492939591408
33 0.0382341  0.01040215 0.7060085  0.15678437 0.03930586203932762
14 6.9519776e-01 4.3013573e-04 7.9969758e-01 5.6926422e-02 0.039137840270996094
24 0.33739313 0.91320956 0.41457927 0.99644077 0.038861602544784546
6 0.00783087 0.6516921  0.26282257 0.9725873  0.03883795812726021
16 0.18415077 0.93118197 0.29105878 0.999626   0.03856081888079643
24 0.11754575 0.01857314 0.7589441  0.16144475 0.03851185739040375
9 0.6359854  0.00284189 0.7483586  0.05579713 0.03815670683979988
16 0.13542731 0.94729483 0.28487158 1.         0.037912167608737946
2 0.00137478 0.         0.05498941 0.05346429 0.037760503590106964
24 0.32252026 0.9352887  0.43217832 0.9968522  0.03767872229218483
24 0.45741913 0.8825676  0.6703894  0.9932882  0.037506528198719025
24 0.27710545 0.9240273  0.42878923 0.9950037  0.03737235441803932
24 0.36430904 0.91290903 0.44093868 0.99575144 0.03732839226722717
41 4.1050223e-01 4.2122841e-04 7.1689904e-01 8.0130033e-02 0.03727017715573311
16 0.15743816 0.9308661  0.26427445 0.99980855 0.0372048020362854
24 0.27117142 0.8843637  0.38036957 0.98008007 0.03719621151685715
24 0.31110582 0.91343486 0.38814873 0.9966622  0.03709932416677475
16 0.20151302 0.9070381  0.27590626 0.9992732  0.036770280450582504
16 0.2112891  0.9317415  0.31777072 0.9995688  0.03640338405966759
41 0.22329667 0.8944577  0.37263674 0.9721966  0.03634747490286827
41 0.24138062 0.8793307  0.35210878 0.9851699  0.036341968923807144
24 0.22897042 0.8981585  0.374638   0.968176   0.03625950962305069
9 0.40508455 0.00340166 0.7098253  0.07642467 0.03617764264345169
34 0.49500325 0.00239548 0.7219915  0.10774218 0.03599243238568306
16 0.19044274 0.94797385 0.33851352 0.99998987 0.0359644889831543
9 0.58241576 0.00289618 0.6960945  0.05513442 0.03594318777322769
41 0.25832152 0.9093678  0.33301222 0.99993056 0.03583173826336861
2 0.4496487  0.         0.6835339  0.10767055 0.035788919776678085
41 0.23104393 0.9081976  0.30639723 0.9987351  0.03574063256382942
24 0.23441646 0.9140027  0.30641592 0.99592066 0.03573886677622795
28 0.03901769 0.27828312 0.81610256 0.8741323  0.035693682730197906
34 0.18156117 0.         0.5774717  0.21214066 0.03566087409853935
16 0.22830807 0.9080588  0.30267105 0.9991151  0.03564960137009621
20 0.66476226 0.00355416 0.7784302  0.05256567 0.035521093755960464
35 0.33601427 0.90827364 0.41132656 0.99914056 0.03540569171309471
24 0.2856833 0.9137864 0.3611461 0.9957068 0.035361576825380325
24 0.42532384 0.9139963  0.70826644 0.9952455  0.035339292138814926
10 0.15866572 0.00795464 0.5804195  0.24032247 0.03533568233251572
6 0.5027207  0.9295619  0.62018645 1.         0.035192567855119705
2 0.         0.         0.15384267 0.07334595 0.03515336662530899
14 0.67904186 0.         0.81849796 0.04108371 0.03510168939828873
2 0.35272405 0.         0.6779882  0.07548951 0.03493499010801315
24 0.20858683 0.9138884  0.27949733 0.9966669  0.03485054895281792
34 0.46599606 0.00242284 0.7872246  0.07683334 0.03477921336889267
41 0.49130067 0.         0.7847984  0.08110245 0.03477770835161209
24 0.26998556 0.9353744  0.3788346  0.9971513  0.034750159829854965
1 0.17125413 0.00237016 0.7856551  0.15343173 0.03469942510128021
33 0.45407432 0.00458578 0.67599255 0.11055996 0.03460920602083206
24 0.26023477 0.9139305  0.3335032  0.9952879  0.034597042948007584
9 0.5898331  0.0017508  0.7407889  0.04005061 0.03455739468336105
24 0.19349536 0.9353525  0.29582432 0.9976869  0.034483086317777634
16 0.4536817  0.8815911  0.65264136 1.         0.0343165285885334
24 0.22673325 0.9242365  0.37431225 0.9949577  0.03428264707326889
24 0.25066552 0.9501544  0.40138122 0.99817586 0.034240905195474625
41 0.28520617 0.9108112  0.3596042  1.         0.034220993518829346
34 0.35148668 0.         0.6470423  0.07701404 0.03416019678115845
14 0.6220107  0.         0.77285486 0.15501234 0.0340772308409214
35 0.32005116 0.93139327 0.42800468 0.9993227  0.03406277671456337
24 0.51009107 0.9364674  0.6097285  0.9960548  0.03398925065994263
34 0.62540185 0.00297065 0.7449613  0.05415747 0.03386174887418747
33 0.41598248 0.00319344 0.71925277 0.07818555 0.03371550887823105
10 0.39959717 0.         0.6209542  0.11492452 0.03371385484933853
1 0.22237763 0.         0.6487503  0.21041074 0.033641256392002106
16 0.21758626 0.9210189  0.3643041  0.99785686 0.03355073183774948
24 0.21930723 0.9352388  0.32295826 0.99714327 0.03354044258594513
24 0.31859472 0.91463196 0.60613286 0.9945543  0.033538155257701874
41 0.5599987  0.         0.7710192  0.11366811 0.0335199348628521
14 0.56017643 0.         0.7743529  0.11082657 0.03350359573960304
34 0.57640105 0.00150819 0.7362314  0.03913088 0.033462248742580414
35 0.36314875 0.9084014  0.4384664  0.99973464 0.033365409821271896
20 0.62065697 0.00171082 0.7710063  0.03762804 0.033300966024398804
1 0.36323303 0.90689707 0.43823636 1.         0.03318287432193756
35 0.2726341  0.9193548  0.42133027 0.9981467  0.033028360456228256
1 0.39674833 0.         0.899544   0.17396998 0.03297877684235573
18 0.0861145  0.         0.63803023 0.16092604 0.0329102985560894
9 0.4442718  0.00423933 0.6711419  0.10846832 0.0328906886279583
41 0.21534325 0.9319024  0.32328632 0.99952364 0.0328572653234005
24 0.05930626 0.4025492  0.59185195 0.7808684  0.03280961886048317
34 0.57361263 0.00301484 0.6922388  0.05411661 0.03280371055006981
24 0.3072149 0.840284  0.4603885 0.9923917 0.03280087560415268
20 0.61240184 0.00276475 0.7242735  0.05246264 0.03273063898086548
24 0.33034182 0.9497033  0.48146912 0.99743056 0.03266673907637596
16 0.29295397 0.88572013 0.5633168  1.         0.03265570104122162
16 0.4287202  0.93426263 0.5245472  1.         0.032650306820869446
16 0.50471675 0.9354646  0.60639566 0.99774325 0.032650239765644073
41 0.31151012 0.9113693  0.38607562 1.         0.03262779116630554
41 0.22348748 0.92116404 0.37238127 0.9988502  0.03261004760861397
24 0.6129077  0.9352109  0.72087985 0.99684316 0.03260454535484314
16 0.2553392  0.9092961  0.32914713 0.9989811  0.03256554156541824
24 0.16738597 0.93543357 0.26862866 0.99862754 0.032563988119363785
24 0.22573726 0.88301224 0.43763703 0.9946913  0.0324229821562767
41 0.204391  0.9084982 0.2800595 0.9982799 0.03239840641617775
20 0.6936021  0.00435809 0.8061766  0.05283409 0.03231726586818695
14 0.13720943 0.94953644 0.2831273  0.9991324  0.032305266708135605
10 0.3083144  0.9083574  0.38745093 0.99891317 0.03224257379770279
35 0.30853316 0.90790886 0.38382795 0.9991597  0.03213941305875778
24 0.14841814 0.9504387  0.29034898 0.999196   0.032122958451509476
24 0.6646083  0.00162111 0.7822812  0.05618392 0.03208966553211212
24 0.19992064 0.9501915  0.34596005 0.99838746 0.0320342481136322
34 0.00382597 0.         0.07171928 0.03653104 0.03198918327689171
41 0.18850617 0.93169993 0.29663235 0.9990781  0.03196856752038002
16 0.21685417 0.89310974 0.36397776 0.97054386 0.03196505457162857
9 0.6448857  0.0017708  0.7934945  0.03987899 0.03184765204787254
2 0.5845871  0.00185299 0.69990104 0.05506372 0.03183329477906227
41 0.33711627 0.91055393 0.41301548 1.         0.03176245465874672
40 0.28150102 0.906155   0.3611456  0.9994135  0.0317077599465847
33 0.58228743 0.00256554 0.6929753  0.05409112 0.03166202828288078
24 0.58609337 0.93571943 0.6930277  0.9967782  0.03164558857679367
2 0.33215597 0.         0.57739156 0.10774648 0.03150331228971481
1 0.34729883 0.93001854 0.45361593 0.9996182  0.03147059306502342
16 0.17546345 0.90661514 0.24925137 0.9987194  0.03144840523600578
35 0.3469775  0.9315024  0.45506364 0.99958205 0.03143252804875374
24 0.42853984 0.9354324  0.53397083 0.9962706  0.0313965305685997
24 0.27571508 0.88271433 0.49396828 0.99257094 0.03139631077647209
16 0.24570395 0.9485708  0.39195114 1.         0.031395044177770615
9 0.6160662  0.0050882  0.8409405  0.10419394 0.03137407824397087
24 0.51592344 0.95053756 0.6557143  0.99730265 0.03130128234624863
41 0.6211956  0.         0.7695567  0.16011478 0.03127206489443779
35 0.2449703  0.9468032  0.39567947 1.         0.031224938109517097
41 0.58607143 0.         0.6912403  0.0584372  0.03120449185371399
10 0.2816653  0.90852255 0.36100593 0.99847597 0.031148895621299744
2 5.6519586e-01 5.2007358e-04 7.1982318e-01 3.9333802e-02 0.031028904020786285
34 0.34284547 0.         0.54662937 0.10926615 0.031003274023532867
21 0.3903173  0.00065444 0.6077532  0.11170034 0.03096192516386509
18 0.18528502 0.         0.5559373  0.23147222 0.030960487201809883
16 0.26615635 0.9333192  0.37090066 0.9998154  0.030951881781220436
1 0.33666688 0.908093   0.41287425 1.         0.030947329476475716
10 0.26489842 0.93211263 0.37771997 0.99856323 0.03089168108999729
24 6.2135881e-01 3.9157868e-04 7.7527797e-01 3.9870124e-02 0.03087535686790943
41 0.27544287 0.92140645 0.42574668 0.999231   0.030846737325191498
1 0.03783759 0.2487428  0.4324191  0.92602676 0.030835578218102455
24 0.6116554  0.00161715 0.72852504 0.05657272 0.030775124207139015
18 0.36051062 0.         0.6326335  0.31995642 0.03074362501502037
35 0.26580882 0.93126804 0.3734725  0.9997326  0.03070746548473835
16 0.2932792  0.9336782  0.39757675 0.9998484  0.03068845346570015
10 0.33460572 0.9081399  0.41391873 0.9990971  0.030655400827527046
16 0.32037675 0.933118   0.42379406 1.         0.03064783103764057
14 0.15921275 0.93445206 0.2623996  0.99825555 0.03060757741332054
14 0.19213463 0.94953847 0.33848667 0.99876416 0.030543923377990723
20 0.56916964 0.00133629 0.71656364 0.03786182 0.030501067638397217
18 0.40914023 0.         0.62110627 0.11032382 0.030490692704916
16 0.27322376 0.9213312  0.41729075 0.99835837 0.030442913994193077
16 0.13172728 0.9305589  0.23751996 0.9994951  0.030389543622732162
33 0.58972794 0.00138287 0.73757994 0.03852273 0.03035644441843033
41 0.26975358 0.9335831  0.37668478 1.         0.030321404337882996
40 0.30852205 0.90589136 0.3871837  0.9995402  0.03031790442764759
16 0.23672466 0.8772159  0.34522986 0.9837544  0.030297184363007545
34 0.6278044  0.00138988 0.78907055 0.0391297  0.030199717730283737
6 0.5072028  0.9450231  0.66948104 1.         0.030190810561180115
24 0.22158054 0.8847404  0.32448784 0.981613   0.030179068446159363
24 0.382188   0.9500594  0.53079164 0.99757063 0.03016216866672039
21 0.00425657 0.00057008 0.0702991  0.03914857 0.030149495229125023
1 0.39011452 0.90527445 0.46302873 0.99875915 0.030125757679343224
40 0.2619982  0.8739381  0.38013318 0.9861529  0.030125711113214493
24 0.3762488  0.8837231  0.59225935 0.9927431  0.03012535534799099
16 0.38198566 0.9486962  0.5168229  1.         0.030108541250228882
41 0.21740168 0.8788855  0.43453512 1.         0.030059034004807472
24 0.18273929 0.91377425 0.25246686 0.9978703  0.03002891130745411
39 0.49596772 0.00217184 0.80078125 0.07900745 0.030010273680090904
1 0.31102937 0.         0.62348574 0.3186204  0.02993582747876644
35 0.32712585 0.9475631  0.47678235 0.9995966  0.029909377917647362
10 0.24256608 0.947886   0.40010387 0.99897176 0.029886946082115173
1 0.30986118 0.9083547  0.38664055 1.         0.0298748929053545
24 0.53498036 0.9360903  0.63767624 0.9965739  0.029848380014300346
10 0.26985607 0.9199787  0.42717952 0.996898   0.029832052066922188
40 0.2415993  0.91684103 0.40134454 0.99817914 0.029793860390782356
14 0.1856539 0.9344867 0.2894505 0.9978573 0.029775016009807587
24 0.23555978 0.05381224 0.5140602  0.30168548 0.029764315113425255
40 0.264141   0.92984307 0.37870124 0.99935395 0.029726216569542885
9 0.6912919  0.00272567 0.80158406 0.05527243 0.02971753478050232
33 0.63501257 0.0030022  0.74423033 0.05404121 0.029703455045819283
16 0.28202522 0.91037947 0.35524106 0.99982667 0.02969757840037346
41 0.19576713 0.94819194 0.3461951  0.99987084 0.02960113249719143
14 0.49628246 0.         0.78487355 0.07959319 0.02959786355495453
16 0.336213  0.9106714 0.4086079 1.        0.029565833508968353
14 0.36086157 0.9056819  0.6486034  1.         0.02953566424548626
29 0.01765055 0.24487747 0.50222903 1.         0.029492678120732307
24 0.3903213  0.912209   0.46774644 0.996019   0.029491620138287544
41 0.3628056  0.9096603  0.44043106 1.         0.029490062966942787
34 0.00255569 0.         0.05180739 0.05002527 0.029483020305633545
14 0.24677221 0.9485598  0.39349473 0.9989995  0.02946978062391281
10 3.5983750e-01 3.2014531e-04 6.6392475e-01 8.1150047e-02 0.02942335233092308
18 0.3252408  0.         0.7086328  0.23260997 0.02933201752603054
16 0.30875883 0.91096234 0.38175377 1.         0.02924145571887493
14 0.21275602 0.934287   0.31673896 0.9978578  0.02917843498289585
14 0.5037243  0.         0.7178457  0.11150358 0.029162349179387093
18 0.35546398 0.         0.5658489  0.11689072 0.029156526550650597
2 0.5617689  0.         0.786645   0.11038063 0.029091021046042442
34 0.6065675  0.00310408 0.77458286 0.14793743 0.02907528541982174
16 0.26369506 0.8793411  0.3715296  0.9842073  0.02907128445804119
40 0.1005113  0.00409712 0.79788065 0.17565128 0.02906271442770958
41 0.5676619 0.        0.709432  0.0421939 0.02901522070169449
20 0.6201523  0.00243788 0.7770895  0.14740975 0.029010681435465813
24 0.61583275 0.002437   0.78257287 0.16027173 0.02896895445883274
10 0.25474778 0.9095214  0.33385667 0.99901825 0.028949888423085213
35 0.28184187 0.90737003 0.35702834 1.         0.02894660457968712
40 0.2533619 0.9053171 0.3349451 1.        0.0289104375988245
41 0.612949   0.         0.7178844  0.05830982 0.028891006484627724
24 0.56536144 0.95040023 0.71319735 0.99769187 0.028874292969703674
41 0.30327877 0.8364565  0.46004328 1.         0.028755154460668564
14 0.24004062 0.9339664  0.34456888 0.99794465 0.028716854751110077
14 0.29375753 0.93274844 0.39938858 0.9987683  0.028713377192616463
41 0.3206474  0.9328691  0.43057638 1.         0.028686895966529846
10 0.21091898 0.93278486 0.3238673  0.9989746  0.028684798628091812
10 0.31719548 0.9316684  0.43138084 0.99853814 0.02867194451391697
35 0.23959115 0.93050987 0.34735772 1.         0.028671877458691597
39 0.5578289  0.00339424 0.7826754  0.11000504 0.028656315058469772
24 0.37469697 0.93450266 0.48477224 0.9965199  0.028647713363170624
1 0.2740202  0.91900355 0.4261232  0.9983478  0.0286070816218853
14 0.26701477 0.9334303  0.37222362 0.99831676 0.028600089251995087
34 0.39520806 0.         0.60676533 0.10779358 0.02854122966527939
14 7.252048e-01 7.282162e-04 8.266989e-01 5.866393e-02 0.028514018282294273
24 5.6770879e-01 5.5385113e-04 7.2073287e-01 4.0160161e-02 0.02849494107067585
16 0.36360055 0.90936106 0.43482494 1.         0.028492121025919914
5 0.         0.         0.07680353 0.03510525 0.028468431904911995
1 0.28289506 0.90783143 0.35937032 1.         0.028430933132767677
20 5.0309277e-01 5.5939355e-04 7.2795373e-01 1.0882322e-01 0.02842903509736061
10 0.18894294 0.9483707  0.3463828  0.9989306  0.02835841104388237
41 0.00330158 0.00089272 0.05576732 0.05651194 0.028302855789661407
2 0.3260867  0.31370303 1.         0.89209414 0.028260070830583572
33 0.55491215 0.00359453 0.77218103 0.1085787  0.028183095157146454
20 0.50271946 0.93267405 0.61017084 0.99495494 0.02812313847243786
16 0.5127201  0.94990224 0.6506011  0.9981776  0.028105931356549263
1 0.26503164 0.8757717  0.3767182  0.9867886  0.02809872478246689
21 0.3482499  0.00072322 0.64337933 0.07943024 0.028087232261896133
35 0.2559165  0.9057011  0.33103213 1.         0.02807341143488884
10 0.21581142 0.9209009  0.37358552 0.99665064 0.0280709657818079
6 0.37646505 0.90760624 0.6761078  0.99843526 0.028069624677300453
35 0.19306685 0.9462797  0.34411895 1.         0.028027942404150963
14 0.31937146 0.9321271  0.42550007 0.99923587 0.027908997610211372
14 0.21920134 0.9228701  0.36473235 0.9956816  0.027868833392858505
41 0.00627068 0.         0.16472027 0.08080519 0.02782990224659443
33 0.34682268 0.00530104 0.5826945  0.1129518  0.027809053659439087
2 0.49357444 0.         0.8134974  0.07699233 0.027776693925261497
22 0.         0.         0.058937   0.05236293 0.027757100760936737
21 0.33185655 0.00430998 0.5573034  0.10940941 0.027747971937060356
40 0.16266236 0.         0.6599042  0.24698243 0.027736416086554527
39 0.6161807  0.00395974 0.7782678  0.15444034 0.02770640328526497
16 0.34701014 0.9322485  0.44894126 1.         0.027690725401043892
24 0.55440664 0.00337928 0.7901869  0.11373439 0.027625974267721176
14 0.1328056  0.9345301  0.23549856 0.9983867  0.027611933648586273
