28 0.47901186 0.10086586 1.         0.7569895  0.034849271178245544
28 0.34116456 0.47845286 0.9685473  0.84198457 0.022489849478006363
28 0.4812965  0.385577   1.         0.80140465 0.021643146872520447
41 0.3153173  0.18104711 0.58230287 0.33442917 0.019535137340426445
14 0.56169987 0.33010742 0.9433078  0.80727774 0.01880095899105072
41 0.10637052 0.21128939 0.5938378  0.54961824 0.01841752789914608
21 0.         0.         0.46757427 0.5420736  0.01687812991440296
24 0.56366307 0.4737571  0.9350446  0.821709   0.01510146539658308
27 0.30755112 0.02192879 0.8617637  0.6840279  0.012959502637386322
28 0.5047788  0.19371271 1.         0.5126049  0.012303073890507221
14 0.54887354 0.03433937 0.96835536 0.8155359  0.011328935623168945
40 0.26188114 0.01331861 0.8256064  0.8047449  0.011255685240030289
24 0.         0.00612948 0.348612   0.21559899 0.011064267717301846
14 0.7285082  0.25870392 0.9501937  0.7843862  0.010412356816232204
14 0.67859536 0.2522801  0.9434652  0.63621503 0.010144737549126148
38 0.47694582 0.04166036 1.         0.60734814 0.009501769207417965
24 0.75106424 0.46355662 0.95116425 0.82620615 0.009267355315387249
41 0.06180603 0.03716576 0.59734595 0.44095072 0.009174328297376633
14 0.54362416 0.15014371 0.95981866 0.6247413  0.008806257508695126
24 0.8153647  0.3144882  0.96104646 0.8361258  0.008773388341069221
24 0.46238273 0.5202446  0.8630696  0.8862242  0.008359236642718315
28 0.         0.5999528  0.33743683 0.8669979  0.008308292366564274
28 0.6931886 0.3097407 1.        0.7509803 0.008284217678010464
24 0.         0.5964802  0.29626983 0.83392006 0.00816765520721674
24 0.55741143 0.26829642 0.9253994  0.842755   0.008118689991533756
24 0.7552476  0.25686085 0.9601329  0.64087355 0.008056823164224625
24 0.48667452 0.07906105 0.96431696 0.7673083  0.008051889017224312
24 0.5186148  0.233452   0.96030694 0.56306636 0.007932878099381924
38 0.38793248 0.5097556  1.         0.9558476  0.007457639556378126
14 0.6809094  0.1076564  0.96945214 0.5922875  0.007298550568521023
28 0.64682925 0.46234152 1.         0.8458695  0.007210066542029381
28 0.31038648 0.57016164 1.         0.90434605 0.007140277419239283
38 0.5192993  0.04831004 1.         0.41347346 0.006966986693441868
14 0.46029624 0.41658786 0.8605548  0.91614807 0.0067130825482308865
24 0.53602314 0.13902523 0.9029987  0.4793238  0.0066744075156748295
28 0.79956555 0.28553966 1.         0.8199192  0.0065506636165082455
27 0.38091612 0.41763893 0.77964085 0.824665   0.006501444149762392
24 0.48419562 0.04716134 0.8637429  0.45236897 0.006389738991856575
28 0.6321297  0.12407448 1.         0.5451708  0.006076273042708635
28 0.48823386 0.2766503  1.         0.6796519  0.005978850647807121
24 0.692196  0.1861894 0.944262  0.5250878 0.005978102330118418
40 0.14140294 0.         0.9611355  0.70232743 0.005862120073288679
27 0.481668   0.352438   0.87594503 0.7581976  0.005757448263466358
24 0.813223   0.13263354 0.9582358  0.61353    0.00558547955006361
41 0.06484269 0.14879617 0.5277366  0.49296698 0.005481387488543987
25 0.33831635 0.5745559  0.931093   0.8599934  0.0051306202076375484
41 0.2689268  0.15611823 0.5609644  0.44817215 0.005107400473207235
24 0.5760193  0.35821542 0.9433035  0.7137021  0.00506546488031745
40 0.02071864 0.         0.7631441  0.92886275 0.005002268590033054
24 0.706991   0.40166178 0.95540094 0.6988777  0.004874493461102247
28 0.71346176 0.19338697 1.         0.64172703 0.00480919424444437
38 0.42630675 0.         1.         0.34726533 0.004781701602041721
35 0.48472312 0.535594   0.8817933  0.89753205 0.004773417022079229
21 0.01430964 0.         0.45143414 0.38982606 0.00476102577522397
28 0.49677816 0.07897328 1.         0.4754443  0.004713415168225765
24 0.7612144  0.12508023 0.94228536 0.46455482 0.004699090030044317
24 0.6594056  0.2479033  0.94945395 0.6019192  0.0044872756116092205
41 0.25421545 0.37484455 0.4963455  0.5547405  0.00445027370005846
27 0.20357549 0.13509174 0.85973006 0.4794866  0.00434383749961853
38 0.53501517 0.43084875 1.         0.82028365 0.00420762412250042
24 0.00892581 0.         0.6365726  0.21776544 0.0041612498462200165
27 0.4856753  0.07872966 0.87711287 0.76995635 0.004072726704180241
40 0.4288793  0.00578743 0.8702061  0.54453504 0.00402197428047657
41 0.06244034 0.         0.3644586  0.43992457 0.0038247492630034685
27 0.34243876 0.12202355 0.77851015 0.5651167  0.0037463561166077852
27 0.4044758  0.27443376 0.81107473 0.67439926 0.003703667549416423
28 0.25944167 0.41470256 0.9674925  0.7594374  0.003674592822790146
24 0.6783356  0.10897564 0.9314781  0.44287574 0.0036295463796705008
27 0.17931071 0.002397   0.8458843  0.41570643 0.0035781620535999537
35 0.49546987 0.45021942 0.91540223 0.8157944  0.0035390625707805157
38 0.54314065 0.187825   1.         0.46200553 0.0034592710435390472
38 0.41300997 0.1838683  1.         0.8246394  0.003435374703258276
28 0.7985673  0.11005376 1.         0.6690218  0.003346926299855113
14 0.8210825  0.10713257 0.97833365 0.78609276 0.0033277550246566534
24 0.6902602 0.540039  0.9563349 0.8573968 0.003216761164367199
28 0.2526175 0.3796799 1.        0.885499  0.0031731321942061186
24 0.3869684  0.5799997  0.80755985 0.9033908  0.0031612408347427845
22 0.6166829  0.04143499 0.9762413  0.7571576  0.0031495552975684404
28 0.1975057 0.6223339 0.8209561 0.9138265 0.00308561441488564
35 0.60307455 0.5244658  0.982081   0.90234786 0.003072586841881275
27 0.         0.01283248 0.8972647  0.329045   0.002996638184413314
38 0.2235904  0.60206527 1.         1.         0.0029831109568476677
13 0.40034166 0.33687964 0.88649374 0.94617474 0.002962050959467888
1 0.4783528  0.13164745 0.972234   0.47408327 0.002895571291446686
28 0.2729948  0.16638003 1.         0.7566026  0.0028932460118085146
14 0.6821014  0.40625024 0.95438844 0.9024689  0.002877626335248351
24 0.59476644 0.1125157  0.9168364  0.64769155 0.0028577493503689766
35 0.50173193 0.3851858  0.9717688  0.72827595 0.0027802896220237017
14 0.76651424 0.05564969 0.9801143  0.53722066 0.002758031478151679
14 0.49686778 0.20241511 0.88901204 0.71663314 0.002670935820788145
27 0.4049951  0.01579981 0.7901459  0.49963483 0.0026505361311137676
18 0.01783226 0.         0.6107487  0.6422111  0.0025575479958206415
42 0.12840751 0.09536977 0.49197143 0.71856433 0.002511013997718692
13 0.48951295 0.27612123 1.         0.87706393 0.0024951586965471506
40 0.55321133 0.10393412 0.8781054  0.59974974 0.0024407550226897
25 0.44601956 0.49972597 1.         0.79632235 0.0024154321290552616
41 0.02495293 0.13591765 0.8185678  0.5183276  0.0023918114602565765
1 0.40046793 0.         0.8116999  0.4221073  0.0023745265789330006
25 0.28908175 0.6606367  0.8908553  0.91948456 0.0023322002962231636
41 0.21982875 0.21512653 0.63117033 0.485554   0.0022445949725806713
24 0.5995976  0.52662903 0.926892   0.9246728  0.002169859828427434
41 0.17048763 0.31020647 0.72599167 0.524613   0.0021617242600768805
24 0.         0.02363768 0.48374695 0.3387703  0.0021283412352204323
24 0.         0.01352509 0.25130036 0.32653388 0.002120746998116374
35 0.59700614 0.44168127 1.         0.8164063  0.002097885590046644
1 0.50569856 0.11663625 0.9878861  0.66153854 0.0020957770757377148
41 0.11293942 0.32549644 0.5145243  0.58619267 0.002089096000418067
41 0.29596666 0.25038895 0.55359167 0.5658905  0.002034190809354186
18 0.30194855 0.         0.5630499  0.43154237 0.0020018701907247305
24 0.37829015 0.6460743  0.9495919  0.92323446 0.001995035680010915
24 0.3932717  0.         0.8225702  0.33812028 0.001991417957469821
30 0.5608952  0.39734843 0.8988667  0.79203564 0.0019716976676136255
27 0.26016128 0.38476336 0.73155725 0.7971837  0.0019590293522924185
27 0.03304097 0.03223417 1.         0.61906475 0.001915878732688725
13 0.57626784 0.04558713 0.98595756 0.89174074 0.0018400570843368769
14 0.36611775 0.         0.860882   0.9744284  0.001835155999287963
38 0.53202873 0.4734052  1.         1.         0.0018154634162783623
24 0.4496965  0.04060402 0.8664494  0.27969795 0.0018026375910267234
40 0.35908556 0.11841433 0.8611556  0.43918744 0.0017989559564739466
27 0.03794879 0.5259771  0.26042655 0.86849916 0.0017945970175787807
19 0.10541379 0.13951215 0.9316489  0.76788604 0.0017211411613970995
24 0.13550113 0.02324567 0.9714731  0.30835524 0.001712324214167893
38 0.        0.5956981 0.3557977 0.8991741 0.0016675367951393127
40 0.3970133  0.42208898 0.80102485 0.7365441  0.0016250067856162786
14 0.6225887  0.27737555 0.9506358  0.99125063 0.00161240145098418
14 0.40250406 0.286128   0.9363497  0.9928224  0.0015960097080096602
1 0.3042967  0.         1.         0.85444397 0.0015834039077162743
41 0.06718806 0.16811049 0.6838726  0.644615   0.0015688784187659621
30 0.48977163 0.40092814 0.81002027 0.7858174  0.0015685418620705605
38 0.710305   0.04985413 1.         0.42921776 0.0015572337433695793
38 0.5864175 0.3087071 1.        0.6646154 0.0015272400341928005
41 0.06590641 0.3019995  0.3633479  0.5600082  0.0015255066100507975
27 0.547203   0.41508016 0.89400923 0.82209533 0.0015075644478201866
41 0.29380465 0.12364545 0.7108484  0.40413913 0.0015064317267388105
24 0.20120883 0.00933309 1.         0.4968322  0.0015012628864496946
1 0.35152864 0.         1.         0.5707897  0.0014969753101468086
18 0.06253403 0.09030164 0.656438   0.5240127  0.00148614845238626
27 0.35006803 0.         0.8317148  0.33557022 0.001478416845202446
27 0.3147931  0.32741982 0.8380128  0.85427713 0.001477993093430996
24 0.56885135 0.07156266 0.8906644  0.399228   0.0014701873296871781
30 0.4487391  0.47348195 0.79247856 0.8652306  0.0014701350592076778
38 0.7715623  0.02346443 1.         0.55151266 0.0014652396785095334
28 0.4771108  0.18365139 0.94911814 0.62463313 0.0014601884176954627
21 0.         0.01434418 0.7048109  0.35934538 0.0014490809990093112
28 0.01168068 0.630459   0.692716   0.9178995  0.001432557124644518
24 0.4636671  0.29156762 1.         0.6556657  0.001405897899530828
41 0.08947703 0.00696662 0.52017    0.30747515 0.0013850533869117498
14 0.6051227  0.00679471 0.9725234  0.47780976 0.0013646699953824282
38 0.45479748 0.14131092 1.         0.3733327  0.001360114081762731
24 0.05793551 0.01415555 0.6971925  0.31814986 0.0013487936230376363
40 0.5341258  0.36817452 0.9011244  0.67133397 0.001340833492577076
32 0.24597746 0.07889895 0.64794505 0.64906484 0.001331095932982862
24 0.47346905 0.42646214 0.97776175 0.7293919  0.0013020182959735394
13 0.3586764  0.         0.9016736  0.81366736 0.0012546005891636014
24 0.8053826  0.45430928 0.9701057  0.9308323  0.0012477411655709147
38 0.6699879  0.54249454 1.         0.96243113 0.0012430635979399085
41 0.04813197 0.14773588 0.5179918  0.7450721  0.001241978956386447
25 0.10461075 0.5566069  0.9597142  0.8008277  0.0012361922999843955
28 0.         0.6732909  0.32397264 0.94140863 0.0012350495671853423
24 0.44410157 0.3933442  1.         0.8595332  0.0012324381386861205
28 0.7415053  0.06165464 1.         0.43395305 0.0012290095910429955
22 0.65338016 0.06991901 0.9858301  0.43637514 0.001225803978741169
19 0.42769802 0.3953295  0.78627825 0.91463166 0.0011969651095569134
28 0.49108747 0.07441634 0.98172754 0.31599304 0.0011742254719138145
1 0.3778613  0.06865334 0.8967977  0.45425305 0.0011695644352585077
1 0.42415687 0.         0.67747706 0.5055342  0.0011687760706990957
21 0.         0.16101047 0.46863726 0.4960704  0.0011676964350044727
19 0.17887694 0.04815254 0.69984174 0.3524369  0.001164639717899263
22 0.48309827 0.3626395  0.99490815 0.75663066 0.0011644554324448109
25 0.5452706  0.2944459  1.         0.88545984 0.0011496085207909346
2 0.         0.         0.41122746 0.49174115 0.0011376815382391214
42 0.23571135 0.06200839 0.53449047 0.7060021  0.0011371058644726872
25 0.38288662 0.41597855 1.         0.7218584  0.0011311703128740191
10 0.04123957 0.08526962 0.64819634 0.5358283  0.0011299375910311937
28 0.618667   0.04730196 1.         0.3998449  0.0011221246095374227
25 0.5474734 0.5867474 0.964448  0.9555609 0.0011059647658839822
23 0.         0.0217909  0.70564467 0.4939381  0.0010937544284388423
28 0.75349355 0.5571225  1.         0.89970815 0.0010849760146811604
18 0.04056486 0.         0.54348624 0.38950148 0.0010794636327773333
24 0.74014115 0.05561259 0.9486904  0.39614204 0.0010783073958009481
40 0.64324325 0.05012418 0.905047   0.55279046 0.0010771960951387882
14 0.4011579  0.06631973 0.9138134  0.52178115 0.0010741574224084616
19 0.         0.12743045 1.         0.56422997 0.0010684615699574351
25 0.17562506 0.59371656 0.8380761  0.87823325 0.0010431786067783833
38 0.7555242  0.30819452 1.         0.85887593 0.0010338050778955221
24 0.17342323 0.08597473 0.78098077 0.53232825 0.0010333609534427524
31 0.4967913 0.3476433 1.        0.8875916 0.0010283918818458915
22 0.80678636 0.2674066  1.         0.7112703  0.0010128053836524487
40 0.26064956 0.02524221 0.74131644 0.3866537  0.0010115907061845064
25 0.5120142 0.5661543 1.        0.8596593 0.001004501129500568
14 0.28101212 0.4554536  0.77769804 0.8659134  0.0010017575696110725
22 0.48964    0.07690667 0.933163   0.48862225 0.0009987850207835436
14 0.7645792  0.4416865  0.96907604 0.96294385 0.0009883181191980839
40 0.48709658 0.2866726  0.8603527  0.62608814 0.0009769051102921367
30 0.5279946  0.49378413 0.87652135 0.8751048  0.0009731255122460425
38 0.34765613 0.46108887 0.87507325 0.89724815 0.0009591987472958863
27 0.6321581  0.36165184 0.9160196  0.75568515 0.0009494666592217982
35 0.37443393 0.5612618  0.8319972  0.83759713 0.0009441003203392029
34 0.         0.03312214 0.82898587 0.2923641  0.000937843753490597
41 0.26747867 0.08534251 0.6826739  0.311196   0.0009367402526549995
30 0.5763786  0.14954913 0.9113343  0.83401275 0.0009362510172650218
35 0.5116478  0.13854027 1.         0.6870752  0.0009355880320072174
6 0.66842717 0.         1.         0.9565601  0.0009191805147565901
35 0.5473156  0.2503218  1.         0.51569194 0.0009122517076320946
35 0.6220762  0.33780363 1.         0.9373452  0.0009051295928657055
25 0.461199   0.68340987 1.         0.9481546  0.0008974006632342935
7 0.         0.02066455 0.48398948 0.7144758  0.0008887463482096791
24 0.05713549 0.63164574 0.8609967  0.9055054  0.0008868845761753619
36 0.36567974 0.22529058 0.86955345 0.8245011  0.0008851208258420229
42 0.0542539  0.14344218 0.3596966  0.70682687 0.0008697049925103784
38 0.71842015 0.1851129  1.         0.56498    0.0008658365695737302
38 0.68527734 0.35860825 1.         0.7656881  0.0008623840985819697
35 0.55356467 0.3103156  1.         0.67029303 0.0008549040067009628
28 0.         0.49051544 0.37793732 0.89801353 0.000849851465318352
40 0.48630264 0.187633   0.8772874  0.45105404 0.0008455314091406763
28 0.31948644 0.66572267 1.         0.9314398  0.0008446078863926232
38 0.53090036 0.20864917 1.         0.58574426 0.000839859654661268
22 0.56237286 0.00185441 0.9506885  0.4261614  0.0008378074853681028
6 0.4860136  0.4482729  0.912457   0.93996006 0.0008342734072357416
27 0.5692103  0.         0.86371034 0.6249313  0.0008311252458952367
18 0.23180658 0.         0.52117085 0.7015612  0.0008292179554700851
22 0.8031779  0.08908974 1.         0.5562843  0.0008280385518446565
4 0.05192579 0.17410563 0.8370184  0.689614   0.000826255651190877
35 0.6403136  0.37493515 1.         0.7490634  0.0008219825685955584
28 0.1986708  0.4017176  0.73315984 0.81608474 0.0008189653162844479
36 0.49128217 0.3507013  0.868252   0.95427597 0.0008165453327819705
22 0.39244062 0.40833756 0.86901927 0.80145466 0.0008160168654285371
27 0.33188832 0.53973037 0.8692949  0.91914016 0.0008137183613143861
1 0.31109154 0.         0.7520422  0.35961157 0.0008132935618050396
41 0.19329278 0.2009051  0.89513826 0.5376317  0.0008043447160162032
27 0.70136905 0.30715662 0.92870474 0.70282936 0.0008008595323190093
13 0.44701692 0.03982925 0.99420625 0.5772243  0.0008001257083378732
6 0.59065205 0.43192306 1.         0.96397036 0.0007837062003090978
27 0.7363905  0.388195   0.93871033 0.79822725 0.000769847072660923
4 0.27807346 0.28529602 0.8865129  0.75514215 0.0007648512255400419
28 0.00471631 0.7115596  0.18449107 0.95349205 0.0007591776084154844
1 0.5228365  0.11924335 1.         0.9305634  0.0007567062275484204
25 0.57147557 0.23218283 1.         0.690216   0.0007474157609976828
27 0.27928486 0.2990507  0.7518438  0.6994978  0.0007461759960278869
32 0.30603564 0.04567347 0.8196741  0.6754803  0.0007443403592333198
1 0.15004776 0.         1.         0.4394051  0.0007409085519611835
22 0.71803427 0.2084763  0.9949286  0.57219404 0.0007300972938537598
22 0.411851  0.        0.9544097 0.2504505 0.0007266213069669902
38 0.7758646  0.17063798 1.         0.69719774 0.0007265445892699063
19 0.3187652  0.04466525 0.8801079  0.8419028  0.0007176043000072241
22 0.69497013 0.31871152 1.         0.702384   0.0007114773616194725
32 0.18412901 0.         0.58701897 0.6319928  0.0007106614648364484
35 0.49504787 0.2209148  0.94714624 0.5605817  0.0007094102911651134
27 0.6527098  0.44693336 0.9192078  0.84452164 0.0007087704725563526
1 0.4022195  0.07049555 0.57705134 0.3947666  0.0007012456189841032
35 0.06630692 0.653077   0.29492044 0.8863931  0.0006995219155214727
14 0.8254308  0.29987887 0.979498   1.         0.0006970875547267497
25 0.6256956  0.61230236 1.         0.8969388  0.0006954680429771543
7 0.         0.05637568 0.6513839  0.8603868  0.0006777408416382968
22 0.39292333 0.         0.8610406  0.41616416 0.0006723828846588731
1 0.         0.         0.79438204 0.300153   0.0006702374084852636
42 0.215215   0.14735787 0.7153247  0.7736079  0.0006662799860350788
41 0.32336143 0.20465407 0.86670685 0.40456852 0.000665967003442347
40 0.54442537 0.07147145 0.8971108  0.37462363 0.0006648496491834521
34 0.         0.0548148  1.         0.36186478 0.0006645327084697783
24 0.25256106 0.5845766  0.6860252  0.895241   0.0006627215188927948
24 0.39401665 0.49559012 0.89016604 0.7841797  0.0006619592313654721
38 0.11313703 0.64563566 0.8984477  1.         0.0006609907140955329
27 0.2873723  0.5065411  0.69941384 0.922499   0.0006606138776987791
35 0.6818573  0.21732478 1.         0.7793398  0.0006589950644411147
41 0.         0.02749368 0.68556845 0.29462376 0.0006568762473762035
6 0.3883237  0.52437896 0.8468924  0.9962529  0.0006552317063324153
28 0.         0.46898642 0.27086437 0.7472815  0.0006545642972923815
24 0.28031528 0.         0.7468024  0.27137172 0.0006431610090658069
22 0.00162867 0.5220593  0.27701095 0.81708795 0.000641101854853332
25 0.7075051  0.54017144 1.         0.8415395  0.0006404279265552759
24 0.15849753 0.6330454  0.647322   0.9238422  0.0006398629629984498
24 0.02190183 0.5457561  0.30752572 0.7166482  0.0006395846139639616
28 0.         0.6944263  0.52131736 0.9502095  0.0006279012304730713
14 0.33842418 0.34962818 0.74327517 0.95142    0.0006226446712389588
36 0.27908203 0.16372345 0.9252322  0.6665067  0.0006224109674803913
27 0.6539695  0.15123697 0.8959896  0.52733165 0.000622094317805022
41 0.05917071 0.34855476 0.4051829  0.7090724  0.0006187044200487435
41 0.06540093 0.03239372 0.34646055 0.3030432  0.0006118037854321301
24 0.01756038 0.03381476 0.1811174  0.22363298 0.0006100702448748052
14 0.3342017  0.24781413 0.8566912  0.6370269  0.0006088457885198295
31 0.59888273 0.16158397 1.         0.55830425 0.0006051018717698753
27 0.12461039 0.4086413  0.81116915 0.6832014  0.0006050076335668564
22 0.746495   0.01137381 0.9991632  0.385064   0.0006044532055966556
27 0.24832149 0.22125433 0.8443065  0.571181   0.0005986786563880742
35 0.5582413  0.1677654  0.9353467  0.43483278 0.0005978464032523334
34 0.         0.13112299 0.9703658  0.54185045 0.0005969401681795716
1 0.5758211  0.1959871  0.96161604 0.5020976  0.0005935798399150372
25 0.01397598 0.67520154 1.         0.92824006 0.0005917551461607218
19 2.2928874e-04 5.6438327e-01 2.3461716e-01 8.8215840e-01 0.0005904972786083817
40 0.03075101 0.00831357 0.86802614 0.4272109  0.0005899657844565809
40 0.47423637 0.02477159 0.84948397 0.35100552 0.0005871843895874918
25 0.         0.6346505  0.37694243 0.86890334 0.0005848555010743439
22 0.3390125  0.         0.88689595 0.7107645  0.0005813348689116538
28 0.34826505 0.09050591 1.         0.5769855  0.0005808553542010486
24 0.36618716 0.16081381 0.6056469  0.35014445 0.0005718522588722408
42 0.33111116 0.03497004 0.515748   0.6871251  0.0005691343103535473
6 0.63055146 0.22841255 1.         1.         0.0005688174860551953
22 0.35080248 0.4985054  1.         0.8704625  0.0005679201567545533
19 0.1731504  0.1744262  0.83996695 0.4887364  0.0005673298728652298
