34 0.         0.09870297 1.         0.5219291  0.4346241056919098
34 0.5314647  0.27541625 1.         0.6340404  0.4142189919948578
34 0.         0.08510422 0.5277759  0.39845043 0.3743664622306824
34 0.         0.20662306 0.5779101  0.46287102 0.34334832429885864
34 0.         0.1331839  0.79428166 0.42372966 0.33233341574668884
34 0.04577283 0.07000847 0.5759509  0.32077807 0.31095021963119507
34 0.45204347 0.04672384 1.         0.6772138  0.30376315116882324
34 0.13972735 0.29360226 0.8981762  0.5209261  0.29982268810272217
34 0.1407133  0.20159076 1.         0.6910505  0.263333797454834
34 0.         0.07173073 0.695995   0.5644652  0.22592483460903168
34 0.07771861 0.06466115 0.9459374  0.3636067  0.2210337221622467
21 0.12381587 0.21526189 0.7171358  0.6788588  0.21634605526924133
34 0.13500524 0.17518614 0.8731411  0.44361308 0.20506244897842407
41 0.         0.18036163 0.5547355  0.5335182  0.20412899553775787
34 0.         0.28838116 0.76728404 0.5578735  0.18564918637275696
41 0.         0.14710271 0.48789048 0.6486394  0.1663646101951599
41 0.08955868 0.02610907 0.5000198  0.19289483 0.15447600185871124
34 0.40912592 0.21136598 1.         0.53101754 0.15300104022026062
41 0.13156927 0.2719042  0.9588155  0.6944805  0.14367565512657166
41 0.00846033 0.05248759 0.41307095 0.56804115 0.14260022342205048
41 0.09907942 0.18224078 0.6016497  0.7369412  0.13788075745105743
41 0.         0.07191551 0.5082683  0.4620455  0.1357773095369339
41 0.24087869 0.0421139  0.43362418 0.24322484 0.13523685932159424
34 0.         0.04694017 0.5451378  0.25610533 0.1322658509016037
34 0.5987766  0.15334122 1.         0.93039125 0.1304616779088974
41 0.05890681 0.02224631 0.44947582 0.25993887 0.12564150989055634
34 0.00880768 0.18331935 0.54859364 0.57588696 0.12176797538995743
34 0.21222585 0.0287074  0.99010676 0.6259256  0.11724971234798431
34 0.         0.04613074 0.93482727 0.26391912 0.10665158182382584
40 0.         0.14145494 0.834311   0.71062326 0.10559287667274475
34 0.56894845 0.         1.         0.82375675 0.10353874415159225
24 0.06923877 0.09731354 0.40274462 0.5707902  0.10322993248701096
29 0.5032242  0.19484109 0.89831007 0.940566   0.1027669608592987
26 0.32513756 0.61377215 0.49572068 0.83084166 0.09881062060594559
1 0.26730987 0.00496588 1.         0.2746422  0.09751714766025543
24 0.22997725 0.04682002 0.4624044  0.2618616  0.09583904594182968
21 0.1603877  0.1145399  0.5593379  0.72786254 0.09429066628217697
27 0.759586   0.4302233  1.         0.86959475 0.09121324867010117
24 0.11146095 0.11995682 0.60522044 0.6810233  0.08790624141693115
34 0.         0.3014204  0.64222914 0.5895548  0.08563420921564102
24 0.         0.12280197 0.5110947  0.5927367  0.08126135170459747
24 0.         0.01902028 0.7082609  0.69713616 0.07944482564926147
34 0.         0.09289958 0.844826   0.31318247 0.07942789793014526
24 0.         0.26638764 0.49635306 0.5433362  0.07858883589506149
21 0.6111405  0.20445086 0.88953656 0.7130455  0.07794316858053207
41 0.07915594 0.04498496 0.49130672 0.33668208 0.0768129825592041
24 0.04691048 0.18175006 0.6797389  0.8643621  0.07619684934616089
9 0.10315344 0.26240754 0.7636217  0.60918295 0.07583244144916534
24 0.         0.12156545 0.37894598 0.5135803  0.07277246564626694
27 0.5741247  0.01474355 1.         0.9907243  0.07218370586633682
24 0.        0.2543213 0.8069004 0.6557364 0.0716966837644577
34 0.65225744 0.38017222 1.         0.736414   0.0711972713470459
21 0.22246245 0.01793711 0.8200572  0.6771114  0.06970618665218353
41 0.32285023 0.19022186 0.775349   0.6043308  0.06872982531785965
41 0.20795983 0.03754912 0.46912792 0.43803856 0.06711924076080322
41 0.2125043  0.14166649 0.8108604  0.7167282  0.06646411120891571
34 0.05237503 0.13014308 0.72974193 0.7219406  0.06481541693210602
1 0.00829859 0.         1.         0.41232887 0.06340374797582626
21 0.52378976 0.2830951  0.8766611  0.63882124 0.06095590814948082
21 0.4659344  0.15644763 0.93783534 0.7035716  0.06026199460029602
34 0.51009667 0.11242452 1.         0.5683036  0.05987217649817467
24 0.1907719  0.04709984 1.         0.73543715 0.05776958912611008
34 0.4618851  0.34712958 1.         0.71054125 0.05754793807864189
1 0.19696803 0.0137502  0.90301883 0.43338862 0.0566151924431324
34 0.04209765 0.04563162 0.42817953 0.46978292 0.055816106498241425
27 0.66705394 0.30884674 1.         0.8689507  0.055098410695791245
33 0.         0.21315625 0.48358023 0.4924566  0.054774582386016846
24 0.         0.03705292 0.97045696 0.9605346  0.05368342623114586
21 0.        0.        0.5496181 0.5402103 0.05351895093917847
26 0.30408746 0.66263956 0.54050374 0.8167237  0.052563492208719254
29 0.16563004 0.11700842 0.6117661  0.5624231  0.052338164299726486
34 0.3662901  0.05944036 0.95609176 0.44071254 0.051854755729436874
34 0.29992858 0.20598046 0.8586346  0.50969416 0.051641400903463364
41 0.         0.28624457 0.6018916  0.63830703 0.051085952669382095
34 0.56412977 0.14806    0.93256307 0.7040794  0.05064673349261284
21 0.3815763 0.2571181 0.9159477 0.6105374 0.05047677457332611
15 0.10227613 0.12736557 0.8592339  0.5787346  0.0475667379796505
33 0.0000000e+00 4.5934043e-04 7.1665895e-01 2.8909519e-01 0.04736856371164322
24 0.         0.2333601  0.23654495 0.50612444 0.04680931568145752
16 0.17042822 0.32102492 0.6471261  0.7951984  0.046111322939395905
34 0.         0.27992475 0.48379898 0.56963235 0.04526809975504875
2 0.03157995 0.19599721 0.4407514  0.54850787 0.0443706177175045
9 0.        0.266399  0.5690195 0.6192201 0.04352022707462311
24 0.21590887 0.07175644 0.516429   0.43486345 0.043480608612298965
2 0.01728949 0.13493642 0.3481178  0.6044478  0.043462615460157394
41 0.22137095 0.19928539 0.6931408  0.4658363  0.043328385800123215
24 0.3285691  0.07942856 0.8721608  0.5995087  0.042738597840070724
34 0.14040734 0.23474336 0.6254311  0.60288006 0.042015139013528824
41 0.31920657 0.22011602 0.89934677 0.8128599  0.041559990495443344
2 0.05203172 0.02943855 0.44009033 0.6319856  0.041549768298864365
21 0.6853393  0.32714295 0.950794   0.7475115  0.040925368666648865
24 0.14553396 0.19629398 1.         1.         0.04088595137000084
1 0.24056539 0.         1.         0.54163146 0.040804315358400345
40 0.        0.0798403 1.        0.8762106 0.040616076439619064
10 0.         0.02177704 0.46299174 0.21171519 0.04009970650076866
33 0.0605366  0.12750255 0.5748291  0.7424122  0.04009237512946129
1 0.12089722 0.19017623 0.8247073  0.54806525 0.039167363196611404
34 0.40433362 0.23209259 1.         0.7968031  0.0391332246363163
41 0.         0.10298091 0.3369293  0.63353235 0.03893003612756729
34 0.         0.033978   0.65046376 0.2018224  0.03875061497092247
2 0.00975212 0.05439443 0.37229815 0.83766204 0.03863490745425224
27 0.585016   0.23123612 0.9516324  0.8054043  0.03840266168117523
29 0.59935033 0.06534445 0.8839724  1.         0.037654731422662735
41 0.15498666 0.13723806 0.43650818 0.63827497 0.03761093690991402
24 0.60270363 0.14984778 0.8552881  0.65676266 0.037588320672512054
33 0.07672884 0.         0.39603335 0.54034966 0.03707746043801308
34 0.22857952 0.09919841 0.7683157  0.41477376 0.03672470152378082
24 0.32687384 0.05625015 1.         0.42248237 0.03622334823012352
41 0.6307784  0.24749032 0.9223337  0.7274057  0.03586344048380852
40 0.5356143 0.        1.        0.8972424 0.03545388951897621
24 0.29462612 0.24365225 0.93989056 0.57330203 0.03539609909057617
27 0.6543588  0.38986614 1.         0.7583396  0.03477340564131737
41 0.12874326 0.0742201  0.711873   0.43466148 0.03411400318145752
16 0.4626756 0.309727  0.8638955 0.8079281 0.0340149849653244
16 0.37306634 0.50940776 0.59724385 1.         0.03367943316698074
32 0.27218977 0.         0.43248415 0.26061743 0.03337521851062775
29 0.30777842 0.12786448 0.8249627  0.6525126  0.033130303025245667
21 0.07538997 0.         0.48536998 0.80302674 0.03203878924250603
24 0.15286916 0.06402732 0.6519637  0.43453094 0.03158765658736229
21 0.40536824 0.3184231  0.8812736  0.79164463 0.03109489008784294
16 0.08627459 0.33481216 0.56004333 0.70008665 0.031036633998155594
41 0.15664792 0.03824646 0.51003265 0.27033094 0.03085717000067234
24 0.         0.05466762 0.4853525  0.25275543 0.030829865485429764
41 0.         0.13681236 0.7383351  0.5185581  0.03055664524435997
4 0.         0.28879642 1.         0.7794443  0.030147334560751915
16 0.27164719 0.38942647 0.8898881  0.83973217 0.03011917695403099
24 0.         0.20913863 0.5912009  0.4958503  0.030030619353055954
34 0.3191495  0.33847493 0.95044416 0.5997739  0.02990134246647358
10 0.01141632 0.10292908 0.4862169  0.6254784  0.029665328562259674
41 0.20730253 0.33385137 0.84091526 0.66066074 0.029348306357860565
34 0.         0.23293646 0.4305895  0.5161534  0.029339643195271492
24 0.64308006 0.20796657 0.90322113 0.7321667  0.029248680919408798
29 0.14183961 0.17704304 0.46476778 0.57375157 0.029206961393356323
29 0.09824666 0.07425346 0.5324405  0.51339316 0.028797145932912827
40 0.         0.05380547 0.5869941  0.81358474 0.02863125503063202
24 0.         0.2730542  0.20490164 0.58739847 0.028606530278921127
41 0.0735537  0.28803104 0.6976383  0.8428775  0.02822316810488701
1 0.24114704 0.         0.64592665 0.38332555 0.028187770396471024
24 0.44350928 0.19580618 0.9591447  0.68566304 0.028002457693219185
24 0.03995715 0.16915892 0.34502146 0.6354793  0.027869150042533875
24 0.19983888 0.08012094 0.42239708 0.2877079  0.02782176248729229
33 0.01806271 0.15164088 0.37282395 0.49970475 0.027552206069231033
21 0.19481535 0.24118088 0.82550937 0.4832976  0.027430381625890732
16 0.23926483 0.35646698 0.94787234 0.69187623 0.02708817645907402
24 0.70865905 0.36155382 1.         0.7588994  0.02632952108979225
24 0.5107763  0.02648834 1.         0.8534799  0.026282398030161858
24 0.797843  0.3566873 0.9764207 0.8703515 0.025831792503595352
24 0.07852909 0.23786174 0.41308036 0.78032035 0.025663595646619797
41 0.21591586 0.0451135  0.77249086 0.25877634 0.02515886165201664
21 0.18792288 0.28882608 0.77926    0.5685278  0.025066258385777473
1 0.19608271 0.1553374  1.         0.49213496 0.024780604988336563
4 0.0607137  0.45059446 0.9784365  0.97239625 0.024731481447815895
34 0.0665211  0.17561755 0.68337935 0.49141085 0.024611610919237137
10 0.16364425 0.00884417 0.41803634 0.23508003 0.024568311870098114
5 0.00476512 0.         0.8769725  0.75178164 0.024253100156784058
1 0.0720283  0.12449059 0.9630574  0.38468754 0.024168331176042557
27 0.08439896 0.         1.         0.7860124  0.023927131667733192
24 0.         0.03740783 0.6096217  0.21192376 0.023831410333514214
40 0.         0.2384601  0.6603136  0.59984905 0.023796819150447845
36 0.3053884  0.11268219 0.83759135 0.601722   0.023709964007139206
40 0.38506037 0.12826742 1.         1.         0.0236873310059309
24 0.70549077 0.21136153 0.951161   0.84953165 0.023415353149175644
24 0.19336337 0.1561277  0.7757177  0.75701785 0.023400722071528435
26 0.31105325 0.518349   0.5302189  0.80299276 0.02313278429210186
10 0.04273636 0.35341287 0.7812745  0.95665044 0.02276189811527729
41 0.10996791 0.18784124 0.5910118  0.50630003 0.022665953263640404
40 0.01660579 0.26920092 0.90596133 0.6576286  0.022286463528871536
21 0.         0.         0.39127198 0.19704956 0.022203605622053146
24 0.6029584 0.2830765 1.        0.7276981 0.022058939561247826
29 0.16125543 0.14017458 0.5077179  0.83040816 0.021631700918078423
24 0.         0.06759644 0.55656475 0.39634496 0.02162253111600876
1 0.22720876 0.         0.7860559  0.31435317 0.02161160111427307
16 0.44456747 0.49040774 0.8511817  0.92937636 0.02153068594634533
29 0.4709615  0.11080101 0.908664   0.68288004 0.02147996798157692
21 0.         0.17935422 0.38420227 0.54082716 0.021478841081261635
2 0.14396062 0.19838308 0.51246893 0.6942138  0.0214204303920269
15 0.13313434 0.3514938  0.9864433  0.79337275 0.021363671869039536
10 0.00531914 0.26068518 0.47217724 0.5738226  0.02128729037940502
29 0.2725156  0.17706724 0.7554168  0.9786283  0.021186571568250656
27 0.4876973  0.25204942 1.         0.8054326  0.021011240780353546
41 0.5069473  0.31653845 1.         0.60985905 0.02069150097668171
41 0.17922701 0.23355508 0.5494886  0.66841847 0.020384592935442924
25 0.51060784 0.18126974 0.95176566 0.7285019  0.02023274265229702
27 0.         0.         0.8259297  0.81896895 0.020133886486291885
19 0.         0.05583482 0.7998567  0.3268251  0.02012895978987217
24 0.47708517 0.23720208 0.95634973 1.         0.02003582753241062
1 0.18374026 0.22526449 1.         0.5931461  0.019811609759926796
5 0.5224536  0.         1.         0.77954876 0.019601866602897644
41 0.0666257  0.11277048 0.55009776 0.3979922  0.019547654315829277
9 0.17200567 0.2047457  0.67959344 0.7093238  0.01945117861032486
15 0.0495338  0.31649944 0.9954567  0.6529952  0.019205214455723763
10 0.6239969  0.3209519  0.90843856 0.8418051  0.018815835937857628
5 0.36689994 0.         0.9921275  0.61717796 0.018583085387945175
24 0.60408413 0.         0.95955455 0.7775157  0.018575351685285568
29 0.16620272 0.08056698 0.5869988  0.4195814  0.018353193998336792
33 0.06229589 0.16813515 0.4257277  0.67490673 0.0183089729398489
40 0.5867483  0.1863984  0.97307724 0.8301999  0.018263762816786766
21 0.14111803 0.04674764 0.72213054 0.5127115  0.018108921125531197
38 0.64575064 0.01478238 0.9895758  0.15665746 0.017957432195544243
34 0.13827218 0.03075216 0.44785452 0.20550293 0.01792624406516552
24 0.37661606 0.3362088  0.99486816 0.87577343 0.01779906079173088
33 0.         0.00973292 0.49493685 0.5167358  0.017730697989463806
40 0.         0.05089005 0.7279876  0.5728557  0.01754465326666832
21 0.28014544 0.29471606 0.768437   0.8100056  0.017514804378151894
18 0.20613904 0.         1.         0.9310452  0.017431331798434258
15 0.         0.26499885 0.725271   0.6723739  0.01735002174973488
1 0.09681849 0.         0.5713437  0.49155426 0.017322111874818802
9 0.         0.13534366 0.68714154 0.69200706 0.017199618741869926
32 0.1280693  0.         0.50206506 0.22272015 0.017097169533371925
24 0.12473165 0.36017206 0.9815845  0.739296   0.017008978873491287
27 0.1117066  0.18933897 0.8911471  0.6213436  0.016972923651337624
41 0.16345628 0.02169926 0.6496578  0.18221484 0.016776511445641518
37 0.28134027 0.10377021 0.7571871  0.48072866 0.01670517772436142
10 0.01228784 0.18713799 0.29772598 0.6629002  0.016542620956897736
1 0.04005666 0.00543561 0.9703865  0.32179776 0.016416126862168312
3 0.7745212  0.34068552 1.         0.7284065  0.01621803268790245
41 0.18450812 0.1340384  0.6294102  0.40719122 0.01621292345225811
33 0.         0.14317209 0.5006963  0.42593816 0.0160061027854681
29 0.2052031  0.02416021 0.66143584 0.8910637  0.015947869047522545
24 0.05506696 0.14528014 0.7799746  0.56977165 0.015726163983345032
21 0.35971075 0.05153379 0.86947817 0.576678   0.015701189637184143
16 0.20902537 0.22881629 0.8811126  0.6336992  0.015700744464993477
24 0.         0.2021602  0.3193121  0.79718226 0.015689687803387642
41 0.29937878 0.06400713 0.7990476  0.34803355 0.015624559484422207
41 0.4000257  0.28889528 0.8791996  0.61579746 0.015598906204104424
21 0.3886966  0.31274527 0.5617782  0.8896969  0.015330463647842407
2 0.14636572 0.17806496 0.710568   0.9156764  0.01529159676283598
38 0.49707597 0.05246287 0.98550904 0.30753708 0.015255466103553772
18 0.1118263  0.         0.77602065 0.8982295  0.015062940306961536
15 0.         0.10583827 0.59389675 0.47174445 0.015017036348581314
24 0.00767095 0.28120342 0.32536536 0.683556   0.014982608146965504
18 0.0852759  0.         0.48487732 0.21792713 0.014936373569071293
19 0.        0.        1.        0.7901591 0.014737339690327644
33 0.6659552  0.42924744 0.9612749  0.87955976 0.01448579877614975
10 0.         0.3407875  0.5962694  0.62210333 0.014320295304059982
38 0.7189969 0.        0.9948675 0.3171729 0.014278191141784191
27 0.41890493 0.06470093 1.         0.71109205 0.014210942201316357
2 0.18109745 0.         0.68435913 0.69334316 0.014047819189727306
25 0.5955684  0.40263084 0.9805453  0.83607894 0.014032389968633652
41 0.25412285 0.05317324 0.4851649  0.35636804 0.013994135893881321
41 0.00664461 0.         0.32342649 0.14963743 0.01396133378148079
18 0.12021975 0.         0.65571517 0.76959246 0.013916351832449436
27 0.8168263  0.2803687  0.9924202  0.96659124 0.013735286891460419
24 0.         0.04898025 0.8520971  0.506968   0.01359165832400322
16 0.26189196 0.06380572 0.84738576 0.25809807 0.013525071553885937
4 0.03499886 0.206282   0.8105978  0.9376278  0.013445191085338593
16 0.27746063 0.3851088  0.5384079  0.87407714 0.013394824229180813
24 0.         0.2954056  0.29616538 0.61098474 0.013282518833875656
25 0.         0.         0.7470703  0.41789654 0.013232022523880005
24 0.09230223 0.03556377 0.78264296 0.25942612 0.013219259679317474
29 0.45613715 0.26961955 0.83457375 0.7015526  0.01283999066799879
2 0.2642593  0.14303102 0.7321371  0.6156772  0.012807234190404415
15 0.         0.16600673 0.6867447  0.56719697 0.012803631834685802
40 0.01021566 0.08522692 0.79720443 0.39782313 0.012801012024283409
15 0.16358784 0.09190937 0.49352953 0.38919115 0.012655690312385559
9 0.31045294 0.12407751 0.7127919  0.6221504  0.012492683716118336
15 0.         0.32874104 0.7704228  0.83258224 0.012449171394109726
10 0.04482106 0.24726607 0.6189133  0.7865914  0.012436223216354847
18 0.54893    0.23171891 0.9374103  0.713929   0.01232154294848442
1 0.1136345 0.        0.9392055 0.6260435 0.012252111919224262
29 0.26969373 0.301784   0.7078869  0.5707002  0.012251523323357105
1 0.08965045 0.20891075 0.57853067 0.51822996 0.012195629999041557
25 0.         0.         0.8823557  0.43637413 0.01218476239591837
25 0.35788217 0.07624199 0.9176093  0.58538496 0.012165210209786892
21 0.5119739  0.13647066 0.8688191  0.5596516  0.012092758901417255
41 0.7161897  0.44180426 1.         0.681739   0.012069149874150753
40 0.39694524 0.23401754 1.         0.6892579  0.01204956416040659
24 0.10866796 0.03600818 0.83684975 0.37604812 0.011981812305748463
4 0.2829208  0.2702712  0.97201633 0.93617594 0.011951814405620098
9 0.         0.33131456 0.51325166 0.6733488  0.011835899204015732
2 0.17210262 0.21788204 0.6389118  0.60853827 0.011349072679877281
7 0.         0.26500458 0.9402997  0.9208315  0.01132936216890812
29 0.5666563  0.21867982 0.79508585 0.89461875 0.011304563842713833
41 0.24373765 0.17157733 0.50081617 0.7474607  0.011264254339039326
34 0.35433966 0.14667301 0.74867177 0.5273149  0.011120276525616646
29 0.5721501  0.22984739 0.8899972  0.7775857  0.011065623722970486
40 0.05792585 0.18509537 0.8816171  0.5334111  0.011039134114980698
40 0.00557004 0.18884672 0.5513992  0.6947106  0.011030721478164196
34 0.06876099 0.15809678 0.39005107 0.6157221  0.011026370339095592
16 0.12931204 0.4154978  0.58256567 0.83974177 0.010992035269737244
27 0.03450897 0.0375486  1.         0.3222234  0.010979191400110722
29 0.09207676 0.09446757 0.35741302 0.55274606 0.010969164781272411
38 0.31372952 0.04041099 0.9558629  0.24421501 0.010963382199406624
40 0.12881584 0.0563045  0.6186851  0.45685986 0.010934382677078247
17 0.26843435 0.38626683 0.5798049  1.         0.010783514007925987
17 0.28560856 0.60572827 0.53136784 0.86794984 0.010766706429421902
7 0.5430845  0.         0.90879416 1.         0.010762175545096397
38 0.8028384  0.00448166 0.99601686 0.08120473 0.010722034610807896
5 0.49157315 0.18058668 1.         0.6637006  0.010679356753826141
41 0.7001564  0.34494433 0.95937806 0.7200322  0.010563733987510204
1 0.27764854 0.         0.48786476 0.26447618 0.010555987246334553
33 0.28347465 0.09788295 0.9252935  1.         0.010544219985604286
27 0.46584788 0.15637757 0.9105128  0.8152329  0.010529867373406887
20 0.43167818 0.29529777 0.9885317  0.6667924  0.01050614658743143
21 0.05510877 0.         0.36014345 0.5432129  0.010390636511147022
41 0.3177209  0.43184897 0.9756777  0.82742524 0.01035004761070013
41 0.43537268 0.15092301 0.8562184  0.5571369  0.010342944413423538
4 0.57312363 0.2160936  0.9977975  0.83782154 0.010288633406162262
36 0.3398223  0.08251737 0.8981176  0.81624603 0.010267366655170918
16 0.06792684 0.2420619  0.45019963 0.8563785  0.010267036966979504
