2 0.15738027 0.         0.7429124  0.66928464 0.3494356572628021
21 0.46767142 0.4304428  0.93971664 0.87068087 0.30315545201301575
21 0.4708935  0.4095875  0.72483903 0.83208865 0.27022767066955566
2 0.10634812 0.14103158 0.7898993  0.80973077 0.14132457971572876
9 0.         0.2980478  0.25529346 0.7935884  0.09248363971710205
9 0.         0.09747203 0.5456464  0.9058642  0.08675947040319443
1 0.14335088 0.5956485  0.7157517  1.         0.07809194922447205
9 0.         0.28047922 0.3735844  0.737612   0.07654323428869247
24 0.35118815 0.7317362  0.72606856 0.96459943 0.07606810331344604
24 0.07505865 0.12355097 0.5766177  0.9974512  0.07536390423774719
10 0.54333    0.6065534  1.         0.94627446 0.07522933930158615
38 0.         0.01637161 0.29207617 0.15619092 0.07509815692901611
1 0.       0.       1.       0.903177 0.07242929190397263
16 0.02781059 0.31206256 0.4732718  0.54366773 0.069484181702137
2 0.09039645 0.         0.6458297  0.9117244  0.06551066040992737
21 0.46956086 0.2185612  0.88725996 0.8321317  0.06532052159309387
14 0.         0.22240117 0.40945482 0.6389002  0.06305325031280518
14 0.00190722 0.20390984 0.20498542 0.85613346 0.0608753077685833
16 0.00287881 0.37437287 0.33078146 0.6282412  0.06008991226553917
2 0.08516279 0.08224195 0.67348266 0.5606678  0.05968606099486351
9 0.         0.28356802 0.5052269  0.524462   0.05486234650015831
16 0.16258913 0.2809572  0.53649205 0.6221236  0.05461468920111656
40 0.         0.21465449 1.         1.         0.053334083408117294
16 0.03447956 0.33992106 0.39519882 0.6703343  0.05326275900006294
14 0.         0.11679985 0.36134145 0.8753817  0.05283696576952934
2 0.13813739 0.         0.51188844 0.7452361  0.05269354209303856
1 0.         0.19730873 0.9010722  1.         0.04967161640524864
16 0.03724533 0.3807206  0.32381085 0.88072085 0.04872428625822067
2 0.03430762 0.16032621 0.25817215 0.850829   0.04838407784700394
14 0.         0.17320256 0.6020974  0.56632704 0.04770691320300102
38 0.         0.02573981 0.22651765 0.20903355 0.04663168266415596
16 0.00817803 0.41550973 0.17356779 0.8364202  0.043814171105623245
9 0.04363584 0.217712   0.5017733  0.69635785 0.04299163073301315
21 0.06366557 0.         0.7831351  0.6010765  0.04274760186672211
9 0.         0.22615129 0.68870056 0.5083208  0.04146397486329079
2 0.02483242 0.08423228 0.3462699  0.9744045  0.04042278602719307
1 0.00641078 0.65616494 1.         1.         0.040253374725580215
9 0.         0.15482531 0.6847582  0.63609946 0.039997342973947525
18 0.66993463 0.5423282  1.         1.         0.039395108819007874
2 0.36913228 0.         0.8971412  0.6777846  0.03814517334103584
2 0.00173136 0.12478956 0.48320055 0.6656117  0.03794287145137787
1 0.00542913 0.         1.         0.7937503  0.037923067808151245
14 0.13637298 0.06324046 0.6180565  0.64913356 0.03724581375718117
2 0.40028688 0.4124934  0.76896495 0.88819087 0.03695700317621231
10 0.5007157  0.57445747 0.85670674 0.9357078  0.03462235629558563
11 0.         0.21161307 0.6271322  0.49995068 0.033722661435604095
16 0.09072746 0.2861426  0.60303926 0.5110279  0.03203319385647774
1 0.2944337  0.53648937 0.78995824 1.         0.03136428818106651
11 0.         0.22378004 0.44050682 0.7081362  0.031287215650081635
29 0.18660004 0.09469686 0.7325269  0.88803095 0.030967077240347862
2 0.3730666 0.        0.6776333 0.7023634 0.030692383646965027
24 0.18520649 0.5641281  0.92239547 0.9410661  0.030540307983756065
14 0.         0.23598076 0.3120182  0.77455354 0.029575886204838753
16 0.14892493 0.34684518 0.42088863 0.7740527  0.02949419803917408
9 0.         0.32997406 0.37007073 0.6036311  0.028926052153110504
24 0.270926   0.70999753 0.9029126  0.96125585 0.028368791565299034
18 0.6226325  0.24285477 1.         1.         0.028140021488070488
14 0.         0.08888128 0.59272075 0.8087016  0.027982385829091072
24 0.4052915  0.7764563  0.7590452  0.94926554 0.027885759249329567
16 0.12130801 0.38907912 0.3768834  0.8622456  0.02788374200463295
16 0.07442763 0.42618644 0.38935345 1.         0.026064150035381317
16 0.01174049 0.43008143 0.24870159 0.9760163  0.025451939553022385
2 0.02436008 0.19990316 0.36248186 0.6844284  0.02535158395767212
2 0.06117381 0.         0.90648836 0.5509947  0.02488138899207115
11 0.         0.2566211  0.29965568 0.744386   0.02402634546160698
40 0.2115852 0.305904  1.        1.        0.023237593472003937
24 0.04531057 0.5313473  0.7394838  1.         0.022953445091843605
34 0.03625705 0.15822996 0.84183604 0.7489457  0.022757088765501976
35 0.         0.14032166 0.60211986 0.5852858  0.021824819967150688
24 0.20414567 0.78663456 0.84162045 0.9596389  0.02172764204442501
11 0.         0.16458873 0.51625085 0.9526751  0.021229052916169167
24 0.0935317  0.27257478 0.9409617  0.8326859  0.021218718960881233
35 0.         0.26367763 0.6532981  0.49444148 0.02104978822171688
27 0.        0.0657234 0.4704529 0.628085  0.020074203610420227
9 0.         0.01270103 0.7059607  0.7712491  0.020052960142493248
35 0.        0.2451146 0.5136385 0.7245301 0.01973920688033104
2 0.33823875 0.5220426  0.6884155  0.9452583  0.01953710801899433
24 0.         0.22458878 0.7875032  0.55663365 0.01921844482421875
16 0.2816782  0.27179036 0.5830883  0.602745   0.019121846184134483
35 0.01015302 0.2803934  0.5288532  0.58527213 0.018500054255127907
11 0.         0.10081009 0.6022941  0.59820116 0.018079234287142754
24 0.21327223 0.7237742  0.6863255  1.         0.01798499934375286
24 0.410066   0.73682994 0.8788682  0.9347596  0.017935434356331825
1 0.49932033 0.         1.         0.76425993 0.017905360087752342
9 0.13278435 0.1646946  0.6637195  0.5510703  0.017851589247584343
24 0.2165827  0.12567744 0.71571815 0.58110374 0.017747443169355392
24 0.12711187 0.38500795 0.85996747 0.94130903 0.01693885400891304
24 0.05869891 0.68368435 0.7698358  0.99405265 0.016877468675374985
40 0.         0.23602597 0.6303157  1.         0.01653643138706684
21 0.18118358 0.17537436 0.9093205  0.6990378  0.016108663752675056
41 0.55587405 0.6891118  0.8355861  1.         0.016042333096265793
16 0.00941502 0.38572922 0.19680947 0.7141976  0.015528704039752483
11 0.         0.28877574 0.54219985 0.55213255 0.015493588522076607
29 0.07287063 0.13651714 0.49212018 1.         0.01535880845040083
14 0.00155551 0.         0.49908084 1.         0.01498506311327219
35 0.         0.33884758 0.44495958 0.6634153  0.014911486767232418
24 0.00503863 0.01250132 0.31263036 0.15271589 0.014791934750974178
16 0.01156915 0.42273924 0.29092154 0.73300266 0.01463905069977045
24 0.         0.32834235 0.52910036 0.94937503 0.014508264139294624
35 0.         0.37902135 0.2556721  0.7682163  0.014504107646644115
40 0.3319058 0.4103353 0.8988512 1.        0.014495659619569778
24 0.34352645 0.8111659  0.7983489  0.97601944 0.014478148892521858
18 0.68672985 0.7990384  1.         1.         0.014374399557709694
33 0.03386509 0.20820297 0.3898296  0.60555094 0.014107649214565754
9 0.         0.22173935 0.5672352  0.4433112  0.013897918164730072
2 0.25353774 0.2420661  0.7387261  0.9274453  0.013431201688945293
2 0.05377355 0.18257146 0.5796305  0.50473833 0.01332379225641489
12 0.06316388 0.06035856 0.6741726  0.5776417  0.013293188996613026
1 0.529803   0.3743703  0.98935    0.94141215 0.013040496967732906
35 0.         0.19335923 0.6258405  0.43176302 0.012995587661862373
24 0.09454595 0.08637365 0.8149167  0.6580921  0.012656576000154018
21 0.31989154 0.3393515  0.9983781  0.83732843 0.01256894413381815
1 0.         0.04093671 0.81669813 0.8355435  0.012415740638971329
12 0.         0.14119993 0.58317405 0.61954874 0.012397420592606068
2 0.39369234 0.         0.842139   0.83412737 0.012372545897960663
2 0.42573345 0.2586323  0.83014464 0.9048567  0.01218112651258707
7 0.50398076 0.50599104 1.         1.         0.012104153633117676
35 0.         0.26816034 0.37483564 0.8018118  0.012036594562232494
24 0.         0.2854849  0.4632296  0.73549473 0.011623055674135685
1 0.43746442 0.24336821 1.         0.9930302  0.011413900181651115
14 0.03899549 0.4337705  0.37936366 0.87018394 0.011296511627733707
24 0.00036491 0.02003174 0.23647141 0.20993908 0.01109644491225481
1 0.        0.        0.7044605 1.        0.011068316176533699
40 0.       0.356198 1.       1.       0.010645255446434021
1 0.38888165 0.43432578 0.9520798  0.8934003  0.01060214638710022
21 0.4699317  0.566674   0.9194906  0.91645324 0.010446770116686821
34 0.         0.28266782 0.6377237  0.73694414 0.010310317389667034
2 0.24707192 0.04012828 0.8331336  0.52244073 0.010049479082226753
35 0.07069898 0.30094916 0.765523   0.53718686 0.009845402091741562
33 0.13226297 0.17435761 0.52397704 0.5492906  0.00973750464618206
34 0.01978546 0.36292452 0.91387707 0.80035615 0.009699312970042229
33 0.0012151  0.26359722 0.3242337  0.66937107 0.009625100530683994
2 0.45486447 0.15566729 0.7900283  0.677667   0.009607152082026005
16 0.21748628 0.2565649  0.679738   0.5035078  0.0095719238743186
11 0.10156507 0.1172657  0.7177765  0.5838483  0.009567858651280403
21 0.33238262 0.00378204 0.8941317  0.64443654 0.009549738839268684
24 0.        0.1882705 0.5692724 0.6833211 0.009519584476947784
1 0.50299233 0.16414106 1.         0.729698   0.009498821571469307
14 0.10689809 0.09385564 0.7392275  0.51675177 0.00913183856755495
4 0.31734064 0.57083446 1.         1.         0.009106158278882504
39 0.         0.08873875 0.48625165 0.4952324  0.009089065715670586
21 0.35828605 0.39423892 0.7893285  0.82604617 0.009028460830450058
10 0.49802095 0.7981209  1.         1.         0.00900973193347454
35 0.0570908  0.37865987 0.46761826 0.7669805  0.00898976344615221
1 0.22603114 0.7244337  0.75869167 1.         0.008941875770688057
16 0.01291326 0.3490811  0.28999984 0.5554026  0.008893636055290699
11 0.04001994 0.13884278 0.5207055  0.7363025  0.008742041885852814
21 0.5666145  0.23346001 0.79842377 0.7494337  0.00856662169098854
4 0.        0.1562297 1.        0.9946312 0.008559650741517544
42 0.24918012 0.15014061 0.70487845 0.72438    0.008502445183694363
18 0.44030604 0.32960874 1.         1.         0.008456968702375889
18 0.4554883 0.        1.        0.8573474 0.008284843526780605
12 0.         0.16130878 0.47375143 0.80881065 0.008196515031158924
29 0.         0.         0.47698966 0.7204197  0.008170061744749546
16 0.06632513 0.34172815 0.5659411  0.7284247  0.00808564480394125
40 0.         0.28783476 0.8627246  0.89885074 0.00798499584197998
21 0.33339334 0.5174519  0.846137   0.8528826  0.007952019572257996
11 0.         0.04847389 0.83810794 0.53328073 0.007914883084595203
1 0.         0.45270866 0.57651824 1.         0.00785256177186966
40 0.         0.14365184 0.7362025  0.77943116 0.007595354691147804
14 0.02538282 0.35031155 0.2786594  0.88142437 0.0074695865623652935
40 0.        0.5494789 1.        1.        0.007440601009875536
2 0.543493   0.13088985 0.7765319  0.7819996  0.007393458392471075
27 0.         0.1356898  0.30906245 0.6254618  0.007369615137577057
29 0.         0.         0.29211396 1.         0.0072988905012607574
29 0.         0.07987577 0.20600338 0.88671666 0.0072218128480017185
35 0.         0.18667659 0.25820556 0.6719911  0.007185874041169882
19 0.         0.         0.19180337 0.16992986 0.007012997288256884
11 0.         0.12626499 0.7341529  0.45965675 0.007007872685790062
40 0.         0.0679616  0.59673506 0.6385715  0.00697539746761322
41 0.6526859  0.39992654 0.9055488  0.81960535 0.006875699386000633
1 0.5376196  0.16334249 0.8834186  0.81786895 0.006798385642468929
12 0.         0.01899043 0.61088014 0.9800495  0.006753452122211456
1 0.39433455 0.5794832  0.94523215 0.9533664  0.006712446920573711
24 0.48706377 0.5930124  0.95813334 0.9743143  0.00661541847512126
18 0.5696317  0.60093886 1.         1.         0.006506172940135002
12 0.00652762 0.10022375 0.40682593 0.72940165 0.006479281932115555
1 0.24191165 0.11011755 0.87940633 0.7495775  0.006378249730914831
34 0.28318402 0.6174145  0.67518526 0.92734337 0.006310803350061178
33 0.02070798 0.25499108 0.21438688 0.8107765  0.006308737210929394
14 0.04274611 0.5604248  0.37644282 0.979513   0.006294017191976309
14 0.0191     0.86493605 0.11246026 1.         0.00628708628937602
2 0.23431464 0.59167117 0.7472648  0.9647751  0.006282642018049955
33 0.02705013 0.15319097 0.350474   0.87254274 0.006168880965560675
41 0.42485496 0.3629587  0.82508844 1.         0.006163822952657938
13 0.         0.0448687  0.5879339  0.69575727 0.006139760371297598
1 0.07274567 0.05164004 0.8104026  0.5615669  0.0061310590244829655
9 0.         0.306751   0.6322073  0.59347045 0.006111093796789646
13 0.        0.0474883 0.4306192 1.        0.006083436775952578
40 0.        0.6048588 1.        1.        0.006010612938553095
24 0.         0.29858246 0.2761922  0.86765057 0.005999130196869373
11 0.08534854 0.07830587 0.8397749  1.         0.005970542319118977
16 0.0253347  0.27810243 0.4807534  0.46628454 0.005969387479126453
24 0.00728724 0.13955183 0.42893943 0.87467605 0.005875131115317345
41 0.63049126 0.6648745  1.         1.         0.005872686859220266
41 0.64576054 0.73454475 1.         1.         0.005781927146017551
10 0.5972486  0.47150666 0.88486177 0.94476086 0.005727534182369709
33 0.22589926 0.10170013 0.5933078  0.48524618 0.005679352208971977
35 0.        0.1339934 0.9246224 0.8734807 0.005634423345327377
40 0.         0.13831683 0.88471365 0.5433945  0.005388136021792889
35 0.03633919 0.17373413 0.78773206 0.38930187 0.0053664701990783215
16 0.14227644 0.41001746 0.45165265 0.9487824  0.005329661536961794
27 0.         0.04375369 0.25145653 0.8300219  0.005321618169546127
12 0.         0.13288146 0.81296396 0.47346827 0.005290366243571043
21 0.5720668  0.32684073 0.87293583 0.79005426 0.005236458033323288
29 0.26521817 0.20298274 0.9791579  0.88386863 0.0051641459576785564
39 0.         0.1758183  0.36732152 0.52561134 0.005120604764670134
27 0.         0.12925948 0.42975536 0.44760376 0.005110698752105236
39 0.01483927 0.15850498 0.4980139  0.41416508 0.005094309337437153
18 0.713598   0.22386974 1.         0.99613744 0.00503193773329258
28 0.01804976 0.03742286 0.2842746  0.1398549  0.004876657389104366
18 0.55789626 0.54057825 0.81340194 0.9759129  0.004865281283855438
2 0.5296429  0.03968903 0.9171744  0.80545187 0.004852809943258762
28 0.01256801 0.04033173 0.21231893 0.19426486 0.0047979033552110195
24 0.316893   0.0050887  0.43675202 0.05279811 0.004771041683852673
35 0.17640485 0.203928   0.6590739  0.50084496 0.004746914375573397
33 0.07137518 0.2208995  0.63410455 0.4862192  0.004708035383373499
23 0.0549588  0.         0.6984724  0.85854065 0.004570473451167345
24 0.30719796 0.00585368 0.38608372 0.07505652 0.004569682292640209
1 0.21092843 0.         0.6996851  0.69047934 0.004563011694699526
9 0.         0.22744517 0.38860995 0.5632114  0.0045506698079407215
35 0.03845378 0.1241405  0.94615746 0.4880946  0.004548117984086275
2 0.42886588 0.6160888  0.763729   0.9295287  0.004540600813925266
14 0.02535166 0.9051764  0.15958373 1.         0.004535258281975985
41 0.02244785 0.0969222  0.18820651 1.         0.004534919746220112
41 0.18995622 0.18827622 0.4881337  1.         0.004426483530551195
2 0.54242474 0.19178952 0.9390377  0.63188785 0.0044235591776669025
2 0.38710013 0.         0.7990078  0.5594986  0.0044111995957791805
2 0.517205 0.248549 0.875783 0.71273  0.004386877175420523
12 0.         0.17147608 0.8848295  0.5945418  0.004318653140217066
1 0.5865026  0.0926372  0.96525365 0.771538   0.004278913140296936
24 0.         0.2204773  0.42568478 0.588941   0.004162539262324572
41 0.6681199 0.5454611 1.        0.9658289 0.004148988984525204
24 0.2880219  0.42207578 0.8022592  0.7777064  0.004113785922527313
27 0.02880053 0.10345393 0.49416006 0.5414036  0.0041085523553192616
41 0.59066933 0.7304323  0.96028477 1.         0.004102220758795738
29 0.03164134 0.02513906 0.6396865  0.7297003  0.004058535676449537
24 0.19711429 0.1426808  0.6266377  0.7499521  0.004044049885123968
18 0.63294476 0.22988406 1.         0.7864508  0.004017649218440056
35 0.05385697 0.3629989  0.5630391  0.6202758  0.003918841481208801
9 0.14247519 0.1423327  0.54000884 0.46493888 0.003907899837940931
14 0.21996108 0.         0.7111691  0.5929458  0.0039046714082360268
18 0.65065056 0.15573032 0.8988905  0.84370476 0.0038951169699430466
33 0.20849948 0.2123981  0.60772187 0.5691073  0.0038911746814846992
39 0.         0.21387136 0.22410434 0.69775075 0.0038685062900185585
33 2.1596273e-04 2.5388888e-01 5.4575682e-01 5.3187144e-01 0.0038362995255738497
33 0.07881879 0.19737294 0.6062085  0.87195945 0.003824248444288969
24 0.23886597 0.00589335 0.58968884 0.07762662 0.0037791032809764147
18 0.2755326 0.        1.        0.7793979 0.0037168441340327263
31 0.06066895 0.16528982 0.8153357  0.6690659  0.003716445993632078
16 0.27876246 0.33229148 0.53885525 0.74813753 0.0037115386221557856
12 0.         0.20210847 0.47356874 0.5481785  0.0036819898523390293
29 0.         0.08234958 0.35471517 0.8111231  0.0036607414949685335
40 0.         0.1027237  0.39830452 0.93414074 0.003657290944829583
24 0.2447434  0.1883535  0.93870443 0.58084387 0.0036397078074514866
24 0.0717632  0.66047436 0.5277759  0.8548293  0.003629090031608939
33 0.12018268 0.21256018 0.47393107 0.69010484 0.003565059509128332
41 0.45362437 0.4656706  0.9988008  0.9812897  0.00354920607060194
19 0.31425694 0.00380412 0.38023344 0.08477643 0.0035155033692717552
16 0.2573776  0.21170054 0.9304768  0.52418774 0.003498755395412445
16 0.02431154 0.582859   0.29424816 0.88581944 0.003492825897410512
20 0.         0.8808661  0.11642858 0.9738231  0.0034850812517106533
40 0.         0.1710554  0.42070714 0.64129007 0.003479133127257228
18 0.7696283 0.7693206 1.        0.994769  0.0034390275832265615
14 0.05661893 0.19311585 0.4869684  0.72169477 0.0034079947508871555
24 0.29406694 0.00244315 0.4593628  0.03805205 0.0034046447835862637
27 0.         0.18112373 0.42049688 1.         0.0033885668963193893
31 0.18433505 0.19678746 0.8680179  0.53512275 0.003356553614139557
24 0.13328262 0.00515757 0.47744957 0.07313025 0.0033357851207256317
41 0.62656015 0.34228826 1.         0.7506963  0.003313838504254818
27 0.32902226 0.00097342 0.4292321  0.05430615 0.0032901023514568806
24 0.2819866  0.0057805  0.35881907 0.07323585 0.0032786938827484846
10 0.31397808 0.00054245 0.44647095 0.05523754 0.0032565505243837833
16 0.01388813 0.52573967 0.255614   0.83174056 0.0032514980994164944
25 0.         0.         0.50043905 0.6200863  0.0032340094912797213
34 0.16110945 0.595884   0.76375806 0.9083168  0.003233662573620677
21 0.537068  0.7830878 0.9629538 0.9452739 0.0032289219088852406
29 0.         0.08133316 0.56737995 0.5781797  0.003225169377401471
24 0.22040136 0.00219473 0.37292156 0.03443796 0.003201097482815385
35 0.         0.3572541  0.64406496 0.80935735 0.003193847369402647
24 0.18281272 0.6977667  0.58046716 0.92811006 0.0031924457289278507
27 0.12273356 0.0243364  0.58578116 0.48265204 0.0031826298218220472
34 0.16457774 0.43014005 0.79742974 0.8181208  0.0031518491450697184
34 0.         0.09154933 0.5529876  0.66502583 0.003102534683421254
2 0.59549296 0.11905301 0.8325644  0.70467085 0.00308424374088645
1 0.41296262 0.7181566  0.9246812  1.         0.0030840313993394375
27 8.6873377e-05 2.3522161e-02 8.6481327e-01 4.7368410e-01 0.0030680992640554905
24 0.52997744 0.73899347 0.94105786 0.9829827  0.003062079893425107
24 0.45733583 0.3645332  0.9679342  0.8102715  0.0030214365106076
10 0.30469614 0.         0.3928557  0.07667738 0.003001656150445342
24 0.5272511  0.5070546  0.83844244 0.92531824 0.003000864526256919
25 0.         0.         0.7486946  0.65686375 0.002988153602927923
24 0.         0.14458081 0.6466983  0.49042562 0.002975745126605034
19 0.3014981  0.00495869 0.3949983  0.06091463 0.002954711439087987
19 0.2719329  0.00510735 0.36157468 0.06059591 0.0029258921276777983
19 0.28587008 0.00538027 0.34864137 0.08441937 0.002921333070844412
16 0.13639933 0.3021779  0.6966771  0.6579731  0.002908728551119566
14 0.31675747 0.00143024 0.38660982 0.08490755 0.002908657304942608
7 0.40725967 0.5761491  1.         1.         0.002895483747124672
29 0.09871481 0.         0.8739277  0.6205659  0.0028866867069154978
