9 0.14477372 0.         0.69316906 0.5078816  0.4293317198753357
9 0.         0.01943508 0.6915388  0.3024153  0.34535688161849976
9 0.22265181 0.         0.57185596 0.4308372  0.305406391620636
34 0.11189651 0.         1.         0.5580587  0.28780463337898254
9 0.5276152  0.73072875 1.         1.         0.1953355371952057
21 0.29060858 0.         0.6403428  0.46841452 0.17604103684425354
9 0.2237448 0.        0.7779934 0.4231295 0.17325542867183685
9 0.1972436  0.         0.51786417 0.31847498 0.14821094274520874
24 0.14058444 0.10522599 0.7157237  0.40674537 0.14583364129066467
21 0.20537797 0.         0.68606716 0.43932176 0.13618534803390503
34 0.26953068 0.         1.         0.3543794  0.11998268961906433
9 0.1698617  0.         0.67054206 0.23808263 0.11761176586151123
24 0.19800805 0.06618665 0.5476303  0.36262232 0.11704587191343307
2 0.24468885 0.         0.91132885 0.533392   0.08793064951896667
24 0.18919282 0.15949002 0.7917571  0.46959287 0.08636728674173355
9 0.         0.6630773  0.28846064 1.         0.08154378831386566
34 0.17822266 0.0239864  0.9892509  0.38979203 0.07679148018360138
40 0.27339476 0.         0.9306409  0.6977965  0.07669709622859955
41 0.33759236 0.11146126 0.9041749  0.52476877 0.07161881774663925
34 0.22016664 0.         0.89758414 0.4915386  0.07101317495107651
9 0.16528217 0.         0.5770157  0.17296499 0.06776507198810577
24 0.         0.06239414 0.86242443 0.43423152 0.06342320889234543
4 0.30223548 0.15289745 1.         0.5479711  0.06288370490074158
29 0.26751867 0.         0.83697325 0.66486156 0.061070118099451065
9 0.25468093 0.         0.61466825 0.618997   0.05678596720099449
9 0.24708593 0.         0.80257547 0.6234641  0.04571154713630676
41 0.27209902 0.         0.86875653 0.47647268 0.04392443969845772
24 0.24162544 0.04258422 0.6304491  0.42589584 0.042969558387994766
34 0.30636117 0.10059241 1.         0.44411638 0.040361661463975906
4 0.2998304  0.161002   0.74225473 0.6032204  0.03891395404934883
34 0.17883092 0.16314332 1.         0.508635   0.037837617099285126
41 0.2088501  0.02777616 0.66799104 0.576471   0.03505850210785866
9 0.         0.77276635 0.29874778 1.         0.0316636897623539
34 0.         0.70180124 0.57583505 1.         0.0311287809163332
21 0.09905073 0.         0.747222   0.6921328  0.030977660790085793
20 0.48716265 0.8504021  1.         0.99236685 0.029762817546725273
21 0.35256556 0.         0.6346094  0.3870479  0.028689948841929436
24 0.22091416 0.29997575 0.84268886 0.46472636 0.02799481712281704
24 0.27658987 0.24297228 0.7754178  0.5143287  0.027799706906080246
10 0.311217   0.02149315 0.6144235  0.5551275  0.02760555036365986
24 0.09632108 0.2001043  0.76535696 0.5398264  0.027369368821382523
21 0.16601507 0.         0.610418   0.2408162  0.0259657371789217
40 0.20036341 0.         0.716206   0.8376554  0.025884196162223816
34 0.27567887 0.08379705 0.8768948  0.5771607  0.025609420612454414
35 0.        0.        0.8941987 0.5132827 0.025482796132564545
34 0.3818641 0.        0.8270731 0.619469  0.024946995079517365
41 0.34718305 0.2727745  0.9921388  0.5115206  0.024907782673835754
4 0.18476108 0.1417651  0.9362603  0.43046418 0.022763829678297043
2 0.33597836 0.         0.71775395 0.47467592 0.022672701627016068
20 0.        0.8136045 0.3363648 0.9974998 0.022612355649471283
24 0.23109427 0.03445915 0.73642385 0.52848595 0.021856257691979408
2 0.3673764 0.        0.7646016 0.3938378 0.020772181451320648
35 0.         0.02592284 0.8099928  0.39297536 0.020414842292666435
20 0.1432192 0.        0.691419  0.6169374 0.020286815240979195
4 0.2704887 0.2236172 1.        0.8458314 0.02012515254318714
10 0.2706036  0.15974046 0.68758225 0.57048136 0.0196640994399786
29 0.35814932 0.0095579  0.6888844  0.6564814  0.019522739574313164
9 0.02056948 0.04748538 0.77849776 0.8688549  0.019204985350370407
4 0.2426531  0.23971619 1.         0.6274653  0.018918734043836594
24 0.36234975 0.14756475 0.6552245  0.5063021  0.018878964707255363
7 0.0638235  0.05416657 0.5802919  0.7462377  0.018864618614315987
4 0.11280263 0.12971173 0.6928341  0.4986662  0.018806684762239456
35 0.08568411 0.03687678 0.7802584  0.30258107 0.01850295253098011
24 0.06224551 0.21406335 0.7132883  0.42122227 0.018078746274113655
24 0.03291064 0.05286533 0.6968152  0.31206945 0.015769459307193756
7 0.         0.01510374 0.5694665  0.7490335  0.0151642682030797
33 0.2485413  0.11056878 0.7034486  0.45671368 0.014277461916208267
40 0.        0.        1.        0.8726913 0.014272923581302166
2 0.3198495 0.        0.6073472 0.4229361 0.01362165529280901
4 0.1094778  0.16704534 0.81107765 0.64550316 0.013580825179815292
34 0.        0.5932051 0.4158428 1.        0.013525880873203278
20 0.         0.76148087 0.37849218 1.         0.013257239945232868
34 0.25055087 0.0488214  0.7866018  0.44065014 0.013193792663514614
21 0.32635993 0.         0.53794926 0.3711346  0.012987385503947735
16 0.1826017  0.11268982 0.68967605 0.27193463 0.01280360110104084
40 0.14486255 0.         0.88318616 1.         0.011586855165660381
24 0.10454374 0.3089431  0.6595646  0.46520966 0.011586521752178669
41 0.30279636 0.05218009 0.90862674 0.36799872 0.011580167338252068
2 0.33516556 0.         1.         0.84878874 0.011569916270673275
1 0.34244508 0.         0.65549725 0.34261006 0.011559399776160717
4 0.26666057 0.06860112 0.77967817 0.5018788  0.011226086877286434
35 0.11770885 0.0918777  0.84108216 0.6715063  0.011000748723745346
16 0.23742172 0.14565003 0.54260385 0.31203458 0.010752136819064617
29 0.3001682  0.         0.75855035 0.5324373  0.010125347413122654
33 0.         0.05594203 0.88932854 0.51825637 0.010062343440949917
35 0.12878942 0.05119784 0.57746255 0.42140892 0.009960257448256016
9 0.         0.72470003 0.9302279  1.         0.009196815080940723
34 0.0589462  0.         0.8734842  0.24028596 0.009059312753379345
16 0.3116057  0.15497813 0.79905933 0.33790827 0.00896630808711052
41 0.32656556 0.         0.71640843 0.6640647  0.00889342837035656
16 0.25735155 0.17683011 0.6231111  0.38132352 0.008709999732673168
29 0.1649786 0.        0.7535055 0.3968462 0.008590230718255043
34 0.         0.8051797  0.4634453  0.99434054 0.008395823650062084
29 0.32335103 0.         0.6173196  0.5631446  0.008308609016239643
4 0.34479257 0.2779659  0.93906933 0.5344434  0.008075320161879063
29 0.27458152 0.07698669 0.72352123 0.75552446 0.007886172272264957
41 0.38292181 0.11479345 1.         0.40006793 0.007853747345507145
4 0.293873   0.18680213 0.92274547 0.50447863 0.007620899472385645
24 0.184092   0.04750804 0.9240318  0.75191784 0.007500102277845144
33 0.3161479  0.16146536 0.78064966 0.5376664  0.007435186300426722
4 0.29209742 0.02354113 0.5473575  0.70913345 0.007421728689223528
21 0.10303988 0.         0.7075703  0.520099   0.007265469525009394
40 0.0466598 0.        1.        0.6233653 0.006946828681975603
1 0.06084414 0.31069803 0.44257498 0.70510286 0.006821346003562212
16 0.14133981 0.13582592 0.579746   0.3400792  0.006714371033012867
29 0.38818747 0.09843615 0.8017186  0.5740798  0.0066599007695913315
34 0.35385177 0.         1.         0.69804007 0.006608522962778807
33 0.16430293 0.07990254 0.6805475  0.3279152  0.006574496626853943
41 0.29227948 0.15557145 1.         0.587706   0.006535796448588371
2 0.22450455 0.         0.7980205  0.67427    0.006451100576668978
20 0.         0.67812425 0.39690745 0.94398075 0.006197814829647541
4 0.2375544  0.04825981 0.48230836 0.59532785 0.006120622158050537
20 0.18740305 0.21025355 0.6725065  0.6030966  0.005919074174016714
35 0.01488009 0.04782251 0.5608323  0.25631863 0.00565683376044035
9 0.27451548 0.15740359 0.7215452  0.5336859  0.005441725719720125
20 0.01567576 0.         0.932675   0.5316921  0.005375811830163002
41 0.16880801 0.11682343 0.9090384  0.8493721  0.00534134590998292
1 0.4020023  0.         0.73995554 0.4212631  0.005277286283671856
7 0.06363607 0.15741909 0.50109196 0.6378899  0.005249806214123964
2 0.29517382 0.06850077 0.7565327  0.5653131  0.005242641549557447
24 0.19338496 0.34642258 0.80559295 0.5026646  0.00519614527001977
41 0.11879782 0.23410022 0.87507284 0.5914705  0.005129794590175152
16 0.18116434 0.11869965 0.54466    0.245945   0.0050754304975271225
21 0.04869916 0.         0.8931801  0.54550445 0.005016180220991373
34 0.         0.64195246 0.44096518 0.95620865 0.00487187085673213
41 0.2530223  0.04549194 0.5935867  0.40011522 0.0047902679070830345
38 0.79759836 0.00865963 0.99891347 0.08267159 0.0047121355310082436
16 0.23034249 0.1323175  0.8823766  0.29463735 0.004605967551469803
34 0.1221285  0.24574664 1.         0.7156081  0.0045618824660778046
24 0.3273491  0.16604145 0.8397782  0.55081666 0.004545044153928757
33 0.08343954 0.05435467 0.69044787 0.19054255 0.004543420393019915
24 0.40283176 0.3020942  0.9306353  0.5033202  0.004531962797045708
37 0.         0.7411656  0.35779342 1.         0.0045203580521047115
34 0.25779176 0.0866182  1.         0.9466807  0.004515282344073057
34 0.         0.73921645 1.         1.         0.00445227324962616
9 0.14264521 0.03707629 0.8021357  0.34718493 0.004322045017033815
25 0.         0.29217246 0.79941833 0.5618441  0.004247899167239666
20 0.5770027 0.7971306 1.        1.        0.004166406579315662
24 0.76414514 0.2938438  0.972213   0.5970154  0.004150522407144308
9 0.3627708  0.         0.63016623 0.58488286 0.00403526471927762
7 0.        0.        0.5830282 0.9800448 0.003935322165489197
16 0.2147031  0.10278148 0.47177318 0.26761326 0.003797659184783697
28 0.6511315  0.19112422 0.98498744 0.5842049  0.0037706922739744186
35 0.20272131 0.         1.         0.506426   0.003708035219460726
20 0.         0.8508413  0.37098202 0.9991337  0.003571767359972
24 0.         0.02489229 1.         0.24266979 0.003544403938576579
38 0.6858898  0.20108153 0.9960017  0.6661955  0.0035322948824614286
16 0.21380849 0.17296939 0.49051544 0.34756365 0.003529113018885255
9 0.4021621  0.74769604 0.960665   1.         0.003486821660771966
40 0.        0.        0.7161148 1.        0.003411821788176894
9 0.39598534 0.8196303  1.         1.         0.003410910489037633
29 0.22542593 0.         0.6423759  0.6815373  0.003286628518253565
28 0.6458528  0.3599259  0.97531873 0.67632943 0.0032835290767252445
4 0.0922785  0.08171603 0.5793918  0.63073426 0.0032652337104082108
1 0.3939923  0.         0.92784315 0.39073396 0.0032284618355333805
16 0.2580488  0.12263337 0.39832118 0.30727845 0.003214371157810092
5 0.         0.00426098 0.80288386 0.36508784 0.0031726311426609755
33 0.05765971 0.01523107 0.94985515 0.73676324 0.0030541145242750645
37 0.0249225  0.7895743  0.30998746 1.         0.003053675638511777
24 0.39635152 0.3327231  0.6624816  0.4580104  0.0030466895550489426
7 0.         0.02491974 0.824993   0.5739752  0.003034998197108507
38 0.85007745 0.00812562 0.99640393 0.11387926 0.0030063979793339968
10 0.21084575 0.06221487 0.76113874 0.6598188  0.0029903878457844257
33 0.3017319  0.13299684 0.6070057  0.50127137 0.0029667140915989876
1 0.40609428 0.0701751  0.780865   0.6009719  0.002945708343759179
16 0.20454924 0.11358372 0.38964945 0.25551778 0.0029424079693853855
24 0.6929112  0.34419987 0.98732483 0.6179493  0.002870761789381504
40 0.05835716 0.0060261  0.8601925  0.79530036 0.002841206034645438
16 0.27842525 0.23130842 0.5975927  0.41246396 0.002838761080056429
16 0.11183609 0.14563286 0.6645617  0.39847884 0.002835262333974242
24 0.8279022  0.26929173 0.97851485 0.68028015 0.0027921737637370825
34 0.         0.56982553 0.70296115 0.9730954  0.0027230279520154
37 0.14406934 0.723868   0.7864201  1.         0.002693141344934702
4 0.1661909  0.06536593 0.44789684 0.5140663  0.002667853143066168
1 0.23395999 0.         0.94525313 0.3093224  0.0026408906560391188
25 0.75016123 0.3092662  1.         0.62459975 0.002614542841911316
25 0.         0.23235935 0.8058981  0.63534373 0.0025981664657592773
16 0.28918338 0.1314693  0.7978297  0.46853355 0.0025968505069613457
41 0.21603101 0.228741   0.95477635 0.46360916 0.00258434540592134
24 0.17054003 0.2795285  0.6112083  0.50997454 0.0025741930585354567
28 0.73682237 0.10340363 0.97464305 0.50261575 0.002551829209551215
1 0.23888943 0.         1.         0.5243366  0.002524570096284151
34 0.        0.4586732 0.5297876 0.9624173 0.0025229318998754025
10 0.38422847 0.05805395 0.68592435 0.44183844 0.002516085747629404
20 0.2594778 0.        0.5519552 0.687768  0.00247810035943985
34 0.20497715 0.00581159 0.6194074  0.39254272 0.0024357896763831377
1 0.20337622 0.         1.         0.26441222 0.002417630283161998
24 0.41427115 0.35575467 0.69589275 0.48640078 0.0024104975163936615
35 0.        0.        1.        0.3965989 0.002345010871067643
36 0.1761978  0.05888489 0.803062   0.52832556 0.0023138292599469423
33 0.13407394 0.23152523 0.88304853 0.49560034 0.002300980966538191
20 0.2528845  0.15320647 0.59331757 0.6525985  0.0022927927784621716
1 0.06245999 0.3047314  0.34306073 0.63271105 0.002269444288685918
20 0.8557038 0.3381182 1.        0.6972912 0.0022560555953532457
33 0.3680861  0.15901741 0.64859456 0.579105   0.0022217112127691507
38 0.718571   0.08200071 0.9857559  0.52825785 0.0021846508607268333
35 0.         0.00644235 0.7651886  0.25265336 0.002181332092732191
40 0.22096935 0.         0.56076473 0.77694076 0.0020995496306568384
20 0.0592528  0.         0.65833557 0.85822713 0.0020925209391862154
1 0.3632837  0.08545774 0.9694311  0.468432   0.0020867842249572277
1 0.22687577 0.         0.7605492  0.45202225 0.002073947573080659
10 0.2816089  0.01979093 0.5664887  0.41080767 0.002031108597293496
25 0.82861286 0.31312504 1.         0.6829204  0.001962544396519661
37 0.6778762  0.82171017 1.         1.         0.001958999317139387
20 0.         0.76422775 0.97843933 1.         0.0019572617020457983
33 0.40543193 0.23126933 0.6959061  0.6948158  0.001945269643329084
41 0.38388303 0.2901299  0.7534801  0.5636575  0.001939053530804813
37 0.        0.8381289 0.3969565 1.        0.0019266345771029592
24 0.70721936 0.26890478 0.9597867  0.5180712  0.0018946756608784199
10 0.37216884 0.         0.6805904  0.6717259  0.0018812993075698614
36 0.00986801 0.00449394 0.6740061  0.32653493 0.00187359016854316
35 0.         0.07584289 0.7082686  0.52413625 0.0018686627736315131
41 0.21051094 0.02505714 0.7367846  0.22959596 0.001849972060881555
41 0.38781446 0.14343633 0.76842135 0.6379534  0.0018463528249412775
5 0.        0.        1.        0.5084369 0.0018392440397292376
38 0.7190202  0.00746698 1.         0.22953522 0.0018368018791079521
36 0.         0.00660591 0.8548928  0.35996574 0.0018243563827127218
1 0.28566027 0.         0.6038571  0.24084143 0.0018210973357781768
24 0.7886421  0.17308062 0.97263664 0.475854   0.0018123433692380786
25 0.         0.18744442 0.7899214  0.50282896 0.0017950761830434203
25 0.         0.0960131  0.90960115 0.4813307  0.001780494931153953
38 0.6381421  0.35869548 1.         0.7476373  0.0017584444722160697
1 0.476124   0.16845343 1.         0.44950822 0.0016970342257991433
2 0.33759123 0.         0.8296573  0.2684002  0.0016939151100814342
1 0.21093191 0.         1.         0.4313502  0.0016933227889239788
34 0.        0.647163  1.        0.9962997 0.0016807048814371228
33 0.0661751  0.13099815 0.8738032  0.43048707 0.0016694077057763934
41 0.202891   0.14091487 0.7362545  0.4927121  0.0016585222911089659
13 0.16109696 0.04550354 0.60785496 0.57787335 0.0016326968325302005
1 0.22171728 0.09298538 1.         0.5784769  0.001621518051251769
20 0.8186478  0.37363642 1.         0.6146491  0.0016166712157428265
20 0.78506845 0.45326945 1.         0.6400402  0.0015815739752724767
1 0.29790738 0.23546034 1.         0.5057282  0.0015758234076201916
16 0.18433246 0.19181052 0.6212678  0.47246757 0.0015744020929560065
19 0.8427513  0.         0.9490038  0.08923201 0.0015278920764103532
24 0.01476118 0.06278543 0.5165446  0.43133953 0.0015160071197897196
9 0.13723834 0.22573896 0.79015523 1.         0.001515684649348259
24 0.4160706  0.20324482 0.6909792  0.5470066  0.00150708993896842
33 0.09022965 0.01483543 0.9631708  0.40267515 0.0014806953258812428
1 0.29587153 0.         1.         0.34428012 0.0014790340792387724
25 0.         0.39859396 0.78641164 0.5697407  0.0014652719255536795
1 0.19876508 0.23891455 0.8328531  0.57255703 0.0014566874597221613
24 0.4911346  0.0455409  0.99833643 0.76244956 0.0014493592316284776
36 0.0511719  0.07301346 0.6602184  0.5011856  0.0014126744354143739
9 0.6087826 0.7660377 0.9461422 1.        0.001409838325344026
16 0.14879167 0.11551169 0.4536375  0.30383882 0.0014028191799297929
3 0.02678431 0.74899375 0.51246536 0.964258   0.0013958702329546213
18 0.25879747 0.03743576 0.7855398  0.42486447 0.0013868877431377769
34 0.19614281 0.         0.62703645 0.25631446 0.001382046495564282
9 0.07664279 0.03132828 0.58787376 0.77247393 0.0013777368003502488
22 0.74723774 0.18012764 1.         0.5605102  0.0013761547161266208
9 0.11152179 0.12284208 0.80853367 0.5803938  0.0013632816262543201
34 0.3910597  0.22675492 0.733461   0.4685579  0.0013577297795563936
40 0.19331878 0.14696088 0.82352257 0.68315077 0.0013541629305109382
20 0.26840878 0.         0.73405504 0.43750748 0.001336570712737739
9 0.         0.73712575 0.36965096 1.         0.001328257261775434
34 0.         0.84149545 0.38711318 0.96669567 0.001301492447964847
37 0.8719786 0.8728747 0.9910366 0.9757968 0.0012863342417404056
24 0.15941529 0.082849   1.         0.55049646 0.0012740088859573007
7 0.        0.        0.8027353 1.        0.0012704510008916259
33 0.17326275 0.         1.         0.5676181  0.0012625958770513535
4 0.4197244  0.24680735 1.         0.49928197 0.0012564515927806497
34 0.         0.47284964 1.         0.96459323 0.0012561306357383728
21 0.1860426  0.03694857 0.7485943  0.40819666 0.0012029861100018024
27 0.16666149 0.05393117 0.771113   0.53682196 0.001201337086968124
20 0.        0.7154695 0.3095665 0.9546441 0.0011997731635347009
2 0.33658051 0.         0.99492294 0.408958   0.001193586504086852
3 0.75731754 0.8644988  1.         0.97618604 0.0011769122211262584
10 0.25296292 0.21262914 0.83115405 0.52687305 0.0011677214642986655
20 0.832564   0.31140554 1.         0.5567432  0.0011580237187445164
1 0.08172794 0.20437096 0.39722925 0.64769655 0.0011544207809492946
25 0.         0.4723871  0.7555375  0.67086416 0.0011471197940409184
24 0.8348291  0.01117659 1.         0.07177383 0.0011443033581599593
28 0.7831808  0.00889668 0.99465007 0.20876233 0.0011363012017682195
25 0.7763127  0.18181372 1.         0.50894624 0.0011224783957004547
38 0.6035757  0.0052305  1.         0.17058747 0.0011101827258244157
3 0.07597372 0.82175004 0.36427745 0.96298575 0.0010981463128700852
40 0.22997974 0.         0.7974768  0.30234295 0.001094731385819614
22 0.8295649  0.         0.99566334 0.06057697 0.0010919305495917797
24 0.        0.6584892 0.5545493 1.        0.0010875486768782139
35 0.18987137 0.         1.         0.7705534  0.0010742638260126114
9 0.3065574  0.00818405 0.60016197 0.41591635 0.0010727174812927842
5 0.         0.1481754  0.9700399  0.43756312 0.0010683974251151085
16 0.22037593 0.12124777 0.35344657 0.30874532 0.001068389625288546
25 0.7040062  0.45494625 1.         0.69379485 0.00104430690407753
27 0.         0.5842239  0.88940597 1.         0.0010430659167468548
2 0.4289951  0.         0.82152504 0.53242576 0.0010390225797891617
36 0.3166845  0.11675719 0.74470013 0.5244822  0.0010372675023972988
36 0.37437695 0.         0.90067995 0.6090104  0.0010300315916538239
34 0.08955521 0.14728488 0.91136414 0.64451754 0.001020425814203918
33 0.8103011  0.27782068 1.         0.7674298  0.0010114546166732907
41 0.27474463 0.36035854 0.8279009  0.53674996 0.001006791484542191
25 0.         0.06820469 1.         0.35247117 0.0009949582163244486
20 0.64027315 0.83222055 1.         0.99145114 0.0009933940600603819
20 0.18662377 0.0035062  0.82540447 0.2826803  0.0009882960002869368
33 0.29306686 0.24395694 0.8635215  0.580254   0.0009856070391833782
29 0.37592208 0.23919846 0.88734174 0.6511975  0.0009839787380769849
28 0.73864824 0.2686129  0.96665734 0.66470003 0.0009779345709830523
27 0.82713705 0.26835254 1.         0.74901116 0.0009693980100564659
25 0.10978373 0.21659768 0.7023127  0.55516076 0.000962916121352464
