21 0.12974863 0.19843595 0.48021904 0.79571414 0.25743040442466736
21 0.16801539 0.19044234 0.38625845 0.774221   0.22924646735191345
4 0.         0.37622574 0.7878802  1.         0.18574458360671997
21 0.17244026 0.37771416 0.43269867 0.79760855 0.15054909884929657
10 0.11533567 0.39602667 0.66422254 0.8242171  0.1194898784160614
29 0.21644278 0.3135934  0.7845407  0.88738364 0.11828728765249252
4 0.         0.26931587 0.50549495 0.94715774 0.11507414281368256
2 0.14515987 0.20164798 0.5799758  0.723737   0.1145448088645935
40 0.1004186  0.39061287 0.96226454 0.9383295  0.10668081045150757
27 0.11394808 0.22774196 0.6551409  0.7443067  0.09982013702392578
4 0.         0.34803826 0.80349207 0.8348043  0.09965187311172485
4 0.         0.50388896 0.7561452  0.8007117  0.09058281034231186
15 0.04394592 0.48054662 0.9325243  0.71749216 0.0877254381775856
10 0.        0.5226361 0.7487735 0.8330667 0.08743243664503098
15 0.13679858 0.41328883 0.8356451  0.6812982  0.08303917944431305
2 0.12305335 0.07116552 0.4287945  0.7614049  0.07802750170230865
41 0.23281626 0.5099644  0.8993794  0.7603001  0.07674677670001984
2 0.09830986 0.01287056 0.6949931  0.762937   0.07302399724721909
29 0.08893356 0.22181232 0.8389465  0.78829145 0.06749992072582245
27 0.0681501  0.18444309 0.7538138  0.8672     0.06410972774028778
27 0.11751916 0.34482107 0.6189575  0.8583539  0.06337950378656387
32 0.29958278 0.479787   0.5298604  0.7301683  0.05998127907514572
27 0.06166613 0.10923147 0.7070337  0.66477406 0.05491212010383606
19 0.26951614 0.33715177 0.90434104 0.71039045 0.054801952093839645
16 0.19849335 0.43610469 0.52726084 0.72953326 0.0539194792509079
10 0.18087694 0.37951186 0.5614965  0.9045138  0.05050153657793999
5 0.         0.01281423 0.60670495 1.         0.04687335342168808
4 0.         0.4303583  0.85045695 0.7214925  0.0462503582239151
40 0.06696462 0.28121638 0.95846224 0.74724495 0.045961663126945496
15 0.         0.2086901  0.85592145 0.69867975 0.04557336866855621
21 0.11894051 0.32810318 0.50068516 0.6653568  0.04537586867809296
41 0.19758604 0.43869975 0.7573754  0.70247227 0.044803254306316376
7 0.02830094 0.3433503  0.9638149  1.         0.04416850954294205
10 0.09805913 0.50253534 0.6763346  0.94690084 0.044105786830186844
5 0.         0.         0.383575   0.95279706 0.04313506931066513
21 0.20774996 0.47467348 0.52232486 0.7908434  0.04238815978169441
21 0.28127044 0.5102042  0.44502726 0.76732576 0.040623437613248825
4 0.         0.49380708 1.         0.93198186 0.03927522897720337
2 0.12121842 0.43595958 0.63505185 0.71676934 0.0385565422475338
18 0.14636332 0.22509186 0.48101676 0.8907177  0.036548979580402374
2 0.03397347 0.07842962 0.5411233  0.69437397 0.03614027053117752
24 0.         0.3990367  0.39654207 0.8196099  0.03523637726902962
18 0.1948104  0.5298637  0.49007264 0.8307116  0.03408210352063179
21 0.22218628 0.36995986 0.40192622 0.89526063 0.033407073467969894
2 0.06138947 0.28972515 0.51216716 0.7657255  0.03312265872955322
7 0.        0.2958248 1.        0.9094078 0.032986052334308624
29 0.16818811 0.3170455  0.5190251  0.8566608  0.032539382576942444
41 0.27548197 0.48655093 0.7256709  0.7910378  0.03222498670220375
1 0.06463028 0.         1.         0.80763763 0.03178548440337181
16 0.17673716 0.3729148  0.5696338  0.64387923 0.030751243233680725
29 0.08981341 0.1260652  0.57694477 0.76499623 0.030342333018779755
27 0.17760114 0.3807385  0.7053168  0.74429774 0.03028571419417858
16 0.13591503 0.5612141  0.6833636  0.7685308  0.03012334741652012
32 0.18945733 0.46146038 0.6436629  0.6817201  0.03004401922225952
11 0.06939184 0.2536007  0.85367376 0.67218804 0.02999122440814972
18 0.01173604 0.35012174 0.7226841  0.7362207  0.029954276978969574
41 0.1708021  0.35914764 0.93911713 0.80999625 0.029889384284615517
16 0.1892476  0.40891019 0.38689348 0.7701375  0.02977454476058483
10 0.06288796 0.24423096 0.64025414 0.69382817 0.029523160308599472
41 0.14390424 0.3993577  0.68266773 0.8133765  0.028437068685889244
28 0.4609798  0.         0.9865965  0.49363485 0.02830439992249012
39 0.3339666  0.4222299  0.761892   0.66692936 0.028040926903486252
4 0.         0.2579135  0.42612624 0.7707122  0.027566788718104362
27 0.06171669 0.2825853  0.4583116  0.88922304 0.027394911274313927
5 0.         0.11422864 0.57711345 0.7336359  0.027133923023939133
29 0.41302803 0.41893682 0.89315104 0.76277393 0.026126112788915634
27 0.0399766  0.13300113 0.51370573 0.78086275 0.025778599083423615
19 0.04764288 0.         0.94741744 0.7336861  0.02576206810772419
4 0.         0.43185487 0.5380427  0.9227765  0.025545628741383553
4 0.         0.45840985 1.         1.         0.02525997720658779
16 0.28003514 0.4243107  0.955796   0.7069444  0.025120915845036507
1 0.36721507 0.09410731 1.         0.7091526  0.02483527921140194
17 0.16155967 0.4949748  0.52622324 0.7705356  0.024255456402897835
16 0.23704837 0.3186344  0.94714665 0.61224616 0.024153709411621094
40 0.02398232 0.19003555 0.80655366 0.9599166  0.024047041311860085
29 0.3335127  0.4642071  0.65582716 0.7833388  0.02375650778412819
7 0.         0.15766266 0.75410753 0.78013635 0.02367943897843361
18 0.         0.03963409 0.692751   0.8854436  0.023582210764288902
29 0.09665052 0.20461676 0.50630677 1.         0.023578045889735222
19 0.         0.07218669 1.         0.74143124 0.02349681407213211
10 0.2238434 0.54383   0.6124418 1.        0.023220743983983994
10 0.19121796 0.48521805 0.6165413  0.8016056  0.023112108930945396
2 0.04592426 0.         0.44506115 0.8741197  0.022626057267189026
40 0.09728485 0.18026932 0.68585646 0.7711382  0.021902622655034065
10 0.01279762 0.43748033 0.7239561  0.70237476 0.0218791700899601
18 0.26168382 0.57260126 0.50237644 0.89905167 0.021628564223647118
2 0.11874408 0.2514115  0.82261264 0.7405364  0.021460700780153275
18 0.09154636 0.3840997  0.90486026 0.81594306 0.021384626626968384
15 0.00807075 0.533842   0.843897   0.75943804 0.020568139851093292
16 0.16691779 0.28389436 0.60699266 0.5807499  0.020338300615549088
7 0.15237142 0.47250417 0.7263926  0.7852953  0.019917266443371773
7 0.         0.29610795 0.7090863  0.92582214 0.01981532573699951
16 0.13035828 0.49229112 0.626055   0.6900018  0.019687261432409286
24 0.00468338 0.22221942 0.6046497  0.7688066  0.019392358139157295
27 0.18827996 0.3220102  0.94950277 0.85871637 0.019351672381162643
2 0.14252739 0.29904997 0.39201716 0.8770081  0.019154515117406845
19 0.02754583 0.44786733 0.8964272  0.7374898  0.019056759774684906
30 0.15257867 0.45151943 0.5382359  0.81008166 0.018799979239702225
18 0.20193365 0.40549412 0.54953265 1.         0.018739847466349602
38 0.67593473 0.2067631  1.         0.6847099  0.018660210072994232
15 0.29588515 0.34546763 0.8199285  0.70290214 0.018429644405841827
1 0.2620556  0.34244436 0.9339008  0.7871734  0.01809714175760746
21 0.23376979 0.489258   0.37659013 0.7621126  0.01809573359787464
41 0.18121625 0.2714119  0.6352884  0.70168954 0.017966963350772858
18 0.1769836  0.32017577 0.6712153  0.90931165 0.017964759841561317
21 0.20684741 0.42945063 0.6989393  0.88099045 0.017955366522073746
32 0.21476151 0.40393412 0.5878629  0.73003554 0.017619410529732704
17 0.25961366 0.5431966  0.47417766 0.7344213  0.017342643812298775
24 0.1085295  0.6126628  0.40415487 0.9941288  0.01727166213095188
7 0.00818326 0.34225452 0.6374403  0.8103479  0.017165882512927055
4 0.         0.4075716  1.         0.81769055 0.01707545667886734
16 0.1370702  0.41781628 0.61240673 0.7816991  0.01701277494430542
21 0.06676458 0.27547118 0.7039282  0.7389889  0.01689210534095764
26 0.16577512 0.55424523 0.5940316  0.83246017 0.016785968095064163
33 0.20139019 0.3219971  0.53377247 0.85458946 0.0167562123388052
4 0.         0.22137961 0.6199384  0.89234304 0.016748664900660515
27 0.         0.1393408  0.47333732 0.42471576 0.016685226932168007
40 0.02726451 0.4298516  1.         1.         0.01647089794278145
27 0.3687735  0.35144624 0.91715384 0.7206015  0.016387498006224632
41 0.36260864 0.39831793 0.72155833 0.7614176  0.01623368263244629
27 0.         0.11062159 0.35764202 0.55723023 0.016182195395231247
18 0.09180515 0.11237925 0.63081443 0.71448076 0.016157127916812897
16 0.14909928 0.52785504 0.5242243  0.7224682  0.01597338169813156
24 0.         0.5782679  0.62589943 0.7882777  0.015694333240389824
10 0.11458752 0.30700308 0.4957166  0.8006144  0.015579177998006344
16 0.17447773 0.54902536 0.48825258 0.8063509  0.015489710494875908
1 0.40962246 0.1958606  0.88083965 0.7731712  0.015434131026268005
16 0.18971573 0.5347349  0.8190219  0.7484666  0.01536004152148962
18 0.14521189 0.46551982 0.40777975 0.72811025 0.015161571092903614
22 0.         0.08040583 0.44232342 0.78905666 0.01487244013696909
21 0.12872773 0.4143315  0.5213732  0.72715545 0.014870787970721722
2 0.23406734 0.42436263 0.8256662  0.8598474  0.014753548428416252
33 0.18573016 0.3986172  0.6641431  0.7681551  0.014376219362020493
16 0.18956731 0.29455435 0.7010997  0.7298715  0.014219725504517555
18 0.20555915 0.45719087 0.4685877  0.7711885  0.014054211787879467
30 0.04998307 0.         0.5985938  0.7948754  0.014004022814333439
24 0.03191328 0.35080174 0.5179554  0.84409976 0.013530920259654522
30 0.09039737 0.43214956 0.5005527  0.7240484  0.013422118499875069
13 0.         0.20317233 0.60870486 0.94747823 0.013365156948566437
27 0.34486237 0.28232694 0.73283166 0.75114095 0.01311533059924841
2 0.06390933 0.06703313 0.34188405 0.7542391  0.013094027526676655
18 0.12872005 0.51516867 0.44057313 0.79643863 0.012984591536223888
16 0.1022276  0.4197125  0.35259858 0.7891265  0.01296564657241106
18 0.270474   0.47960505 0.5435829  0.85602885 0.01288548856973648
27 0.20149472 0.32236132 0.5187316  0.89877003 0.012871316634118557
24 0.         0.48667482 0.49306852 0.75534874 0.01271333359181881
16 0.11112665 0.5857301  0.4457543  0.7814083  0.012680619955062866
18 0.04992254 0.         0.99756694 0.923217   0.012653379701077938
5 0.         0.38670313 0.6130506  0.76789916 0.012640980072319508
16 0.30074948 0.34437793 0.78181356 0.76703984 0.012618630193173885
40 0.04955818 0.19882824 0.8910659  0.581368   0.012416167184710503
2 0.22440036 0.42816082 0.5678057  0.77500844 0.012285484932363033
10 0.14012656 0.34815347 0.8589307  0.90542597 0.012274118140339851
7 0.03885142 0.49545774 0.8373983  0.7229142  0.012264528311789036
29 0.08491348 0.4367855  0.55991834 0.71237624 0.012150528840720654
7 0.         0.4205749  0.6049262  0.70008945 0.012081685476005077
41 0.30370292 0.5085321  1.         0.9386412  0.011966465972363949
32 0.24643436 0.49485114 0.45495224 0.7334691  0.011850384995341301
24 0.01421861 0.22435102 0.36110836 0.64045084 0.011709607206285
24 0.         0.39208153 0.46806145 0.6852582  0.011616015806794167
30 0.12600298 0.00108386 0.43500897 0.81474304 0.011214198544621468
27 0.         0.08641063 0.60143054 0.56034213 0.011159074492752552
28 0.6083308  0.09254026 0.96949935 0.68077046 0.011007034219801426
38 0.4904402  0.0272921  1.         0.66414857 0.010997412726283073
27 0.         0.04778745 0.95280254 0.5844719  0.010996721684932709
1 0.4970387 0.2169771 1.        0.7806834 0.010872352868318558
5 0.         0.19467486 0.8642208  0.7453518  0.010537399910390377
24 0.03448326 0.6064726  0.49705762 0.8885122  0.010502136312425137
5 0.         0.21547425 0.41826844 0.7487322  0.01042663212865591
36 0.18775323 0.22780818 0.6915895  0.7479738  0.010424232110381126
36 0.04651207 0.27722934 0.7081592  0.6595515  0.010415436699986458
15 0.         0.3688086  0.70387375 0.8265778  0.010400081984698772
24 0.         0.50729465 0.7486425  0.7193705  0.010133285075426102
17 0.22881213 0.52179146 0.40772069 0.7179842  0.010123084299266338
24 0.         0.17372894 0.44867393 0.684172   0.010110324248671532
29 0.16565347 0.45047498 0.6320621  0.78970784 0.010090670548379421
2 0.12614223 0.40029714 0.3852598  0.71230245 0.010049529373645782
18 0.31581354 0.30739728 1.         1.         0.010038943029940128
41 0.15329035 0.36142159 0.50074446 0.8523885  0.009921243414282799
2 0.05239372 0.2270222  0.647207   0.86586255 0.009818164631724358
2 0.20905043 0.483641   0.72907656 0.7089923  0.00972980447113514
11 0.08381795 0.29790395 0.738345   0.8033419  0.009677628986537457
29 0.50308233 0.22869731 0.9220024  0.8982361  0.009604518301784992
28 0.62921196 0.24249493 0.9985616  0.55407554 0.009520217776298523
16 0.08872825 0.2982192  0.40610725 0.6471229  0.009397908113896847
33 0.15788664 0.19149747 0.66085815 1.         0.009027393534779549
10 0.17421992 0.5926355  0.9554822  1.         0.009018328040838242
40 0.04902824 0.10678523 0.52808523 0.9794033  0.00899895466864109
22 0.         0.02098999 0.41368172 0.5783845  0.008723149076104164
18 0.05381063 0.20308372 0.74076015 1.         0.008706681430339813
24 0.02368754 0.557778   0.70582974 0.8706645  0.008631335571408272
18 0.2553778  0.09077327 0.60169935 1.         0.00843295268714428
17 0.18366437 0.54687166 0.59421915 0.87073714 0.008391252718865871
36 0.07222728 0.18814407 0.5242878  0.6459228  0.008385553024709225
21 0.19727069 0.46336275 0.3474769  0.69093925 0.008313269354403019
7 0.15722306 0.44218737 0.93684596 0.9218109  0.008284978568553925
41 0.17921215 0.46830404 0.56523293 0.9866323  0.008172959089279175
40 0.04202883 0.11573642 0.5950406  0.6676883  0.00813302956521511
41 0.27973744 0.50648665 0.6162296  0.71563125 0.00811381172388792
41 0.19543478 0.49963054 0.755706   0.93346226 0.008028616197407246
17 0.15418626 0.36778393 0.4863946  0.7604112  0.008006083779036999
29 0.3070077  0.40922686 0.81042475 0.70973635 0.007930389605462551
35 0.01550636 0.24786197 0.6946751  0.84336144 0.007901167497038841
18 0.3141403  0.40812975 0.9011643  0.92879486 0.007817327976226807
1 0.16307811 0.18076183 1.         0.8283389  0.007789539638906717
7 0.21877824 0.45955843 1.         0.72164595 0.00773423770442605
14 0.4640158 0.2250139 0.8944958 0.7041882 0.0076597146689891815
24 0.11072416 0.23975325 0.7014616  0.87977755 0.007410951424390078
27 0.29034182 0.17454168 0.92108655 0.79555285 0.007405698765069246
35 0.         0.02701314 0.7289785  0.9287551  0.0073909214697778225
19 0.14567216 0.34353164 0.7819303  0.7626476  0.007338488940149546
4 0.08984958 0.36493382 0.69248784 0.9997427  0.007261921651661396
1 0.281196   0.26051313 0.6760015  0.82699585 0.0071120369248092175
7 0.08539104 0.42967016 0.59685415 0.9871224  0.0070539796724915504
21 0.29532567 0.42236254 0.48136577 0.9003713  0.006892892066389322
27 0.23185232 0.46569026 0.72322214 0.8313618  0.006873480975627899
10 0.01944328 0.3873289  0.6139873  0.62695295 0.006827227771282196
41 0.22943488 0.5753808  0.695092   0.82470345 0.006781856529414654
18 6.9056195e-04 2.7626726e-01 5.5045146e-01 8.5185987e-01 0.006773371249437332
24 0.00514622 0.13131717 0.28176805 0.4615443  0.0067100562155246735
15 0.13979752 0.27922755 0.88489604 0.74351305 0.006691562477499247
2 0.         0.0701552  0.4693014  0.42864487 0.0066854204051196575
39 0.12307791 0.32154766 0.70784825 0.6615927  0.006603961810469627
1 0.0639608  0.01477679 0.7889597  0.5583817  0.006524359341710806
5 0.         0.33299112 0.703917   0.9468332  0.0065083252266049385
4 0.         0.54185545 1.         0.8507388  0.006498027592897415
24 0.00345735 0.17039604 0.37886044 0.41316897 0.006485653109848499
21 0.26738995 0.4964405  0.60536015 0.7800279  0.006457098759710789
32 0.19145925 0.3252151  0.56537056 0.6655041  0.006452950183302164
25 0.         0.3426007  0.8165571  0.76056004 0.006388808600604534
30 0.19515903 0.3716145  0.52745575 0.7474928  0.006385872606188059
25 0.         0.60339284 0.81521356 0.7080176  0.006383684929460287
34 0.01384956 0.27284184 0.80952275 0.8409686  0.006335785612463951
41 0.21727504 0.36072654 0.5834314  0.77706444 0.006293283309787512
29 0.50287455 0.40186432 0.84509933 0.8531186  0.006283727008849382
16 0.20969723 0.60704917 0.35823193 0.7927057  0.006273649167269468
1 0.17481664 0.0989121  0.70836097 0.6165337  0.006239829584956169
21 0.22721222 0.26119554 0.46154386 0.760639   0.006091079208999872
40 0.32191628 0.31708393 0.9359236  0.8019402  0.0060575371608138084
7 0.         0.32661316 0.7791507  0.68473554 0.006046467460691929
10 0.07937238 0.51505333 0.5652245  0.76721996 0.006044520065188408
17 0.20468168 0.5282663  0.3657894  0.7524978  0.006035050842911005
10 0.04402981 0.14784741 0.41599646 0.49935877 0.006033005192875862
32 0.31845352 0.33256903 0.5765777  0.8337187  0.005980524700134993
13 0.04326562 0.27571258 0.43003115 0.9232523  0.005979442968964577
21 0.32670683 0.5200805  0.486849   0.76884305 0.005937838461250067
39 0.3684929  0.42002437 0.8654952  0.7708166  0.0059219226241111755
7 0.08218049 0.4728996  0.5636076  0.74641174 0.0059179263189435005
10 0.06705455 0.19880886 0.5322223  0.59367484 0.005895077250897884
6 0.6968702  0.12035976 1.         0.7746273  0.005841025151312351
27 0.         0.13558803 0.71162844 0.4690407  0.005814759526401758
41 0.18877627 0.5307696  0.5133503  0.7799244  0.0056090825237333775
11 0.19135438 0.36857885 0.7798855  0.65543497 0.005574771203100681
11 0.02722888 0.12445091 0.5832761  0.6668836  0.005563915241509676
17 0.18908265 0.42358217 0.3738025  0.87102926 0.005524779669940472
41 0.3094935  0.40194383 0.627022   0.81677824 0.005432623438537121
19 0.03217224 0.09030093 0.6995362  0.72968245 0.005431053694337606
19 0.39144716 0.0583209  0.96831363 0.72236973 0.005416594911366701
2 0.00377869 0.05976156 0.92314    0.6231123  0.005331613589078188
5 0.1127976  0.1649108  0.53636503 0.6986658  0.005322368815541267
4 0.         0.5129075  0.43952638 0.8306527  0.005317415110766888
32 0.15376091 0.49630788 0.59386504 0.7518928  0.005210304167121649
34 0.06029549 0.2892631  0.50476205 0.70072097 0.005180153530091047
7 0.02571406 0.21436475 0.45692405 0.88843113 0.005127863492816687
16 0.20369431 0.53059095 0.37438682 0.8823259  0.004959559999406338
21 0.13601147 0.16967365 0.3385866  0.66939324 0.004935478791594505
7 0.05632105 0.33370307 1.         0.7861159  0.004934985656291246
18 0.03374265 0.08562361 0.42969137 0.9181576  0.004932291805744171
26 0.23994935 0.57824314 0.8422856  0.8316312  0.00492538046091795
4 0.0391654  0.48602867 0.8783175  0.9453836  0.004904172383248806
36 0.08177249 0.39850417 0.714014   0.79549724 0.004876342136412859
30 0.13755646 0.36813027 0.46568403 0.66260135 0.004829898476600647
13 0.16072401 0.21972382 0.80620676 0.6148839  0.004750367719680071
22 0.         0.01212129 0.34659475 0.3994926  0.004741992801427841
5 0.        0.        0.3368956 0.5987154 0.004731645341962576
5 0.        0.4154395 1.        1.        0.004730989690870047
28 0.02225909 0.1939594  0.7666522  0.55449593 0.004725606646388769
28 0.16039847 0.07909648 0.73985606 0.51610655 0.004700075834989548
27 0.         0.06591627 0.3061247  0.40840316 0.004685393534600735
2 0.09585653 0.1614282  0.49117503 0.595914   0.00468332227319479
26 0.24605566 0.46435618 0.5494949  0.84036237 0.004669834394007921
16 0.26875988 0.33361548 0.54557973 0.7348894  0.0046577961184084415
16 0.17615213 0.5375181  0.32256854 0.9248173  0.004647723399102688
1 0.44190666 0.33838797 1.         0.6540793  0.00461704283952713
12 0.00646395 0.1537166  0.72284883 0.59633124 0.004610754549503326
32 0.1104904  0.40781292 0.6097871  0.6029097  0.004606056027114391
18 0.13790426 0.26273763 0.7238504  0.6811835  0.004604092799127102
38 0.         0.05051786 0.99309754 0.4428818  0.004583278670907021
5 0.11196773 0.25560555 0.4500734  0.8025048  0.004506557248532772
11 0.29812017 0.332205   0.7104929  0.6921258  0.004502708557993174
25 0.         0.43446285 1.         0.5599017  0.004481253679841757
33 0.23773064 0.46918398 0.47785878 0.811925   0.0044647702015936375
1 0.29493693 0.28411716 1.         0.6494097  0.00444867042824626
14 0.65142125 0.34038872 0.96680623 0.58987594 0.004445030353963375
41 0.35424644 0.5071458  0.6543346  0.7613265  0.004439988173544407
24 0.         0.13894913 0.373729   0.50717413 0.004433361813426018
25 0.         0.17070895 0.81872714 0.5568144  0.004412914626300335
24 0.0817486  0.23909795 0.9280253  0.7359109  0.004385612905025482
24 0.02964308 0.08237097 0.42166942 0.39579773 0.004356859251856804
4 0.         0.19051792 0.5532566  0.6716939  0.004337114281952381
