21 0.34977886 0.10982911 0.6072786  0.7365115  0.7957960367202759
21 0.24913056 0.1976021  0.6342573  0.69270974 0.6812397241592407
21 0.18803625 0.02682429 0.853382   0.6390158  0.5717456936836243
21 0.2606558  0.10932246 0.80395085 0.78450245 0.4648594260215759
21 0.30323976 0.24560834 0.7201513  0.5851534  0.415143221616745
41 0.23547302 0.20794986 1.         0.7050174  0.27874886989593506
34 0.5124009  0.16806117 1.         0.83554584 0.2165423184633255
41 0.30469856 0.28843522 1.         0.5574316  0.20060382783412933
21 0.38472193 0.39470154 0.5770128  0.7049913  0.1839592307806015
41 0.3698939  0.37098756 1.         0.6114365  0.12163791805505753
21 0.37354538 0.22874507 0.59057635 0.5396561  0.11981110274791718
21 0.356885   0.27808627 0.66606873 0.72054416 0.11609044671058655
41 0.16851598 0.11660884 1.         0.4796462  0.11318445205688477
34 0.44875377 0.22236949 0.9393064  0.514588   0.11298505961894989
34 0.37504923 0.16139674 1.         0.62268716 0.11275051534175873
21 0.15199488 0.13536327 0.71788776 0.68072927 0.11088517308235168
41 0.26149157 0.31112126 1.         0.85303247 0.10651594400405884
21 0.23771709 0.13930665 0.7716843  0.4824282  0.10097012668848038
34 0.6992137 0.3187526 1.        0.8465482 0.08794709295034409
41 0.22578965 0.36370984 0.9836103  0.68365157 0.08531637489795685
34 0.46067324 0.23168613 0.9551181  0.7408464  0.0760156661272049
21 0.22342212 0.07107875 0.65898854 0.57466424 0.07540075480937958
10 0.14228776 0.2572462  0.9712911  0.93857455 0.07353145629167557
34 0.46091187 0.32829112 0.9252443  0.6223454  0.07315807789564133
10 0.28153914 0.18941407 0.76798624 0.9051388  0.07309308648109436
1 0.26628837 0.67993015 0.57173425 1.         0.06596840173006058
34 0.37698668 0.29684755 1.         0.8613723  0.05932735279202461
34 0.57064056 0.3837253  1.         0.7682696  0.05806829780340195
5 0.         0.         0.9290485  0.48839173 0.057729680091142654
1 0.43505216 0.2208072  1.         0.53448486 0.057468391954898834
18 0.2881552  0.03517634 0.9455306  0.4792854  0.054259173572063446
34 0.5086163 0.3049845 1.        0.6739198 0.05318272113800049
1 0.52755547 0.31390142 1.         0.6618119  0.052472010254859924
21 0.3955148  0.39188936 0.7635494  0.7118391  0.05136759206652641
41 0.41547883 0.3702143  1.         0.8581653  0.04643130302429199
1 0.07490977 0.         0.6430311  0.2738697  0.046135064214468
34 0.6598087  0.5545607  1.         0.84402424 0.04611993581056595
18 0.30550843 0.24910203 0.900277   0.58154154 0.04479334503412247
41 0.00511429 0.34373766 0.21655259 0.78284657 0.042127639055252075
4 0.08271337 0.30900598 0.816633   0.80433434 0.04195363074541092
4 0.11127131 0.25046867 1.         0.83069897 0.04080643877387047
7 0.11342682 0.21004982 0.88878846 0.8476922  0.040647152811288834
41 0.36811766 0.47229055 1.         0.73007256 0.040473926812410355
34 0.50209516 0.19230552 1.         0.5475386  0.04027017205953598
24 0.06536034 0.05099176 0.6614784  0.21003419 0.03946356102824211
4 0.         0.39595616 1.         1.         0.03781278431415558
10 0.16582106 0.15209061 0.98997235 0.7357201  0.03751801699399948
7 0.07928808 0.13830473 0.9343421  0.59155416 0.03724466636776924
21 0.17540124 0.31619912 0.6064662  0.713378   0.03723789379000664
7 0.12556334 0.3586389  0.7780359  1.         0.03618013486266136
34 0.28529048 0.17080624 0.9072974  0.5276884  0.03513079136610031
1 0.40745386 0.07823568 1.         0.66853005 0.034780681133270264
41 0.01433971 0.90674347 0.16102567 0.99440867 0.03414386510848999
41 0.01106916 0.690744   0.16976024 0.97174156 0.033948495984077454
1 0.52844197 0.2971407  1.         0.88803375 0.03312614560127258
41 0.36941543 0.19387636 1.         0.4710395  0.03304114192724228
40 0.16879329 0.16346921 1.         0.6312922  0.03159130737185478
1 0.04411858 0.         0.5480949  0.1684383  0.031493671238422394
1 0.3350848 0.7046012 0.6266781 1.        0.03086327388882637
29 0.4628354  0.18309037 0.9352906  0.91176844 0.03048962540924549
34 0.5106464 0.5303309 1.        0.8085663 0.03011634573340416
1 0.48390457 0.1922838  0.9728858  0.68363225 0.029894687235355377
10 0.35869467 0.18675381 0.7178045  0.59184736 0.029742689803242683
40 0.15047012 0.0069103  1.         1.         0.029640957713127136
34 0.256685   0.12590165 1.         0.44891033 0.02893991209566593
41 0.3330984  0.24472469 0.8489118  0.7800731  0.027681546285748482
1 0.32806388 0.05171033 1.         0.4587441  0.027642838656902313
5 0.         0.19929078 0.93906385 0.52985436 0.027324970811605453
10 0.22775131 0.2899984  0.8452218  0.77481174 0.027082670480012894
24 0.08609597 0.03386833 0.67579377 0.14273812 0.02675587870180607
18 0.23065141 0.         1.         0.5791684  0.026250258088111877
41 0.37243298 0.24002948 0.7602992  0.59446496 0.02576267533004284
18 0.23752236 0.19225629 0.8454686  0.52405006 0.02560763619840145
41 0.5321232  0.23459437 0.9522758  0.7979167  0.025018353015184402
18 0.3277235  0.07769229 1.         0.7271786  0.02480165846645832
34 0.77804625 0.22731693 1.         0.8783349  0.024675171822309494
41 0.00718625 0.86142826 0.12548818 0.9963947  0.024495625868439674
18 0.3493686  0.15221602 0.67514795 0.6025227  0.024411151185631752
41 0.03418449 0.02544075 0.55440503 0.21958674 0.02434530109167099
34 0.35261664 0.28518033 0.7732117  0.6706213  0.023409150540828705
41 0.4122845  0.43980277 0.9216402  0.78857577 0.023236006498336792
24 0.00942866 0.02758199 0.55222756 0.23658744 0.023139597848057747
10 0.21801054 0.24667415 0.93461436 0.56677955 0.021832861006259918
10 0.17140806 0.374427   0.995719   0.6725622  0.021830368787050247
41 0.34268034 0.5832054  1.         0.8902654  0.021702604368329048
4 0.         0.32368687 1.         0.6098833  0.02152828499674797
41 0.06159572 0.16412249 1.         0.5835067  0.021445240825414658
41 0.07900184 0.02487501 0.4227852  0.30032784 0.021424833685159683
21 0.38074005 0.30804473 0.7051419  0.61779094 0.021197190508246422
5 0.         0.05533122 1.         0.75475764 0.021045172587037086
41 0.01145437 0.         0.2559966  0.21000896 0.020843466743826866
1 0.1352064  0.         0.72890955 0.1606515  0.02065439149737358
1 0.00100192 0.23689637 0.25596112 0.7894281  0.02054419368505478
10 0.28413758 0.12883668 0.7937728  0.65329653 0.020167486742138863
41 0.26133287 0.04638375 1.         0.36519706 0.019703764468431473
10 0.16408074 0.4371447  0.94220227 0.7506315  0.019629668444395065
21 0.3877714  0.20271479 0.6121403  0.4537695  0.01938099041581154
24 0.09016556 0.06555086 0.4357604  0.29911947 0.01871194876730442
18 0.34213892 0.15523161 0.80225575 0.6864277  0.018538156524300575
41 0.01132296 0.16587955 0.251852   0.59498477 0.018532007932662964
1 0.5909721  0.16117658 1.         0.8227664  0.018347814679145813
41 0.28427956 0.70625895 0.66537416 0.9937853  0.017975222319364548
41 0.01238828 0.28092745 0.2702306  0.66652155 0.017598582431674004
10 0.27175432 0.41229367 0.7358393  0.7504898  0.01757938042283058
41 0.00862887 0.8113702  0.09838449 1.         0.017519939690828323
41 0.28036427 0.15256125 0.8293995  0.5900698  0.017382575199007988
41 0.02697227 0.88197035 0.22383474 1.         0.01731644943356514
1 0.27191794 0.7481381  0.71800315 1.         0.017276529222726822
34 0.4455418  0.48130056 1.         0.90458846 0.017238998785614967
18 0.41578153 0.         0.9101473  0.74874896 0.017135150730609894
34 0.38266307 0.18498477 0.9655983  0.42592558 0.01707175187766552
18 0.39408103 0.1511701  0.9179779  0.48324785 0.017030037939548492
4 0.27640298 0.19538915 0.7842323  0.9181281  0.016961365938186646
24 0.00900618 0.9173179  0.16283154 0.99284244 0.016861436888575554
10 0.34942126 0.01324081 0.72585523 0.78545225 0.016193268820643425
1 0.5691462  0.3195563  0.98819286 0.7749425  0.016094621270895004
1 0.64581275 0.51439625 1.         0.8030039  0.015939675271511078
33 0.36223677 0.23029934 0.6801585  0.81915516 0.01567930355668068
1 0.5417286  0.03578888 1.         0.55328035 0.01562783680856228
32 0.02599668 0.84819615 0.12455071 0.99424064 0.015602042898535728
16 0.3891919  0.3239307  0.92126995 0.6776767  0.015426592901349068
1 0.37475497 0.20586272 1.         0.8001937  0.015277105383574963
4 0.11534724 0.4149161  0.9852401  0.7412838  0.015275183133780956
34 0.7035735  0.58631855 0.9643232  0.9738192  0.015256454236805439
41 0.         0.02622836 0.64162415 0.15245087 0.015061077661812305
4 0.         0.17676453 1.         0.6459044  0.014967839233577251
16 0.26629508 0.43084595 0.78801066 0.8691623  0.014733207412064075
41 0.1416519  0.76925325 0.61253357 1.         0.01471168827265501
24 0.321866  0.7583002 0.6226666 0.9556271 0.014320507645606995
41 0.02111164 0.         0.18072395 0.29002532 0.014178466983139515
1 0.2939774  0.8626546  0.51757616 1.         0.013715674169361591
5 0.0497464  0.         0.97309256 0.63755107 0.013690430670976639
4 0.         0.26085958 0.91849375 0.8505655  0.013672685250639915
18 0.28218922 0.08688001 0.74980277 0.56214243 0.01349058747291565
34 0.26538545 0.09663405 0.9975128  0.32867086 0.013347252272069454
41 0.02188429 0.53166234 0.2129773  0.951779   0.013270626775920391
24 0.30270448 0.3146367  1.         0.8824202  0.013015209697186947
25 0.         0.29795137 1.         0.678966   0.012942982837557793
2 0.29590738 0.         0.92377687 0.8308097  0.01267255563288927
1 0.44257382 0.16723943 1.         0.42472327 0.012510380707681179
24 0.00299028 0.8922555  0.20850103 0.98381186 0.012452295050024986
1 0.6388584 0.4513908 1.        0.9253355 0.012349335476756096
41 0.03597266 0.04978058 0.34530136 0.42850393 0.01224635448306799
41 0.31182235 0.8743265  0.5580137  1.         0.01212967000901699
5 0.         0.13366312 0.82375526 0.44713318 0.012073780409991741
4 0.13303882 0.19625965 0.6208535  0.96216077 0.012030399404466152
10 0.17789607 0.7636135  0.798294   0.9905264  0.011955085210502148
7 0.3307846 0.2570315 0.8805648 1.        0.011793956160545349
5 0.         0.23691915 1.         0.6515491  0.011567916721105576
18 0.41072425 0.25999543 0.6516943  0.4757106  0.011557938531041145
27 0.37263954 0.08431539 1.         1.         0.011534163728356361
34 0.7050817  0.18654902 1.         0.72269154 0.011532303877174854
4 0.23319207 0.2493006  0.9858502  0.7279583  0.011052404530346394
1 0.14091492 0.         0.39202046 0.34913087 0.011051063425838947
41 0.03681473 0.78431165 0.23486197 1.         0.011013323441147804
32 0.4688385  0.15901767 1.         0.7804516  0.010822753421962261
1 0.30758923 0.04503563 1.         0.29012105 0.010777930729091167
32 0.02244199 0.7935359  0.09523424 0.9925652  0.0106195118278265
2 0.23449206 0.         0.81428427 0.583238   0.01056879386305809
32 0.04178651 0.8940789  0.1787557  0.9921362  0.010434270836412907
29 0.32460707 0.12256102 0.9219249  0.77430654 0.01040040235966444
1 0.         0.86795837 0.21811801 1.         0.010390232317149639
40 0.18526362 0.         1.         0.55751824 0.010374357923865318
16 0.3705633 0.3883494 0.8772754 0.8317489 0.010355657897889614
21 0.38736522 0.20176087 0.6288448  0.8632464  0.01031240914016962
41 0.         0.         0.36119252 0.1486717  0.010220496915280819
18 0.02451813 0.         0.9764066  0.7094097  0.009923100471496582
41 0.04048022 0.09657095 0.8027676  0.6485319  0.009850683622062206
21 0.18428496 0.36070514 0.8351524  0.87098694 0.009748242795467377
34 0.38739586 0.43984675 0.9024415  0.73515034 0.009562245570123196
18 0.18792176 0.232289   0.7190402  0.7313481  0.009540346451103687
34 0.4113267 0.3532247 0.7903101 0.7482429 0.009415049105882645
41 0.16863315 0.2892549  0.87162113 0.5857689  0.009407346136868
16 0.39183822 0.40916723 0.79062283 0.62058467 0.00937497429549694
41 0.36919603 0.3963389  0.7680093  0.6440956  0.00908738374710083
24 0.        0.3846667 0.2970325 0.7464161 0.009007462300360203
1 0.41381088 0.11394439 1.         0.35753646 0.008984861895442009
33 0.27782336 0.1732531  1.         0.9997878  0.008892604149878025
18 0.44208354 0.34010118 0.9413407  0.74600106 0.008771492168307304
41 0.00867463 0.3706981  0.32353333 0.8615361  0.008764299564063549
1 0.14442465 0.7338843  0.5686282  1.         0.00871026236563921
41 0.10102326 0.10990421 0.55246055 0.51380634 0.008682497777044773
5 0.         0.17640279 1.         0.9882585  0.008472142741084099
25 0.         0.2576094  1.         0.55784565 0.008409836329519749
41 0.56365246 0.53815234 0.96827537 0.81456053 0.008321688510477543
41 0.29461285 0.76831234 0.83650106 0.99358016 0.008279312402009964
1 0.01880159 0.90789044 0.15684107 1.         0.008229617960751057
34 0.7322044  0.09431148 1.         0.5956871  0.008045068942010403
24 0.0274054  0.19927461 0.9538842  0.53958017 0.008020990528166294
41 0.05591614 0.01225825 0.85476094 0.17716815 0.007990004494786263
4 0.20558795 0.3561787  0.72362804 0.961401   0.00788374338299036
18 0.02836505 0.         0.14916053 0.08280249 0.007875523529946804
24 0.32661387 0.4787255  1.         0.9710476  0.007855962961912155
18 0.27631667 0.6826289  0.71902925 0.9984423  0.00784547533839941
25 0.         0.44661322 1.         0.5669343  0.007751348428428173
1 0.4800923 0.5258783 1.        0.9200072 0.007727476768195629
1 0.         0.         0.29423082 1.         0.00769335450604558
24 0.00469567 0.7253036  0.16238332 0.97988224 0.007603551261126995
1 0.007183   0.44775265 0.19533686 1.         0.007586583029478788
10 0.         0.47335532 0.9910959  1.         0.007584615610539913
24 0.69014984 0.55710423 1.         0.9284194  0.0075438907369971275
24 0.30945146 0.424893   0.6097643  0.80630475 0.007482914254069328
18 0.4331043  0.18619749 0.6539005  0.4356888  0.007424669340252876
18 0.00178212 0.86793745 0.11683192 0.99057275 0.00737771624699235
32 0.5676364  0.24130735 0.89612335 0.68120056 0.007367144804447889
27 0.58111703 0.44886294 1.         0.8888909  0.007337220944464207
41 0.03089101 0.2159343  0.9607214  0.7982625  0.007334617897868156
38 0.8033759  0.00614226 0.99675876 0.0838991  0.007258486468344927
24 0.12484797 0.22856876 0.5885166  0.52992004 0.007243754342198372
42 0.2660986  0.3160848  0.96288353 0.76154137 0.007155630737543106
10 0.         0.90631634 0.2069045  0.9965198  0.007128894794732332
24 0.0014252  0.04556625 0.51032543 0.33307964 0.007126408629119396
18 0.02253167 0.         0.11805313 0.10807634 0.007108662743121386
41 0.01947966 0.10422872 0.4056194  0.4970307  0.007079822476953268
16 0.25064906 0.4106014  0.7136113  0.6608849  0.007020951714366674
24 0.17390676 0.32499436 1.         0.57673085 0.006959523074328899
34 0.20239736 0.22448596 0.7958257  0.47591138 0.006874724291265011
41 0.02849218 0.07736567 0.6027972  0.32356805 0.0068570771254599094
18 0.02834727 0.86398387 0.25020254 0.99521416 0.006855012848973274
24 0.24936593 0.337902   0.5957957  0.7237621  0.006854972802102566
24 0.10232203 0.38683143 1.         0.6424659  0.00674301665276289
6 0.6436702 0.795523  1.        1.        0.006701144389808178
29 0.30568328 0.0924459  0.9183427  0.4661021  0.006663489155471325
24 0.5755916  0.1502313  1.         0.84527856 0.006644156761467457
41 0.05615227 0.17564692 0.49273458 0.42749974 0.0066209230571985245
25 0.         0.32985517 1.         0.46954504 0.0066065858118236065
24 0.56449425 0.3930456  1.         0.98863363 0.006593674421310425
18 0.01327254 0.         0.04393391 0.07302289 0.006573962979018688
34 0.48646823 0.65325236 1.         0.89808434 0.006560492794960737
24 0.02553121 0.4729917  0.603125   0.88046336 0.006508370861411095
1 0.         0.3816888  0.24574794 0.9147144  0.006488178391009569
1 0.         0.7476612  0.21324182 1.         0.006486852187663317
25 0.07696126 0.3825947  1.         0.7612319  0.006481744349002838
18 0.09457149 0.69137424 0.5688871  0.9859633  0.006446922663599253
1 0.06453624 0.         0.47571066 0.38236552 0.006444623228162527
18 0.40195104 0.30361548 0.6410863  0.53304726 0.006435263901948929
18 0.37053955 0.41582105 0.6254927  0.65958244 0.0064299022778868675
33 0.63289696 0.55719256 0.92982966 0.8983366  0.006419033743441105
41 0.02470472 0.70499814 0.28984085 1.         0.006404727231711149
34 0.3885461  0.18189776 0.67133784 0.90524    0.006371219176799059
7 0.24388194 0.09824687 0.9781774  0.7289747  0.006360654719173908
1 0.09633053 0.         0.4481599  0.88117605 0.006352550350129604
25 0.         0.5327449  1.         0.84245616 0.006343768443912268
18 0.00678209 0.8174868  0.08956207 0.98585737 0.006340319756418467
18 0.41384068 0.         0.9366898  0.39281714 0.006316108629107475
18 0.01058699 0.9053081  0.17326653 0.99426466 0.0062819914892315865
1 0.5763237  0.20186691 0.99573123 0.53318614 0.006272305268794298
32 0.6112502  0.12694618 1.         0.71723115 0.006235866341739893
34 0.83463585 0.16538571 1.         0.4030834  0.006148414220660925
24 0.1296234  0.31234756 0.9248916  0.52041584 0.006133250892162323
24 0.01870789 0.26426712 0.712836   0.6431125  0.006057145074009895
21 0.29792044 0.03421021 0.6953352  0.4600131  0.0059773121029138565
18 0.02916812 0.64521694 0.23729493 0.9943486  0.005955549422651529
32 0.33398095 0.21031101 0.9766834  0.7865472  0.005944730713963509
34 0.5651156  0.14351185 1.         0.41816804 0.005906000267714262
18 0.28204474 0.6070868  0.6244637  0.9705524  0.005894150584936142
4 0.01658714 0.13183767 0.69424194 0.6986838  0.00588607881218195
21 0.17621204 0.00130798 0.8759185  0.4197044  0.0058801546692848206
32 0.50626    0.23378892 0.750233   0.76795214 0.005879928823560476
7 0.26086006 0.22345196 0.8747935  0.5998165  0.005871620960533619
42 0.4641561  0.25989163 0.9603996  0.5782009  0.005867208819836378
34 0.60962003 0.681117   0.97846395 0.94909835 0.005863805301487446
21 0.39884627 0.29276773 0.5634161  0.57540834 0.005819773301482201
27 0.5759374  0.22756933 1.         1.         0.00580665422603488
5 0.         0.29974726 0.89510137 0.5818886  0.005785746034234762
24 0.01238432 0.8092729  0.20777161 0.9744137  0.0057664234191179276
4 0.13613963 0.23640516 1.         0.5433106  0.005743818823248148
41 0.01801464 0.         0.179751   0.07841936 0.0056960913352668285
25 0.         0.43536627 1.         0.7436124  0.005679928697645664
32 0.4306526  0.21936598 0.8742801  0.62262034 0.005674518644809723
7 0.19951543 0.03917992 1.         0.52581495 0.005669930949807167
18 0.39026883 0.01815404 0.66781086 0.71983075 0.005559191573411226
41 0.33013687 0.3608282  0.7696259  0.87302166 0.005550242494791746
24 0.00626547 0.43032157 0.34979448 0.8641798  0.005527941510081291
18 0.13120082 0.         0.87054163 0.87680084 0.005505044013261795
34 0.2349477 0.265609  0.7256795 0.5351646 0.00546868285164237
7 0.24896398 0.4496739  0.7868903  0.83536106 0.00545694213360548
24 0.21626209 0.80891    0.6858756  0.971784   0.0053863925859332085
24 0.04343152 0.12069363 0.43570068 0.44235608 0.00538157531991601
18 0.0790063  0.7721658  0.75555265 0.99953777 0.005376753397285938
16 0.39806172 0.32894972 0.81381917 0.54256797 0.005315294489264488
10 0.1395065  0.6791614  0.60169804 1.         0.005310578737407923
32 0.02846999 0.6450063  0.18071832 0.95762736 0.0053063551895320415
24 0.36386868 0.45175564 0.703866   0.89017093 0.005293150432407856
24 0.         0.32112518 0.8874108  0.78824335 0.005272365640848875
18 0.02392027 0.         0.16436465 0.3090747  0.005249306093901396
41 0.60590535 0.35775688 0.96457034 0.8554222  0.005232506897300482
24 0.         0.09876395 0.6981354  0.32311398 0.005158006679266691
24 0.13770086 0.44915372 1.         0.71470153 0.005126662086695433
41 0.17221853 0.7070653  1.         0.95402974 0.005101012997329235
10 0.         0.70875525 0.87254214 1.         0.005097683984786272
10 0.01054937 0.75283515 0.6288959  0.99006504 0.00509674334898591
2 0.67184085 0.48770627 1.         0.94562423 0.005036135669797659
2 0.35589215 0.14043044 0.8632275  0.5404711  0.005012830253690481
24 0.15338936 0.31186712 0.6460775  0.6083016  0.004997848067432642
18 0.3075993  0.223358   0.65365124 0.8184235  0.004948505666106939
29 0.58802706 0.28965488 0.9441188  1.         0.0049445414915680885
25 0.         0.27116582 1.         0.4094939  0.0049329111352562904
32 0.4891155  0.43075842 0.719018   0.7051854  0.004913965240120888
24 0.00992195 0.15146461 0.4030891  0.5761913  0.004887354094535112
