10 0.         0.05789353 0.7169047  0.5650132  0.5869576334953308
10 0.        0.        0.6764561 0.6311146 0.5273094773292542
21 1.2858074e-04 0.0000000e+00 5.3643268e-01 4.5805919e-01 0.511725902557373
21 0.         0.         0.70479995 0.53075033 0.4036383330821991
10 0.        0.        1.        0.8493105 0.399210661649704
10 0.03062813 0.         0.7723794  0.5221068  0.3864157497882843
10 0.         0.09392685 0.9416557  0.6878305  0.3111037015914917
21 0.        0.        0.5798296 0.6590848 0.3040081560611725
10 0.        0.        1.        0.5768123 0.2706640064716339
10 0.         0.05754875 0.4830797  0.8662545  0.25967299938201904
30 0.2701511  0.         1.         0.65522575 0.20399461686611176
32 0.33424956 0.         1.         0.5649871  0.18343836069107056
21 0.         0.         0.64518505 0.3628437  0.1766503006219864
32 0.24003266 0.22165352 0.86489516 0.5888611  0.17623895406723022
41 0.09209809 0.33374518 0.5050229  0.74907327 0.17623268067836761
41 0.         0.29960692 0.55977607 0.8899567  0.17484116554260254
10 0.         0.26352376 0.64218783 0.55889326 0.1735258847475052
32 0.30035582 0.11348139 0.8011011  0.53714144 0.17343156039714813
41 0.06326526 0.31646505 0.77536386 0.5342178  0.17123578488826752
21 0.11206364 0.01214436 0.5277513  0.37981492 0.17084535956382751
21 0.         0.         0.33780575 0.79438204 0.1644010692834854
21 0.         0.13527012 0.488195   0.4751966  0.16328440606594086
32 0.18614192 0.07582024 0.97269493 0.89332724 0.16203610599040985
10 0.19377208 0.         0.89460605 0.4262928  0.16078244149684906
32 0.45555228 0.         0.7557766  0.454179   0.15622304379940033
32 0.50541216 0.         0.84843755 0.3507661  0.15103304386138916
21 0.03703372 0.         0.78182346 0.54259616 0.14068885147571564
32 0.2011554  0.17368925 1.         0.7118682  0.13798201084136963
10 0.        0.1739724 0.565113  0.6089018 0.13574229180812836
32 0.22799785 0.16652077 0.5539611  0.76506287 0.13127218186855316
10 0.06411596 0.01427409 1.         0.3176656  0.12715056538581848
41 0.04755636 0.28548345 0.80927026 0.78004974 0.12497386336326599
41 0.10302694 0.3513659  0.62485296 0.63491505 0.10860427469015121
32 0.41838312 0.         0.8645574  0.51082194 0.09551689773797989
10 0.         0.04488327 0.9918375  0.43885195 0.09383787214756012
21 0.19463432 0.         0.6023753  0.34708166 0.087046779692173
32 0.1930769  0.21005353 0.70581067 0.69037783 0.08310939371585846
32 0.22014797 0.020781   0.8188012  0.7209729  0.08168100565671921
10 0.         0.038477   0.82284784 0.8537537  0.08165917545557022
32 0.2358194  0.11969201 0.6149013  0.60201204 0.08127716928720474
30 0.6069148  0.29953197 1.         0.8612374  0.08040075749158859
30 0.52114695 0.         0.9899516  0.72094756 0.07708774507045746
41 0.03197739 0.33604422 0.95878947 0.6597576  0.07648737728595734
21 0.11320198 0.10345689 0.4329708  0.49591833 0.0738392025232315
21 0.16188207 0.         0.75021845 0.217759   0.07303735613822937
32 0.5491863 0.        0.9346113 0.6762484 0.07062797993421555
1 0.5365199 0.        1.        0.5943244 0.06922917068004608
21 0.01311494 0.         0.41588995 0.5709359  0.06746264547109604
41 0.31367263 0.31307185 0.6471835  0.6136284  0.06596732139587402
1 0.32272387 0.08773359 1.         0.7300817  0.060607071965932846
1 0.4565328  0.17154793 0.96071416 0.67144525 0.06044105812907219
10 0.02184649 0.06017199 0.54779047 0.65967315 0.059038497507572174
21 0.27081573 0.         0.6607423  0.27422175 0.05646059662103653
18 0.09622002 0.         0.8314387  0.28764558 0.05394960194826126
41 0.2701372  0.93176544 0.383998   0.99815583 0.05370869114995003
1 0.35326442 0.90415895 0.61528957 1.         0.047994885593652725
32 0.46343336 0.         1.         0.38877952 0.04716833680868149
1 0.35899368 0.8687355  0.55754006 1.         0.04661696031689644
30 0.02421852 0.         0.8199185  0.83936965 0.04606156423687935
22 0.         0.         0.04102704 0.07541154 0.04533910006284714
18 0.1471637 0.        0.6870796 0.3999394 0.0447472482919693
30 0.64987487 0.40015906 1.         0.68880874 0.04438477382063866
19 0.00855683 0.         0.14151464 0.03986984 0.044364918023347855
1 0.5151599  0.         0.84288263 0.6340232  0.04294447973370552
41 0.20212172 0.24473283 0.73031354 0.523339   0.04291485622525215
18 0.08656057 0.0109893  0.6006503  0.52491474 0.04243720695376396
41 0.01471209 0.25713336 0.65714806 0.57858825 0.04236149787902832
18 0.09950961 0.01563561 0.8572991  0.462274   0.04208929464221001
41 0.04687997 0.5234776  0.40774068 0.77670383 0.04169578105211258
10 0.169313   0.         0.9504702  0.66242486 0.04135863482952118
18 0.37079456 0.         0.8727532  0.2732387  0.040862761437892914
32 0.         0.29773542 1.         0.8549475  0.040628284215927124
10 0.44596615 0.         0.97238123 0.82591003 0.03997676819562912
18 0.07303268 0.13445047 0.636766   0.45496577 0.039926234632730484
22 0.         0.         0.0577773  0.05191399 0.03846440836787224
19 0.05460931 0.         0.15525854 0.05459988 0.03814198076725006
18 0.28646672 0.         0.5889645  0.43666312 0.03754168376326561
29 0.37267354 0.26960942 0.9807063  0.7487325  0.037443265318870544
22 0.         0.         0.08034792 0.06183258 0.03724907711148262
19 0.02487681 0.         0.12700686 0.05498235 0.036909375339746475
30 0.2667412  0.03876564 0.8382805  0.52666557 0.03690776973962784
24 0.4206243 0.8873059 0.6490485 0.994588  0.03629232197999954
22 0.         0.00871805 0.08059174 0.08968318 0.03569960966706276
19 0.00039401 0.         0.07072452 0.0398216  0.03480350598692894
1 0.27546462 0.15535457 1.         0.5420734  0.034477636218070984
30 0.7368367  0.3013958  1.         0.70228326 0.03444613143801689
19 0.         0.         0.07115357 0.06739429 0.034232333302497864
22 0.         0.         0.07936891 0.03592293 0.033993545919656754
10 0.70317554 0.29391977 1.         0.7771799  0.03354170545935631
32 0.5383889  0.01227834 0.785954   0.31730476 0.03287763148546219
18 0.26246578 0.91384614 0.3868562  0.9981367  0.03286781162023544
33 0.12297722 0.2948282  0.6719016  0.6306891  0.032440800219774246
19 0.00326768 0.         0.14298162 0.07714498 0.031892310827970505
21 0.17708294 0.07656604 0.5145175  0.5140022  0.03172788769006729
30 0.16211744 0.15331987 0.73042524 0.5370209  0.03099660947918892
29 0.21485688 0.13167053 0.61281824 0.8284252  0.03084970824420452
31 0.65492    0.38818574 1.         0.67182875 0.03071785718202591
24 0.         0.00323191 0.07372368 0.03558529 0.030713897198438644
32 0.6843282  0.4106424  0.9828219  0.68338114 0.030117781832814217
21 0.13723592 0.0507407  0.65410906 0.4688224  0.030013257637619972
27 0.35470527 0.20293534 0.99750555 0.7485708  0.029999230057001114
24 0.35386187 0.8906638  0.5726859  0.9994864  0.029973097145557404
10 0.61505973 0.22407827 0.991184   0.7011482  0.029731271788477898
10 0.6852417  0.19569898 0.97995496 0.6063182  0.029509833082556725
7 0.11951648 0.02030244 0.76116174 0.32142588 0.029348090291023254
22 0.         0.01711356 0.05875233 0.13426198 0.029212666675448418
33 0.04027965 0.24188362 1.         0.71760845 0.028979642316699028
25 0.         0.2542528  0.97988814 0.5391571  0.028791699558496475
19 0.         0.00960512 0.07150154 0.09376645 0.028780698776245117
19 0.08484945 0.         0.18521507 0.05505386 0.028702182695269585
32 0.27124715 0.00103216 0.64077383 0.5330567  0.028487978503108025
30 0.         0.26717678 1.         0.869775   0.028070861473679543
21 0.         0.145401   0.7901333  0.68518144 0.027678562328219414
19 0.         0.         0.03662705 0.08234563 0.02759348228573799
24 0.         0.0054434  0.05224016 0.0506418  0.02711726725101471
21 0.         0.12024239 0.45502663 0.81263834 0.027022629976272583
1 0.40611374 0.10209976 0.7619808  0.8359989  0.02696874365210533
30 0.2459575 0.2502041 0.9755398 0.8290405 0.02693181112408638
30 0.00319995 0.01128867 0.03870249 0.08352526 0.02667243778705597
33 0.01730609 0.21651465 0.64264    0.54115254 0.026641398668289185
18 0.27156037 0.9350378  0.435959   0.99865615 0.02630503848195076
32 0.76130474 0.338554   0.9723507  0.7165121  0.026100704446434975
27 0.43005788 0.869521   0.6375225  1.         0.026032885536551476
24 0.46068457 0.84350973 0.6238772  0.98759604 0.02593662217259407
24 0.         0.00255842 0.15348826 0.03671386 0.02574772760272026
27 0.33555442 0.9036953  0.620997   0.99971277 0.025655923411250114
41 0.27971503 0.9474511  0.4341296  0.99748486 0.02564367651939392
25 0.00134435 0.13486767 0.80369765 0.5462875  0.02532394975423813
30 0.00382942 0.00861071 0.05497408 0.05931519 0.02522018924355507
2 0.         0.13085914 0.38374415 0.55219066 0.02517048269510269
30 0.59374005 0.27306333 0.9782951  0.6632951  0.024971824139356613
18 0.06668422 0.21375237 0.52159005 0.44510296 0.02494165301322937
41 0.03226959 0.407354   0.45351982 0.8968797  0.024934014305472374
30 0.00531919 0.00987455 0.07668676 0.0712843  0.02448962815105915
10 0.30995277 0.         0.8005027  0.52747786 0.02446788363158703
25 0.         0.19889323 0.71729606 0.74913126 0.024313636124134064
41 0.11344869 0.28504217 1.         0.5768914  0.024213576689362526
24 0.         0.00591889 0.07290327 0.06024076 0.02405603975057602
18 1.6927083e-04 1.4092855e-01 4.8022020e-01 6.9136983e-01 0.02398611046373844
10 0.4717386  0.19834636 1.         0.9946287  0.02380426414310932
27 0.29958773 0.08294192 1.         0.64735657 0.023695122450590134
24 0.         0.00725283 0.03586503 0.07231414 0.023662008345127106
7 0.08443278 0.         1.         0.31644621 0.02355150878429413
30 0.3340266  0.15029114 0.8709138  0.6197568  0.023523487150669098
28 0.00042147 0.00402056 0.03744779 0.07288502 0.023512788116931915
10 0.30158478 0.8725219  0.5737323  0.9922822  0.023298515006899834
24 0.07068334 0.00430228 0.18992233 0.05328111 0.023130739107728004
30 0.00522907 0.02462552 0.07738402 0.09879983 0.02305016480386257
22 0.         0.03430729 0.08227658 0.118632   0.023002570495009422
19 0.         0.02181047 0.05332433 0.1360229  0.022952377796173096
30 0.00556441 0.00600102 0.07540135 0.0423338  0.02284560725092888
24 0.38651925 0.91957706 0.6907428  0.9964222  0.022724200040102005
21 0.3158883  0.00547433 0.8714179  0.17585635 0.022521506994962692
1 0.42260557 0.87246454 0.6163111  1.         0.02206781506538391
24 0.48268127 0.93477166 0.5879704  0.9990189  0.021984433755278587
21 0.51870006 0.         0.9306586  0.65501606 0.021843990311026573
33 0.         0.04407885 0.771057   0.8374633  0.02172265015542507
27 0.33919716 0.8742343  0.5510808  1.         0.021685242652893066
21 0.40805024 0.00176781 0.87790537 0.45042503 0.02160325087606907
21 0.        0.2153889 0.4856586 0.6004437 0.021479377523064613
25 0.         0.08750018 1.         0.60132456 0.021403266116976738
19 0.00045963 0.         0.1061039  0.10888034 0.021392561495304108
16 0.00186131 0.0133485  0.03321005 0.08243147 0.021374426782131195
18 0.10696841 0.23139939 0.5534722  0.5590997  0.021270575001835823
30 0.00868844 0.00880277 0.15207805 0.08453737 0.021228646859526634
5 0.         0.         0.78895205 0.33315325 0.02120412513613701
22 0.         0.         0.16609041 0.0356263  0.021045248955488205
28 0.00087671 0.00442485 0.05371493 0.05004822 0.02101483941078186
24 0.05112562 0.00312575 0.21023184 0.03738511 0.020758723840117455
6 0.00148766 0.         0.03897944 0.07982035 0.020673837512731552
10 0.28089553 0.9059766  0.65039355 0.989066   0.020357543602585793
26 0.00127829 0.00247962 0.07310503 0.03507324 0.02033265121281147
25 0.         0.21011731 1.         0.41235316 0.020315010100603104
28 0.00205782 0.00486338 0.07522655 0.05979648 0.020302191376686096
30 0.77671486 0.17499894 0.9954536  0.6437516  0.020172204822301865
24 0.01922793 0.00464554 0.1355875  0.05087407 0.019909387454390526
22 0.         0.         0.16616184 0.07198117 0.019851140677928925
29 0.265083   0.22239968 0.7744271  0.91170424 0.01969139277935028
30 0.00372082 0.03648182 0.05569883 0.14148836 0.019638922065496445
19 0.07212745 0.         0.20465516 0.03992999 0.019473856315016747
41 0.2427467  0.33905533 0.89610404 0.7400668  0.019460706040263176
24 0.         0.01956673 0.07061989 0.08692425 0.01936979964375496
41 0.23338404 0.21408448 0.96422225 0.49566016 0.019198138266801834
41 0.0842478  0.09290788 1.         0.38899884 0.019197139889001846
28 0.00172734 0.00386871 0.07500603 0.03519095 0.019082356244325638
41 0.33407015 0.91443014 0.6320613  0.99254316 0.01906067505478859
2 0.         0.04931811 0.34528968 0.656853   0.01900509186089039
32 0.3537312  0.24422242 0.7993963  0.6559192  0.018937351182103157
41 0.257577   0.83550066 0.41850123 0.99806136 0.01887567527592182
22 0.01603714 0.         0.14675756 0.05040258 0.01881835237145424
22 0.         0.         0.11846989 0.10658125 0.01857214793562889
38 0.         0.00459568 0.08026357 0.05752482 0.018558207899332047
7 2.3640951e-04 2.4220303e-02 9.0515351e-01 4.1466746e-01 0.018510306254029274
28 0.00209077 0.01630969 0.07444975 0.08715746 0.018477918580174446
32 0.30001053 0.9273418  0.41919446 0.99734163 0.018344558775424957
28 0.00314657 0.00561799 0.07162418 0.13972054 0.018296213820576668
28 0.00075398 0.02570342 0.0528938  0.12879144 0.018268480896949768
7 0.09351761 0.04028847 0.8392001  0.5838125  0.01823735609650612
27 0.8333461  0.04569498 1.         0.29565313 0.018134532496333122
24 0.82683146 0.05879125 0.9919045  0.2958639  0.01806255429983139
30 0.01471567 0.00546816 0.15329498 0.04300467 0.01804455555975437
18 0.31694612 0.91972667 0.43412924 1.         0.01804034598171711
18 0.00826316 0.09880292 0.05877918 0.2149476  0.017985491082072258
25 0.         0.19585237 0.6492673  0.5845521  0.017906317487359047
41 0.00194052 0.2855885  0.35675845 0.95629084 0.017866086214780807
40 0.19568817 0.05802834 0.9888905  0.7299773  0.0178445465862751
19 0.         0.         0.07720909 0.1522891  0.01769314333796501
25 0.4752213  0.9420128  0.5893682  0.99898803 0.0176694355905056
18 0.36989212 0.         0.6034712  0.579257   0.01766045391559601
1 0.2847893  0.01308045 1.         0.9777295  0.0175815150141716
1 0.3455571 0.8225528 0.9313688 1.        0.017470568418502808
24 0.3743539  0.9386945  0.47943157 0.99734664 0.01745779626071453
6 0.0025693  0.01198574 0.07714795 0.08832908 0.017435388639569283
18 0.23877299 0.77017623 0.42007762 1.         0.01742749661207199
28 0.3640204  0.9062298  0.63347393 0.99085826 0.017416909337043762
18 0.25595415 0.8889946  0.56967956 1.         0.017257744446396828
24 0.30632207 0.9177981  0.5923251  0.99735296 0.01723998785018921
10 0.4533242  0.9342324  0.60053813 0.9923088  0.01717231795191765
19 0.3027768  0.91030437 0.61460054 0.99912745 0.01704232767224312
16 0.00230893 0.00966243 0.04722299 0.05735117 0.016961997374892235
10 0.8132789  0.02574212 1.         0.29436305 0.016941186040639877
25 0.         0.29761744 0.596887   0.6386122  0.016929110512137413
1 0.66940945 0.00795013 1.         0.7748988  0.01691618002951145
41 0.02697164 0.12632924 0.9456831  0.47521862 0.016798658296465874
30 0.0045632  0.01285134 0.10908078 0.12260219 0.01653430424630642
24 0.         0.03187905 0.05147438 0.12960383 0.016459517180919647
6 0.00166988 0.         0.05550288 0.0557983  0.01640518568456173
38 0.         0.01922507 0.08077579 0.08142167 0.016376012936234474
6 0.00299574 0.02225752 0.05639028 0.12710482 0.016374284401535988
1 0.45839626 0.82741183 0.5931663  1.         0.016348540782928467
38 0.         0.00373287 0.04129925 0.06905603 0.01634078659117222
10 0.0482916  0.20370789 0.7256615  0.6127255  0.01624416932463646
25 0.         0.36782417 0.71609825 0.642018   0.01620129868388176
24 0.         0.00526592 0.14976051 0.07517022 0.01616845093667507
16 0.3386054 0.9077616 0.5909161 1.        0.016017545014619827
41 0.19969401 0.87876254 0.41730475 1.         0.0159425251185894
24 0.35996014 0.85068136 0.5196205  0.998973   0.015939295291900635
14 0.0020252  0.00146942 0.03655614 0.07783093 0.015910230576992035
28 0.37158945 0.87254673 0.57435346 0.9901169  0.01590622402727604
26 0.         0.00265777 0.0526322  0.04948486 0.01563229225575924
18 0.01575265 0.11580433 0.08296578 0.19897607 0.015571607276797295
30 0.00592226 0.04909047 0.07665356 0.12421373 0.015500584617257118
25 0.40295666 0.89196426 0.6522573  0.98816234 0.015425975434482098
16 0.00448021 0.02542979 0.06757496 0.09430191 0.015377488918602467
25 0.16827072 0.02502159 0.7230837  0.5448385  0.015267010778188705
24 0.77278334 0.03459906 1.         0.23833929 0.015259736217558384
16 0.00336213 0.01064711 0.06665651 0.06771524 0.015244951471686363
41 0.11111092 0.4425104  0.7261709  0.7672684  0.015230563469231129
26 0.         0.36572072 1.         0.7427829  0.015203358605504036
1 0.37097788 0.8212028  0.51071715 1.         0.015146504156291485
5 0.        0.        1.        0.5469678 0.015094980597496033
14 0.00454844 0.01623411 0.07394355 0.09269688 0.015043881721794605
28 0.00023317 0.05109064 0.05092345 0.15191017 0.015031426213681698
41 0.32116467 0.93342614 0.43633616 0.99632895 0.014980169013142586
1 0.3622101  0.06172708 1.         0.43949404 0.01496235840022564
10 0.38259533 0.87807244 0.66611195 0.98791456 0.01495101023465395
38 0.         0.00258332 0.08093929 0.0350218  0.014941314235329628
18 0.04652865 0.09050639 0.40722156 0.52959996 0.01493834238499403
19 0.         0.03834003 0.07469459 0.11919884 0.014878510497510433
18 0.00412078 0.0720907  0.05622627 0.18948606 0.014867676421999931
6 0.47196597 0.92586684 0.59412444 1.         0.0147164948284626
28 0.00505164 0.00485708 0.14665426 0.07085533 0.01468693558126688
1 0.4803825  0.93016326 0.5779076  1.         0.014661123976111412
18 0.0102561  0.08888959 0.07931837 0.17439593 0.01465446688234806
31 0.00168635 0.         0.04238547 0.08176017 0.014635779894888401
18 0.42700288 0.         0.7320765  0.45190018 0.01462483312934637
1 0.21104838 0.03329682 0.6031362  0.85964835 0.014428253285586834
30 0.05627799 0.00708365 0.16196044 0.05767646 0.014427145943045616
27 0.2599144 0.8319807 0.8330749 0.9972794 0.014414235018193722
2 0.         0.10376412 0.28475118 0.5423179  0.014368333853781223
19 0.42051402 0.878566   0.6476177  1.         0.014357686042785645
41 0.04870191 0.26848003 0.48522064 0.64530253 0.014353243634104729
14 0.00418608 0.02902299 0.05237433 0.13464977 0.0143477413803339
1 0.48127636 0.1339167  1.         0.75045353 0.014290575869381428
28 0.00061027 0.03988246 0.07276697 0.11480141 0.014235611073672771
14 0.00433522 0.00066335 0.07296932 0.06765376 0.01419477816671133
14 0.00304013 0.00051021 0.05141649 0.0560331  0.014176659286022186
26 0.         0.0029489  0.07278138 0.05936901 0.014143265783786774
32 0.2957595  0.90264225 0.5842016  0.9941836  0.01411402877420187
18 0.00207415 0.04756745 0.03978899 0.21706572 0.01407439261674881
2 0.         0.04037501 0.55353594 0.7086803  0.014063719660043716
25 0.31876424 0.92097324 0.64060825 0.9955283  0.014038036577403545
16 0.00372412 0.00677427 0.06676173 0.04022389 0.013962876051664352
30 0.02947105 0.00829753 0.13697927 0.05914754 0.013826175592839718
5 0.00131745 0.00060237 0.06911369 0.04125134 0.0138021819293499
38 0.         0.0040989  0.16256288 0.03510824 0.013793247751891613
1 0.757066   0.00750615 1.         0.39737466 0.013750303536653519
19 0.         0.24276535 1.         0.67063206 0.01373361051082611
10 0.         0.         0.03950278 0.07448313 0.013684251345694065
10 0.         0.30268303 1.         0.94869846 0.013588383793830872
31 0.002516   0.         0.08357494 0.06853183 0.013578446581959724
41 0.12720108 0.6511672  0.7444717  0.91833335 0.01346123218536377
16 0.34858307 0.87589276 0.5352992  0.99952906 0.013451004400849342
5 0.00204418 0.00042893 0.06915461 0.07074847 0.013408839702606201
26 0.         0.00227952 0.03708084 0.0715902  0.01339325774461031
22 0.         0.         0.08272174 0.15026131 0.013326172716915607
28 0.0084282  0.00427726 0.1521283  0.03577793 0.01330858189612627
31 0.00318325 0.         0.08313533 0.04141887 0.013299464248120785
6 0.0029385  0.         0.07626013 0.03908502 0.01328076608479023
28 0.00438273 0.00416229 0.10424407 0.10196941 0.013268958777189255
