28 0.         0.45983002 0.6955301  0.96706676 0.5407240390777588
27 0.36327377 0.27203217 0.84210306 0.8140349  0.5257310271263123
27 0.296514   0.24900557 0.96277785 0.937116   0.43155956268310547
27 0.3217759  0.01660924 0.9850207  1.         0.3600066304206848
27 0.4000831  0.43232137 0.85309154 1.         0.2563023269176483
24 0.13134095 0.3838522  0.9277169  0.8506167  0.18549993634223938
24 0.38478404 0.32692665 0.97389567 0.57746947 0.17401951551437378
27 0.4329002  0.20716901 0.8789251  0.6888864  0.17341409623622894
24 0.56605816 0.23845966 0.96601015 0.9005173  0.17250166833400726
27 0.512335   0.22840895 0.89857984 1.         0.1705395132303238
24 0.48602745 0.33832166 0.9126831  0.6701997  0.15601401031017303
28 0.         0.71394193 0.7175835  0.9624045  0.1553633213043213
24 0.08937103 0.52779424 0.97123396 0.885781   0.1467079073190689
24 0.41684768 0.5541915  0.9823641  0.80790424 0.14264069497585297
24 0.28113213 0.54760087 0.78764933 0.8731374  0.13951699435710907
24 0.41209728 0.37370735 0.9907602  0.88801956 0.13569533824920654
24 0.523185   0.4470445  0.9695905  0.79384136 0.1342001110315323
24 0.06980403 0.34613693 1.         0.7343885  0.1289004385471344
28 0.19080226 0.5328486  0.67156315 0.84931153 0.12485424429178238
24 0.55682254 0.25851405 0.9662847  0.6390409  0.12373658269643784
24 0.3442505  0.4716187  0.88174736 0.8074035  0.12090515345335007
24 0.6658309  0.12245824 0.95234233 0.75588393 0.11580242216587067
28 0.         0.3733587  0.60022044 0.7499297  0.11227849125862122
24 0.42874736 0.6243837  0.97905034 0.8657979  0.1097412183880806
27 0.18900488 0.58546644 1.         1.         0.10409248620271683
38 0.         0.39220762 0.6103957  0.752198   0.0979434996843338
24 0.3920826  0.44215932 1.         0.7052422  0.09340976178646088
24 0.26292744 0.12398331 1.         0.7532368  0.09124714881181717
24 0.5166014  0.3697535  0.82612234 0.7885245  0.08762887865304947
27 0.4025877  0.6504168  0.92363954 0.9937247  0.0867525264620781
40 0.28261688 0.40235448 1.         0.8519214  0.084150530397892
24 0.65364796 0.41902933 0.96079427 0.977254   0.07946693152189255
24 0.04248413 0.2993704  0.8162381  0.68039906 0.07929254323244095
28 0.        0.4565038 0.5527624 0.8226887 0.07442785799503326
24 0.6673154  0.22809032 0.9474992  0.5278177  0.07337553054094315
24 0.3163684  0.5740979  1.         0.92162806 0.07201492786407471
27 0.3341622  0.5378812  0.94892704 0.95410484 0.07142990827560425
24 0.47473013 0.1441461  1.         0.6285544  0.07015911489725113
24 0.6654375  0.15110713 0.95661855 0.4439343  0.06440643221139908
24 0.93426365 0.02792733 0.9996764  0.1333871  0.06346698850393295
27 0.51257837 0.07022037 0.9199339  0.5995989  0.06279291212558746
24 0.07517858 0.68922853 0.959055   0.95228446 0.06193222850561142
24 0.57865816 0.14026399 0.9470193  0.53928155 0.05821795389056206
40 0.55075324 0.2464133  0.9703301  0.91514754 0.057997528463602066
28 0.         0.39587507 0.94576055 0.82340264 0.05614466965198517
5 0.17656624 0.         0.872034   0.8941493  0.05564088374376297
24 0.6868288  0.4119983  0.951779   0.81145203 0.05394360423088074
24 0.95045686 0.00112713 0.99991244 0.07960173 0.05371047928929329
24 0.5069587  0.20173667 0.7915673  0.60373145 0.05353172868490219
28 0.        0.6599926 1.        0.9756643 0.05293893814086914
28 0.08203883 0.5763008  0.67341655 0.91458404 0.052563443779945374
38 0.13586889 0.00449402 0.3860878  0.11122415 0.05131526663899422
27 0.45065776 0.41845477 0.9180665  0.8755101  0.05114809423685074
28 0.18189672 0.7605654  0.6348647  0.9306359  0.05032255873084068
24 0.         0.43636924 0.61607635 0.8628224  0.04978810250759125
24 0.83707637 0.00263564 0.99992555 0.0741301  0.04922681301832199
28 0.         0.30600137 0.8251849  0.7275056  0.04855916649103165
24 0.91315055 0.00174299 0.99974334 0.06471846 0.04832271859049797
24 0.0164893  0.52244693 0.42470628 0.9145237  0.04764169827103615
38 0.24299102 0.00445022 0.4953952  0.11179927 0.04694266617298126
40 0.417007   0.17148995 1.         0.79820436 0.045981016010046005
24 0.01325939 0.4506938  0.42174715 0.7451635  0.04545210301876068
27 0.11182391 0.1052345  0.8886066  0.765249   0.0452265627682209
24 0.91237295 0.00267045 1.         0.14689094 0.04521623253822327
24 0.3936613  0.26224396 0.9654997  0.5039838  0.044495951384305954
38 0.         0.26735514 0.6052528  0.86669284 0.04371426999568939
38 0.00143572 0.44926658 0.62513137 0.92230815 0.04331783950328827
24 0.6796325  0.07060836 0.96344376 0.35564628 0.04280966520309448
38 0.09496529 0.00502707 0.42710948 0.07834093 0.042189717292785645
24 0.879985   0.00446522 1.         0.10703054 0.041586022824048996
38 0.658334   0.05651543 1.         0.3170293  0.04072117060422897
6 0.         0.14872374 0.15084568 0.3260066  0.04022638499736786
24 0.15141119 0.48901558 0.6900393  0.8086987  0.04020168259739876
24 0.91328394 0.00174072 1.         0.03689579 0.04006540775299072
38 0.         0.3791102  0.3730595  0.65322745 0.03988755866885185
38 0.12542765 0.00545568 0.4621215  0.30845764 0.03971119970083237
38 0.34977317 0.00421507 0.6050809  0.11155704 0.03959382697939873
24 0.19797689 0.78881794 0.7140909  0.95009995 0.0393277183175087
38 0.20283599 0.00495776 0.53732675 0.07845718 0.03878438100218773
27 0.6059487  0.00450956 0.93223757 0.824315   0.03802421689033508
28 0.1418999  0.42780855 0.61111677 0.7149062  0.03788644075393677
28 0.6491324  0.13104896 1.         0.5206772  0.037239138036966324
38 0.6511882  0.11549098 1.         0.4911518  0.037154003977775574
24 0.5648498  0.587028   0.98737735 0.94686955 0.037072185426950455
6 0.00243979 0.22230494 0.07813836 0.30767915 0.03686376288533211
6 0.00231336 0.19536853 0.0784814  0.28169316 0.036248303949832916
6 0.00259789 0.24923481 0.07781845 0.33389696 0.03549671173095703
38 0.         0.15859704 0.15128756 0.3149693  0.03544909134507179
6 0.02987391 0.22608382 0.22401568 0.7728634  0.0354238785803318
6 0.00193626 0.10884134 0.11309253 0.36371002 0.035342611372470856
5 0.03012446 0.09511887 0.7562977  0.862819   0.034763336181640625
38 0.05226824 0.         0.5211556  0.21267763 0.034704290330410004
24 0.09105937 0.20157816 1.         0.60272074 0.03460579365491867
6 0.         0.09366595 0.15164915 0.27420437 0.034579820930957794
40 0.12713534 0.32438907 0.9406063  0.80619967 0.0344584621489048
24 0.15553172 0.3624468  0.6999582  0.6790285  0.034454260021448135
6 0.00222757 0.16851084 0.07890644 0.2557701  0.034396566450595856
24 0.914303   0.0666675  0.99899215 0.14475726 0.03367544710636139
6 0.00278166 0.20485449 0.05724521 0.3233897  0.03364172577857971
40 0.47743383 0.437812   0.9864516  0.937506   0.033312615007162094
38 0.31105027 0.00512449 0.64771837 0.07857886 0.03279195353388786
22 0.00300268 0.14883019 0.14452091 0.31479383 0.03256987780332565
6 0.00284684 0.27597398 0.0778193  0.36081153 0.03203066065907478
6 0.0027648  0.15106829 0.05802361 0.27162486 0.03163158521056175
24 0.46517697 0.66862684 0.89960593 0.92996186 0.03127598389983177
22 0.         0.2490177  0.07424002 0.33213186 0.030985090881586075
22 0.         0.22173795 0.07406414 0.3055293  0.030613673850893974
6 0.00270859 0.2585906  0.05684217 0.3766501  0.03043513186275959
27 0.05526062 0.21900922 0.722361   1.         0.030359625816345215
22 0.         0.23327032 0.05439785 0.34867874 0.0300921518355608
24 0.93494    0.07830695 1.         0.18632731 0.029952140524983406
38 0.         0.0047717  0.3067148  0.14985585 0.0298811886459589
6 0.00276089 0.20145696 0.15191168 0.3799842  0.02975764311850071
24 0.76021457 0.09146642 0.9711966  0.50719774 0.02972341887652874
6 0.10410105 0.         0.46105403 0.32547763 0.02961728535592556
22 0.         0.27606553 0.07441355 0.3586271  0.02953178994357586
22 0.         0.19446051 0.07390316 0.2789057  0.02929040603339672
38 0.         0.00440578 0.5665193  0.15382962 0.02902945503592491
24 0.         0.5066059  0.36663806 0.79522765 0.02900674380362034
22 0.         0.21190089 0.03826736 0.37974635 0.028944090008735657
22 0.         0.11020517 0.10611199 0.35372952 0.02889639139175415
38 0.         0.00721118 0.31042418 0.3100884  0.028829997405409813
6 0.         0.         0.22190028 0.32637542 0.028450800105929375
38 0.         0.12524267 0.11363222 0.34582072 0.028439143672585487
22 0.         0.17865384 0.05419422 0.2956679  0.02816062420606613
22 0.         0.16717823 0.07371096 0.25227156 0.027730507776141167
6 0.00264298 0.20615233 0.03958559 0.37945506 0.027724746614694595
40 0.05307839 0.43151912 0.8589018  0.88243574 0.027550622820854187
38 0.         0.25383216 0.0780184  0.32809108 0.02742009237408638
38 0.         0.22681095 0.07796874 0.30145815 0.027386033907532692
38 0.         0.10515623 0.15108557 0.2618723  0.027276666834950447
22 0.00315346 0.09326646 0.1445439  0.2617154  0.02704293467104435
38 0.         0.00586287 0.1562529  0.29123786 0.027036311104893684
5 0.31610656 0.103549   0.83482057 0.7796996  0.027035415172576904
24 0.6739617  0.01803998 0.96523166 0.2725369  0.026718204841017723
38 0.         0.00303739 0.14976965 0.15120737 0.02651587873697281
27 0.48249573 0.73564607 0.93694216 0.98263603 0.026281099766492844
6 0.00333377 0.30200315 0.0777524  0.3884827  0.0262808445841074
38 0.         0.20003158 0.07803316 0.27479234 0.02615204267203808
6 0.23799892 0.         0.4911627  0.1201442  0.026129236444830894
40 0.45277682 0.6120622  0.99539423 0.95786107 0.026073815301060677
38 0.         0.00086444 0.22121023 0.20783003 0.026059001684188843
19 0.13286777 0.         0.3811047  0.08281945 0.025951387360692024
40 0.4992908  0.37661272 1.         0.65971166 0.025825051590800285
28 2.8991701e-05 1.5915096e-01 1.5879835e-01 3.1794083e-01 0.025770314037799835
5 0.31421685 0.16780756 0.8289088  0.56855416 0.025733524933457375
22 0.14884788 0.         0.38164338 0.10305952 0.025644509121775627
19 0.23959717 0.         0.48748165 0.08254315 0.025587674230337143
25 0.         0.17363098 0.14436772 0.31368074 0.025337571278214455
19 0.21434464 0.         0.40852648 0.11795616 0.025332745164632797
24 0.42758107 0.76440436 0.88258356 0.9365918  0.02531733363866806
22 0.11075484 0.         0.41621396 0.07079421 0.025300825014710426
19 0.26845625 0.         0.46173626 0.11776195 0.025210894644260406
28 0.         0.25276738 0.07922676 0.330192   0.025128724053502083
24 0.6688317 0.311644  0.9565156 0.6119045 0.025090862065553665
28 0.         0.2797102  0.07896124 0.3570869  0.025011420249938965
6 0.12970333 0.         0.38403046 0.12015042 0.024984868243336678
38 0.         0.28106156 0.07861323 0.35462224 0.02492249570786953
22 0.         0.30288744 0.07426123 0.38472748 0.024828478693962097
38 0.         0.23930721 0.05703663 0.33916917 0.02478855475783348
38 0.         0.21237221 0.05707497 0.31230864 0.02473343349993229
22 0.25491467 0.         0.48825437 0.10297694 0.024698588997125626
19 0.1616982  0.         0.35544288 0.1182394  0.024507597088813782
6 0.00136858 0.00254732 0.1174292  0.26168793 0.024446601048111916
6 0.3471206  0.         0.5992586  0.12012177 0.02423008158802986
6 7.5149537e-06 3.9140582e-02 1.5438667e-01 2.1959145e-01 0.024118361994624138
22 0.21655568 0.         0.52383137 0.07075024 0.024102862924337387
38 0.         0.0059644  0.1551624  0.07444429 0.02409939654171467
24 0.7473679  0.3470628  0.9593272  0.74416864 0.024072976782917976
38 0.         0.17343757 0.0780976  0.24817851 0.02406836487352848
22 0.         0.2869218  0.05449355 0.40071225 0.024033868685364723
19 0.32229453 0.         0.51478976 0.11776765 0.02402351424098015
25 0.16297203 0.5799887  0.8157852  0.92984104 0.023947345092892647
22 0.00196126 0.20415883 0.14500384 0.36678487 0.023791223764419556
22 0.14270777 0.         0.46191844 0.29745597 0.02375131845474243
38 0.         0.1857024  0.05730397 0.28547478 0.02337702549993992
22 0.36095437 0.         0.59387827 0.10248632 0.023310521617531776
28 0.         0.22604927 0.07940328 0.30345187 0.02323669195175171
38 0.09844889 0.29792655 1.         0.6558495  0.02317662350833416
22 0.32296738 0.         0.62922657 0.07086967 0.02312719263136387
25 0.         0.40332562 1.         0.88191    0.023035774007439613
28 0.         0.26423964 0.05730361 0.37114286 0.022871902212500572
28 0.         0.2372935  0.05758779 0.34413505 0.02286677248775959
5 0.         0.01851303 0.6463347  1.         0.02281607873737812
6 0.31132528 0.         0.6370975  0.08385766 0.02280701883137226
40 0.5500172  0.16942762 0.97237337 0.6959313  0.022663094103336334
6 0.00434657 0.02708138 0.08418372 0.3813724  0.022621886804699898
24 0.         0.62205887 0.7527309  0.9004403  0.022587519139051437
38 0.         0.21226296 0.15441605 0.36737043 0.02253364957869053
40 0.30655706 0.11990919 1.         0.6506457  0.02250913344323635
28 0.         0.21474491 0.04005012 0.37008244 0.0224984772503376
38 0.         0.2665073  0.05736572 0.36601174 0.022496694698929787
6 0.19868863 0.         0.5303535  0.08383984 0.02234695851802826
6 0.03847032 0.30487567 0.29694235 0.73492646 0.022241154685616493
24 0.8378285  0.00282853 0.99954957 0.1317278  0.02204522117972374
19 0.3481182  0.         0.595053   0.08230958 0.021691495552659035
6 0.         0.         0.15307973 0.168558   0.021666167303919792
28 0.         0.45037425 0.41333136 0.9605544  0.021647216752171516
6 0.0910655  0.         0.4227111  0.08426934 0.02164025790989399
28 0.5444721  0.03169034 0.98333883 0.39046606 0.021628720685839653
38 0.9244921  0.02646255 0.99718803 0.12541647 0.021542981266975403
5 0.25248364 0.22312553 0.82220316 1.         0.021441150456666946
38 0.         0.159202   0.05757829 0.2586996  0.02138698473572731
19 0.37659374 0.         0.5687063  0.11797865 0.021170221269130707
28 0.         0.21065977 0.05780478 0.3172742  0.02114516869187355
38 0.         0.00395974 0.11262126 0.10514183 0.021141687408089638
28 0.         0.1245584  0.11737049 0.3508927  0.020983193069696426
7 0.32747263 0.16941218 1.         0.98770064 0.020966090261936188
22 0.00068381 0.         0.14904529 0.30611408 0.020912859588861465
38 0.         0.06865138 0.11449822 0.29151893 0.02089676260948181
38 0.         0.21771733 0.04003031 0.3591566  0.02086068131029606
28 0.         0.19950522 0.07957893 0.27672487 0.02085678093135357
24 0.54779065 0.7795997  0.99170506 0.9560387  0.020850244909524918
22 0.         0.         0.14571597 0.07203276 0.020766330882906914
22 0.         0.         0.10437064 0.10737174 0.020710619166493416
22 0.         0.         0.14163966 0.15388685 0.020686075091362
25 0.         0.1206837  0.14328036 0.25997588 0.020653994753956795
6 0.         0.         0.30938834 0.16759247 0.020624477416276932
28 0.00157058 0.213188   0.15624212 0.37138075 0.02061798982322216
33 0.18096654 0.0120413  0.45102662 0.10662092 0.020567964762449265
28 0.65562123 0.07193189 1.         0.33911273 0.020533207803964615
19 0.94965637 0.         0.98886174 0.08423783 0.02051427774131298
22 0.06352714 0.         0.38094792 0.29889467 0.020321615040302277
38 0.20354745 0.         0.69774425 0.21311042 0.020245956256985664
28 0.00060199 0.30658594 0.0786771  0.3842043  0.02023296430706978
24 0.93556297 0.10379197 1.         0.21315852 0.020213473588228226
24 0.         0.25975662 0.07208511 0.32489818 0.02018892578780651
24 0.         0.28621942 0.07209144 0.3515488  0.020186621695756912
40 0.0921168  0.64217705 0.9596275  0.9111016  0.02002737671136856
24 0.         0.24744388 0.05188093 0.33693993 0.019988173618912697
24 0.         0.2294473  0.03585487 0.35886952 0.019955137744545937
24 0.10334618 0.5531938  0.630797   0.85914135 0.019877776503562927
24 0.         0.27393785 0.05180009 0.36371964 0.01987547241151333
40 0.44566396 0.28713086 0.9974611  0.5852419  0.019867094233632088
28 0.4881401  0.11755799 0.9593301  0.71051764 0.019571222364902496
24 0.         0.18077058 0.66219103 0.78840405 0.01957077719271183
25 0.         0.1457516  0.10704234 0.34911707 0.01943897269666195
38 0.19042954 0.08712509 1.         0.62099195 0.01940339244902134
19 0.93062055 0.         0.98487306 0.05790946 0.019363800063729286
38 0.61410534 0.10903493 1.         0.7572937  0.01922960765659809
38 0.7459277  0.03631962 1.         0.39850423 0.01922651194036007
22 0.05196597 0.29694727 0.60842085 0.8071411  0.01919081062078476
33 0.09030498 0.00830909 0.4293942  0.07549178 0.01912594400346279
28 4.4933957e-05 2.9084879e-01 5.7234284e-02 3.9815930e-01 0.01910938322544098
4 0.0807133  0.3263421  0.77238345 0.8062521  0.019106760621070862
25 0.         0.26079735 0.07380619 0.33037734 0.019062038511037827
28 0.         0.18425712 0.05806379 0.29031387 0.01904262602329254
22 0.         0.26524764 0.03844536 0.43057752 0.019030870869755745
19 0.33681458 0.2938945  0.9226095  1.         0.018977215513586998
28 0.32038435 0.00695093 0.5460575  0.10455002 0.01897222362458706
24 0.         0.23313932 0.07214275 0.29809162 0.018937963992357254
6 0.0327906  0.         0.51590896 0.2281632  0.018901776522397995
22 0.00181268 0.         0.3013555  0.31817394 0.018844736739993095
24 0.         0.22098537 0.05196954 0.31005025 0.018825141713023186
28 0.00106956 0.10522937 0.15923715 0.26436028 0.018796488642692566
25 0.        0.7475597 0.8974911 0.9625286 0.018747732043266296
24 0.12815918 0.6466443  0.63481015 0.92789125 0.018729059025645256
22 0.         0.         0.10780401 0.2526122  0.018696848303079605
24 0.7029767  0.57782614 0.95797825 0.9614142  0.01866271160542965
25 0.         0.28764683 0.07460456 0.35711724 0.018652593716979027
28 0.21412496 0.0064576  0.44088045 0.10407323 0.018646052107214928
38 0.00135297 0.05045535 0.15117371 0.20773192 0.018638301640748978
22 0.05652636 0.3931603  0.43327537 0.91996807 0.018630266189575195
22 0.00497205 0.03733026 0.1456961  0.20986436 0.0185902900993824
28 0.         0.17295404 0.07978395 0.24988668 0.01853196695446968
22 0.07852822 0.         0.5182574  0.20261374 0.018486082553863525
24 0.02430092 0.35170412 0.5914324  0.75929046 0.018480626866221428
25 0.         0.2339827  0.07321536 0.3036984  0.018339363858103752
38 0.         0.30875686 0.07972431 0.38130787 0.01828589104115963
22 0.         0.03174014 0.07800236 0.3790274  0.018268393352627754
25 0.12945555 0.03832517 0.4473707  0.29425576 0.018192315474152565
6 0.         0.         0.11547169 0.11715741 0.018180226907134056
35 0.00983358 0.15891886 0.14709124 0.32410976 0.018055180087685585
22 0.         0.         0.07518759 0.15062799 0.018021032214164734
40 0.24718493 0.5065545  0.7919478  0.91425365 0.017875298857688904
33 0.2883111  0.01297807 0.5585274  0.10656758 0.017856018617749214
28 0.         0.26416028 0.5087338  0.9544113  0.017771361395716667
25 0.         0.2260899  0.14670576 0.3686937  0.017761152237653732
27 0.5723467  0.22760463 0.90232116 0.74118763 0.01760796457529068
6 0.00257114 0.2589692  0.03962015 0.43507636 0.017547180876135826
6 0.01071035 0.         0.681122   0.17068972 0.017545491456985474
24 0.00346802 0.16936973 0.14429134 0.30285624 0.017438216134905815
13 0.07850525 0.28357032 0.8473346  1.         0.017371682450175285
22 0.         0.         0.2964157  0.15027863 0.017317047342658043
28 0.1302433  0.01307269 0.4731251  0.30099806 0.017279257997870445
25 0.         0.20727268 0.07279265 0.27701983 0.017269162461161613
38 0.         0.00072865 0.08330014 0.29342407 0.01721368543803692
24 0.         0.20646179 0.07222296 0.2712958  0.017142416909337044
24 0.         0.19439934 0.05210203 0.28317553 0.017125573009252548
33 0.10671569 0.04147187 0.487178   0.28657445 0.017113249748945236
33 0.19808008 0.00888939 0.53808725 0.07549253 0.017071150243282318
6 0.00207448 0.         0.08303394 0.15857631 0.01705150492489338
22 0.         0.         0.21427412 0.21321523 0.016979748383164406
40 0.34493536 0.5541231  0.91549766 0.9436835  0.016925301402807236
25 0.         0.2475498  0.05392098 0.34363964 0.016898754984140396
28 0.         0.15781268 0.05828798 0.2631617  0.016838982701301575
4 0.3852814  0.29369533 0.9396332  0.8281787  0.016837777569890022
25 0.         0.27460554 0.05437505 0.37051308 0.01678059622645378
38 0.         0.29418212 0.05795946 0.39327228 0.016703566536307335
38 9.4066375e-01 3.3988952e-04 9.9648976e-01 7.1905948e-02 0.016682272776961327
