38 0.05418073 0.52399516 0.7191116  0.93150544 0.14515115320682526
38 0.03119151 0.39421964 1.         0.864479   0.11418791860342026
38 0.0277359  0.3706936  0.530919   0.90341544 0.0811249241232872
38 0.06871348 0.57268757 0.4232436  0.9460188  0.08067889511585236
38 0.5396382  0.35621056 1.         0.8800824  0.07973778992891312
6 0.03606432 0.24042647 0.436347   0.97527385 0.07588355243206024
41 0.42891866 0.15689257 0.6528431  0.37350535 0.07392141222953796
19 0.01439524 0.49542025 0.89636844 1.         0.07049635052680969
24 0.51199645 0.8469065  0.9834019  0.99619216 0.06932409107685089
41 0.5098385  0.09842975 0.7345941  0.31798768 0.06709205359220505
18 0.25037658 0.         0.5599451  0.2893902  0.06578978151082993
6 0.10281046 0.4675986  0.6842578  0.9563902  0.06508255749940872
24 0.8345286  0.91415834 0.9857788  0.99695235 0.06462611258029938
18 0.3235524  0.         0.64190793 0.29558524 0.06363315880298615
41 0.37618956 0.21385184 0.5970597  0.4249816  0.06298674643039703
38 0.08254555 0.23900399 0.8285308  0.90027386 0.06166982278227806
6 0.04217741 0.5379443  0.36035118 0.8440896  0.0616166889667511
18 0.00369139 0.9039081  0.03987669 0.999231   0.0577152855694294
19 0.03781876 0.29545975 0.66744584 0.9367802  0.05710351839661598
41 0.40996405 0.01393335 0.7225352  0.29151785 0.055835239589214325
41 0.30104062 0.05673851 0.73241067 0.45996216 0.055644892156124115
41 0.06897411 0.02712073 0.38609415 0.29515514 0.05555811524391174
6 0.04113899 0.5172434  0.46859488 0.9729761  0.05529499053955078
18 0.16978584 0.         0.47550458 0.2886012  0.05409044027328491
18 0.32820573 0.         0.72111315 0.4872096  0.05397769808769226
41 0.25671917 0.01775639 0.5678021  0.2972108  0.05379468575119972
41 0.18345407 0.02318097 0.4865551  0.29267266 0.05369715020060539
18 0.37765607 0.17730989 0.60200113 0.42524236 0.05310763046145439
41 0.55977476 0.07049076 0.7882688  0.2889605  0.052800100296735764
41 0.00243997 0.00115454 0.23993577 0.07908742 0.05267126485705376
1 0.05197851 0.04797531 0.5191119  0.97996503 0.05261870101094246
18 0.04877131 0.         0.6816778  0.41758662 0.0525784008204937
41 0.         0.00309874 0.31558895 0.1547599  0.05206230282783508
41 0.07285243 0.00900953 0.5050638  0.20896295 0.0519367940723896
28 0.4722461  0.8260635  1.         0.99681956 0.05178125947713852
18 0.00409469 0.9289663  0.05597007 0.99841475 0.0510682538151741
10 0.31684363 0.5726569  0.81991667 0.9949571  0.05062133073806763
18 0.3992477 0.        0.7226957 0.3011517 0.049752846360206604
18 0.1326767 0.        0.5725958 0.2025511 0.04937218129634857
18 0.00444845 0.9448931  0.07908928 0.99909234 0.04899216070771217
24 0.37277544 0.9132301  0.66880256 0.99753857 0.04863734915852547
1 0.07199204 0.         0.36135152 0.33096325 0.048539310693740845
41 0.0091114  0.09099469 0.50808257 0.37558293 0.04844171181321144
18 0.01664103 0.         0.5936861  0.28545445 0.048263829201459885
35 0.35984462 0.9076505  0.6584826  0.99582535 0.04810933396220207
27 0.48878908 0.3768574  0.91081506 0.95888704 0.047899894416332245
41 0.         0.0019559  0.2276444  0.21633878 0.046845320612192154
32 0.08476509 0.         0.72708374 0.4138147  0.04676641896367073
38 0.4376491 0.5918085 1.        0.9476237 0.04657387360930443
41 0.42063585 0.24742845 0.717714   0.3878622  0.04649238660931587
25 0.2834979  0.93641764 0.40429792 1.         0.04647161439061165
19 0.3109936  0.37602612 0.94012415 1.         0.04643648490309715
18 0.3803482 0.2351782 0.5943274 0.482741  0.046150073409080505
41 0.04149381 0.02382917 0.7863668  0.3012301  0.04610569030046463
18 0.42734233 0.11297839 0.6534405  0.3753579  0.04592111334204674
18 0.01144707 0.         0.566226   0.14954358 0.04581752419471741
18 0.01664022 0.         0.35628757 0.17708223 0.0455809123814106
41 0.00099873 0.00636819 0.15808311 0.15858422 0.04558058828115463
18 0.02098226 0.         0.4135863  0.41723204 0.04557899758219719
27 0.35217768 0.59422004 0.7557948  0.9864991  0.045521330088377
35 0.31440023 0.8716851  0.5363062  0.9947891  0.045232415199279785
24 0.46256882 0.79144573 0.8824123  1.         0.04506716877222061
41 0.         0.0023289  0.11218648 0.10959328 0.04425183683633804
38 0.3958921  0.579851   0.8448584  0.95515853 0.04416513442993164
27 0.0276118 0.3404959 0.8020213 0.909014  0.04411634802818298
32 0.00906415 0.         0.15313916 0.07869379 0.044022515416145325
18 0.50459385 0.06972945 0.7288379  0.32261002 0.043843552470207214
32 0.41601482 0.2325116  0.7281695  0.3992089  0.04358484968543053
32 0.326258   0.0135316  0.7408739  0.48109886 0.0430765300989151
24 0.8784991  0.8847742  0.98857254 0.9959184  0.042768314480781555
32 0.00570051 0.         0.11158263 0.1094531  0.04248519614338875
41 0.00605761 0.00755713 0.5989804  0.15343523 0.04243401437997818
18 0.01018214 0.         0.21147554 0.20831308 0.04238089546561241
32 0.01740159 0.         0.3204     0.23159958 0.04233036935329437
18 0.06942132 0.         0.35809806 0.29203546 0.0423191636800766
1 0.00773247 0.2604628  0.75781333 0.8858944  0.042257506400346756
41 0.19184026 0.12306517 0.8191316  0.40108696 0.04211186617612839
41 0.23018764 0.00549367 0.65901667 0.20951572 0.0419505313038826
32 0.50286996 0.07792766 0.7381622  0.32453257 0.04188435524702072
18 0.42885804 0.21860039 0.7138949  0.3981762  0.04177550598978996
18 0.00956912 0.         0.14705272 0.2929394  0.04175201430916786
6 0.09216243 0.58935714 0.8241706  0.9299689  0.04159637540578842
27 0.29730478 0.39623338 0.86069727 0.9284237  0.04148174077272415
18 0.28814512 0.         0.7342729  0.20980231 0.04145635664463043
18 0.00440863 0.         0.03884585 0.07679401 0.041179679334163666
16 0.07707448 0.6454937  0.6366135  0.94351435 0.04106321185827255
42 0.07075183 0.00157059 0.36703825 0.3035239  0.04097311571240425
1 0.00679927 0.         0.35897252 0.1987316  0.04086169973015785
25 0.2299978 0.9355299 0.3509707 1.        0.04082205891609192
18 0.00743558 0.0298424  0.1058667  0.26339388 0.04080284386873245
1 3.1361898e-04 0.0000000e+00 4.5435584e-01 3.7588418e-01 0.04076221212744713
18 0.00930337 0.         0.14787504 0.15239601 0.040142182260751724
32 0.46622998 0.20551379 0.7817214  0.37217936 0.04010920971632004
41 0.50931203 0.1597046  0.73035735 0.36365327 0.03983338922262192
32 0.01023348 0.         0.1581148  0.15865031 0.039816197007894516
41 0.37314016 0.27010164 0.5955639  0.47102046 0.0397556908428669
6 0.15649378 0.34213725 1.         0.8878472  0.03971397131681442
18 0.00691495 0.         0.10673954 0.10400562 0.03961809352040291
18 0.00644207 0.         0.0756461  0.14748979 0.03955860808491707
32 0.00569319 0.         0.11402466 0.21596919 0.03955470770597458
27 0.02583224 0.52514637 0.77543396 0.9912067  0.03954098001122475
25 0.30727327 0.88056356 0.5408726  0.9962047  0.039536040276288986
18 0.01002815 0.         0.14898674 0.07453126 0.039521824568510056
41 0.39114898 0.27478153 0.6875416  0.41193473 0.03946015611290932
18 0.0103417  0.09677994 0.14656137 0.26085815 0.03924230486154556
24 0.87859803 0.00921603 0.9908657  0.11266773 0.03918834775686264
32 0.03440426 0.         0.4463117  0.41678926 0.03909066691994667
18 0.00551857 0.         0.05405777 0.05298982 0.038917992264032364
18 0.00890134 0.09051117 0.5068849  0.45814073 0.038506124168634415
32 0.00544561 0.9445395  0.08384766 0.9976147  0.03830191120505333
32 0.08531721 0.00675958 0.38335112 0.29907644 0.03827372565865517
42 0.028029  0.        0.431178  0.4370417 0.03814566135406494
32 0.55465883 0.05055462 0.7932304  0.29542446 0.038078419864177704
32 0.00931176 0.         0.16083868 0.29735535 0.03796343877911568
41 0.47158098 0.21891236 0.77126765 0.3596446  0.037551507353782654
32 0.00442844 0.         0.08001704 0.1526783  0.03743453323841095
18 0.21680371 0.06924187 0.80142826 0.41824928 0.03725367411971092
6 0.05165266 0.32695666 0.7402697  0.8794423  0.03716835752129555
1 0.06757792 0.         0.48304242 0.23577881 0.03712194040417671
16 0.00389688 0.52788544 0.32852387 0.9238576  0.036815349012613297
1 0.01428467 0.         0.5773531  0.16593564 0.036760929971933365
18 0.00775841 0.         0.07509069 0.03765221 0.03672213479876518
1 0.01132751 0.         0.21704176 0.22776589 0.036428745836019516
41 0.00415779 0.20345058 0.49211276 0.47483304 0.03637360408902168
32 0.00348588 0.         0.05423832 0.05598159 0.036362018436193466
41 0.         0.01075907 0.16030578 0.30084053 0.036358390003442764
18 0.01611665 0.         0.2089846  0.4569753  0.036280933767557144
32 0.290421   0.         0.5747118  0.30423748 0.0362643338739872
33 0.        0.3543593 0.7114802 0.8559717 0.03597131371498108
14 0.37313253 0.9085005  0.6706726  0.99691355 0.035761889070272446
32 0.45124197 0.16001913 0.68724114 0.40735963 0.03558531031012535
41 0.00029271 0.00356943 0.11366628 0.21815634 0.03530833497643471
1 0.01313608 0.         0.2278118  0.08221053 0.03530392795801163
26 0.308762   0.0721602  0.71839136 0.4826041  0.03523113206028938
32 0.19779022 0.0005276  0.4898344  0.29975155 0.03520508483052254
25 0.2959494  0.9144143  0.60913026 0.9968752  0.0351829007267952
32 0.17419857 0.         0.58741856 0.21544638 0.0350969024002552
18 0.01169124 0.14909503 0.14389272 0.31490365 0.034882426261901855
1 0.0266171  0.18683481 0.4907246  0.5238046  0.03471776843070984
1 0.30777675 0.         0.7224247  0.21655467 0.03467288985848427
32 0.00531617 0.         0.07533731 0.04042105 0.03466183692216873
32 0.0363796  0.         0.5969298  0.15724932 0.03463536873459816
1 0.04758487 0.55511075 0.8538258  0.94994324 0.0345986969769001
1 0.00890388 0.         0.15014681 0.1664022  0.03451308608055115
18 0.48523942 0.18880872 0.7657562  0.37208596 0.03413219749927521
41 0.49875525 0.1927074  0.79966784 0.33406705 0.033932264894247055
31 0.56294525 0.34428704 1.         0.9336254  0.033876921981573105
41 0.00095824 0.00203868 0.07993636 0.15424497 0.033823784440755844
18 0.00918977 0.13253663 0.10333143 0.37329534 0.03381296619772911
38 0.34812427 0.8336802  1.         0.991301   0.03371528163552284
27 0.29877612 0.83167017 0.86150634 0.9917786  0.033669669181108475
42 0.18653937 0.00112078 0.47356477 0.31645748 0.03357074409723282
32 0.37531683 0.2455216  0.6047276  0.48108897 0.033560607582330704
32 0.00397006 0.92781335 0.05896731 0.99691755 0.03342457860708237
38 0.05938356 0.5784423  0.3413673  0.83885103 0.032991278916597366
18 0.01189544 0.         0.14693408 0.52890533 0.0328461155295372
26 0.00014311 0.0021785  0.03821308 0.0779922  0.032836392521858215
32 0.00226975 0.         0.0392323  0.08009591 0.032794706523418427
16 0.01457887 0.5615578  0.26675573 0.81721073 0.03248104453086853
1 0.01806319 0.05509501 0.3098113  0.3809733  0.03246823698282242
42 0.01764407 0.00468332 0.362229   0.1912535  0.03236183151602745
38 0.27964863 0.49877337 1.         0.918349   0.03233497589826584
1 0.00528903 0.         0.10764512 0.11283973 0.03214824199676514
38 0.37281278 0.9113021  0.67994237 0.99774396 0.03213924542069435
18 0.01938133 0.03362324 0.2929183  0.36125615 0.032109539955854416
1 0.5663129  0.05733854 0.7725604  0.2986741  0.0320354588329792
26 0.00151973 0.00476915 0.07382254 0.15403369 0.03196455165743828
32 0.00250896 0.9019195  0.04165699 0.99832857 0.031874533742666245
33 0.        0.5267574 0.6703584 0.9429047 0.031862836331129074
35 0.25448796 0.90620995 0.5574065  0.99606365 0.031772058457136154
1 0.17513742 0.         0.46626237 0.3317119  0.03176787495613098
1 0.02016826 0.01185878 0.22185677 0.4806555  0.03172522410750389
26 1.1663755e-04 9.9519920e-03 1.0256914e-01 2.1696936e-01 0.03148452192544937
26 0.         0.00683547 0.10522688 0.10916766 0.031451258808374405
1 0.00985834 0.         0.15381725 0.3149086  0.03134597837924957
42 0.08166977 0.         0.4765236  0.2261238  0.031317099928855896
28 0.35356256 0.90491843 0.6833205  0.9947249  0.03129224106669426
41 0.00022638 0.00078428 0.05556318 0.05534139 0.031289681792259216
38 0.04233191 0.23406139 0.4037782  0.8728946  0.031181899830698967
41 0.00517588 0.9335671  0.05782144 1.         0.031062524765729904
18 0.5565514  0.0490232  0.7808145  0.29830235 0.030987560749053955
32 0.4304276  0.         0.7336148  0.31029436 0.0309671051800251
19 0.30912498 0.5764555  0.7182676  1.         0.030948767438530922
32 0.5524352  0.13959394 0.7861073  0.3748945  0.030947202816605568
41 0.00918395 0.94807744 0.08309214 1.         0.03083023801445961
25 0.         0.21259087 0.1543416  0.3746967  0.030820030719041824
42 0.03565135 0.         0.6133948  0.32114697 0.030675634741783142
31 0.422511   0.57335657 0.85935277 0.94910496 0.030650828033685684
25 0.         0.2678636  0.15358663 0.42824373 0.030402768403291702
1 0.4116157 0.        0.7081473 0.3093285 0.030151495710015297
18 0.21342817 0.9281285  0.313459   1.         0.030139323323965073
32 0.00826135 0.00876765 0.2289057  0.4498799  0.030061181634664536
27 0.34267762 0.9077278  0.63224477 0.99409133 0.030037444084882736
1 0.0198214 0.        0.6022868 0.3122668 0.030024347826838493
41 0.00341585 0.11256433 0.15923393 0.26323625 0.029881551861763
1 0.02482411 0.16273685 0.3120138  0.48003003 0.029857583343982697
26 0.00167115 0.01218395 0.14514779 0.15862626 0.02981451153755188
32 0.00769988 0.05471595 0.3214882  0.3629254  0.029658515006303787
41 0.00266083 0.9111662  0.04040688 1.         0.029627161100506783
1 0.5135675  0.08886809 0.7195967  0.3328481  0.029596537351608276
38 0.25405937 0.26939148 0.9872867  0.8675412  0.029593363404273987
41 0.00170918 0.0004651  0.07801612 0.03981269 0.029588082805275917
6 0.09691173 0.6477199  0.42848414 0.9797867  0.029521046206355095
26 0.         0.01062844 0.29410994 0.15367551 0.029233772307634354
26 0.05358943 0.03964974 0.6855523  0.42931122 0.02920202724635601
26 0.         0.02195491 0.14153664 0.29449964 0.02918407693505287
25 0.         0.32264075 0.15347548 0.48158514 0.029149150475859642
1 0.04655157 0.         0.52268046 0.5089048  0.029124200344085693
26 0.         0.00599025 0.14840826 0.07753994 0.029099270701408386
15 0.         0.48126775 0.7008061  0.9530074  0.02908727526664734
18 0.01292222 0.20064262 0.14197114 0.3700516  0.029079336673021317
26 0.00315764 0.90742433 0.03684269 0.998571   0.02905251272022724
32 0.3654804  0.         0.6512218  0.30870557 0.02900882251560688
28 0.5093293  0.37149218 1.         0.9294803  0.02892448753118515
20 4.0051781e-04 5.2655506e-01 6.0541850e-01 9.2862713e-01 0.028913743793964386
1 0.01401468 0.15792593 0.15541112 0.32480434 0.02887437865138054
1 0.00545082 0.         0.10854482 0.22509085 0.02877790480852127
26 0.         0.01334878 0.20683016 0.21472459 0.028717905282974243
42 0.26975575 0.00237606 0.5577375  0.32695508 0.028717301785945892
32 0.00849021 0.10299481 0.16214742 0.26144475 0.028709057718515396
1 0.00482188 0.         0.07533445 0.15707326 0.02864518202841282
1 0.01610761 0.21158929 0.15465017 0.3778722  0.02856246754527092
24 0.24514244 0.83705413 0.8732438  1.         0.02845638059079647
25 0.         0.15922269 0.15520467 0.32105044 0.028440985828638077
29 0.0240065  0.65392715 0.8208218  0.9995912  0.02829163707792759
42 0.0153367  0.         0.22433126 0.30744344 0.02826193906366825
18 0.00870642 0.23838302 0.10243095 0.482985   0.028238749131560326
16 0.00278453 0.39608076 0.6165803  0.83780104 0.02823239006102085
1 0.2400568 0.        0.8120973 0.1547861 0.02823002263903618
1 0.32648322 0.         0.6249305  0.31433904 0.02819475345313549
1 0.00299494 0.         0.03745152 0.07899205 0.028178196400403976
14 0.48472816 0.82282966 1.         1.         0.02811259776353836
32 0.00332014 0.09060358 0.11505371 0.31941172 0.027963992208242416
25 0.         0.26086667 0.11072341 0.49116477 0.02795071341097355
28 0.8301029 0.9057181 1.        0.9982875 0.02794499136507511
1 0.01755798 0.264393   0.15365316 0.43092984 0.027886763215065002
1 0.01172742 0.10340325 0.15433463 0.27200156 0.027872184291481972
25 0.18445815 0.9134061  0.50153834 0.9984295  0.027773821726441383
32 0.21886608 0.08347308 0.8449173  0.42428592 0.027755199000239372
30 0.        0.5402769 0.795487  0.9958899 0.027687275782227516
41 0.47874412 0.21272136 0.7009785  0.41518643 0.027631569653749466
25 0.        0.1588973 0.3157696 0.4805867 0.027603035792708397
18 0.43325543 0.22786884 0.6423793  0.4902653  0.02760295569896698
32 0.21192151 0.9320487  0.325319   0.9955826  0.02754700928926468
41 0.         0.00043861 0.03947453 0.08004729 0.027449211105704308
26 0.00433278 0.947432   0.07264182 0.9983739  0.027438389137387276
42 0.06366242 0.         0.6962402  0.45847484 0.027381444349884987
32 0.00581326 0.15795006 0.1578512  0.31550342 0.027276579290628433
41 3.7209606e-01 7.5760524e-04 8.0874318e-01 2.0446140e-01 0.02724825032055378
25 0.         0.         0.23138405 0.2928913  0.02723628655076027
42 0.00297564 0.9431063  0.08093885 0.99720216 0.027213195338845253
1 0.0743248  0.40697408 0.6874735  0.9621383  0.027203096076846123
26 0.00045344 0.16463394 0.09533261 0.37434092 0.0271206833422184
18 0.17615171 0.16837025 0.7455454  0.5420051  0.026979191228747368
36 0.11333089 0.61484414 0.70588726 0.9860901  0.026944655925035477
1 0.01777292 0.31787878 0.15315336 0.4835523  0.026887759566307068
42 0.00688445 0.04246563 0.31248546 0.36615434 0.026871375739574432
16 0.02659149 0.32636437 0.40107062 0.894049   0.026858719065785408
1 0.01513829 0.         0.15585542 0.560513   0.026836585253477097
32 0.0018374  0.14575012 0.11220364 0.37434876 0.026825768873095512
26 0.         0.00333552 0.05396804 0.05440283 0.026819050312042236
19 0.00665624 0.16341528 0.4994274  1.         0.026798933744430542
32 0.05006442 0.90634197 0.35347018 0.99677044 0.02666555531322956
25 0.         0.         0.32132778 0.23065135 0.026614809408783913
18 0.49230012 0.17130108 0.69583154 0.43354422 0.026576844975352287
26 0.3675945  0.26275826 0.5862556  0.47595614 0.02650814689695835
26 0.02146421 0.05421402 0.4832186  0.3546336  0.02650386281311512
26 0.00060201 0.22013602 0.09438643 0.42924583 0.026409240439534187
1 0.00414319 0.         0.05293724 0.05547714 0.02638627588748932
18 0.24194032 0.92774844 0.3396317  1.         0.026343561708927155
26 0.00035571 0.10856929 0.09701016 0.31972846 0.026336027309298515
42 0.00269142 0.9054346  0.04096761 1.         0.026323841884732246
25 0.         0.15077363 0.11186633 0.38240495 0.02624697797000408
28 0.24409729 0.82648987 0.88098216 0.9893105  0.02622244507074356
25 0.05164047 0.00803986 0.38526353 0.29596344 0.026137415319681168
41 0.00153853 0.03336622 0.23100531 0.44108337 0.02612728625535965
41 0.1991978  0.00486181 0.8300775  0.14634293 0.026033105328679085
1 0.4853609  0.21556595 0.7673906  0.3777873  0.026022525504231453
18 0.01287149 0.25313032 0.14094284 0.42500207 0.02597673237323761
26 0.26620194 0.0469833  0.5614613  0.3177826  0.025961128994822502
27 0.12579031 0.4000336  0.70983946 0.71044815 0.025792494416236877
18 0.01245293 0.3066648  0.14038879 0.478743   0.02578466385602951
26 0.37810603 0.2710668  0.67038995 0.41822502 0.025782063603401184
41 0.14449883 0.23151886 0.74144495 0.49205345 0.02578066475689411
18 0.5472664  0.14337915 0.748155   0.4083141  0.02575088106095791
38 0.698266   0.00395995 1.         0.13494171 0.025745930150151253
16 0.02041115 0.54378873 0.52990234 0.92916405 0.025676598772406578
26 0.33621648 0.04628282 0.6463176  0.31902507 0.02563232183456421
26 3.3686639e-04 2.7496681e-01 9.4455682e-02 4.8263943e-01 0.025625739246606827
42 0.03021869 0.00525497 0.5637606  0.16805993 0.025555085390806198
28 0.8462277  0.         1.         0.27235973 0.02553717978298664
1 0.07506786 0.51411414 0.3546061  0.8164633  0.025522008538246155
41 0.         0.07603239 0.31818193 0.3556049  0.025474879890680313
38 0.63961303 0.21970679 1.         0.8213202  0.025448154658079147
1 0.24956892 0.         0.54889536 0.32102352 0.025436921045184135
1 0.00642672 0.         0.07455765 0.0397584  0.02539009042084217
18 0.02329667 0.12684023 0.2865792  0.4760842  0.025379445403814316
26 0.49895418 0.10848936 0.72267985 0.31736302 0.025366825982928276
32 0.00524804 0.         0.16026446 0.53570783 0.025365300476551056
35 0.35256806 0.7726836  0.80139875 0.9971001  0.025332139804959297
