21 0.12323151 0.00500464 0.6211279  0.30907455 0.23724566400051117
21 0.05242925 0.02326579 0.70477384 0.23436473 0.18425416946411133
41 0.28998783 0.06447588 0.94079876 0.23116796 0.1731671541929245
10 0.         0.         0.91687196 0.29711044 0.15838800370693207
21 0.16535856 0.         0.82409537 0.2138178  0.15768291056156158
21 0.        0.        0.8413878 0.3009937 0.06879759579896927
41 0.14994973 0.03689419 0.84408754 0.2951346  0.06188910827040672
41 0.40855503 0.06094563 0.86601746 0.29721192 0.0587952621281147
18 0.14182366 0.         0.6014154  0.26271245 0.055333275347948074
41 0.2456141  0.0470557  0.6626816  0.31016296 0.04871797189116478
32 0.26839048 0.         0.76876223 0.24231546 0.04112236201763153
41 0.23916955 0.0249109  1.         0.31983867 0.03151976317167282
18 0.21165785 0.         0.7714599  0.25843632 0.028956588357686996
10 0.         0.01582731 1.         0.43230265 0.028573596850037575
1 0.25539282 0.         0.98867434 0.28289878 0.0250216256827116
32 0.33824074 0.         0.68287444 0.45030126 0.02226674184203148
41 0.33161274 0.04499453 0.8738024  0.19589251 0.022261809557676315
24 0.24861214 0.05131788 0.8214187  0.25338078 0.022172486409544945
18 0.12405004 0.         0.9856096  0.36311337 0.01659942790865898
24 0.3840155  0.02749726 0.95871043 0.23386875 0.016496526077389717
18 0.2635401  0.         0.61952156 0.32787198 0.016471154987812042
10 0.14038157 0.         0.7288955  0.35464492 0.01634998992085457
41 0.21893004 0.         0.6928459  0.37986553 0.015570554882287979
10 0.22441112 0.         0.7310516  0.27461746 0.015532983466982841
21 0.2751932  0.02933077 0.5653623  0.20278506 0.013793054036796093
18 0.14685504 0.         0.75108856 0.34636524 0.013693133369088173
1 0.28094658 0.         0.75990117 0.32022396 0.012114722281694412
18 0.31967542 0.         0.8265668  0.32764357 0.011885744519531727
18 0.25818884 0.         0.60348547 0.41760147 0.01056614238768816
21 0.23659238 0.04581176 0.51819146 0.33068758 0.01048678532242775
7 0.18280824 0.00336174 0.7710542  0.38468722 0.010077417828142643
32 0.19124143 0.         0.93131256 0.39341468 0.009748512879014015
33 0.12718493 0.01482803 0.6433658  0.37614956 0.00955334771424532
32 0.13636307 0.         0.7982801  0.32217366 0.009553023613989353
42 0.42385846 0.         0.95369184 0.25193074 0.00922259408980608
18 0.15973291 0.         0.48052788 0.40774107 0.008667782880365849
18 0.10921723 0.         0.7106825  0.6029549  0.007881109602749348
32 0.2601158  0.         0.7607404  0.50729257 0.007804255001246929
41 0.36676633 0.07513788 0.65845174 0.28190985 0.0077012041583657265
1 0.36436352 0.         0.8902598  0.41361046 0.007170584052801132
32 0.35844228 0.         0.84334433 0.19210823 0.006851640995591879
7 0.20201866 0.         0.6992796  0.22481173 0.006827522534877062
18 0.942076   0.         0.9965125  0.06727893 0.0067598880268633366
18 0.9262597 0.9151573 1.        0.9892265 0.006628217175602913
18 0.01071301 0.93616825 0.06534042 0.9834009  0.006382744759321213
18 0.3028971 0.        0.931839  0.6069458 0.0062665981240570545
41 0.16628447 0.         0.5528871  0.43694606 0.005791812669485807
41 0.955704  0.9387375 1.        1.        0.005648208782076836
32 0.3764061  0.         0.650002   0.22067872 0.005631729029119015
41 0.4314229 0.8701161 0.6435543 1.        0.005479300860315561
41 0.32758763 0.87212974 0.5481313  1.         0.00546716945245862
18 0.8758153  0.         1.         0.08994895 0.005346312187612057
41 0.53039926 0.8765031  0.7432878  1.         0.005168619565665722
41 0.5865229  0.8772593  0.79453325 1.         0.005110064055770636
21 0.01987658 0.         0.80718124 0.56352466 0.0050613465718925
7 0.148989   0.00437431 0.61203456 0.3078136  0.004903442692011595
41 0.64587015 0.87695235 0.8480929  1.         0.004895440768450499
10 0.14047065 0.         0.7650964  0.49643144 0.004837168846279383
18 0.06752238 0.         0.5237929  0.5002599  0.004734874702990055
24 0.12610924 0.10154251 0.7902892  0.28097513 0.0046976422891020775
33 0.03695903 0.04221863 0.80378157 0.3304591  0.004669866058975458
21 0.30035272 0.         0.87217706 0.2896276  0.004599482752382755
7 0.3161247  0.         0.77995193 0.2686362  0.004481385927647352
19 0.02462997 0.         1.         0.16374026 0.0044259862042963505
18 0.8998328  0.         1.         0.12821427 0.0041304766200482845
41 0.21678711 0.87140435 0.4378279  1.         0.004094004165381193
41 0.70326114 0.8760839  0.90457726 1.         0.004049964714795351
41 0.16267614 0.8719745  0.3816282  1.         0.004045430105179548
33 0.         0.00949549 0.9435063  0.39078832 0.003994668833911419
2 0.0373969  0.         0.5614265  0.25830898 0.003866584738716483
41 0.3156127  0.7638793  0.77250654 1.         0.0038077780045568943
42 0.31168967 0.00722605 0.8643968  0.19960345 0.0037188930436968803
18 0.3642937  0.02647062 0.5799875  0.24545935 0.003715353785082698
33 0.20736685 0.01693679 0.81727785 0.28320536 0.0036458242684602737
41 0.17132866 0.02489248 0.8959222  0.4845403  0.0035428721457719803
42 0.26476315 0.         0.69914526 0.3554825  0.0033964836038649082
41 0.2595799  0.8304156  0.91601837 1.         0.00338707584887743
21 0.06613983 0.01108016 0.81891155 0.13783826 0.0033150403760373592
18 0.8843784  0.83884424 1.         0.9925007  0.003189056646078825
42 0.30704   0.        1.        0.3633931 0.003168252296745777
41 0.0385301  0.90560925 0.17121157 1.         0.0031509562395513058
18 0.0207531  0.85493886 0.12580378 0.97575617 0.0031324303708970547
18 0.8488066  0.88219446 1.         0.9903426  0.0031209904700517654
41 0.24675263 0.08645012 1.         0.5995964  0.0031081209890544415
18 0.02032455 0.8097194  0.09346998 0.965087   0.003054195549339056
1 0.2809435  0.         0.55334514 0.34737742 0.003052028128877282
10 0.09422012 0.         1.         0.1975617  0.0029532266780734062
10 0.        0.        1.        0.7504133 0.0029521051328629255
42 0.         0.930729   0.06153187 0.990966   0.0029314530547708273
17 0.2393952  0.10361966 0.5472251  0.28091604 0.0028567558620125055
16 0.26299968 0.00116032 0.6121846  0.17660284 0.002841061679646373
42 0.23727293 0.02958862 0.8238377  0.27606744 0.0026393423322588205
7 0.19053955 0.01203712 0.49564654 0.35425526 0.00254912581294775
32 0.3949581  0.         0.85567355 0.35470226 0.0025388814974576235
24 0.29442182 0.05058759 0.8209305  0.18357244 0.0024767834693193436
41 0.36364448 0.7070461  0.68344027 0.98574203 0.0024496803525835276
41 0.06348601 0.87045056 0.27466473 1.         0.0024318182840943336
41 0.49349558 0.02049809 0.9897222  0.300984   0.002330976305529475
41 0.4755924  0.7700684  0.90484804 1.         0.0023218286223709583
41 0.76201624 0.8754579  0.96352553 1.         0.0023155638482421637
25 0.         0.         1.         0.12075239 0.0023135384544730186
2 0.1298525  0.         0.55074584 0.20272477 0.0023010289296507835
41 0.01840328 0.9319568  0.06500521 1.         0.0022899601608514786
21 0.196343   0.04389945 0.69989645 0.3482019  0.002252649050205946
19 0.         0.02716655 1.         0.21888344 0.002237373497337103
41 0.9056098  0.91840947 1.         1.         0.0022177724167704582
7 0.22330262 0.         0.5387385  0.27475017 0.0021529339719563723
18 0.02303214 0.892807   0.17880343 0.9834009  0.0021371990442276
16 0.2068941  0.0179347  0.44539693 0.21995807 0.0021222890354692936
18 0.2563008 0.        1.        0.7768263 0.0020887330174446106
10 0.         0.94245875 0.08221783 0.9947455  0.0020535094663500786
1 0.29068545 0.         0.93446594 0.22421774 0.002049953443929553
41 0.36376187 0.07936787 0.8662921  0.41907954 0.002007380360737443
42 0.54288757 0.00218665 1.         0.27267435 0.0020009721629321575
18 0.19195786 0.         0.6685308  0.50032383 0.0019006419461220503
41 0.16614676 0.75919515 0.61517465 1.         0.0018537548603489995
41 0.399748   0.03520556 0.73548096 0.3731483  0.0017374844755977392
16 0.26894593 0.03736745 0.5124024  0.17813325 0.001727646915242076
4 0.         0.01801986 1.         0.39473614 0.0017167436890304089
18 0.02497326 0.84440994 0.22388627 0.9789022  0.00171586312353611
18 0.04811348 0.7677992  0.5194115  0.9783878  0.0017045022686943412
18 0.23425095 0.8166808  0.502446   0.98856306 0.0017043118132278323
7 0.36872315 0.         0.86319816 0.38796127 0.0016938343178480864
24 0.15602587 0.12589888 0.57232285 0.3147341  0.001617181347683072
42 0.37107375 0.00584377 0.75323933 0.25803375 0.0015105563215911388
18 0.07763682 0.57440716 1.         0.9637815  0.0015013143420219421
41 0.11857466 0.         0.59756845 0.59897536 0.0014735740842297673
41 0.9289628  0.89363384 1.         1.         0.0014694961719214916
18 0.03480095 0.672498   0.4455773  0.97175807 0.001447367831133306
18 0.07084095 0.         0.47161806 0.8326698  0.0014444967964664102
18 0.03908501 0.7880907  0.37350798 0.9710411  0.001418074476532638
41 0.28577796 0.6329961  0.72546446 1.         0.0013995638582855463
24 0.10185809 0.12288712 0.81495315 0.35839966 0.0013899056939408183
26 0.24821615 0.10583133 0.8591831  0.4507956  0.0013811400858685374
16 0.21813975 0.02091745 0.62874943 0.2344044  0.0013669745530933142
41 0.02712584 0.8694947  0.12545802 1.         0.0013620100216940045
25 0.         0.00376787 1.         0.14756937 0.0013597039505839348
24 0.42668927 0.07162271 0.86607563 0.29555786 0.001339995302259922
18 0.34466937 0.         0.6739847  0.46061727 0.0013102785451337695
18 0.6499056 0.        1.        0.4146632 0.0012978496961295605
41 0.50096273 0.7185191  0.8134031  0.9885694  0.0012772936606779695
41 0.60191405 0.8402204  1.         1.         0.0012732335599139333
18 0.8402826 0.6119296 1.        0.9752394 0.0012617068132385612
1 0.06544797 0.         0.90499145 0.3092069  0.001253625494427979
7 0.44834158 0.         0.9130728  0.3085499  0.0012283447431400418
19 0.         0.02052921 1.         0.21486792 0.0012268562568351626
18 0.2451243  0.6351206  0.7829231  0.98789716 0.0012200882192701101
41 0.5879177 0.7211027 0.8923283 0.9883954 0.0012185273226350546
18 0.04640453 0.25671765 0.36127457 0.7990833  0.0012083039619028568
18 0.04150973 0.13445882 0.575175   0.8787415  0.001207905006594956
18 0.40005696 0.82097    0.65560234 0.98396546 0.0012005914468318224
42 0.2271383  0.02574846 0.9359172  0.4240943  0.001185184926725924
17 0.12770152 0.12008204 0.5359854  0.35882092 0.0011766549432650208
18 0.12830123 0.822247   0.39080375 0.981197   0.001148379291407764
41 0.29409185 0.71175647 1.         1.         0.0011447869474068284
18 0.32508254 0.         0.82016647 0.17541496 0.0011437925277277827
18 0.08086945 0.6462413  0.62610924 0.9851689  0.0011230844538658857
18 0.80250764 0.         1.         0.23403595 0.0011060286778956652
41 0.90759677 0.01107623 1.         0.13259254 0.0011006926652044058
18 0.78834647 0.6989076  1.         0.966625   0.0010817315196618438
18 0.38122332 0.6866429  1.         0.9636996  0.0010759135475382209
16 0.36206254 0.00925636 0.66785955 0.19491768 0.0010744507890194654
10 1.7736217e-01 3.5146077e-05 1.0000000e+00 2.9512328e-01 0.0010639394167810678
41 0.08223759 0.82878405 0.48654574 1.         0.00106036604847759
16 0.2867415  0.06308095 0.44876254 0.25612408 0.0010569310979917645
32 0.3738927  0.         1.         0.44852978 0.0010562071111053228
2 0.14713232 0.         0.4844553  0.29258838 0.0010382452746853232
18 0.19658634 0.7524045  0.94222295 0.9793625  0.0010253441287204623
18 0.56509906 0.82655525 0.81775975 0.9784658  0.001024845172651112
18 0.8938423  0.627029   1.         0.94954234 0.0009899749420583248
41 0.3295726  0.41549242 0.93825126 0.73185045 0.000983474194072187
17 0.10560562 0.08026026 0.543162   0.21253797 0.0009759000386111438
18 0.46390423 0.77451295 1.         0.96696883 0.0009710649610497057
41 0.3357767  0.4276993  0.7721924  0.86328393 0.0009659885545261204
41 0.91501313 0.0709749  1.         0.3265065  0.0009622073266655207
10 0.01838755 0.         0.6835897  0.58432    0.0009416018729098141
18 0.14439581 0.16132142 1.         0.9758283  0.0009299326338805258
18 0.6988867 0.7798125 1.        0.9669546 0.000929664820432663
27 0.         0.03213353 0.8701106  0.32309067 0.0009267892455682158
24 0.12650548 0.12187182 0.47681856 0.26655084 0.0009174543665722013
18 0.23207764 0.5725767  0.6037751  0.9849506  0.0009082627948373556
18 0.24102555 0.03399377 0.55848306 0.3974129  0.0008996747783385217
18 0.6800299  0.832941   0.92074895 0.97370905 0.0008949402254074812
21 0.15575896 0.02490064 0.42109203 0.3958395  0.0008932200144045055
42 0.15702431 0.01067781 0.63898915 0.31834224 0.0008922218112275004
26 0.26120222 0.07100447 0.78423375 0.35382938 0.0008915251237340271
42 0.         0.8656992  0.11577458 0.9933245  0.0008811952429823577
42 0.00700869 0.9015638  0.15793034 0.99300915 0.0008795363246463239
16 0.3167001  0.03443254 0.6771206  0.15685561 0.0008783676312305033
10 0.9155408  0.0045162  1.         0.06009956 0.0008608715143054724
18 0.89501935 0.         1.         0.28737777 0.0008514809305779636
41 0.42843354 0.04332484 1.         0.4459687  0.0008507357561029494
18 0.06531873 0.         0.8042821  0.90435    0.0008470205357298255
42 0.36322293 0.         0.771003   0.41079092 0.0008460709359496832
1 0.34402817 0.         0.6435929  0.31635544 0.000845237635076046
42 0.5414378  0.84809077 0.7873585  0.99865305 0.0008269367390312254
21 0.15077436 0.03919331 0.57452565 0.41879472 0.0008254488348029554
42 0.47651663 0.00759357 0.97809154 0.43192944 0.0008060196996666491
41 0.7022031 0.7798282 1.        1.        0.0008006134303286672
41 0.16211678 0.0783354  0.8873976  0.69342256 0.0007997142965905368
41 0.6764127  0.00349461 1.         0.3554658  0.0007911889115348458
41 0.0240013  0.82146305 0.09462526 1.         0.0007777032442390919
1 0.14383794 0.         0.6469056  0.3036511  0.0007761975866742432
41 0.78360265 0.84283686 1.         1.         0.0007735106628388166
18 0.727048  0.        1.        0.1882526 0.0007611000328324735
41 0.84897095 0.7859864  1.         1.         0.0007593480404466391
18 0.0541774  0.27885935 0.68971914 0.70919794 0.000742497795727104
41 0.05634808 0.7579921  0.2700964  1.         0.0007423380739055574
41 0.08808053 0.66305995 0.48684916 1.         0.0007365202764049172
18 0.03320384 0.5178956  0.5027149  0.97874737 0.0007317531853914261
32 0.20209323 0.         1.         0.7566753  0.0007306906627491117
18 0.21140969 0.45944408 0.71397597 0.9918748  0.0007200864492915571
33 0.19774567 0.01791629 0.9017018  0.17015699 0.0007195135112851858
24 0.22830735 0.15074198 0.48880133 0.33280978 0.0007031969144009054
17 0.23363198 0.06671367 0.6101944  0.22511467 0.0006898792344145477
41 0.29138917 0.18022586 1.         0.75520253 0.0006885171169415116
41 0.87225413 0.04208491 1.         0.3705994  0.0006693883333355188
42 0.6414212 0.8487437 0.8914553 0.9932532 0.0006658058846369386
16 0.14846073 0.01135739 0.37359393 0.18882279 0.0006646045949310064
18 0.02761808 0.6102986  0.19006437 0.9442524  0.0006593877333216369
24 0.21968086 0.10213631 0.6677191  0.34413537 0.0006568916724063456
18 0.0182562  0.3070814  0.44710764 0.8793218  0.0006492988322861493
18 0.15967448 0.22442856 0.8326398  0.68810195 0.0006455541006289423
21 0.05560598 0.         0.50575906 0.49514934 0.0006431550136767328
18 0.78645223 0.         1.         0.32269302 0.000637552235275507
41 0.20917267 0.50466084 0.6650976  0.9412561  0.0006357262027449906
41 0.25634965 0.481068   0.8692442  0.79688567 0.0006345385918393731
18 0.02721486 0.4155653  0.35821792 0.96614504 0.0006269618170335889
10 0.         0.         1.         0.48698303 0.0006258473731577396
41 0.90710145 0.179758   1.         0.43345734 0.0006165415979921818
27 0.05975683 0.00958721 0.92285687 0.25657457 0.0006150290137156844
18 0.894321  0.5104032 1.        0.8463092 0.0006053943070583045
41 0.87385625 0.00162983 1.         0.08943383 0.0005978515837341547
41 0.2801593  0.48592237 1.         0.92925286 0.0005974707892164588
24 0.06608567 0.0820968  0.51076305 0.22032517 0.00058781384723261
4 0.         0.04348191 1.         0.517787   0.0005770142888650298
2 1.8880585e-01 1.8540701e-04 6.2156242e-01 2.8546977e-01 0.0005678481538780034
4 0.03652046 0.         0.69183004 0.45619512 0.0005652393447235227
4 0.        0.0531472 1.        0.3652625 0.0005592702655121684
24 0.31364462 0.08277363 0.5569379  0.278223   0.0005558282718993723
32 0.5171132  0.         0.9395075  0.19731544 0.0005531686474569142
41 0.21672796 0.36804652 0.71062315 0.78045285 0.000550950993783772
41 0.33893114 0.31373993 0.79280144 0.72818714 0.000550908618606627
18 0.03012637 0.67695105 0.2763279  0.9689207  0.0005485527217388153
18 0.24886174 0.21759143 0.75323063 0.86547863 0.0005478700040839612
18 0.43936688 0.49560216 1.         0.9510708  0.0005461506079882383
42 0.         0.82181907 0.08580408 0.9955992  0.0005441110697574914
24 0.56596565 0.04422073 0.97750473 0.14839305 0.0005439277156256139
41 0.622682   0.04548058 1.         0.54076254 0.0005412462051026523
41 0.74069065 0.10586144 1.         0.56333256 0.0005383752868510783
18 0.8964102  0.40975016 1.         0.7483778  0.0005366466357372701
42 0.44078273 0.8518961  0.67564917 0.99781936 0.0005358998896554112
42 0.00225262 0.8590504  0.20299342 0.99435216 0.0005330214044079185
32 0.0159298  0.91652733 0.08486489 0.985259   0.0005178533610887825
19 0.08487239 0.03618425 0.62450266 0.20467295 0.0005159148131497204
41 0.58606434 0.65503097 1.         1.         0.0005056834197603166
41 0.8974373  0.28023177 1.         0.5388864  0.000504263793118298
42 0.5703175  0.00726139 1.         0.19462551 0.0005039019742980599
18 0.06882424 0.         0.26697588 0.21991244 0.0004977189819328487
41 0.16619495 0.42092842 0.83195    0.9330191  0.0004975618794560432
41 0.03425112 0.69430476 0.19192986 1.         0.0004921328509226441
23 0.         0.         0.46537068 0.3512039  0.00048185724881477654
41 0.69167215 0.00692297 1.         0.18725197 0.00047008803812786937
23 0.         0.         0.7700082  0.28823727 0.00046796747483313084
1 0.9275357  0.         0.9897291  0.07326448 0.0004653618671000004
41 0.8029972  0.02001773 1.         0.2509084  0.0004641811829060316
24 0.00153034 0.9379338  0.04621006 0.97164696 0.0004608936724252999
41 0.1485012  0.632398   0.90144616 1.         0.0004498131456784904
18 0.7160224  0.57346123 1.         0.9292722  0.0004475388559512794
18 0.09741054 0.280937   0.6408292  0.9520547  0.0004447659885045141
18 0.06950857 0.         0.33607626 0.41487578 0.00044232115033082664
41 0.7657862  0.02478425 1.         0.43708003 0.00043291025212965906
18 0.8921654 0.3036913 1.        0.6446727 0.0004322380118537694
16 0.25771594 0.03885793 0.4300738  0.3120467  0.0004310340154916048
18 0.3891298  0.         0.87179357 0.46562627 0.0004276400140952319
18 0.08859855 0.         0.35872895 0.15212533 0.00042235589353367686
18 0.88617605 0.20469469 1.         0.56841946 0.0004191228945273906
17 0.30576247 0.15851453 0.49320722 0.3522512  0.0004138693620916456
26 0.20197302 0.12173067 1.         0.3909692  0.00040982794598676264
36 0.15025552 0.03950663 0.8843015  0.20368256 0.00040675580385141075
21 0.91424227 0.00471324 0.985454   0.04153064 0.0004031798162031919
41 0.94410676 0.00377779 1.         0.05945408 0.00040311101474799216
26 0.33491737 0.14398347 1.         0.3704528  0.00040018331492319703
18 0.4079817  0.56287044 0.749102   0.96776026 0.00039979678695090115
18 0.89195234 0.04583501 1.         0.39175168 0.0003973570710513741
1 0.54957515 0.         0.9606238  0.3359936  0.0003904442419297993
41 0.5256978  0.02838498 0.9682853  0.1957221  0.00038929449510760605
10 0.         0.8866604  0.1710391  0.99748576 0.0003867103951051831
41 0.9296344  0.74504805 1.         0.99061203 0.0003865552425850183
10 0.         0.9123112  0.23301364 0.9941069  0.0003822527069132775
42 0.4583024  0.03551532 1.         0.5395273  0.0003793046635109931
5 0.14720418 0.00928424 0.5453646  0.21053635 0.000378878612536937
42 0.7135966  0.00764974 1.         0.26997527 0.00037622699164785445
5 0.07216194 0.         0.7288477  0.1800193  0.00037555009475909173
33 0.217307   0.02234225 0.52128386 0.3561547  0.00037450381205417216
41 0.4514263  0.4372193  1.         0.76711404 0.00037339344271458685
16 0.31815457 0.04137819 0.5050256  0.27921575 0.0003717788204085082
7 0.20630862 0.         0.75253606 0.77843773 0.00037150830030441284
21 0.01148206 0.         0.56437147 0.68701714 0.0003685607807710767
10 0.         0.8500572  0.12560755 1.         0.00036808461300097406
