24 0.         0.00461215 0.17130303 0.07956909 0.11812032759189606
24 0.00056461 0.00528804 0.1236302  0.10666598 0.09234727174043655
18 0.9181872  0.         0.9980437  0.16116066 0.07847993075847626
18 0.91919863 0.06236993 0.9980654  0.15032837 0.0763867199420929
18 0.9195322  0.08824049 0.9976045  0.17800392 0.07594772428274155
18 0.8905929  0.00391155 0.99789554 0.26198208 0.07459254562854767
18 0.918007   0.03673337 0.9982282  0.12267787 0.07417196780443192
18 0.9363843  0.02118376 0.998985   0.14041603 0.07409042865037918
18 0.9363134  0.07297076 0.99893427 0.19549118 0.07360737025737762
18 0.8558647  0.06629997 0.99947184 0.24749935 0.07126858085393906
18 0.852067   0.01471008 0.9986028  0.19134575 0.07098388671875
18 0.9173866  0.0122928  0.9979756  0.09599274 0.068845734000206
18 0.8885477  0.         0.9980828  0.11396978 0.06835665553808212
18 0.8571492  0.11637553 0.99935865 0.3015908  0.06282656639814377
18 0.9181893  0.         0.99796367 0.06946279 0.06250125914812088
18 0.8507734 0.        0.9977768 0.3236943 0.06233179196715355
18 0.9527602  0.         0.9991309  0.08267415 0.060405876487493515
18 0.89161277 0.10330317 0.9981175  0.3742074  0.060164183378219604
18 0.91788757 0.         0.9987073  0.04105026 0.05635395646095276
18 0.9012901  0.         0.9719863  0.08029928 0.055074818432331085
18 0.8464672  0.         0.99693125 0.07937092 0.054480571299791336
18 0.88541794 0.         0.98738897 0.05601185 0.05423881858587265
18 0.80417126 0.         0.99441034 0.17625421 0.05066371709108353
18 0.83949554 0.         0.98103875 0.03991713 0.047816768288612366
18 0.8574603  0.         0.9605799  0.05479497 0.046957843005657196
34 0.         0.00576399 0.14064546 0.07792053 0.04599183797836304
18 0.8745921  0.         0.9450747  0.07915019 0.045817069709300995
1 0.94996023 0.         0.99741    0.14697541 0.04228876531124115
10 2.3195766e-01 2.0917258e-04 3.5774490e-01 5.6776088e-02 0.04020214453339577
41 8.9523172e-01 2.8554918e-04 9.7705448e-01 7.9734750e-02 0.03935162350535393
10 9.109239e-01 5.931616e-04 1.000000e+00 4.020216e-02 0.03907328471541405
6 0.2620958  0.02177344 0.55907214 0.3164369  0.03887975588440895
10 9.3124443e-01 9.8049804e-04 1.0000000e+00 5.5933177e-02 0.03884756937623024
18 0.82741696 0.         0.9336357  0.08171791 0.0387839712202549
1 0.8245937 0.        0.9807241 0.2246523 0.03763602674007416
41 0.9155123  0.0434171  1.         0.12187357 0.03750842064619064
41 0.91420126 0.01628308 1.         0.09425807 0.03727887570858002
10 0.9475167  0.00123596 1.         0.07997219 0.037012405693531036
1 0.9109726  0.         0.99605256 0.1660718  0.03646025434136391
1 0.931709   0.02366737 0.99633753 0.14591338 0.036401309072971344
41 0.8678161  0.         0.9501737  0.07896747 0.03603854402899742
1 0.950069   0.         0.99817306 0.08316961 0.03587916120886803
10 0.9303717  0.00315466 1.         0.11213133 0.03547333553433418
41 0.883454   0.00222597 1.         0.11152999 0.03528371825814247
21 9.0911549e-01 4.4471107e-04 9.9569529e-01 3.8513899e-02 0.03471190854907036
24 0.814541   0.00335938 0.8940372  0.07867036 0.034664202481508255
21 9.0889388e-01 5.8800698e-04 9.9558717e-01 6.5331191e-02 0.03456313908100128
41 8.7844789e-01 8.1503554e-04 9.9386621e-01 5.4309629e-02 0.034231025725603104
21 8.3452982e-01 4.1872662e-04 9.9423730e-01 7.6396622e-02 0.03421701490879059
24 0.8219724  0.00252479 0.936925   0.05472783 0.034209124743938446
10 0.87821054 0.00104932 0.99512404 0.05621241 0.03418762609362602
24 0.84182274 0.00407889 0.91865766 0.07780319 0.033814623951911926
1 0.91130376 0.0392009  0.9945909  0.12604326 0.03381308913230896
21 8.2920140e-01 3.3926964e-04 9.7635001e-01 3.8901933e-02 0.033655449748039246
41 9.1381103e-01 6.5919245e-04 1.0000000e+00 6.6876143e-02 0.03358381241559982
41 0.9498471  0.00130354 1.         0.07919095 0.03348078951239586
18 0.8893024  0.24779765 0.996839   0.5495862  0.03336300328373909
21 0.875663   0.00112147 0.9853983  0.05365107 0.03322926536202431
21 0.8779383  0.00178923 0.9960138  0.10679791 0.03311469033360481
41 0.91615164 0.07091361 1.         0.1495454  0.03303122520446777
21 0.9083247  0.01611233 0.9959207  0.09052285 0.03297334164381027
10 0.88147086 0.00340152 1.         0.11418261 0.03292066603899002
41 0.84123397 0.         0.92259485 0.07826566 0.0328972265124321
10 0.21594152 0.         0.3792582  0.04157982 0.032832060009241104
18 0.8161458  0.         0.889422   0.07954962 0.03280755504965782
41 8.4018779e-01 2.7579308e-04 1.0000000e+00 7.7746645e-02 0.03275381773710251
1 0.83520997 0.         0.9947445  0.13679439 0.03275018557906151
41 0.95097625 0.00373741 1.         0.1374072  0.03262142837047577
18 0.7047927  0.19816071 1.         0.570674   0.0325632244348526
21 0.92841494 0.00308432 0.996696   0.10492582 0.03240637481212616
41 0.9148549  0.00403262 1.         0.15695755 0.03237416222691536
1 0.9120113  0.01239358 0.9967916  0.09769641 0.03226415812969208
1 0.79656786 0.         0.95113987 0.16069324 0.03204885125160217
10 0.9296397  0.02864959 1.         0.13993177 0.03197328746318817
21 0.9466083  0.00233728 0.99734193 0.07601127 0.03195108473300934
10 0.9102246  0.00366178 1.         0.16021667 0.03191973268985748
1 0.87994206 0.         0.9972125  0.11482147 0.031806811690330505
41 0.23169772 0.00172743 0.3539485  0.05599928 0.031782299280166626
10 8.962129e-01 2.511692e-04 9.771732e-01 8.186811e-02 0.03169316425919533
1 0.84028786 0.         0.91592336 0.07938492 0.031640633940696716
1 0.18110926 0.72264546 1.         1.         0.03129544109106064
1 0.910725   0.06536736 0.9922322  0.15405467 0.031143171712756157
1 0.8946568  0.         0.9705422  0.08107492 0.031106986105442047
21 0.9080067  0.0035483  0.9962522  0.14587106 0.031002406030893326
7 0.84346867 0.02182389 1.         0.18078934 0.030928051099181175
41 0.8163294  0.         0.89451206 0.07742912 0.030924025923013687
1 0.8127754  0.         0.8889975  0.08103627 0.03090362250804901
1 0.8473401  0.         0.9604185  0.08221226 0.030755391344428062
10 0.8333595  0.         0.99333835 0.04033432 0.030562516301870346
1 0.822097   0.         0.92994714 0.05578956 0.030537862330675125
41 9.1307914e-01 3.0495803e-04 1.0000000e+00 3.8986113e-02 0.030521871522068977
24 0.82834345 0.0010558  0.98337334 0.04006468 0.030502403154969215
10 0.927476   0.0809014  1.         0.19387765 0.03048762120306492
21 0.89435995 0.00124582 0.97128034 0.07721529 0.030435841530561447
1 0.9297513  0.07604869 0.994238   0.20150201 0.03036574274301529
41 8.2390773e-01 5.1040651e-04 9.4040906e-01 5.3991307e-02 0.03020544722676277
21 0.9079673  0.04333224 0.9955788  0.11559042 0.030204951763153076
41 0.01035814 0.         0.11324535 0.12169195 0.030124863609671593
42 0.95101017 0.00246699 0.99902385 0.08012722 0.03010229766368866
21 0.92747945 0.03020581 0.9967426  0.12925535 0.029919221997261047
10 0.91059905 0.06848744 1.         0.14997168 0.02969806082546711
24 0.8495685  0.00573121 0.961777   0.08149856 0.029582586139440536
42 0.86872655 0.00259622 0.9459246  0.08278915 0.029502328485250473
41 8.3317584e-01 1.2699286e-04 9.9089360e-01 3.9064836e-02 0.029397431761026382
1 0.93374705 0.         0.9980712  0.05720183 0.02927049994468689
42 0.8785243  0.00388508 0.98937696 0.08426043 0.02924182265996933
41 0.9168469  0.09818628 1.         0.1773301  0.02914542518556118
18 0.7932231  0.05621986 0.99527735 0.60689944 0.029134968295693398
42 0.9138824  0.01749615 0.99753755 0.09665219 0.029032371938228607
1 0.8766437  0.01512306 0.9910177  0.272259   0.02902759052813053
42 0.84110117 0.00231872 0.9194988  0.08310163 0.029014334082603455
24 0.8039848  0.00252172 0.9592131  0.06801321 0.028915412724018097
42 0.9152229  0.00285645 0.9979111  0.0684105  0.028897298499941826
1 0.8026815  0.         0.94948083 0.06875687 0.02875996008515358
7 0.84285766 0.         1.         0.13024148 0.028571445494890213
10 8.3982861e-01 8.4076246e-04 1.0000000e+00 8.0346048e-02 0.028455181047320366
1 0.83125    0.         0.97774905 0.04054686 0.02844412624835968
24 0.         0.         0.30629352 0.1540442  0.028319695964455605
42 0.93553925 0.0027818  0.99930084 0.05522995 0.028132431209087372
41 0.8495145  0.03236178 1.         0.1893268  0.028058083727955818
21 8.1986386e-01 5.8090209e-04 9.3066370e-01 5.3747024e-02 0.028052520006895065
42 0.933404   0.00356134 0.9984189  0.11265806 0.027933619916439056
1 0.20360018 0.         0.31585413 0.05979215 0.027864456176757812
1 0.9099986  0.09181994 0.99082077 0.18149073 0.0278120506554842
21 0.8384764  0.03136043 0.9968791  0.17529802 0.02776269242167473
24 0.8954355  0.00410501 0.9714774  0.08045511 0.027637826278805733
24 0.8769375  0.00258421 0.9873137  0.05556832 0.027636436745524406
21 0.9076991  0.07034604 0.99482656 0.14144045 0.027439609169960022
7 0.9127204  0.03871078 1.         0.11787033 0.02728090062737465
1 0.83253855 0.07505648 0.9855892  0.25140896 0.027083924040198326
24 0.83902    0.00837683 0.99688965 0.13404478 0.02680141292512417
1 0.91311383 0.         0.99731386 0.04060822 0.026731209829449654
18 0.721929   0.09255418 1.         0.4800577  0.02660013921558857
21 0.9267009  0.05769166 0.9964958  0.15416354 0.026577914133667946
1 0.8776942  0.         0.9856695  0.05584215 0.026549214497208595
21 8.6767334e-01 8.7750435e-04 9.4495344e-01 7.7096075e-02 0.02652059495449066
10 8.6958051e-01 3.8218818e-04 9.5084351e-01 8.2048729e-02 0.026445848867297173
33 0.         0.05137615 0.5017456  0.3979204  0.026374079287052155
42 0.9160647  0.00195822 0.9984538  0.0393786  0.02630089968442917
7 0.84420866 0.07399636 1.         0.23294882 0.026141751557588577
1 0.2128681  0.         0.3602292  0.04366443 0.026077020913362503
34 0.         0.00521565 0.11299936 0.10659228 0.02598155476152897
10 0.8407038  0.08136081 1.         0.24763514 0.025942886248230934
42 0.85269594 0.00287694 0.96219975 0.0560318  0.02585919387638569
24 0.911858   0.00279331 0.9986189  0.06848812 0.025734446942806244
10 0.8425425  0.03145057 1.         0.1951743  0.02559620328247547
24 0.91204816 0.01958126 0.997639   0.09561727 0.025515908375382423
42 0.8391907  0.00355599 0.9988125  0.1386839  0.025379277765750885
41 0.21643804 0.00044059 0.3731125  0.04054663 0.025319043546915054
34 8.3872539e-01 2.6179315e-04 9.1445661e-01 7.5949527e-02 0.025301378220319748
7 0.91300327 0.01296492 1.         0.09215986 0.025224104523658752
41 0.01484083 0.         0.14761363 0.08733022 0.025217777118086815
21 0.90718406 0.09721081 0.99463135 0.16738649 0.02507319301366806
33 0.81387466 0.00355504 0.89397186 0.07641661 0.025072861462831497
10 0.8802615  0.0285038  1.         0.26425177 0.024867577478289604
7 0.91231763 0.06518324 1.         0.14384903 0.024706680327653885
21 0.8400868  0.         0.9173906  0.07724789 0.02467445097863674
24 0.9105706  0.00103765 0.9993601  0.04020543 0.02466965653002262
24 0.78820014 0.00285262 0.87035626 0.08135027 0.02461652085185051
42 0.83635014 0.0021056  0.9822701  0.0397031  0.024544816464185715
2 0.8665155  0.         0.94595563 0.07432865 0.024533910676836967
7 0.9118986 0.        1.        0.1503408 0.024522244930267334
2 0.8720865  0.         0.9881636  0.07532112 0.02446376346051693
2 0.9084884  0.         0.99899113 0.03562953 0.024457506835460663
7 0.88227946 0.01886026 1.         0.24094793 0.024446602910757065
42 0.912854   0.04291573 0.99639547 0.12400299 0.024391990154981613
40 0.9471058  0.         1.         0.08149221 0.02438349463045597
24 0.94876856 0.00314703 0.9999837  0.08153094 0.02437814138829708
40 0.8748147  0.         1.         0.11512733 0.024368662387132645
40 0.8310149  0.         1.         0.07915179 0.024365022778511047
41 0.8091202  0.00238372 0.9647324  0.15471043 0.024342933669686317
1 0.08075262 0.         0.99572575 0.2994282  0.02430739440023899
40 0.9093328  0.         1.         0.06828637 0.024296289309859276
2 0.8461606  0.         0.96269625 0.05054376 0.024276189506053925
42 0.81343085 0.00223794 0.89322126 0.08203969 0.024181904271245003
18 0.79551363 0.         0.9022865  0.05742436 0.02417328581213951
34 0.8083845  0.         0.8886608  0.07738442 0.024104146286845207
24 0.9317275  0.00631179 0.99941266 0.11282498 0.02400784380733967
40 0.82851267 0.         1.         0.13837469 0.023983003571629524
41 0.9177126  0.01293151 1.         0.24246934 0.023949742317199707
34 8.2426190e-01 3.0419033e-04 9.7016561e-01 3.8690563e-02 0.023904679343104362
40 0.92844564 0.         1.         0.11545604 0.02386447601020336
34 8.1637949e-01 3.7508964e-04 9.2784119e-01 5.3422280e-02 0.023857515305280685
21 0.8762954  0.03099515 0.9964378  0.23163831 0.023829851299524307
2 0.90834945 0.         0.9972364  0.06128968 0.02380339428782463
2 0.82552916 0.         0.9841721  0.03621916 0.023742085322737694
34 0.9468096  0.00126781 0.99445444 0.07796144 0.023742036893963814
7 0.8791567  0.         0.9941905  0.08002394 0.023432530462741852
40 0.8922865  0.         0.97685295 0.08103088 0.023262232542037964
40 0.8739024  0.         0.99609643 0.05445879 0.023246392607688904
1 0.7947976  0.         0.9006422  0.05779601 0.02322443574666977
34 0.83070534 0.00100525 0.9868306  0.07581486 0.02320117875933647
24 0.91207767 0.04769189 0.99700177 0.122262   0.023148663341999054
38 0.24616466 0.03206502 0.5449953  0.27897117 0.02298039384186268
10 0.83747756 0.13074197 1.         0.29915407 0.0229461882263422
41 0.85396516 0.08676805 1.         0.24619813 0.022900788113474846
34 0.8463695  0.00098726 0.95378727 0.05264546 0.022833846509456635
40 0.9094641  0.         1.         0.03919728 0.02282891608774662
21 0.8369328  0.08340783 0.9971074  0.22573948 0.02282651700079441
24 0.88033    0.01271263 0.99645305 0.16884159 0.022777503356337547
40 0.8661191  0.         0.9497159  0.08089912 0.022683074697852135
5 0.94769025 0.00187413 1.         0.07464781 0.022508757188916206
24 0.80468297 0.01040623 0.95576227 0.15867916 0.022499511018395424
7 0.9322452 0.        1.        0.1084427 0.022471575066447258
24 0.8389036  0.04156061 0.9947423  0.1880319  0.022423306480050087
5 0.9095074  0.00198651 0.9992087  0.06270592 0.022409511730074883
2 0.8394114  0.         0.919456   0.07561836 0.022393997758626938
34 9.2915308e-01 5.5458071e-04 9.9346232e-01 5.4294027e-02 0.022371312603354454
10 0.8233701  0.         0.9441905  0.05600052 0.022353455424308777
5 0.90917563 0.00110373 1.         0.03676659 0.02234521135687828
25 0.8160702  0.00267766 0.9391018  0.04945135 0.02222691848874092
42 0.8049586  0.00259991 0.9568268  0.06863342 0.022226113826036453
17 0.8956413  0.00188672 0.96650517 0.07821118 0.02222149446606636
2 0.9076342  0.01109701 0.9958699  0.08798116 0.022217629477381706
17 9.1253489e-01 3.5231272e-04 9.9170727e-01 3.8075287e-02 0.02216832898557186
33 0.8228038  0.00342825 0.94058394 0.08058805 0.022156745195388794
2 0.83254486 0.         0.99460095 0.12464935 0.022138042375445366
34 9.0784454e-01 2.0013809e-04 9.9188346e-01 3.8771126e-02 0.02213406190276146
7 0.9117673  0.09173801 1.         0.16991389 0.022132761776447296
21 0.19674715 0.00326675 0.3182746  0.05123846 0.02209732122719288
5 0.87707126 0.00457007 1.         0.10302728 0.021988430991768837
25 0.82461894 0.00168481 0.98928875 0.03555001 0.02196870930492878
17 0.87865156 0.00155087 0.9791736  0.05311986 0.02191348746418953
33 0.         0.0036082  0.13801765 0.07126511 0.021821586415171623
42 0.9323504  0.02915313 0.99773896 0.14046423 0.021820787340402603
4 0.8341883  0.         1.         0.07718809 0.021812796592712402
18 0.21485795 0.         0.32034633 0.05693616 0.021796341985464096
32 9.1743881e-01 6.2222325e-04 9.9809432e-01 3.8531967e-02 0.021777132526040077
40 0.8388772 0.        0.922316  0.0801266 0.021705452352762222
7 0.8711139  0.         0.94761556 0.07711414 0.021669475361704826
41 0.79069227 0.         0.8655636  0.07515727 0.021649444475769997
34 8.6676240e-01 4.8589706e-04 9.4039744e-01 7.5493142e-02 0.021645253524184227
25 0.8081637  0.00205416 0.89386445 0.0717042  0.02164086326956749
38 0.00422811 0.06749441 0.5144594  0.40286145 0.021612605080008507
2 0.9466204  0.         0.99826044 0.07225504 0.021603085100650787
25 0.92943394 0.00312275 1.         0.04989267 0.021550750359892845
32 9.5253634e-01 6.2963489e-04 9.9861240e-01 7.7434689e-02 0.021524496376514435
4 0.8792399  0.         1.         0.10919864 0.02150845341384411
5 0.93035054 0.00408738 1.         0.10230865 0.021507468074560165
1 0.05501745 0.         0.5350988  0.4576513  0.02149602770805359
24 0.9308761  0.03482008 0.9989305  0.13995014 0.021458182483911514
19 0.80623615 0.0024824  0.9534133  0.03777926 0.02142530493438244
25 0.94691086 0.0044783  1.         0.07229639 0.02139592356979847
19 0.82336664 0.00369486 0.9365519  0.05190862 0.021386895328760147
5 0.8733541  0.00237641 0.9885958  0.05102685 0.021386701613664627
17 9.4968367e-01 6.7539536e-04 9.9537414e-01 7.7555075e-02 0.021361451596021652
25 0.9076564  0.00220547 1.         0.03551571 0.021334324032068253
34 0.87346935 0.0010227  0.9802878  0.05309916 0.021303728222846985
18 0.7857293  0.         0.9297348  0.19441639 0.02126089110970497
42 0.9116486  0.00345655 0.9972201  0.15960053 0.021253645420074463
17 0.9129582  0.00114378 0.9911483  0.06534684 0.021201202645897865
5 0.8299796  0.00166607 0.99978244 0.07177043 0.02119484730064869
32 9.3693870e-01 8.9742342e-04 9.9874818e-01 5.3834166e-02 0.021163688972592354
17 9.3317711e-01 7.6687813e-04 9.9387598e-01 5.3301003e-02 0.021145494654774666
1 0.08337789 0.         0.64935845 0.3405503  0.021101094782352448
20 0.91278666 0.         0.99561423 0.03520145 0.021063121035695076
2 0.9284125  0.         0.99747235 0.1014359  0.02101834863424301
19 0.814537   0.00513709 0.8937418  0.07538795 0.021006431430578232
25 0.83471245 0.00366409 0.9230767  0.07298917 0.020946022123098373
5 0.9104704  0.01819531 0.9996015  0.08862253 0.02092774771153927
18 0.8907577  0.87269765 1.         1.         0.020911401137709618
19 0.8052593  0.00420754 0.9562683  0.0636212  0.020880796015262604
7 0.9133246  0.         1.         0.06605458 0.02085765078663826
34 0.7936889  0.         0.9450207  0.06525443 0.020848965272307396
40 8.2741785e-01 2.4350484e-06 9.9132389e-01 3.8902994e-02 0.020840339362621307
20 0.8373541  0.         0.98925644 0.0715059  0.02074565924704075
20 8.7805688e-01 2.6089035e-04 9.8390710e-01 4.9276177e-02 0.020696701481938362
10 0.8429563  0.         0.9244652  0.08231587 0.020675498992204666
24 0.07716759 0.06873538 0.6207831  0.32098368 0.020669078454375267
20 0.9329993  0.         0.99582136 0.0491836  0.020650740712881088
4 0.84057707 0.         0.92218345 0.07755104 0.0205882266163826
18 0.7868298  0.         0.99065465 0.41317797 0.020564666017889977
6 0.25995833 0.01277444 0.6978955  0.22902334 0.02054976299405098
20 0.8406562  0.         0.9143194  0.07531805 0.02054777182638645
4 0.9106605  0.01257832 1.         0.09312793 0.020511014387011528
10 0.8346419  0.00874757 1.         0.33119288 0.02049349993467331
34 0.92916566 0.0020736  0.9916441  0.10771847 0.020474985241889954
7 0.8446027  0.         0.9190479  0.07790092 0.02046053856611252
41 1.7890155e-01 1.7212232e-04 3.0038115e-01 5.4360989e-02 0.020451435819268227
4 0.8946094  0.         0.97487146 0.07978611 0.02040482684969902
7 0.8409657 0.        1.        0.2980304 0.020397236570715904
21 0.78776026 0.00194541 0.9892262  0.15517974 0.020371580496430397
4 0.90978724 0.         1.         0.06701189 0.020364541560411453
21 0.8113298  0.         0.8887231  0.07671429 0.020364534109830856
5 0.9093537  0.00241348 1.         0.14239922 0.02035614103078842
4 0.8679969  0.         0.9480595  0.07875182 0.020322531461715698
26 0.9115505  0.00162642 0.99988484 0.03965199 0.02031373232603073
20 8.4977961e-01 4.0862561e-04 9.5695090e-01 4.9978994e-02 0.020295090973377228
26 0.912232   0.00338933 1.         0.06807839 0.020290831103920937
20 0.9122799  0.         0.9940924  0.06028795 0.02026127092540264
32 0.91881484 0.01297341 0.9989188  0.09301403 0.02024996094405651
10 0.65745294 0.24100925 1.         0.570341   0.020242439582943916
20 8.3153635e-01 2.1115781e-04 9.7565562e-01 3.5822671e-02 0.020199207589030266
26 0.8775115  0.0047009  0.99239796 0.08375815 0.020180387422442436
7 0.949501   0.         1.         0.07881927 0.02016616240143776
5 8.2312399e-01 8.3446346e-04 9.8137313e-01 3.5961889e-02 0.02011542208492756
36 0.83871824 0.         1.         0.07741244 0.020077280700206757
34 0.9472319  0.00263694 0.9929366  0.13377963 0.020039280876517296
10 0.27946752 0.         0.36338928 0.08604649 0.020022742450237274
1 0.77247244 0.         0.92523307 0.1902002  0.019993113353848457
