27 0.12973844 0.47400007 0.77947533 0.87762105 0.4650751054286957
27 0.03585286 0.569526   0.82953525 0.9684948  0.40513190627098083
27 0.13057877 0.34250665 0.9324809  1.         0.4044443666934967
27 0.10554693 0.5516812  0.64531803 0.9084115  0.271537184715271
27 0.1661258  0.17544577 1.         0.914137   0.17368260025978088
27 0.20545566 0.3481077  0.7570937  0.8073471  0.1361035257577896
10 0.05497    0.57574713 0.35358614 0.87395835 0.13409660756587982
27 0.08697074 0.5827893  0.44694933 1.         0.12516337633132935
1 0.02649572 0.19092977 0.99075055 0.91106224 0.12177072465419769
10 0.6656348  0.08815324 1.         0.41212204 0.11582132428884506
25 0.         0.37360072 1.         0.7942694  0.11044757813215256
5 0.         0.         0.59730357 1.         0.10705865174531937
27 0.3316453  0.3761849  0.6332301  0.91595113 0.08349960297346115
24 0.26999116 0.22029643 0.98468    0.5665468  0.07851181924343109
5 0.00477628 0.05478735 0.45853212 0.9938062  0.071099191904068
28 0.12395816 0.18333344 0.6333552  0.6168103  0.07043980062007904
7 0.59036654 0.03535505 0.97129357 0.5800404  0.07042461633682251
1 0.20955852 0.23023453 1.         0.7743937  0.06704004853963852
21 0.8332728  0.04820643 0.98754287 0.45929307 0.06488756090402603
38 0.06535665 0.8331517  0.6404691  0.9953518  0.0634833350777626
18 0.70642596 0.08908036 1.         0.42987198 0.06298749148845673
1 0.33489484 0.28751466 0.9992661  0.667369   0.062437791377305984
28 0.0479702  0.139826   0.69002974 0.46888185 0.061715658754110336
7 0.470751   0.00548452 0.944196   0.7019134  0.05937175825238228
28 0.15611242 0.2625689  0.7196185  0.5715326  0.056508421897888184
32 0.1248704  0.609395   0.36932927 0.8215148  0.05536907911300659
5 0.         0.23885214 0.38202873 1.         0.052768055349588394
27 0.2649045  0.45321813 0.8839377  0.8042426  0.051566898822784424
5 0.         0.         0.76790994 1.         0.0496576689183712
1 0.4515884  0.36648247 1.         0.75398815 0.0487569198012352
38 0.         0.33308697 0.7621539  0.85670483 0.04873029887676239
28 0.         0.24579087 0.5130785  0.70002043 0.04807044565677643
25 0.         0.6872138  0.48680115 0.8739728  0.04659418389201164
28 8.013916e-04 2.745126e-01 5.900242e-01 8.679706e-01 0.046191662549972534
25 0.        0.5917101 0.6132311 0.807459  0.045974329113960266
21 0.6026415  0.         0.94075596 0.44125947 0.0459635928273201
5 0.         0.38072956 0.54280406 0.9169752  0.04593728482723236
38 0.1491195  0.7188212  0.79238355 1.         0.045864857733249664
5 0.00284674 0.41105413 0.38904628 0.8926776  0.04344872757792473
18 0.8858597  0.06847682 0.9998675  0.34958342 0.04286566376686096
24 0.04166331 0.28058043 0.8982168  0.76699436 0.04271900653839111
27 0.02243279 0.6726178  0.60689944 1.         0.04196091368794441
27 0.08487399 0.30257785 0.5666036  0.9573368  0.04039476811885834
10 0.84400856 0.01713938 1.         0.5238445  0.04020818695425987
28 0.09093817 0.2441934  0.74800986 0.74452376 0.04020500183105469
38 0.10330381 0.5528395  0.86708844 0.9523371  0.04010974243283272
33 0.1038864  0.61441624 0.3196932  0.85745305 0.03933526575565338
22 0.         0.14831065 0.33022523 0.9620777  0.03879734128713608
1 0.25701812 0.29086873 0.7987993  0.6472172  0.03771081194281578
25 0.        0.3544133 1.        0.6587405 0.03596087545156479
24 0.3933653  0.19141239 0.94505656 0.4374432  0.035567618906497955
21 0.733979   0.02073687 0.9716068  0.41397506 0.034576140344142914
40 0.00165009 0.26544058 0.98392934 0.8689038  0.0339326374232769
24 0.341013   0.28183052 0.8460116  0.513903   0.03311014175415039
27 0.07184417 0.6805287  0.4081928  0.8541149  0.03290867432951927
25 0.         0.5077385  0.8690503  0.84073764 0.03278040140867233
27 0.38000682 0.41074276 0.718867   0.8629118  0.03190934658050537
41 0.85925996 0.11981372 1.         0.64475405 0.03181847184896469
21 0.6676052  0.02419547 0.9460383  0.34325093 0.03156633302569389
28 0.06950714 0.32517222 0.5270281  0.6050235  0.03152872622013092
22 0.         0.44427574 0.39303458 0.9726719  0.031098483130335808
27 0.3857942  0.18428269 1.         0.8006805  0.0309867225587368
27 0.33386353 0.30564985 0.8986931  0.7377601  0.030005931854248047
19 0.         0.3470627  0.53517956 1.         0.029386673122644424
25 0.         0.6432142  0.8424522  0.89559084 0.027882616966962814
10 0.7552884  0.04396488 1.         0.44577825 0.027613984420895576
1 0.09491267 0.1319957  0.82081807 0.76847696 0.02740820311009884
27 0.09375668 0.42108557 0.43998644 0.93053186 0.027245361357927322
5 0.         0.00986669 0.90017277 0.8932701  0.02714262716472149
22 0.         0.44438192 0.57610464 0.8525923  0.02686583809554577
1 0.55200666 0.31295538 1.         0.99211675 0.02652440406382084
10 0.         0.49986818 0.46320844 0.9532246  0.025112805888056755
22 0.         0.1758929  0.5145062  0.85518944 0.024769574403762817
22 0.         0.05099444 0.6561366  0.77425957 0.02469266764819622
24 0.5663261  0.09714788 0.8875579  0.40794754 0.024588877335190773
33 0.06295283 0.411035   0.5602472  0.9772577  0.02446158044040203
25 0.         0.76464194 0.5304346  0.9145132  0.023923086002469063
27 0.19966203 0.18414928 0.8981236  0.7857611  0.023814255371689796
25 0.         0.6184425  0.80583835 0.76634824 0.023671600967645645
24 0.38253516 0.13358128 0.9708008  0.34929597 0.023521006107330322
27 0.09411892 0.64047307 0.4346895  0.82374185 0.023350192233920097
41 0.04192398 0.4730449  0.72599465 0.76790655 0.022982964292168617
19 0.037992   0.06898056 0.6176965  1.         0.022463301196694374
27 0.07479876 0.46891695 0.5637266  0.86329645 0.02223123423755169
24 0.12699534 0.13556133 1.         0.4739057  0.021967200562357903
18 0.5838057 0.0464805 1.        0.3909842 0.021486686542630196
25 0.03081385 0.24413738 1.         0.5924361  0.02139838971197605
30 0.07316215 0.48217002 0.48509198 0.8750704  0.021151281893253326
28 0.         0.8196131  0.61543095 0.963394   0.021143049001693726
30 0.06265619 0.5785753  0.4188202  0.96740687 0.021135026589035988
33 0.        0.3966753 0.7096526 1.        0.020887702703475952
6 0.01712635 0.46207103 0.3263969  0.97681594 0.020541556179523468
29 0.10772456 0.2997977  0.81910104 0.9279022  0.020310046151280403
24 0.45320964 0.26311573 0.9450722  0.57775086 0.019887082278728485
5 0.05531181 0.17165792 0.35575384 0.97198164 0.019786739721894264
6 0.05180742 0.09687205 0.33132148 1.         0.019588321447372437
28 0.02107646 0.40227264 0.78623545 0.92357606 0.01916499435901642
29 0.04635979 0.4770628  0.5058667  1.         0.018479306250810623
4 0.3502776  0.10170222 0.9716627  0.6304162  0.01836683787405491
25 0.         0.71902794 0.58550847 0.8527003  0.01816127449274063
5 0.         0.         0.27195346 1.         0.018063297495245934
22 0.         0.2796913  0.76287365 0.86063236 0.01781666837632656
10 0.46496826 0.0913557  1.         0.3536897  0.017647722736001015
5 0.05344872 0.54967535 0.34043968 0.8015765  0.01745782047510147
30 0.01604785 0.5367557  0.5485121  0.99435323 0.01745542138814926
13 0.06491234 0.36850446 0.6660942  0.91350627 0.01744457334280014
38 0.06525365 0.8374563  0.9228813  1.         0.017351621761918068
22 0.         0.30641517 0.39970398 0.86596805 0.01731359213590622
21 0.6006536  0.08208321 0.9691169  0.38110334 0.017207181081175804
7 0.6358385 0.        0.9392271 0.813326  0.016938872635364532
21 0.87602043 0.04354589 0.96864593 0.24870202 0.0169388297945261
25 0.05223808 0.5953039  0.47947866 0.8315259  0.016763385385274887
25 0.33136374 0.19745408 1.         0.73690885 0.016674894839525223
24 0.02669902 0.3264471  1.         0.63598996 0.01664123870432377
25 0.         0.46248922 0.74401444 0.7058527  0.016551285982131958
7 0.82751185 0.02972351 0.9704407  0.58722854 0.016283366829156876
1 0.4549846  0.31915155 0.7945187  0.8666387  0.015828434377908707
22 0.         0.25968543 0.61394197 0.7263052  0.01582014001905918
5 0.01247033 0.35365108 0.26162487 1.         0.01577676460146904
32 0.10867406 0.50193393 0.49369392 0.873555   0.015764890238642693
19 0.         0.5060593  0.38222647 1.         0.015586542896926403
1 0.4013449  0.04539551 1.         0.5569507  0.015250679105520248
25 0.         0.73095065 0.37776458 0.91037333 0.015171536244452
18 7.7224219e-01 9.1557822e-04 1.0000000e+00 5.3039193e-01 0.015078297816216946
24 0.5192739  0.20096132 0.7821351  0.48826426 0.015036839060485363
1 0.47694388 0.1164543  1.         0.902742   0.014930948615074158
25 0.         0.66119206 0.75317025 0.79038763 0.014923691749572754
25 0.         0.53457546 0.7440646  0.7575725  0.014894966036081314
24 0.3457856  0.33642787 0.9008144  0.59824014 0.014647548086941242
19 0.03478314 0.27961692 0.42575735 1.         0.014579258859157562
1 0.4842735  0.26078302 1.         0.6186651  0.014487816952168941
40 0.04257543 0.35925505 0.8708889  0.762716   0.014469773508608341
19 0.06835711 0.19565214 0.53088206 1.         0.014309701509773731
25 0.         0.65023696 0.54476035 0.76170325 0.014298288151621819
28 0.06534195 0.36772856 0.6000057  0.7392738  0.014292823150753975
1 0.30875814 0.20458278 0.745818   0.584579   0.014284218661487103
10 0.         0.48224077 0.6833579  0.823304   0.01416295487433672
25 0.01343121 0.7102145  0.37238052 0.78837043 0.014151161536574364
1 0.30145815 0.2463878  0.9511258  0.5354694  0.014055216684937477
32 0.10844494 0.42152387 0.52607256 0.78621393 0.014052540063858032
28 0.07705525 0.40142137 0.49809316 0.6802701  0.013871882110834122
28 0.13492757 0.11398683 0.80062217 0.38138378 0.013802974484860897
13 0.022873  0.4363379 0.5022858 0.9191615 0.01363536436110735
27 0.59346986 0.05483864 1.         0.5414623  0.013584913685917854
10 0.         0.17898229 0.7606162  0.7330274  0.013578549027442932
30 0.05299395 0.37625968 0.6635957  0.91208255 0.01345202699303627
18 0.8391133  0.03275489 1.         0.37295803 0.013292068615555763
1 0.5964632  0.         0.9962545  0.55221456 0.013206803239881992
27 0.12101695 0.27596924 0.62607396 0.78243285 0.013163524679839611
24 0.34379885 0.34038314 0.6457574  0.6970908  0.012932456098496914
33 0.3807373  0.44236675 0.7143985  0.94376487 0.01288684830069542
27 0.4093221  0.13610488 1.         0.47596115 0.012827988713979721
33 0.00436345 0.29968575 0.91216147 1.         0.012824887409806252
25 0.         0.33679125 0.7970712  0.74429214 0.012720122002065182
38 0.15050013 0.6176052  1.         0.9955463  0.012652221135795116
28 0.1499122  0.1054906  0.8160469  0.54071105 0.01256637740880251
4 0.1693235  0.09148185 0.895929   0.46515238 0.01246844232082367
4 0.1434104  0.10000534 0.871377   0.67726487 0.012346449308097363
7 0.63471395 0.06878685 0.9948454  0.44100395 0.012346175499260426
30 0.0961129  0.55756015 0.43911603 0.8385243  0.012220640666782856
25 0.2525415  0.34290245 0.8711016  0.6003891  0.01219626422971487
6 0.00948441 0.49832937 0.9282792  1.         0.01219211146235466
24 0.42118022 0.09103797 0.9213442  0.27603135 0.012165083549916744
6 0.02876933 0.6592968  1.         1.         0.012076258659362793
24 0.87699854 0.348802   0.9949247  0.50049174 0.01200844720005989
41 0.66903716 0.14541793 1.         0.5619534  0.01168627105653286
19 0.0737569  0.24014959 0.78907514 0.986933   0.011645378544926643
1 0.57227784 0.31771457 1.         0.6821672  0.01146955881267786
6 0.06753556 0.24583049 0.4166102  0.9010483  0.011398802511394024
38 0.48012742 0.6044038  1.         0.9468956  0.011188406497240067
38 0.05916812 0.52570087 0.6174086  0.91268474 0.011148035526275635
38 0.         0.14055233 0.6490143  0.6030142  0.011064951308071613
24 0.39051297 0.38993868 0.8778695  0.67330444 0.010900045745074749
25 0.         0.76323557 0.8305511  0.97278476 0.010897787287831306
7 0.38243625 0.         0.9714154  0.8420839  0.010809354484081268
24 0.5110299  0.2812338  0.93578047 0.4315788  0.010799212381243706
25 0.         0.46716264 0.5834242  0.78981775 0.010735182091593742
25 0.         0.7158732  0.72994787 0.92147607 0.010704799555242062
40 0.28424323 0.13727288 1.         0.8849509  0.010679680854082108
33 0.1612526  0.4625452  0.6905432  0.95098054 0.01063739787787199
24 0.54427606 0.19041198 0.9092761  0.3494891  0.010599177330732346
38 0.11476016 0.3676202  0.5157548  0.8181383  0.010528293438255787
38 0.         0.12658249 0.9415961  0.6775681  0.010509454645216465
6 0.00971821 0.59542525 0.2892008  0.8484006  0.010396525263786316
24 0.58635914 0.21644865 0.8913747  0.42445678 0.010295918211340904
6 0.03617195 0.1156811  0.5244559  0.9856116  0.010245634242892265
24 0.1991988  0.2087631  0.8677859  0.45800003 0.010141952894628048
7 0.09932165 0.01178299 1.         0.9248088  0.010135039687156677
18 0.50535506 0.         1.         0.6080534  0.009967532940208912
1 0.21381557 0.36167124 1.         0.9307311  0.00984787754714489
38 0.06937134 0.4251713  1.         0.9356941  0.009764731861650944
22 0.         0.05857974 1.         0.73864084 0.009715713560581207
5 0.02178922 0.2093277  0.5927206  0.7989895  0.009666736237704754
40 0.        0.2747566 0.6189664 0.7335948 0.009593968279659748
32 0.06004807 0.28176725 0.55966526 0.7947333  0.00955276284366846
7 0.52900803 0.10506083 0.91910934 0.5029035  0.009547668509185314
30 0.08461702 0.44378504 0.35379702 0.9418048  0.009525354020297527
27 0.23321854 0.04602549 1.         0.6617293  0.00941515900194645
35 0.         0.31446195 0.82604516 0.9141445  0.009414353407919407
24 0.5688864  0.3584213  1.         0.76739264 0.0093893613666296
41 0.10385811 0.5807184  0.5999992  0.7748414  0.009274473413825035
27 0.48946393 0.08927663 1.         0.42448995 0.009265735745429993
32 0.05317597 0.4327438  0.40132016 0.8668095  0.00924027618020773
38 0.21333928 0.4937325  0.5335679  0.938273   0.009215287864208221
16 0.02465312 0.5946872  0.5136461  0.8423092  0.00904503371566534
29 0.        0.5673523 0.8637026 1.        0.008993887342512608
16 0.00896835 0.7262083  0.44965705 0.97804934 0.008963676169514656
38 0.13459188 0.47351244 0.6387124  0.82795995 0.00896135438233614
21 0.09214336 0.6696537  0.29449826 0.8573261  0.008960125967860222
38 0.15526512 0.79373455 0.66925174 1.         0.008896198123693466
6 0.         0.6278884  0.29019636 1.         0.008880381472408772
25 0.06882899 0.17781396 1.         0.5249165  0.008725213818252087
30 0.02908546 0.18886368 0.8395118  0.9510728  0.008656904101371765
25 0.2981209 0.2612026 0.8420359 0.5315003 0.008636989630758762
4 0.         0.4130706  0.7838795  0.90534455 0.008601711131632328
22 0.0498057  0.09889597 0.7172175  0.601183   0.008541712537407875
18 0.83317596 0.         1.         0.64397806 0.00853670109063387
27 0.36655205 0.2873256  1.         0.66668    0.008485876955091953
4 0.         0.26277363 0.8368483  0.82364464 0.008463188074529171
16 0.         0.64179677 0.6007522  0.90781504 0.008450403809547424
22 0.         0.5753158  0.37423378 0.7857971  0.008447161875665188
25 0.11971726 0.4439045  1.         0.8641313  0.008415976539254189
19 0.07014333 0.5628075  0.27622575 0.96242243 0.008410807698965073
40 0.         0.4770862  0.48474514 0.88468945 0.008373499847948551
29 0.36968178 0.19095126 1.         0.7235706  0.008342060260474682
28 0.0952445  0.72780263 0.7408852  0.9872413  0.008318036794662476
30 0.08656726 0.61512995 0.30012473 0.8034874  0.008307208307087421
25 0.21361703 0.1297352  0.9380968  0.38086268 0.008289981633424759
40 0.        0.4271395 0.7036337 0.9068154 0.008232055231928825
38 0.0488148  0.01557582 0.62523884 0.24623291 0.008194743655622005
25 0.         0.8139857  0.49007955 0.95583224 0.00818413682281971
10 0.6529627  0.08102681 1.         0.2873433  0.00814843736588955
5 0.25507548 0.         0.971249   0.49143913 0.008114565163850784
38 0.19509736 0.5744345  0.6982721  0.93605775 0.008065707050263882
27 0.         0.8569513  0.45225888 0.9984186  0.00806051678955555
22 0.1003577  0.19535522 0.6044588  0.58372897 0.007834483869373798
33 0.303287   0.39727572 0.8518048  0.8590604  0.007817120291292667
10 0.01893224 0.3672731  0.4108247  0.94357955 0.0077815186232328415
24 0.31363305 0.08882578 0.7738439  0.2884141  0.007631510961800814
6 0.10011434 0.2435357  0.7660365  1.         0.007629996631294489
38 0.0664962  0.34912986 0.6781613  0.6765509  0.007500932086259127
31 0.14941631 0.54561526 0.532873   0.9506405  0.007477779872715473
16 0.11773634 0.41405278 0.7696343  0.72872555 0.007470846641808748
33 0.         0.5515973  0.47128466 0.9500935  0.007466375362128019
38 0.03816668 0.27258113 0.70101583 0.5909096  0.007455631159245968
4 0.5959438  0.06691714 1.         0.7135083  0.007432909682393074
24 0.04549744 0.5178381  0.68143654 0.9100802  0.007408995646983385
25 0.10871709 0.5634938  0.5700062  0.8597432  0.007403922732919455
24 0.41797948 0.4694418  0.95823264 0.7571779  0.0073383343406021595
29 0.47866005 0.2645177  1.         0.83109224 0.0073347571305930614
24 0.8244213  0.20641707 0.9608137  0.49260452 0.007315687369555235
27 0.04885808 0.5712649  0.34513414 0.93577677 0.007229001261293888
1 0.5977525 0.1511049 0.9344744 0.6519957 0.007198603358119726
31 0.13481128 0.6198435  0.40498817 0.7912019  0.007179826498031616
27 0.31593904 0.1611272  0.82874554 0.68914086 0.007161849178373814
10 0.50611126 0.06717199 1.         0.5373382  0.007116200868040323
16 0.07550682 0.7277086  0.31194675 0.88499075 0.007017326541244984
21 0.81301254 0.03281963 0.9480235  0.26824036 0.0069548022001981735
28 0.27965298 0.18069911 0.66102237 0.4646892  0.006924803368747234
41 0.8961855  0.258127   1.         0.55349874 0.006856919731944799
1 0.12005559 0.4950041  1.         0.98615134 0.006834196392446756
24 0.27162778 0.4331776  1.         0.80199504 0.006831740494817495
27 0.03066945 0.21572025 0.4018872  0.93925405 0.006818628404289484
1 0.21831864 0.49363914 0.8191536  0.83703756 0.0068052164278924465
38 0.         0.04426531 0.54669774 0.5126921  0.006707913242280483
25 0.         0.6548054  0.37198737 0.8190543  0.006633752025663853
18 0.6276779  0.0568925  1.         0.55812705 0.006630737334489822
24 0.1376374  0.7086185  0.91294616 0.98484814 0.0066296556033194065
21 0.5248787  0.01934214 0.9837304  0.5249114  0.0066192494705319405
24 0.14055151 0.09366559 1.         0.27707434 0.006593015976250172
32 0.06914281 0.45366457 0.6752422  0.88687044 0.006480601616203785
24 0.46599886 0.2372136  0.91979665 0.38771293 0.006450069136917591
28 0.5617284 0.6291066 1.        0.9746236 0.0064263371750712395
4 0.46320152 0.         1.         0.56440794 0.006419018376618624
16 0.0502151  0.45648003 0.60588133 0.8077582  0.006407500710338354
1 0.19457464 0.3548724  0.81320524 0.7278721  0.00639357790350914
6 0.01413002 0.44434997 0.50971365 0.9425816  0.006377106066793203
1 0.8954048  0.34899488 1.         0.62133515 0.006375068332999945
28 0.36813954 0.72113407 1.         0.97765315 0.006351223681122065
18 0.62905574 0.00406601 1.         0.2786958  0.0063476599752902985
13 0.03927254 0.60368073 0.42693818 0.941343   0.006347550079226494
28 0.0517953  0.83771986 0.87366986 0.99118626 0.0063379681669175625
1 0.2396076  0.09138934 0.89596945 0.600701   0.006299705244600773
28 0.28987986 0.26857585 0.6466562  0.52381855 0.006292769685387611
1 0.6405827  0.07452805 1.         0.6518888  0.006278218235820532
34 0.26771885 0.44755545 0.9524294  0.76239717 0.00618418725207448
41 0.5452431  0.26054913 1.         0.696438   0.006106210872530937
6 0.06271274 0.60100347 0.612252   0.9875052  0.006096435710787773
24 0.22825351 0.37369946 0.81526184 0.65633976 0.006076065823435783
21 0.63766485 0.04929389 0.90913343 0.27399185 0.0060721454210579395
6 0.01967055 0.41731438 0.25551912 0.8842976  0.006060733459889889
24 0.81118405 0.36724538 0.9837797  0.7936148  0.00603761849924922
25 0.26434085 0.4509904  0.7034232  0.81060404 0.006013274192810059
7 0.7409701  0.03420685 0.96677065 0.50593936 0.005948130507022142
32 0.19268261 0.37929717 0.4482755  0.8573986  0.005938629619777203
6 0.02686526 0.51640266 0.46562776 0.80396676 0.005938021931797266
27 0.5596944  0.2782929  0.979093   0.87146306 0.005929012317210436
1 0.8554585  0.13938424 1.         0.7353645  0.005909459199756384
1 0.19615807 0.         0.9779771  0.4694803  0.005904942750930786
28 0.01604619 0.7100523  0.56085676 0.9692771  0.005864561069756746
