30 0.23647167 0.2744088  0.803719   0.62615603 0.277996689081192
30 0.3602326  0.21942963 0.72878355 0.5825216  0.24428468942642212
31 0.4444983  0.24722858 0.9277077  0.6132081  0.17823562026023865
29 0.1744616  0.         0.77194524 0.86779577 0.14767718315124512
34 0.13831484 0.         0.9813592  0.6816638  0.1173723042011261
30 0.35536942 0.124602   0.8615489  0.6756051  0.11636413633823395
27 0.41885483 0.02120061 1.         0.62958014 0.11614206433296204
34 0.46628007 0.02309139 1.         0.24440643 0.10050991177558899
32 0.44541815 0.24089074 0.8772868  0.6650726  0.0902361124753952
33 0.42559376 0.1817181  0.7319565  0.67303914 0.08838582783937454
33 0.20625074 0.03615567 0.9194272  0.75464857 0.0883178561925888
34 0.12324061 0.04123685 0.93873984 0.20256354 0.08620292693376541
30 0.4598168  0.19403346 0.76903665 0.61092037 0.08302988857030869
27 0.2635626 0.0767097 1.        0.8166001 0.07676123082637787
9 0.         0.         0.66624236 0.5603994  0.06881502270698547
27 0.4985738  0.09241577 0.87769586 0.6502013  0.06848842650651932
29 0.33367297 0.13811392 0.90097994 1.         0.06739050149917603
34 0.02728399 0.03566513 1.         0.2834422  0.0626097023487091
32 0.46131486 0.15173763 1.         0.6625761  0.05789487063884735
33 0.3073572  0.24660142 0.71733785 0.643894   0.056820254772901535
34 0.09238587 0.21647874 0.95418173 0.85222614 0.05631551519036293
6 0.7314598  0.33576703 1.         0.8614453  0.055832721292972565
30 0.18689014 0.10183617 0.72132653 0.8477352  0.04912867024540901
21 0.         0.1909537  0.6573434  0.78714246 0.047336868941783905
21 0.08393952 0.06078827 0.7886413  0.6635759  0.04696880280971527
16 0.09429021 0.5230799  1.         1.         0.04598557949066162
34 0.         0.37290546 0.7652168  0.958566   0.04592021182179451
9 0.         0.06870687 0.39853567 1.         0.04327498376369476
29 0.3235318  0.25119326 0.72517365 0.817468   0.03915559872984886
27 0.54600555 0.         1.         0.8147915  0.03733069822192192
29 0.21714462 0.26593354 0.8267326  0.69483125 0.03701052442193031
41 0.04818153 0.26066762 0.5816667  1.         0.0361960344016552
9 0.        0.        0.514949  0.7823827 0.036178141832351685
10 0.35558447 0.06030991 0.7801849  0.8542312  0.03487318754196167
21 0.25187054 0.2394527  0.7152806  0.62018454 0.03411063924431801
32 0.47554597 0.32399625 0.9988779  0.6088989  0.034016355872154236
29 0.         0.         0.52674806 0.90110505 0.03344817832112312
32 0.40806335 0.         1.         0.78610057 0.03339626267552376
16 0.1632546  0.31533527 1.         0.80598056 0.03320113569498062
31 0.43876645 0.10928366 0.82803994 0.60951126 0.03297582268714905
3 0.05974548 0.14111845 1.         0.59597445 0.03212698921561241
33 0.07064308 0.05392716 0.64025736 0.7555407  0.03209292143583298
16 0.1146782  0.47835898 1.         0.7230807  0.03171177953481674
34 0.         0.01811462 1.         0.4487031  0.031640585511922836
9 0.         0.10640565 0.28501552 0.7904635  0.031197894364595413
27 0.3397454  0.32132396 1.         0.63598704 0.030599692836403847
27 0.23198642 0.00914198 0.94882303 0.19356738 0.030425285920500755
27 0.5716077  0.016326   1.         0.18792818 0.029461706057190895
31 0.4151873  0.09025602 1.         0.7536681  0.02852373756468296
9 0.         0.29348713 0.54465836 1.         0.02750895917415619
27 0.25221497 0.14799358 1.         0.5141096  0.025409407913684845
9 0.         0.         0.32257614 0.5293943  0.024757014587521553
32 0.46063834 0.11083293 0.9907764  0.9464232  0.023921016603708267
34 0.68471336 0.01899995 1.         0.22929317 0.023622261360287666
37 0.14255343 0.06026611 0.7496643  0.70638746 0.023415448144078255
27 0.4004832  0.19955434 0.79510754 0.73191345 0.0233272947371006
15 0.15202342 0.15660167 0.987519   0.67971414 0.02331497147679329
34 0.41793954 0.         1.         0.44016662 0.02318635769188404
27 0.45061728 0.18335888 0.99789256 0.6144928  0.023152967914938927
34 0.         0.06717608 0.8182053  0.79124564 0.022908315062522888
41 0.        0.6446283 0.6429049 1.        0.02223397232592106
10 0.05436775 0.05738208 0.7288877  0.9101807  0.021976543590426445
21 0.02741776 0.2626046  0.67875993 0.5703093  0.021922782063484192
10 0.27701148 0.16882236 0.7785337  0.6974474  0.021714281290769577
33 0.20999113 0.23408057 0.8525929  0.57130927 0.02149602212011814
33 0.201614   0.27508062 0.66979706 0.5602954  0.020765068009495735
34 0.61458087 0.02460128 0.9864866  0.39364412 0.02054070495069027
21 0.         0.04780017 0.6908352  0.5574639  0.020451292395591736
6 0.56524646 0.7743798  0.9636605  1.         0.01991015113890171
10 0.12244512 0.26684892 0.8174134  0.6560396  0.019353019073605537
29 0.06151253 0.22473603 0.5473473  0.8244632  0.01925385370850563
27 0.         0.08045781 0.7464149  0.9596019  0.0190130528062582
41 0.07500679 0.01164398 0.58568484 0.90996665 0.018919674679636955
33 0.09190992 0.2386165  0.7380653  0.71950334 0.018443793058395386
34 0.         0.02597896 0.6173109  0.20335984 0.018427759408950806
24 0.15828313 0.2438475  0.84050924 1.         0.018321199342608452
21 0.35163376 0.18289904 0.67877924 0.6872984  0.017807018011808395
15 0.         0.23794241 0.9431831  0.8432843  0.017701784148812294
16 0.03458341 0.3642139  0.74926335 0.8538312  0.01717565394937992
27 0.4355023  0.02652425 0.8106688  0.56011885 0.016368983313441277
41 0.31942838 0.08206657 0.83214223 0.67359746 0.01634223200380802
21 0.         0.24420118 0.5668596  0.98703104 0.01624317280948162
34 0.4580062  0.         0.9201923  0.74972814 0.016097191721200943
34 0.14164291 0.28328928 0.8411647  0.62706614 0.015805747359991074
21 0.2907853  0.08717962 0.80563337 0.5910574  0.01538899727165699
16 0.20263456 0.46577093 1.         0.897641   0.015360523015260696
30 0.08805735 0.03184975 0.6987686  0.5924072  0.015275565907359123
31 0.41368166 0.2034447  0.9897577  0.89925885 0.015030053444206715
21 0.1758173  0.20979114 0.7803534  0.50746655 0.01469279732555151
37 0.27179787 0.09597906 0.8573687  0.6421668  0.014336264692246914
3 0.7574209  0.04933122 1.         0.18749765 0.014221715740859509
41 0.20319036 0.20104378 0.7688169  0.92846125 0.014194260351359844
37 0.06232262 0.         0.62961054 0.7948686  0.014056460000574589
27 0.34326485 0.197287   1.         1.         0.01378674991428852
3 0.00449844 0.1188698  0.97292626 0.43833837 0.013718818314373493
37 0.34349757 0.25790757 0.76624215 0.51834273 0.013662947341799736
21 0.1991341  0.21719018 0.7876408  0.91521204 0.013644861057400703
41 0.37036183 0.22012207 0.8940121  0.8859253  0.013492614962160587
32 0.5198816  0.14037484 0.88471305 0.777704   0.01324820052832365
3 0.         0.15839522 0.7267742  0.65977275 0.01266197208315134
16 0.2622998  0.47496045 0.812227   0.7425445  0.012542425654828548
27 0.44550136 0.01201092 0.98235047 0.27115104 0.012396218255162239
20 0.7050359  0.03573637 1.         0.2366654  0.012354614213109016
27 0.73580337 0.00431506 0.9892672  0.20602679 0.012075021862983704
34 0.20052    0.19140883 0.9555704  0.5517908  0.012066725641489029
9 0.         0.35318205 0.41254237 0.82631207 0.0119524160400033
27 0.49463493 0.24653329 0.92270315 0.7673943  0.011950980871915817
33 0.3867493  0.13982981 0.8571226  0.67698544 0.011855890043079853
9 0.16988605 0.         0.87799025 0.26293284 0.011686937883496284
34 0.29963577 0.17685044 0.88594913 0.7737679  0.011507435701787472
33 0.10997707 0.10954367 0.78367746 0.55130965 0.011487452313303947
2 0.0654093  0.16670479 0.803527   0.915972   0.01141753327101469
24 0.61598027 0.01369306 1.         0.21300748 0.011410869657993317
24 0.         0.30790135 0.72809887 1.         0.011380655691027641
16 0.19826636 0.5214569  0.7646197  0.79926056 0.011076517403125763
16 0.37930736 0.38169533 0.9959486  0.7109172  0.01093089859932661
32 0.44663322 0.24957734 0.9609684  0.52765465 0.010781842283904552
34 0.         0.04932142 0.75731844 0.42201042 0.010760370641946793
34 0.04573924 0.02630631 0.5817211  0.29424733 0.010689165443181992
3 0.60201246 0.02992006 1.         0.17413293 0.010647943243384361
5 0.15741679 0.         1.         0.71562195 0.01063008327037096
30 0.37684146 0.12821545 0.6294829  0.55008644 0.010559248737990856
5 5.7169596e-05 9.4190419e-02 1.0000000e+00 4.8758510e-01 0.010453048162162304
38 0.46448538 0.16694634 1.         0.83801717 0.010431788861751556
34 0.28974944 0.21626493 0.7368503  0.6995495  0.0103684077039361
20 0.8628786  0.9017453  1.         0.99403656 0.010335318744182587
27 0.         0.01924688 0.8372352  0.5755712  0.010298139415681362
30 0.21230298 0.27399862 0.6841494  0.527157   0.010270562954246998
27 0.06445971 0.2374321  0.89487135 1.         0.010098480619490147
6 0.7175873  0.58130485 0.98917806 1.         0.010096303187310696
3 0.47731477 0.01723052 0.9855879  0.2433368  0.01007763110101223
27 0.08573171 0.00890305 1.         0.2895947  0.010067853145301342
21 0.13975427 0.30034527 0.7846979  0.59793216 0.010036803781986237
3 0.2275473  0.03381593 0.866231   0.188282   0.01003673579543829
6 0.79061294 0.91147995 0.9747619  1.         0.010027050040662289
14 0.8836153  0.86925244 0.9935409  1.         0.009909956716001034
16 0.8755549  0.9034556  0.99485224 1.         0.009819005616009235
15 0.         0.3963616  0.98515594 0.9600028  0.009816347621381283
16 0.30479413 0.38654056 1.         0.6118506  0.009796341881155968
24 0.       0.       0.816897 1.       0.00977576244622469
20 0.43603054 0.04710185 1.         0.3204702  0.00971472542732954
31 0.32471022 0.2938625  1.         0.7739147  0.009656598791480064
20 0.6221149  0.8126365  0.99383545 0.9868715  0.009629280306398869
9 0.         0.19625293 0.25805247 1.         0.009558872319757938
32 0.4280601  0.19315076 0.758903   0.53973997 0.009522661566734314
33 0.24026182 0.01261468 0.9057486  0.20640624 0.009430133737623692
34 0.         0.03042081 0.5061677  0.3449809  0.009236473590135574
24 0.        0.6652951 0.6207704 1.        0.009129021316766739
16 0.58912545 0.22028491 0.9743376  0.85818636 0.00907347071915865
6 0.84475404 0.88383335 0.98005027 1.         0.009065723046660423
14 0.1380124  0.15225323 0.85330844 0.6993411  0.009003730490803719
37 0.05730349 0.26499668 0.62799615 0.8655887  0.008977994322776794
9 0.         0.22945018 0.53432333 0.50315607 0.008859015069901943
24 0.28083807 0.         1.         0.9001607  0.008834656327962875
25 0.30149826 0.0869015  0.9362506  0.49024573 0.008752749301493168
37 0.         0.04922938 0.5764229  0.54168594 0.008730974979698658
11 0.12724915 0.32655686 0.7410199  0.59577054 0.0085695656016469
41 0.50813866 0.24303046 0.7570745  0.6258777  0.008567293174564838
24 0.7703778  0.01026369 1.         0.23701131 0.008505032397806644
20 0.55746806 0.03251648 1.         0.20480166 0.00850285217165947
25 0.46288958 0.12879647 0.86910444 0.42328075 0.008342679589986801
33 0.7004158  0.01958784 0.94533956 0.21000563 0.008268633857369423
33 0.40683025 0.         0.9610859  0.8323443  0.008230465464293957
24 0.22804958 0.01055611 1.         0.23022096 0.008199666626751423
33 0.2518487  0.2800794  0.9321626  0.70633936 0.008187847211956978
19 0.18543693 0.22524199 0.84392947 0.66442525 0.008070220239460468
34 0.        0.6968218 1.        0.9931648 0.008055562153458595
34 7.4809790e-01 1.6974131e-04 9.8822957e-01 2.8134918e-01 0.008013145998120308
41 0.36055994 0.22352791 0.70595235 0.75685924 0.007972725667059422
37 0.31823078 0.32864782 0.7910435  0.6181682  0.007941623218357563
21 0.41853958 0.2071578  0.76060444 0.6384363  0.007845178246498108
37 0.41830212 0.1568738  0.8602784  0.57551634 0.007805183995515108
10 0.23306918 0.00833094 0.8784588  0.97042096 0.007735538762062788
14 0.7046567  0.8180296  0.99684286 1.         0.007686200086027384
20 0.7596568  0.551536   0.98928326 0.9408526  0.007637128699570894
27 0.23177971 0.23270574 0.799003   0.6295487  0.007613831665366888
20 0.76427037 0.460657   0.97866124 0.8015769  0.007585214450955391
33 0.55712986 0.01619954 0.9517253  0.20354936 0.007502796594053507
33 0.3063432  0.1739924  0.5749889  0.67382926 0.007501663640141487
29 0.26928896 0.13985781 0.6056546  0.87934494 0.007480315398424864
19 0.18470432 0.         0.8528049  0.9216254  0.007418923079967499
27 0.31830245 0.4014123  0.7885828  0.82956773 0.0073872399516403675
9 0.03041378 0.24994104 0.3689873  0.85892427 0.007355168461799622
33 0.1822506  0.35644427 0.6833408  0.68335825 0.007343941368162632
37 0.24869843 0.2504476  0.6753411  0.5859426  0.007319505326449871
6 0.63272166 0.         0.99656355 0.9397882  0.007316430099308491
24 0.88556826 0.88019973 1.         1.         0.0072482880204916
32 0.3981685  0.28803387 0.8540851  0.5602019  0.007234578486531973
6 0.78301924 0.6811126  0.99080855 1.         0.007229120470583439
38 0.5061669  0.12980503 1.         0.59573776 0.007051615044474602
33 0.         0.29245365 0.59275013 0.8987326  0.006993770599365234
41 0.         0.38270715 0.35977992 1.         0.006978407967835665
37 0.38255715 0.3172543  0.8606488  0.5492656  0.006972115952521563
36 0.47784573 0.         0.9364883  0.80454785 0.006859336048364639
9 0.         0.         0.70613873 0.3603537  0.006825842894613743
6 0.27352726 0.         0.8477963  0.7024519  0.006811047438532114
33 0.6979882  0.         0.9484031  0.30908626 0.006758021656423807
16 0.09627137 0.4438164  0.76484805 0.646168   0.006713442504405975
41 0.         0.20041706 0.29190165 0.90257376 0.006694390904158354
15 0.08230868 0.39636457 0.9023063  0.6626715  0.006646012421697378
3 0.4962025  0.13200368 0.93934596 0.5394909  0.00664552953094244
41 0.        0.8035474 0.8339593 0.9912126 0.006590778939425945
20 0.82020867 0.92658865 1.         0.9939489  0.006451641209423542
24 0.8237709  0.01676378 1.         0.32664415 0.006405917461961508
27 0.6753476  0.00982543 1.         0.15244271 0.006402252707630396
29 0.45537573 0.23690176 0.8095997  0.7737496  0.006391108501702547
1 0.47964755 0.0882076  1.         0.9682122  0.006361142732203007
38 0.6414064  0.11634011 0.9757894  0.8653783  0.006267590913921595
9 0.37459388 0.         0.9151705  0.3980477  0.006226116791367531
27 0.47553813 0.         0.98017156 0.4197988  0.006205265875905752
19 0.26167208 0.16680494 0.7016063  0.7317382  0.0061119915917515755
27 0.629094   0.8457941  1.         0.98941207 0.006083027925342321
21 0.21736065 0.13603954 0.6879369  0.561171   0.006080207414925098
9 0.         0.30935106 0.4324436  0.6227914  0.006044382229447365
6 0.38836783 0.         0.9485077  0.5887149  0.006026678252965212
34 0.02008164 0.52401733 0.9323297  0.96438926 0.006012380588799715
5 0.27496332 0.         0.8303205  0.6218868  0.0059947664849460125
37 0.07430656 0.27773342 0.8840625  0.74769884 0.005963706877082586
16 0.30461234 0.39594087 0.6580179  0.7834091  0.005960703361779451
30 0.2686743  0.37537283 0.7403476  0.6863671  0.005960594862699509
16 0.5131391  0.32176724 0.9395502  0.9373929  0.0059425560757517815
14 0.76311547 0.37502605 0.9567426  0.8481403  0.0059351795352995396
27 0.8698916 0.8916682 1.        1.        0.005916754715144634
34 0.18859863 0.36792374 0.74508965 0.704587   0.005907129030674696
6 0.40291744 0.03959239 0.95533204 0.9577405  0.005876755807548761
20 0.7355436 0.7483162 1.        0.9887305 0.005869453307241201
37 0.3597366  0.18348597 0.6719009  0.5606404  0.005868049804121256
34 0.         0.35199952 0.6288569  0.6555484  0.005853216629475355
40 0.07633344 0.12272777 0.91909295 0.71579003 0.005817087832838297
34 0.         0.72139925 0.6687416  0.95580894 0.005815816577523947
25 0.39610267 0.22789948 0.96238565 0.4529816  0.005809786729514599
34 0.         0.21096876 0.61831    0.9502164  0.00577823631465435
41 0.13511895 0.24634497 0.89670736 0.7658604  0.005765130277723074
3 0.1929021  0.26516545 0.9874683  0.666035   0.00574263371527195
27 0.         0.         0.5794948  0.21008062 0.005720889661461115
37 0.13790378 0.29888043 0.8022638  0.9710693  0.005703561939299107
14 0.38011116 0.07976708 0.8418268  0.7800392  0.005675466265529394
38 0.74485064 0.36490545 0.9939308  0.88367575 0.00566147081553936
14 0.85106826 0.9009585  0.9997505  1.         0.005658781621605158
25 0.38311124 0.28389442 0.91145945 0.50606984 0.005623448174446821
27 0.29787263 0.37848428 1.         0.71651095 0.005617503542453051
41 0.3401527  0.26286155 0.79492486 0.61954653 0.0055888136848807335
1 0.13599442 0.6234626  0.95703065 0.9561143  0.005577962379902601
3 0.4784245  0.24043539 0.81434083 0.5500398  0.005511450581252575
14 0.02906494 0.         0.97868186 1.         0.005502819549292326
37 0.00114034 0.12396785 0.545255   0.9541142  0.005492416210472584
16 0.27261174 0.32075515 0.938015   0.53013575 0.005471493117511272
9 0.         0.54254687 0.55684775 0.9622629  0.005469399504363537
37 0.4037585  0.23594318 0.69462574 0.63170964 0.0054692733101546764
20 0.31303734 0.02987244 0.92899233 0.65942603 0.005452868063002825
16 0.45387992 0.38578948 0.84903127 0.756508   0.0054450021125376225
41 0.31485677 0.2123424  0.82790446 0.50721675 0.005413522012531757
1 0.32296494 0.74644405 0.9009579  0.98329085 0.005395581480115652
14 0.5682626 0.        0.8761363 1.        0.005391736514866352
3 0.18675858 0.23695295 1.         0.9082779  0.005390780512243509
37 0.6048029  0.02287942 0.97643334 0.22302893 0.005375453736633062
27 0.3013662  0.22943982 0.68308085 0.7639727  0.0053725410252809525
24 0.41688085 0.14841335 0.9011803  1.         0.005357448942959309
20 0.62875307 0.03838434 0.96971256 0.39007998 0.005343146622180939
9 0.07295603 0.00687172 0.7741924  0.7238549  0.005228062160313129
36 0.37737384 0.2323826  0.8349881  0.9980422  0.00521859060972929
27 0.30010343 0.01399709 0.85027266 0.25457105 0.005203939974308014
9 0.         0.         0.5436293  0.25742337 0.005196519661694765
31 0.42795178 0.21071279 0.985447   0.49410814 0.005171555560082197
41 0.46680954 0.12287764 0.89057887 0.6360056  0.005135497078299522
20 0.28539702 0.03463565 0.93384403 0.22191758 0.005130555015057325
9 0.5153143 0.        0.9217984 0.2491684 0.005090914200991392
37 0.16010563 0.2298743  0.5701848  0.52117705 0.005082412157207727
27 0.38807422 0.29128677 0.72338533 0.8000388  0.005080335773527622
3 0.15941437 0.00206418 0.99402785 0.26106346 0.005069362465292215
9 0.         0.2209274  0.3685149  0.71217716 0.0050477078184485435
3 0.         0.1424953  0.77721196 0.5022048  0.00504262512549758
24 0.         0.02157992 0.7094162  0.23861347 0.005029765889048576
16 0.0606351  0.6358718  0.82605135 1.         0.004958495497703552
14 0.4878292  0.         0.8127538  0.94500154 0.004954370204359293
37 0.3742587  0.21107195 0.8321622  0.45384142 0.004943663254380226
34 0.         0.6091471  0.6454105  0.93334293 0.0048875208012759686
37 0.77941006 0.01133375 0.97662205 0.20584002 0.004881272092461586
41 0.14212067 0.2546589  0.69379777 0.68492156 0.004868654068559408
5 0.         0.         0.95842564 0.5746271  0.00486248591914773
1 0.         0.233704   0.9633869  0.85526663 0.004858794156461954
9 0.4238824 0.0174263 0.7725545 0.5430753 0.004858640022575855
20 0.26736742 0.16664469 0.9665451  0.4866392  0.004854537546634674
24 0.4568097  0.         1.         0.32307363 0.004842416848987341
33 0.87372833 0.8932571  0.98254305 0.98800194 0.004840882029384375
19 0.31622988 0.         0.7956161  0.7834008  0.004816912114620209
10 0.         0.27425417 0.8206324  0.8969545  0.004804600495845079
36 0.4383302  0.11649673 0.95146525 1.         0.004796385299414396
33 0.10639417 0.3071587  0.5507537  0.60921144 0.0047929547727108
14 0.3127377  0.         0.94488263 0.86832094 0.004747452680021524
25 0.16258952 0.         0.93876815 0.30054474 0.004730368498712778
6 0.03383316 0.         0.5649789  0.9031419  0.0047105541452765465
33 0.32385927 0.18052997 0.94220644 0.89739066 0.0046844459138810635
41 0.32599744 0.         0.83738    0.28161937 0.004650686867535114
35 0.24737987 0.03188776 0.9410996  0.2153399  0.004644918255507946
34 0.6034293  0.01563907 1.         0.16254298 0.004599182400852442
27 0.73959374 0.48913392 0.99043906 0.8267819  0.004595206119120121
16 0.5285281  0.24469788 0.97709376 0.62844545 0.004590063821524382
25 0.4269445  0.18742552 0.8196821  0.48613182 0.004583438858389854
16 0.11593051 0.3177236  0.885926   0.6518281  0.004566963762044907
