28 0.         0.00949514 0.9907881  0.58801055 0.14038260281085968
35 0.         0.68998355 0.29596615 0.9861597  0.1158972978591919
28 0.         0.04819707 0.5760981  0.7093435  0.11557131260633469
14 0.02439025 0.6932837  0.16285874 0.97904897 0.10635450482368469
14 0.01927613 0.82433105 0.08567061 0.9862708  0.09218015521764755
28 0.27694055 0.02489711 1.         0.4484727  0.0917309820652008
14 0.01944797 0.8698916  0.11187992 0.99020857 0.09063036739826202
40 0.31652364 0.48759186 1.         1.         0.08912622928619385
38 0.24854442 0.03610522 0.8467053  0.44361696 0.08421529829502106
35 0.         0.7565349  0.23408647 0.98835206 0.0801074206829071
38 0.33829823 0.04867778 1.         0.39000595 0.0762007012963295
35 0.         0.82090926 0.32822242 0.9893205  0.06555592268705368
24 0.43267208 0.0259659  0.86301905 0.18944983 0.06279297173023224
14 0.02051439 0.9070991  0.14923157 0.9935845  0.059389449656009674
35 0.         0.8616327  0.24091937 0.9935006  0.05766415223479271
35 0.         0.6775944  0.17398049 0.9832186  0.05643796920776367
24 0.24924599 0.03412244 0.77969354 0.31273857 0.05505755916237831
14 0.02443758 0.76324326 0.21688701 0.9810419  0.05397775024175644
40 0.64136446 0.35914487 1.         1.         0.05302184820175171
35 0.        0.532291  0.4131083 1.        0.052442364394664764
28 0.2573965  0.05609287 0.783279   0.35218096 0.05203999951481819
38 0.14977214 0.07850296 0.7425475  0.51150084 0.051612164825201035
24 0.2756422  0.01486689 0.9052105  0.15445547 0.05039668455719948
35 0.         0.8670623  0.11779193 0.98832816 0.049965258687734604
35 0.         0.902132   0.16578951 0.9967259  0.049878254532814026
14 5.0144194e-04 6.9844538e-01 2.6292211e-01 9.8361808e-01 0.049499303102493286
16 0.00440773 0.8971704  0.09402482 1.         0.048439204692840576
16 0.0019234  0.9232635  0.13740128 1.         0.047838080674409866
28 0.16769671 0.09710153 0.76884186 0.47711793 0.047811903059482574
24 0.36827102 0.03874755 0.8784329  0.28284058 0.045906342566013336
35 0.0516451  0.6789495  0.40236488 0.99560857 0.045012008398771286
14 0.01502251 0.92678946 0.05674741 0.9915077  0.0424223393201828
14 0.01907308 0.94247854 0.08014027 0.9935337  0.042308248579502106
28 0.         0.11402202 0.3619512  0.67685676 0.040104955434799194
28 0.01982229 0.18179537 0.6749715  0.5867593  0.03995252400636673
35 0.         0.59195685 0.5295863  0.9187927  0.03934204578399658
16 0.00173018 0.8827934  0.19953313 1.         0.03777821734547615
28 0.3593283  0.06212339 0.8984163  0.32071847 0.036484118551015854
35 0.10128698 0.33727193 1.         0.95426434 0.03432481735944748
16 0.00549778 0.8695224  0.06697791 1.         0.03393661603331566
40 0.4618343  0.41950655 1.         0.8301345  0.03388877213001251
35 0.01694595 0.4970094  0.72652566 1.         0.03273285925388336
28 0.27781388 0.05897642 0.6252839  0.3072247  0.0325254425406456
38 0.01733338 0.02688606 1.         0.48569784 0.03219680115580559
14 0.01199451 0.8672413  0.21835595 0.98978287 0.0320606529712677
40 0.65955657 0.3646323  1.         0.7717805  0.031916551291942596
16 1.8004735e-04 9.5680767e-01 6.7560002e-02 1.0000000e+00 0.031608618795871735
24 0.34510037 0.05567162 0.6701312  0.27009803 0.03115820325911045
16 0.02103356 0.74890697 0.13849655 1.         0.030261877924203873
22 0.25945288 0.13624069 0.66491485 0.5719904  0.030234821140766144
33 0.02562987 0.7619164  0.26626414 0.9885894  0.029908662661910057
16 0.01500558 0.78982806 0.19602886 1.         0.029895160347223282
35 0.         0.82738906 0.08738458 0.97475374 0.02922775410115719
33 0.7242696  0.4557246  1.         0.75603527 0.028184933587908745
35 0.        0.7610982 0.6053795 0.9912838 0.02789473719894886
24 0.72951156 0.44251752 0.99551535 0.6648922  0.027705267071723938
24 0.44618526 0.05307535 0.78190345 0.2697904  0.027074741199612617
38 0.42402944 0.01899429 1.         0.3012841  0.027003711089491844
22 0.30603924 0.         0.9132063  0.5248984  0.026385856792330742
33 0.07686124 0.7174335  0.460188   0.99092346 0.02627292275428772
38 0.28080988 0.06402455 0.6356745  0.36314872 0.026153238490223885
33 0.02253372 0.82835835 0.38138697 0.9901338  0.02556750364601612
2 0.54134357 0.42286474 1.         0.7796546  0.02546757459640503
40 0.15963796 0.36878768 1.         0.8826698  0.025415809825062752
40 0.7472571  0.30550277 1.         0.8752257  0.025278592482209206
24 0.7296748  0.50253606 0.9887668  0.7127132  0.025051262229681015
2 0.70654047 0.34264907 1.         0.72771394 0.025013478472828865
22 0.09622739 0.07087695 0.56742716 0.63864493 0.024917932227253914
40 0.13100083 0.5956635  0.8237089  1.         0.024707898497581482
16 0.02560508 0.7366099  0.24012634 0.98045766 0.024260269477963448
38 0.         0.16205198 0.55672884 0.58527184 0.023583922535181046
33 0.05200761 0.8711021  0.3310104  0.9917353  0.02319934032857418
2 0.03242622 0.66940105 0.31291568 1.         0.023135079070925713
24 0.17467682 0.06913453 0.9900213  0.318769   0.022873520851135254
28 0.         0.24762681 0.51801723 0.65555775 0.022729486227035522
35 0.         0.5060727  0.5989764  0.83068687 0.02236841805279255
28 0.         0.1624141  1.         0.70888203 0.022213060408830643
35 0.0897198  0.85261846 0.3416335  1.         0.02210155315697193
40 0.05432715 0.6138015  0.4722921  1.         0.02194877155125141
22 0.36237738 0.08858091 0.7737863  0.50934756 0.021455489099025726
35 0.         0.9437863  0.07787144 0.99608165 0.021058831363916397
28 0.5336014  0.         0.99300694 0.39448166 0.02081822045147419
38 0.3610374  0.05054485 0.75261056 0.33923614 0.01994544453918934
14 0.         0.82558614 0.2892771  0.98679626 0.019622698426246643
38 0.35986233 0.02367196 0.91239953 0.23022957 0.019555389881134033
16 0.00384383 0.8405208  0.27233368 0.98763347 0.018958045169711113
24 0.38853443 0.07595551 0.9303089  0.36706087 0.018671749159693718
35 0.         0.24053091 1.         0.8195864  0.01798900216817856
24 0.27998942 0.15822911 1.         0.5038644  0.01766175776720047
33 0.01101486 0.90479344 0.18878126 0.99564546 0.01755238138139248
22 0.49759462 0.03591367 0.90390056 0.45870486 0.01720302924513817
38 0.         0.2693826  0.33143875 0.6558395  0.017200129106640816
40 0.25702792 0.49122986 0.98616064 0.7941334  0.01719178631901741
16 2.7019183e-05 9.4794923e-01 4.4952355e-02 1.0000000e+00 0.017054783180356026
24 0.541088   0.50899196 0.99093753 0.7093545  0.01679719053208828
2 0.0808194  0.633221   0.52910566 0.9667098  0.016762373968958855
22 0.2282736  0.3365736  0.9017272  0.66268396 0.016589008271694183
2 0.04643729 0.6139766  0.36804435 0.9597691  0.016537535935640335
22 0.16877124 0.11143056 0.9520937  0.69567174 0.016526751220226288
28 0.39076293 0.03604892 0.86820173 0.21452868 0.016515186056494713
22 0.02685244 0.         0.47047883 0.7463849  0.016095809638500214
24 0.23764567 0.04850271 0.56624424 0.27749366 0.016079073771834373
12 0.         0.70213765 0.350623   0.99434936 0.016061367467045784
40 0.87193096 0.31288838 1.         0.58395165 0.01606067270040512
35 0.17684744 0.58425766 0.5054584  0.9979357  0.016043417155742645
27 0.2997192 0.        0.7039075 0.2583706 0.015916265547275543
28 0.49179083 0.0397469  1.         0.28575528 0.015825670212507248
24 0.63943857 0.43128613 1.         0.7247804  0.0157303623855114
22 0.00914811 0.03334992 0.31268927 0.86352897 0.01564786024391651
40 0.5469807  0.25320622 1.         0.9895886  0.015624386258423328
38 0.6625746  0.01353874 1.         0.35430956 0.01559874601662159
35 0.043573   0.2621952  0.49710965 1.         0.01550111174583435
33 0.01178034 0.8669099  0.13650373 0.9977933  0.015484723262488842
40 0.34143317 0.82135355 1.         0.9864488  0.015276107005774975
40 0.35954165 0.4276482  1.         0.70538926 0.015209462493658066
34 0.69663405 0.40935498 0.95438856 0.71357405 0.015049993991851807
24 0.49745092 0.05102254 0.9811477  0.26492164 0.014981371350586414
38 0.45852566 0.04170899 0.87136275 0.32580632 0.014801383949816227
24 0.21661636 0.0248984  0.7038687  0.19910704 0.014659198001027107
28 0.         0.2905133  0.30459988 0.69279265 0.014642246067523956
40 0.2859338  0.67065847 1.         0.99781424 0.014492271468043327
28 0.         0.12811059 0.30680436 0.4351057  0.014416121877729893
22 0.20733778 0.06330711 0.6345982  0.49654216 0.014391342177987099
38 0.29357836 0.0151605  1.         0.16714343 0.01433812826871872
35 0.02306737 0.41275716 0.92827374 0.71569854 0.01429748348891735
24 0.5373385 0.0323728 0.9856456 0.1560544 0.01427130401134491
22 0.392585   0.         0.81148213 0.40835276 0.014158706180751324
38 0.7965787  0.00407529 1.         0.30115214 0.014013775624334812
41 0.7598728  0.45812267 1.         0.7898986  0.013968970626592636
40 0.25070292 0.2612664  1.         0.8158316  0.013446195051074028
35 0.49177414 0.31695434 1.         0.98235345 0.013403440825641155
2 0.11729314 0.6015213  0.67405593 0.94001824 0.01337113045156002
27 0.30612978 0.02460423 0.57451844 0.28425214 0.013225911185145378
28 0.6805304  0.0148613  1.         0.34129858 0.013090047985315323
33 0.04834808 0.78694004 0.7133573  1.         0.01290963776409626
24 0.16735034 0.11220729 0.7158701  0.4329443  0.012842274270951748
14 0.         0.6970769  0.37684622 0.9952234  0.012792316265404224
24 0.8033891  0.4016183  0.98570865 0.7160462  0.012729605659842491
35 0.35761207 0.38049942 1.         0.73461515 0.012698337435722351
24 0.02222234 0.20155129 0.5800237  0.61303204 0.012671134434640408
1 0.         0.11121679 0.6258741  0.75478154 0.012609775178134441
18 0.91314995 0.29390204 1.         0.6434927  0.012547750025987625
2 0.02138487 0.6495008  0.18272378 1.         0.012368162162601948
2 0.05477577 0.56749207 0.43253663 1.         0.01214053574949503
40 0.00839504 0.6767446  0.36205256 1.         0.012078405357897282
27 0.16801243 0.         0.7362239  0.14831164 0.012014555744826794
22 0.5781597  0.         0.97552216 0.36774075 0.0117832375690341
41 0.58672404 0.48002055 1.         0.7848132  0.011691736988723278
33 0.0198433  0.69881254 0.19623236 1.         0.01165703684091568
24 0.0178219  0.75636363 0.2884602  0.96483207 0.011648083105683327
38 0.         0.10361043 0.36383817 0.6821411  0.011626693420112133
33 0.19022673 0.6597902  0.56842303 0.9965733  0.011346330866217613
28 0.0482811  0.3097334  0.92989075 0.5882129  0.011142385192215443
24 0.06990224 0.19209945 0.85893905 0.5839604  0.011110261082649231
40 0.6110327 0.759163  1.        0.977651  0.011087993159890175
9 0.00253703 0.70224196 0.29600504 0.97191346 0.011037894524633884
2 0.8941456 0.2945774 1.        0.5578959 0.01102633960545063
33 0.19679937 0.87559605 0.46843114 0.99750155 0.010987446643412113
40 0.18413398 0.5577953  0.5401554  1.         0.010986579582095146
40 0.08137436 0.59516233 0.64277184 0.911877   0.010966571979224682
19 0.24924462 0.         0.64596295 0.3414075  0.010951580479741096
24 0.30816028 0.1347598  0.8380536  0.42665473 0.01085473969578743
33 0.53827363 0.46900713 1.         0.75748956 0.01081390306353569
41 0.275081  0.8808517 0.4721666 1.        0.01074953656643629
35 0.         0.9309869  0.05530071 0.9892486  0.010709647089242935
35 0.16749853 0.8519898  0.42033285 1.         0.010488043539226055
41 0.32655573 0.8807175  0.52676845 1.         0.01044959295541048
35 0.48790717 0.26652    1.         0.76750225 0.010280398651957512
28 0.         0.08665975 0.51213205 0.5097806  0.010153541341423988
41 0.13691871 0.7052159  0.4654045  1.         0.010146904736757278
35 0.         0.5332051  0.36642036 0.8576214  0.010115591809153557
41 0.91251284 0.39009964 1.         0.62449133 0.010097207501530647
41 0.08878515 0.84215117 0.42621914 1.         0.009958089329302311
19 0.33447587 0.         0.7151596  0.40219128 0.009936921298503876
35 0.30605164 0.82409376 0.90890086 0.9906827  0.009894218295812607
41 0.10560514 0.80546564 0.5457385  1.         0.009868698194622993
12 0.         0.7603343  0.27063754 1.         0.009768221527338028
27 0.4405845  0.00361266 0.7904943  0.20094003 0.00976768508553505
35 0.63049185 0.31428733 1.         0.68767256 0.009742198511958122
28 0.02468048 0.06107169 0.90067947 0.43572766 0.009611685760319233
4 0.26880452 0.47320262 1.         0.93649286 0.009606726467609406
40 0.0628582  0.33011624 0.7232762  0.8880534  0.009571867063641548
22 0.4807953  0.         0.8959418  0.33923388 0.009560211561620235
10 0.00112702 0.95057327 0.09831932 1.         0.009476236999034882
38 0.         0.06017258 0.75939524 0.59155583 0.009425407275557518
38 0.5413146  0.02012121 0.98721164 0.43598843 0.009417390450835228
2 0.34404084 0.40602285 1.         1.         0.009333438239991665
22 0.0289527  0.21595313 0.4510078  0.6613659  0.009268395602703094
40 0.09352371 0.67553735 0.62246555 1.         0.009237231686711311
35 0.30803064 0.1233243  1.         0.9103098  0.009159951470792294
19 0.28206024 0.01830355 0.5392612  0.30969957 0.009112037718296051
9 0.01419939 0.7063809  0.18664525 0.9819159  0.009030016139149666
27 0.18875812 0.         0.6303528  0.27476394 0.009025005623698235
41 0.36086714 0.7293947  0.6407779  1.         0.009023801423609257
4 0.558892   0.4548583  0.9897337  0.96291995 0.008963450789451599
35 0.10198899 0.36326668 1.         0.6386386  0.00894680805504322
19 0.158945   0.00818067 0.56990707 0.38807997 0.00893285684287548
33 0.0353272  0.6565839  0.58087146 0.9378411  0.008740472607314587
2 0.03115101 0.81062686 0.35395458 0.9983153  0.008686855435371399
27 0.40280092 0.         0.7976546  0.30512148 0.008677931502461433
33 0.8941532 0.3839404 1.        0.6038362 0.008672651834785938
41 0.06205896 0.84718126 0.2953584  1.         0.008618665859103203
10 0.0018316  0.93495536 0.06900705 1.         0.008569685742259026
24 0.003962   0.734385   0.17467758 0.97064203 0.008549663238227367
10 0.00576332 0.8916188  0.14099951 1.         0.008522508665919304
16 0.020631   0.7206248  0.37558544 0.95882195 0.008393491618335247
40 0.49941477 0.3732106  0.9618979  0.7970898  0.008379142731428146
41 0.04918741 0.73044604 0.24802257 1.         0.008357448503375053
12 0.01898069 0.603471   0.4846462  0.9726948  0.008282885886728764
27 0.2360155  0.01540127 0.52009684 0.27513272 0.008216151967644691
35 0.         0.28554115 0.7007335  0.89040345 0.008165131323039532
40 0.13568576 0.52368504 0.8322837  0.8205802  0.00816208403557539
28 0.3725651  0.02784877 0.9474161  0.15718697 0.008146473206579685
22 0.36980888 0.40802044 1.         0.75756717 0.008115685544908047
35 0.03219091 0.4212279  0.5303829  0.9111789  0.008090320974588394
41 0.9120126  0.48785    1.         0.72626776 0.008067418821156025
41 0.28547212 0.7238171  0.5521253  1.         0.008057177998125553
27 0.33149076 0.         0.7678082  0.4054129  0.008004264906048775
33 0.01977266 0.64537877 0.2808246  1.         0.007949071936309338
2 0.32382527 0.4273515  0.9512846  0.7829362  0.007875511422753334
22 0.01258548 0.28296337 0.33852652 0.7201099  0.00782211683690548
22 0.         0.60475117 0.22927305 1.         0.007753065787255764
28 0.4350683 0.        1.        0.5672046 0.007717467378824949
10 0.00641076 0.92211664 0.1935386  1.         0.007710950914770365
24 0.8940802  0.36484542 0.99631226 0.53302526 0.007703437469899654
24 0.05071128 0.7762159  0.45648977 0.9655396  0.007669020909816027
28 0.8042838  0.         0.99912673 0.36266893 0.007668935228139162
24 0.01853476 0.69576985 0.33572423 0.9048944  0.0076591805554926395
13 0.22419874 0.12995298 0.9765531  0.6700097  0.007639911491423845
35 0.01245169 0.32975546 0.33910996 0.9666081  0.007573334034532309
35 0.2684728 0.8470292 0.5312693 1.        0.007572501432150602
33 0.30750144 0.8750928  0.5721595  0.99814373 0.007537391036748886
33 0.0830587  0.6217058  0.83226126 1.         0.007523835636675358
22 0.24862674 0.3278716  0.94817173 1.         0.007478012703359127
22 0.         0.6678871  0.16031936 1.         0.0074570211581885815
24 0.24729174 0.23342349 0.98563856 0.66566926 0.0074524227529764175
24 0.13465959 0.70826024 0.4371961  0.9643199  0.007426117081195116
25 0.56888664 0.402022   0.98248184 0.6506604  0.007420115172863007
40 0.02480644 0.2193424  0.5350699  0.80568266 0.007401757873594761
24 0.50113344 0.11982562 0.9722868  0.39782938 0.007381621748209
40 0.02447606 0.7642432  0.7870708  1.         0.0073335482738912106
33 0.01266477 0.8216246  0.10257132 1.         0.00731908343732357
40 0.10544963 0.19560131 1.         0.60918784 0.00730980234220624
2 0.40437895 0.35813627 1.         0.7180766  0.007288302294909954
24 0.02658912 0.80740726 0.23521164 0.9742385  0.007275218144059181
24 0.03912949 0.87124014 0.33373943 0.9769675  0.0071967472322285175
40 0.00660151 0.29319897 0.38267162 0.87295645 0.0070724282413721085
11 0.         0.75247335 0.2019869  0.9964789  0.007044863887131214
6 0.01043652 0.17541298 0.30455145 0.7344016  0.007044658064842224
22 0.56959164 0.00283435 0.9616156  0.6994295  0.007032747846096754
41 0.40334773 0.88132274 0.61181974 1.         0.00696641206741333
41 0.22290722 0.8817336  0.4146973  1.         0.006942428648471832
1 0.0376501  0.03057439 0.9908952  0.68366635 0.00693526491522789
28 0.14148068 0.04094663 0.6355938  0.35510364 0.006857720203697681
11 0.        0.7050569 0.2870341 1.        0.006827589590102434
12 0.         0.71589553 0.57824075 0.9896996  0.006803836673498154
19 0.46821937 0.         0.8364463  0.41275132 0.006803532131016254
10 0.00639655 0.8508245  0.10455157 1.         0.00677890982478857
2 0.02268681 0.8478491  0.25718078 1.         0.006746204569935799
24 0.         0.15075946 0.47449723 0.5287481  0.006720645818859339
40 0.71020776 0.33291617 1.         0.6502752  0.006702565588057041
35 0.2101196  0.66850597 1.         0.98350394 0.00665949285030365
22 0.46719655 0.06312347 0.9531348  0.8919985  0.006621667183935642
28 0.03617981 0.02284461 1.         0.30636716 0.006602810230106115
40 0.6654666 0.8242801 0.9764132 0.9716858 0.006587507668882608
40 0.00689167 0.6636314  0.2072412  1.         0.006537904497236013
27 0.42432246 0.02581434 0.68306416 0.29160434 0.006510841194540262
10 0.7303811  0.41640767 1.         0.8123328  0.006468982435762882
35 0.46846497 0.77940327 0.99507385 0.99988264 0.006439054850488901
22 0.5081289  0.31121755 1.         0.79380035 0.006402137689292431
41 0.13467792 0.6336694  0.61378604 1.         0.006340108811855316
22 0.16633764 0.02875613 0.79979426 0.8742612  0.006337059196084738
12 0.         0.83219314 0.4045115  0.9948785  0.006290751043707132
27 0.38566026 0.01952771 0.93812317 0.49001282 0.006284926552325487
2 0.15085839 0.47898042 0.73037195 0.8658087  0.006264300085604191
41 0.81524956 0.36472383 1.         0.8180045  0.006228100974112749
34 0.4728253  0.40818086 0.9810877  0.7042429  0.006217337213456631
24 0.5884359  0.20388477 1.         0.640047   0.0062117245979607105
25 0.16987847 0.35155606 0.8791453  0.61502695 0.006208295933902264
22 0.22646227 0.         0.6629     0.38645783 0.006170958746224642
22 0.1409767  0.41949433 0.85246146 0.7615149  0.006170027889311314
40 0.         0.8052651  0.43932822 1.         0.006132400594651699
28 0.17622994 0.03106144 0.51417327 0.31663424 0.0061258357018232346
24 0.01033343 0.3049047  0.3662332  0.7631679  0.006100382190197706
41 0.45641053 0.88675255 0.665211   1.         0.006065599620342255
24 0.28424284 0.51755476 0.8518564  0.7060177  0.006062410771846771
22 0.17497408 0.         0.8586611  0.38459715 0.006057335529476404
14 0.03395793 0.6661657  0.15443066 0.81291926 0.006052352022379637
24 0.14922455 0.6640912  0.71036714 0.95278895 0.006019809283316135
35 0.1468661  0.22291504 0.6140944  0.71581054 0.006014623679220676
18 0.91208124 0.39522117 1.         0.7472527  0.006008599419146776
33 0.79073954 0.34955552 1.         0.7838252  0.005962949711829424
24 0.0209031  0.92755437 0.17441411 0.99025476 0.005961848888546228
19 2.9838279e-01 1.2989044e-04 6.7394602e-01 2.1944851e-01 0.005928610451519489
29 0.         0.6385624  0.31480306 1.         0.0059056696482002735
35 0.4492684  0.86100566 0.7055724  0.9967377  0.00585800688713789
1 0.02324579 0.16867498 0.42046002 0.6687233  0.005840815603733063
25 0.        0.0802873 0.551031  0.7029044 0.005838114768266678
28 0.8220187  0.02381223 1.         0.2833749  0.005828497000038624
24 0.05879728 0.6809066  0.5840103  0.8696021  0.005784513894468546
