1 0.         0.24100433 0.3249516  0.7699821  0.3808477818965912
21 0.80908614 0.15863948 0.98052514 0.6186945  0.3510037064552307
1 0.         0.30973    0.50460434 0.70362854 0.22276894748210907
24 0.19651383 0.30109447 0.6321764  0.5202188  0.18965865671634674
1 0.         0.39859632 0.6211479  0.76360935 0.18676422536373138
21 0.67435235 0.16121273 0.9927637  0.52406794 0.1462368220090866
1 0.         0.20735693 0.63566285 0.78617674 0.127613827586174
24 0.10782301 0.32043758 0.5270105  0.5311547  0.1246638223528862
24 0.07915439 0.3388063  0.69568074 0.4926343  0.11551375687122345
1 0.         0.20224416 0.40229055 0.9670861  0.11424204707145691
41 0.8709262  0.06251704 1.         0.45988908 0.11211492121219635
21 0.13912816 0.02804685 0.9992092  0.49589357 0.11087840795516968
1 0.15947515 0.33275586 0.9074508  0.7137953  0.10807520896196365
1 0.0306198  0.31219652 0.29118684 0.70270026 0.09920815378427505
24 0.14058894 0.26633292 0.5147598  0.47246167 0.09693706035614014
24 0.09476453 0.24115601 0.8459372  0.5713112  0.09672883152961731
10 0.81510365 0.14285286 1.         0.71088696 0.09060540795326233
24 0.30697167 0.39239782 0.87579316 0.56181526 0.08937189728021622
1 0.35663587 0.29197398 1.         0.6836963  0.08867119252681732
24 0.07177304 0.4349412  0.66259086 0.5962659  0.07684924453496933
18 0.81808174 0.06515307 1.         0.71618646 0.07212496548891068
1 0.         0.19355935 0.83539367 0.9442956  0.0695531889796257
24 0.30737513 0.27641556 0.9321218  0.6155156  0.0685865581035614
1 0.0861323  0.07631055 1.         0.75522023 0.06786130368709564
7 0.19467275 0.         0.9984593  0.77156067 0.06384233385324478
24 0.118955   0.39206618 0.73458856 0.56932706 0.06332000344991684
18 0.75042135 0.17849475 1.         0.6475241  0.06308413296937943
24 0.         0.32588756 0.43391317 0.5359899  0.06305252760648727
24 0.36486012 0.32481864 0.9036303  0.5076543  0.06025157496333122
21 0.25699234 0.1859722  0.746587   0.5671378  0.05781959369778633
18 0.6771658 0.1102357 1.        0.5764399 0.05706879869103432
24 0.04287982 0.24393754 0.5351649  0.57335514 0.055524006485939026
1 0.         0.10225421 0.54827666 0.6422027  0.051900967955589294
24 0.1836704  0.25033224 0.7623454  0.5004707  0.04997296258807182
1 0.04756673 0.2508093  1.         0.90186864 0.04945642128586769
24 0.8921852  0.03280567 0.9758113  0.10198373 0.04908737167716026
41 0.8856839  0.00449987 0.9980118  0.11314677 0.04879910126328468
7 0.08989533 0.08132505 0.65765506 0.8392443  0.04864777997136116
1 0.15758632 0.2503127  0.6960474  0.68005437 0.0481160469353199
1 0.42167783 0.         1.         0.7995681  0.047811612486839294
24 0.3028591  0.32988903 0.70157075 0.55595744 0.047061722725629807
41 0.36731645 0.12485532 1.         0.5765615  0.04705289751291275
1 0.5300827  0.18216719 1.         0.8174968  0.046337105333805084
1 0.17655295 0.24399278 0.5303991  0.8260228  0.043251365423202515
10 0.7486186 0.2398393 1.        0.6669097 0.04310235008597374
41 0.8362406 0.2548729 1.        0.6468725 0.04296364262700081
41 0.7921423  0.02128569 1.         0.3794211  0.04261365532875061
24 0.47882447 0.37271896 0.9754643  0.56697243 0.042492106556892395
33 0.87261057 0.00606846 1.         0.07614549 0.04212192818522453
41 0.01263128 0.41991493 0.6074823  0.68312556 0.04101318120956421
24 0.73958236 0.31891334 0.97608674 0.6139665  0.03984137624502182
41 0.522136   0.06338105 1.         0.42935228 0.03910188004374504
40 0.         0.07048132 0.76110566 1.         0.03889250382781029
1 0.21428046 0.42911875 0.9777482  0.7790396  0.0385853610932827
1 0.         0.19805396 0.29951838 0.60987556 0.03804640471935272
41 0.01047961 0.24931481 0.6859131  0.7308172  0.03775319084525108
41 0.         0.33540946 0.5069777  0.62090343 0.037282004952430725
41 0.4963152  0.01926884 1.         0.16763888 0.03675301745533943
24 0.7864485  0.04882128 0.9694644  0.20431723 0.03581170737743378
24 0.45617524 0.33840436 0.8205576  0.5719623  0.03517318144440651
41 0.68662393 0.03020292 1.         0.2782945  0.03514181450009346
24 0.74116874 0.04783651 0.98094213 0.13706328 0.03488851338624954
24 0.32172182 0.30825755 0.5725149  0.55112034 0.03477399796247482
18 0.8754566  0.39067727 1.         0.6861628  0.033868201076984406
21 0.4591236  0.01931453 0.9772032  0.47088456 0.03366607427597046
24 0.03011091 0.2846709  0.6010532  0.43869781 0.033477697521448135
41 0.89677066 0.26847443 1.         0.5023274  0.03336808457970619
41 0.8114655  0.13676596 1.         0.5518763  0.03277105838060379
24 0.22651088 0.33327478 0.50235933 0.62781507 0.032740410417318344
41 0.24344426 0.28341255 0.85331327 0.63228256 0.03210202977061272
24 0.896534   0.03824004 0.9879938  0.1780137  0.03160219267010689
1 0.         0.24831451 0.6659544  0.57436836 0.03102547861635685
41 0.         0.34872055 0.29087937 0.62207615 0.03085833415389061
24 0.69981897 0.4453061  0.99711055 0.6294554  0.030843429267406464
24 0.03855578 0.20830451 0.4821745  0.45180076 0.030545955523848534
10 0.00888647 0.00208842 0.09388787 0.04662379 0.030364250764250755
24 0.8154969  0.29043087 0.98574895 0.6847314  0.029686909168958664
24 0.6353817  0.05989208 0.9716848  0.21929255 0.029634514823555946
24 0.35229707 0.4344241  0.9622067  0.60582936 0.028786487877368927
40 0.02835327 0.30601013 0.6547215  0.89375937 0.02875315211713314
10 0.00619458 0.00532054 0.06659007 0.06348912 0.02778688259422779
24 0.19532454 0.36433262 0.64263874 0.63095653 0.027309920638799667
34 0.56731963 0.00799486 0.9539805  0.20347226 0.027174649760127068
6 0.         0.61301893 0.808961   1.         0.026425402611494064
1 0.0843379  0.3443063  0.7036622  0.81943125 0.025582488626241684
41 0.22214587 0.40009147 0.6977231  0.6828099  0.02555503323674202
24 0.3111298  0.394293   0.8857548  0.67795616 0.025226248428225517
7 0.7624331  0.18113092 0.97904587 0.6610489  0.025207746773958206
1 0.28280994 0.24459362 0.6087027  0.79942894 0.02515227347612381
24 0.07288455 0.35587165 0.5639509  0.7039194  0.02505045011639595
1 0.8192315  0.08244336 1.         0.8298469  0.024983687326312065
40 0.07919632 0.         1.         0.92024785 0.024553565308451653
24 0.5672495 0.218808  0.9877644 0.5942498 0.024507438763976097
41 0.72274363 0.01693157 1.         0.15552452 0.024500207975506783
1 0.7370459  0.18003169 1.         0.72071135 0.024409040808677673
24 0.77006453 0.0909965  0.9636072  0.35508448 0.024267658591270447
24 0.3378567  0.20183022 0.91838384 0.5175237  0.023803170770406723
34 0.863929   0.         0.99222076 0.1702463  0.02355797030031681
21 0.43952334 0.17150716 0.9850932  0.51430833 0.02353551611304283
24 0.09258509 0.46749422 0.7874585  0.6320323  0.022969605401158333
4 0.         0.18831849 0.975035   0.78078514 0.022841285914182663
21 0.86714274 0.25635126 0.9824105  0.45163926 0.022408533841371536
41 0.         0.19999892 0.88873345 0.59451693 0.022294258698821068
24 0.66815567 0.07336373 0.98212606 0.29444203 0.022285664454102516
24 0.6196483  0.34764427 0.99183536 0.61899966 0.021715642884373665
24 0.         0.20864221 0.7409285  0.44415015 0.021303260698914528
41 0.20341797 0.05932617 1.         0.36138463 0.021222691982984543
41 0.08932531 0.36461568 0.7646026  0.5861604  0.02122240699827671
41 0.8798963  0.2847549  1.         0.72616094 0.021220698952674866
18 0.8657163  0.21547735 0.99403477 0.4890125  0.021166911348700523
41 0.78206515 0.36365294 1.         0.6379532  0.02092931419610977
24 0.39438283 0.32285342 0.63119704 0.5450287  0.020815426483750343
21 0.38513258 0.12623535 1.         0.42768025 0.02075118198990822
41 0.66055137 0.12909663 1.         0.566859   0.020681140944361687
41 0.7763301  0.01367016 1.         0.22048463 0.020550817251205444
18 0.66799885 0.2635791  1.         0.6272974  0.020494578406214714
24 0.1679568  0.33698243 0.84864914 0.7039799  0.02044832333922386
34 0.8624762  0.00572962 0.9879649  0.09780809 0.02010328881442547
18 0.7533533  0.         1.         0.47363105 0.019349314272403717
10 0.6721007  0.17235732 1.         0.5968589  0.019246943295001984
41 0.6834362  0.08911426 1.         0.42647332 0.019040601328015327
34 0.620702   0.         0.9818708  0.15762533 0.01874275505542755
18 0.88057476 0.18100701 0.9912171  0.41686222 0.018687918782234192
41 0.8839     0.01208018 1.         0.23977225 0.018673064187169075
1 0.         0.15084518 0.42719632 0.58574635 0.018618380650877953
33 0.33056986 0.18098666 1.         0.71936864 0.018401481211185455
21 0.02855833 0.08663686 0.7342664  0.5497344  0.018394004553556442
41 0.89995605 0.21215622 1.         0.44586122 0.018372686579823494
10 0.6667253  0.36478135 1.         0.6417313  0.0178478192538023
21 0.71099365 0.03865883 0.9571975  0.41579777 0.017838405445218086
10 0.01685672 0.00297082 0.18546475 0.08559955 0.017654865980148315
24 0.38203996 0.34684482 1.         0.7176534  0.01740029640495777
4 0.05132864 0.13345538 1.         0.7202933  0.017388571053743362
10 0.05751104 0.09069563 0.8319553  0.62957823 0.017301540821790695
21 0.60403025 0.12594904 0.9809871  0.4175731  0.01728101633489132
1 0.5492316  0.4317559  0.98094535 0.8484952  0.017174262553453445
41 0.21234396 0.38588175 0.9692424  0.65258527 0.017126569524407387
24 0.71477693 0.3928502  0.997033   0.5731533  0.017113877460360527
1 0.8270412  0.         1.         0.52065676 0.01709285005927086
41 0.6217343  0.3199663  1.         0.65804106 0.01695483922958374
41 0.5138093  0.21534592 1.         0.6382199  0.016877463087439537
18 0.83729595 0.         1.         0.40390518 0.01640920713543892
6 0.         0.6892579  0.30852708 1.         0.01599065773189068
21 0.81170857 0.         0.9683362  0.3856033  0.015661058947443962
1 0.04358866 0.07205585 0.9210088  0.552592   0.0155135877430439
6 0.0076562  0.6478906  0.17286783 1.         0.015360748395323753
24 0.48988184 0.41691032 0.89751256 0.6333874  0.015353362075984478
1 0.00191798 0.42922202 0.39863706 0.7758841  0.015220984816551208
1 0.15664856 0.         0.4320063  0.08600549 0.015075589530169964
33 0.7306886  0.0094725  1.         0.11506086 0.014984097331762314
34 0.7371081  0.01188347 0.95049036 0.30681646 0.014776123687624931
25 0.         0.27690226 0.7495283  0.62816304 0.014666038565337658
21 0.8712004 0.4690115 0.9806517 0.6559188 0.014627783559262753
25 0.        0.2755679 1.        0.673934  0.014619854278862476
10 0.24075547 0.04561897 1.         0.62799805 0.014071104116737843
10 0.8577368  0.47591555 1.         0.7042507  0.013987869955599308
18 0.46130666 0.         1.         0.49987677 0.013784503564238548
41 0.04376394 0.14970037 1.         0.5040109  0.013783201575279236
7 0.12171237 0.01885839 0.7112444  0.5743106  0.013668961822986603
21 0.8685317  0.20856637 0.98660076 0.4031439  0.013629931956529617
18 0.31411067 0.         1.         0.61584985 0.013629607856273651
1 0.54391104 0.         1.         0.49663073 0.013491932302713394
1 0.05946718 0.41953605 0.29781687 0.8259185  0.013479278422892094
1 0.630664  0.        1.        0.6835261 0.013207225129008293
21 0.21313994 0.15342624 0.90859294 0.45841554 0.01308735553175211
24 0.         0.35334986 0.3700437  0.5055509  0.012994125485420227
1 0.6710008  0.34865168 1.         0.7501906  0.01292338501662016
24 0.5343235  0.17922305 0.9373045  0.45909864 0.012696733698248863
21 0.7016436  0.294356   0.97862977 0.5726125  0.012527480721473694
24 0.50552046 0.0597874  0.94289076 0.1355399  0.012498022057116032
41 0.4483826  0.02363247 1.         0.35519668 0.012408742681145668
7 0.30235928 0.04182788 0.8571981  0.68016493 0.012381927110254765
41 0.         0.29462588 0.24150632 0.59628797 0.012313229031860828
4 0.6910252  0.18723905 1.         0.73455596 0.012277799658477306
24 0.40174332 0.16994719 0.9285059  0.402004   0.012186473235487938
25 0.         0.40295112 0.84089005 0.8199847  0.012128431349992752
41 0.59055775 0.26719412 1.         0.564428   0.012033907696604729
33 0.8777807  0.         1.         0.12079637 0.01201370544731617
24 0.83372784 0.15158415 0.9952942  0.42740938 0.011981144547462463
34 0.75162303 0.         0.97475576 0.17982979 0.011809763498604298
38 0.         0.66840446 0.9402689  0.9984155  0.011718829162418842
22 0.02300817 0.60599935 0.81146884 0.9693098  0.01170191541314125
34 0.66823834 0.00587507 0.98689914 0.11850452 0.011666477657854557
41 0.17664193 0.29709795 0.6266199  0.62123644 0.011520768515765667
1 0.32914183 0.24865194 0.8335321  0.7090425  0.01143570151180029
5 0.6923254  0.18153982 0.9902578  0.53984296 0.011338246054947376
1 0.03304403 0.37326533 0.5152395  0.9605422  0.011330257169902325
25 0.         0.48149467 0.69468063 0.79430574 0.011302443221211433
40 0.7785331 0.        1.        0.9303871 0.011277403682470322
24 0.         0.28517354 0.30411166 0.55496836 0.011262951418757439
1 0.7727697 0.        1.        0.3941358 0.011194048449397087
1 0.40971842 0.21697994 0.91475993 0.64445037 0.011032178066670895
24 0.08119065 0.1571175  0.83848345 0.37969154 0.010728043504059315
10 0.00656289 0.02054845 0.09401712 0.17906953 0.0106360437348485
10 0.00971883 0.01045763 0.13221143 0.12861633 0.010548945516347885
41 0.9007738  0.36804557 1.         0.6106005  0.010501808486878872
1 0.         0.03858589 0.33621058 0.5579532  0.01047251932322979
1 0.36914572 0.2794556  0.67416793 0.79962707 0.01036254595965147
41 0.         0.24942736 0.3344697  0.6873563  0.010225395672023296
24 0.48222905 0.31289998 0.7143467  0.58244663 0.010020814836025238
24 0.3187628  0.47577888 0.9636953  0.6564657  0.00980473030358553
27 0.         0.24184886 0.7597318  0.84540886 0.009755345992743969
10 0.01267421 0.04425227 0.632218   0.55563164 0.009719999507069588
7 0.8292685  0.22699161 0.97055495 0.7351994  0.009693063795566559
23 0.14411502 0.         0.69318664 0.67910403 0.009670272469520569
34 0.46194738 0.03164087 0.892379   0.37769654 0.009588773362338543
25 0.         0.17355302 0.92908835 0.7947289  0.009553185664117336
21 0.10044891 0.00682092 0.90851593 0.29885164 0.009536736644804478
34 0.4403762  0.06490339 0.9070626  0.5258704  0.00951197650283575
24 0.7347276  0.14849308 0.9778526  0.41402584 0.00949412863701582
34 0.8710424  0.026435   0.986396   0.22995254 0.009251769632101059
1 0.18716764 0.         0.41158578 0.12667482 0.00917003583163023
25 0.         0.41526058 0.66331923 0.71768653 0.009155305102467537
41 0.         0.3105835  0.38586953 0.5514067  0.00910409539937973
4 0.7891839  0.11920693 1.         0.8238488  0.009065376594662666
24 0.2511135  0.41491672 0.5585058  0.7342365  0.009028208442032337
34 0.8115227  0.06422275 0.959425   0.41400465 0.008952132426202297
41 0.46587104 0.19540581 1.         0.47145906 0.008900577202439308
21 0.8678836  0.42095304 0.9700943  0.6231742  0.00888452772051096
21 0.1692905  0.10073876 0.63843805 0.4345402  0.00882011279463768
1 0.7410651  0.03109294 0.99186385 0.63644195 0.008795414119958878
1 0.4833544  0.23588926 0.83409    0.821338   0.008759448304772377
24 0.3816475  0.37697473 0.76714736 0.5915274  0.008598110638558865
41 0.2601445  0.29710248 1.         0.7262063  0.008533492684364319
34 0.23048271 0.03987112 0.8362     0.45230526 0.008533152751624584
33 0.82321066 0.1457236  1.         0.6687871  0.00850140955299139
24 0.5191858  0.09929308 0.9563387  0.3265767  0.008472821675240993
27 0.        0.4266252 0.707306  0.730293  0.008364030160009861
41 0.8259561  0.38544133 1.         0.70356447 0.008332260884344578
24 0.01099742 0.23844406 0.3589992  0.63058466 0.008316063322126865
25 0.49447298 0.25977945 1.         0.5376669  0.008207772858440876
25 0.         0.09216805 1.         0.63123524 0.008171065710484982
10 0.01837453 0.00849069 0.36416936 0.17654756 0.008042874746024609
18 0.02230084 0.00099851 0.05975785 0.05189637 0.008021854795515537
10 0.17535263 0.18790355 0.896852   0.5782542  0.008002746850252151
1 0.00147364 0.         0.939975   0.39779    0.008002095855772495
18 0.03439405 0.00086563 0.08443499 0.03914605 0.008001191541552544
1 0.         0.05567475 0.5456019  0.46087077 0.007993374951183796
7 0.22827777 0.16405256 0.6600244  0.7566278  0.007982299663126469
1 0.4852066  0.07744054 1.         0.6103365  0.007958726957440376
28 0.         0.68812    0.89421195 0.99767685 0.007934856228530407
41 0.62030077 0.11459286 0.96620274 0.49451274 0.007929857820272446
41 0.01448255 0.2741468  0.78916097 0.5391467  0.007908622734248638
2 0.04851504 0.24060187 0.50039625 0.65853226 0.007834059186279774
1 0.76199144 0.3379773  1.         0.8490416  0.007743339519947767
38 0.         0.74617016 0.32693538 1.         0.007735338527709246
25 0.43439505 0.41419846 1.         0.6337348  0.0077339536510407925
1 0.89008224 0.22762136 1.         0.56294656 0.007689186837524176
1 0.38254797 0.317701   0.7799887  0.8853876  0.007647740188986063
40 0.        0.1476723 0.6742834 0.7698805 0.007626784965395927
41 0.42002112 0.3056359  0.98820275 0.6671227  0.007372163701802492
18 0.59075624 0.13803247 1.         0.75697595 0.007348211016505957
25 0.         0.4453091  0.81075186 0.67636317 0.007344922982156277
25 0.66082877 0.17808355 1.         0.5691956  0.007314853835850954
18 0.4788469  0.10678638 1.         0.54246867 0.007287359796464443
21 0.23285638 0.24130479 0.937004   0.55153674 0.0072289700619876385
1 0.02382675 0.4449511  1.         0.9715251  0.007221657317131758
4 0.         0.00259913 0.8344948  0.6143566  0.007157738786190748
24 0.         0.0097234  0.05214398 0.0452837  0.007149080745875835
4 0.605613   0.3024966  1.         0.77736235 0.007065736688673496
10 0.02663081 0.2371224  0.62660795 0.558556   0.007036886177957058
2 0.07467898 0.19377038 0.7709614  0.8920805  0.006987753789871931
1 0.46241742 0.33446604 1.         0.9767912  0.006969904992729425
24 0.7732501  0.45211518 0.9684452  0.69956404 0.006947389803826809
41 0.27266678 0.36482567 0.6057797  0.7608606  0.0069036600179970264
18 0.6314375  0.06243477 1.         0.4598161  0.006855971645563841
1 0.64248455 0.         1.         0.27718452 0.00685166846960783
41 0.06428193 0.37144518 0.5575091  0.7677725  0.006735274102538824
2 0.7940897  0.10212527 0.9664607  0.6017025  0.00671781599521637
1 0.17085806 0.2950456  0.6340177  0.9837622  0.006696110125631094
21 0.8674513  0.31158632 0.97139883 0.500844   0.006643983069807291
4 0.         0.12291647 0.54948235 0.73059094 0.006585064809769392
24 0.00897095 0.01531847 0.14097606 0.0636123  0.006543358322232962
25 0.5339842  0.33337158 1.         0.61256194 0.0065406388603150845
1 0.21820204 0.17407583 0.86150384 0.5720229  0.006534111686050892
25 0.         0.17958741 0.8836179  0.58921075 0.006533233914524317
25 0.64803344 0.601666   1.         0.7956633  0.006529036443680525
33 0.17933859 0.10229459 1.         0.6276386  0.006525388453155756
41 0.14373685 0.0092479  0.5104345  0.07771385 0.006507312413305044
24 0.54135716 0.34379718 0.767514   0.6384133  0.0063964673317968845
24 0.7119989  0.42782864 0.9821403  0.7292288  0.0063426559790968895
24 0.8817035  0.06207323 0.99292564 0.24928696 0.006342444568872452
6 0.04964521 0.71429527 0.53934634 1.         0.006334437057375908
24 0.         0.00732779 0.07398447 0.03465475 0.00629284605383873
33 0.52684104 0.0152821  1.         0.13298987 0.0062701525166630745
40 0.4760783  0.         1.         0.86582947 0.006261751055717468
19 0.71461385 0.22430879 1.         0.5748354  0.006253085099160671
24 0.         0.40411767 0.40578976 0.574858   0.006249051541090012
4 0.02524251 0.43698916 0.7715187  0.819421   0.006216834764927626
41 0.12059805 0.00276152 0.43039963 0.11806615 0.0062004695646464825
24 0.74289024 0.22243963 0.98759156 0.5036008  0.006164544727653265
21 0.3437609  0.         0.94767123 0.32776505 0.006131692323833704
2 0.23387322 0.09249746 0.88093007 0.6616202  0.0060513517819345
1 0.        0.        0.6101337 0.1744225 0.0060393852181732655
10 0.54166174 0.04717367 1.         0.56645405 0.005939126014709473
33 0.37866157 0.06962324 1.         0.6041024  0.005860833916813135
10 0.09994766 0.07570947 0.76363635 0.42277873 0.005860391538590193
1 0.688744   0.25882283 1.         0.9101496  0.005847470369189978
21 0.17221293 0.20289364 0.6337008  0.52137166 0.005801711697131395
25 0.7981643  0.27443781 1.         0.42779014 0.005778222344815731
