24 0.20988518 0.31009245 0.5815781  0.5739079  0.15871462225914001
24 0.32420987 0.3063862  0.7460264  0.56075644 0.15407496690750122
24 0.2606038  0.25519475 0.6551673  0.5585467  0.0909494161605835
27 0.         0.39369372 0.8496878  0.74289304 0.08726406842470169
24 0.16822185 0.30236733 0.45800182 0.55056816 0.08025539666414261
24 0.36243498 0.35124105 0.811905   0.5951005  0.07368819415569305
19 0.0352151  0.33719963 0.54985267 0.7506887  0.0680350661277771
27 0.09410223 0.42931134 1.         0.7660316  0.050840552896261215
27 0.         0.26427317 0.728965   0.8350278  0.047816500067710876
24 0.3163254  0.26556745 0.93805563 0.72303945 0.047036975622177124
27 0.00223485 0.3577158  1.         0.93605906 0.046629976481199265
24 0.32981926 0.03238843 0.8792801  0.597967   0.036821454763412476
24 0.5696196  0.42747417 0.96856445 0.7102761  0.03568568080663681
24 0.45653015 0.13263014 1.         0.57635653 0.035598233342170715
24 0.32002184 0.40584642 0.72171646 0.61525303 0.034178413450717926
43 0.09491049 0.32141602 0.6536704  0.6793731  0.03345021232962608
19 0.        0.1351636 0.561102  0.9510724 0.03259812295436859
24 0.50529104 0.84891176 0.6660908  0.9865027  0.031515687704086304
24 0.4523464  0.84868664 0.61333245 0.98652095 0.031012138351798058
24 0.5584495  0.84895736 0.7195146  0.98648703 0.030839640647172928
24 0.47753072 0.3216396  0.96970075 0.7635365  0.03071925789117813
24 0.5177878  0.88778394 0.7434325  0.9890799  0.03034297563135624
24 0.51568675 0.9171128  0.8011601  0.9910982  0.03019726648926735
24 0.6118555  0.84870785 0.77288437 0.9862646  0.030088193714618683
24 0.692183  0.8484366 0.8528228 0.9862754 0.030052565038204193
24 0.4120689  0.88770276 0.6371153  0.98872936 0.02918379195034504
24 0.18286027 0.00244982 0.5504885  0.560152   0.02885464020073414
24 0.2294745  0.8463188  0.84527445 0.9852179  0.028766945004463196
24 0.39898983 0.8486624  0.56058043 0.98634076 0.028678182512521744
24 0.38314626 0.79077107 0.8196561  0.9804892  0.028614595532417297
24 0.53104544 0.37526613 1.         0.65902203 0.028561120852828026
24 0.65181094 0.8875046  0.8762358  0.988849   0.028535159304738045
24 0.4094518  0.9171472  0.69510967 0.99072003 0.028331143781542778
24 0.7456157 0.8486214 0.905374  0.9858116 0.02809411846101284
24 0.3033219  0.91697615 0.59021014 0.9903103  0.02686903066933155
24 0.3054454  0.8875767  0.53211063 0.98808473 0.02682027406990528
27 0.41182253 0.41992745 1.         0.8196689  0.026813626289367676
24 0.9496265  0.9132981  0.99539065 0.99852246 0.026757020503282547
24 0.93144435 0.9368438  0.9938892  0.9960855  0.026663541793823242
24 0.3452847  0.84871536 0.5080963  0.985899   0.02637157216668129
24 0.22104806 0.7899768  0.66095257 0.97950727 0.02631058543920517
24 0.62290853 0.9170277  0.9069621  0.99081475 0.026205476373434067
19 0.1296108  0.38550755 0.64330375 0.7769649  0.02574259042739868
24 0.517602   0.79187846 0.9525518  0.9797996  0.025112254545092583
24 0.910803  0.9502815 0.9906519 0.9956644 0.025036897510290146
38 0.13420875 0.0024786  0.8162506  0.15711752 0.02475459687411785
24 0.19740167 0.9171505  0.48499757 0.98986757 0.024608105421066284
24 0.29166734 0.84910166 0.4553555  0.9855055  0.024412183091044426
19 0.20828879 0.25612852 0.8279554  0.84762007 0.02419300004839897
38 0.03869553 0.12602267 0.7229977  0.5822476  0.024072883650660515
24 0.70550275 0.9163442  0.9788615  0.9915611  0.02339404635131359
24 0.1720389 0.8877402 0.4006762 0.9870513 0.023309938609600067
24 0.8333534  0.91653425 0.9876212  0.9933755  0.023295843973755836
24 0.79994303 0.8489696  0.9580711  0.98469657 0.02262234315276146
24 0.11795391 0.91701716 0.4063044  0.989591   0.022597990930080414
24 0.674958   0.84566426 0.9810497  0.98664004 0.0225723534822464
28 0.         0.41742656 0.45418906 0.6138503  0.022443771362304688
24 0.2117019  0.84918916 0.37576577 0.9846331  0.02220212109386921
27 0.1047902  0.26001915 1.         0.80690175 0.022032011300325394
38 0.01793498 0.33265918 0.64967805 0.6112941  0.021455639973282814
27 0.         0.35791388 0.34340408 0.66421527 0.021066026762127876
24 0.83323807 0.8374426  0.9911242  0.97723615 0.020989827811717987
24 0.15839922 0.84896183 0.32236582 0.9842304  0.020905477926135063
24 0.763774   0.7870154  0.9872622  0.98447084 0.020904788747429848
24 0.93013644 0.752032   0.99575084 0.8502715  0.020845934748649597
24 0.93018615 0.7787246  0.99574345 0.877111   0.02082463726401329
24 0.9310297  0.6448172  0.99540937 0.74227476 0.020800381898880005
24 0.9086016  0.84295434 0.99367    0.9930719  0.020790070295333862
24 0.93006545 0.7252765  0.9957466  0.8233374  0.020733555778861046
24 0.9302382 0.6985445 0.9957222 0.7961809 0.020689260214567184
24 0.93065757 0.67172486 0.9956106  0.7690627  0.02061348594725132
24 0.9298924  0.8054065  0.995531   0.90409976 0.020399389788508415
25 0.         0.3093899  0.66601    0.64237976 0.020372362807393074
28 0.00238026 0.77441865 0.16020796 0.9290548  0.020285220816731453
38 1.7312549e-01 4.1327160e-04 6.7084599e-01 2.1486354e-01 0.020211026072502136
6 0.         0.11986482 0.15604126 0.30620047 0.020063139498233795
24 0.10518032 0.8486622  0.2691468  0.98428345 0.01991177350282669
24 0.9312734  0.6178976  0.99537843 0.71585107 0.01978248916566372
28 0.00329985 0.6929043  0.16049476 0.85031426 0.019741743803024292
41 0.25387466 0.43751568 0.70571923 0.6828594  0.019595930352807045
24 0.25105911 0.2168167  0.56021583 0.7438049  0.019543109461665154
28 0.         0.68593645 0.12079562 0.9131985  0.01931600458920002
24 0.06513081 0.8879707  0.29420233 0.9869213  0.01926855742931366
22 0.1755896  0.         0.7907297  0.15057859 0.019187305122613907
24 0.8339091  0.7831515  0.99123555 0.92492527 0.01909472420811653
25 0.         0.2428022  1.         0.78296775 0.019011611118912697
24 0.03489169 0.79122436 0.47812542 0.9772573  0.018941203132271767
24 0.8457437 0.5580061 0.9870576 0.725593  0.01880599744617939
28 5.8502197e-04 7.9633689e-01 1.1953609e-01 9.9642807e-01 0.0185116995126009
24 0.8763027  0.88740504 0.99077415 0.99288595 0.01819968968629837
28 0.91102755 0.92092764 1.         0.9948925  0.017979899421334267
38 0.03356332 0.36575302 0.4106356  0.58688414 0.017976872622966766
28 1.2933096e-04 8.3718193e-01 8.5296966e-02 9.9826509e-01 0.01785918138921261
28 0.83484966 0.9106956  1.         0.9960478  0.01781230792403221
24 0.93127483 0.5912462  0.9954877  0.6896544  0.017458541318774223
24 0.90918326 0.73779666 0.99432164 0.8097151  0.017429305240511894
28 0.37009686 0.7756524  0.8737968  0.9928468  0.01727050542831421
24 0.05269264 0.8494229  0.21586093 0.9839935  0.01722738891839981
28 0.9111194  0.83700734 1.         0.98952407 0.01714862883090973
24 0.         0.84731424 0.4336318  0.982674   0.017136462032794952
24 0.1468121  0.06520177 0.46104681 0.5293955  0.017136240378022194
28 0.5000745  0.8402737  0.68672246 0.99611634 0.01709180884063244
28 0.21219964 0.77679425 0.7142047  0.9920514  0.01705395057797432
22 0.00111694 0.11669477 0.14680357 0.28994054 0.017044754698872566
28 0.44690686 0.84058446 0.6329654  0.9959263  0.01686594821512699
25 0.         0.34878662 0.8398517  0.7126603  0.016713012009859085
28 0.83477205 0.8285345  1.         0.97866    0.01657797582447529
28 0.5059839  0.7721869  0.99871737 0.991733   0.016566244885325432
28 0.5533751  0.8404423  0.74054766 0.99571645 0.016547072678804398
24 0.1165646  0.3421137  0.32663652 0.55224705 0.016371488571166992
6 0.11456347 0.         0.79023767 0.17716107 0.01637025736272335
24 0.90916526 0.7110692  0.9942621  0.78259426 0.01636822521686554
28 8.8615423e-05 9.4838953e-01 8.1327006e-02 9.9841982e-01 0.016345283016562462
37 0.        0.3462952 0.6228082 0.6786253 0.016322379931807518
28 0.08428312 0.8380039  0.7938426  0.9944378  0.016272474080324173
28 0.         0.8797112  0.17708616 0.99507034 0.016232987865805626
28 0.         0.91258967 0.03958691 0.998578   0.016129665076732635
24 0.8335361 0.7288587 0.9924865 0.8698336 0.016053851693868637
22 0.         0.6747656  0.10890305 0.9063686  0.015922077000141144
28 0.51034814 0.880773   0.77385926 0.99647105 0.015904124826192856
19 0.17575154 0.37985608 0.5409533  0.920623   0.015894275158643723
28 0.00108662 0.6883159  0.16684122 0.9886255  0.015891745686531067
28 0.3941669  0.8412221  0.5799937  0.99509025 0.015848668292164803
28 0.9502913 0.9139145 1.        0.9949922 0.01577204093337059
33 0.03824371 0.41235018 0.61722773 0.6861836  0.015770424157381058
28 0.8800649  0.88083214 1.         0.99254644 0.015763288363814354
28 0.7604277  0.76788616 1.         0.988382   0.015701105818152428
28 0.6064137  0.84058064 0.7941839  0.9953288  0.015653187409043312
19 0.94942343 0.9082641  0.99384505 1.         0.015636876225471497
28 0.66731745 0.83274925 1.         0.993712   0.015540054067969322
27 0.6555834 0.4351828 0.9956554 0.7990028 0.01549053005874157
38 0.0032393  0.30800644 0.41578737 0.51445776 0.015468624420464039
22 0.20585142 0.         0.6538014  0.20350932 0.015442204661667347
28 0.34129053 0.8415487  0.52716124 0.9940011  0.015380154363811016
28 0.         0.9332166  0.05707471 0.9973609  0.015276837162673473
28 0.6976404 0.9092823 1.        0.99635   0.015219464898109436
24 0.         0.78907055 0.14547524 0.917005   0.015202496200799942
28 0.28817642 0.841415   0.47395828 0.9933143  0.01518107671290636
27 0.06662486 0.25396064 1.         1.         0.015151161700487137
28 7.2967529e-04 7.7434438e-01 2.3348577e-01 9.9299043e-01 0.01489835511893034
28 0.20766859 0.84050864 0.39425465 0.9924046  0.01489817164838314
28 0.6864109 0.8401744 0.873949  0.9953691 0.014895210042595863
28 0.         0.73547375 0.32051742 0.99105114 0.014856195077300072
24 0.         0.89087504 0.16069214 0.98723286 0.014820709824562073
28 0.40441495 0.8812568  0.6672836  0.9963024  0.014804457314312458
28 0.24462062 0.8815441  0.5065238  0.9944337  0.014793813228607178
28 0.        0.8394018 0.3246456 0.9929036 0.01469971053302288
28 0.15407841 0.8397178  0.3409649  0.9920858  0.014661078341305256
28 0.10099313 0.8390351  0.28782976 0.9921087  0.014646734111011028
6 0.16032243 0.         0.6508581  0.24268804 0.014488247223198414
22 0.00194832 0.6818997  0.14602697 0.8449882  0.014346548356115818
28 0.16335824 0.88109213 0.42582038 0.99379176 0.014342814683914185
24 0.         0.9206001  0.14347619 0.9899053  0.014323721639811993
28 0.83579606 0.7732494  1.         0.9269069  0.014301534742116928
22 0.00122814 0.76389134 0.14518888 0.9222457  0.014294329099357128
6 0.         0.         0.8106347  0.32902065 0.01426849327981472
28 0.73965204 0.83940154 0.9266887  0.99506015 0.01421256735920906
24 0.         0.9178855  0.27451488 0.98876476 0.01421226467937231
19 0.93138707 0.9324505  0.99241364 1.         0.014211107976734638
19 0.24415848 0.44183743 0.77723163 0.80472815 0.014142370782792568
24 0.         0.79358673 0.21432659 0.9760284  0.014116432517766953
28 0.64355797 0.8807485  0.90774995 0.9960396  0.01410698052495718
28 0.7955024  0.8370911  0.97866505 0.9935032  0.014106228947639465
28 0.55681396 0.9111997  0.8968943  0.9968719  0.014098973013460636
38 0.         0.00494095 0.1535743  0.07076193 0.014081691391766071
6 0.00401946 0.92212    0.05607641 1.         0.014056484214961529
28 0.03143608 0.7744622  0.5278892  0.9913832  0.013997344300150871
28 0.23857    0.91164786 0.5754368  0.99577713 0.013938342221081257
38 0.000000e+00 3.875224e-04 8.289080e-01 2.929828e-01 0.013896044343709946
22 0.         0.92877495 0.05502019 0.99737054 0.01386928092688322
24 0.         0.7572236  0.29696274 0.97156346 0.013815970160067081
28 0.04908583 0.8378124  0.23365384 0.99323094 0.013630667701363564
24 0.87489873 0.75939065 0.9935177  0.95293266 0.01362218800932169
6 0.00572621 0.94008607 0.07788832 1.         0.013606423512101173
22 0.         0.9089535  0.03821101 0.9992812  0.01356885489076376
24 0.         0.84328955 0.14543633 0.9688159  0.013564378023147583
24 0.         0.7086438  0.14584604 0.83478385 0.013376682996749878
28 0.         0.24378438 0.4680526  0.6666848  0.013376239687204361
24 0.23094079 0.09762838 0.7469379  0.5348086  0.013294861651957035
38 0.01331823 0.         0.5044846  0.20554788 0.013242259621620178
38 0.         0.24548158 0.6103064  0.5759441  0.013240702450275421
24 0.907307  0.6830693 0.9956121 0.9637785 0.013225396163761616
28 0.92983055 0.6947794  1.         0.79458606 0.013109571300446987
28 0.9298884  0.7221035  1.         0.82143444 0.013077409006655216
19 0.12334231 0.16629496 0.7109031  0.8986954  0.013062168844044209
24 4.8894883e-05 9.5352447e-01 6.9194213e-02 9.9249524e-01 0.013000264763832092
22 0.         0.8258569  0.07894378 0.99688965 0.012990024872124195
23 0.02022265 0.2824495  0.5896703  0.6857618  0.012986207380890846
28 0.05683051 0.8799219  0.3185345  0.9934001  0.01292353868484497
28 0.9299496  0.7495329  1.         0.84823173 0.012897287495434284
34 0.1677508  0.37517044 1.         0.68928504 0.012878411449491978
28 0.92999697 0.7767453  1.         0.8750135  0.01281177718192339
24 0.         0.7683601  0.10676499 0.9455828  0.012792116031050682
22 0.         0.9448318  0.07698394 0.99800354 0.012789148837327957
6 0.00303529 0.8973852  0.03937461 1.         0.012785851955413818
28 0.9298093  0.66768706 1.         0.7678996  0.01274182926863432
6 0.         0.16991264 0.15586467 0.36430523 0.012726321816444397
28 0.05081855 0.91071147 0.38540187 0.9948141  0.012540102936327457
28 0.9299984  0.803902   1.         0.90164083 0.01242072694003582
24 0.         0.7157286  0.10646195 0.8913501  0.012400684878230095
38 0.8051293  0.00414071 0.9990872  0.07932014 0.012322569265961647
41 0.19238915 0.40477604 0.55647403 0.6348996  0.01220444031059742
25 0.05315882 0.07427887 0.9105449  0.68020904 0.012188669294118881
38 0.9237577 0.9339481 1.        0.9952703 0.01198310125619173
22 0.         0.78105104 0.10881807 0.99135864 0.01197996735572815
28 0.83346134 0.71586674 1.         0.87307316 0.01196275930851698
22 0.         0.         0.14875463 0.07251952 0.01194747257977724
28 0.92995447 0.64121556 1.         0.74151886 0.011920410208404064
24 0.         0.9398745  0.04914401 0.9906928  0.011840645223855972
24 0.90942526 0.5240339  0.9952686  0.8030371  0.011793228797614574
38 0.         0.0016233  0.57399434 0.15010892 0.011730317957699299
22 0.         0.         0.10829382 0.10828545 0.011684552766382694
22 0.         0.816699   0.14833535 0.9732345  0.011680741794407368
24 0.         0.85462844 0.07405588 0.98198724 0.011640463024377823
22 0.         0.87063766 0.10626311 0.9950853  0.011606580577790737
14 0.93352664 0.93426657 1.         1.         0.011567175388336182
19 0.01255903 0.33618078 0.36777148 0.69811314 0.011530647054314613
25 0.49620992 0.40779    1.         0.7701871  0.011506650596857071
25 0.         0.15399468 0.78065324 0.7252531  0.011385385878384113
24 0.9090628  0.6018374  0.99568677 0.8823998  0.011357808485627174
8 0.1649524  0.30772254 0.5930871  0.7118922  0.011322966776788235
25 0.         0.14936092 0.14185247 0.2871298  0.01126195676624775
38 0.23877057 0.8842874  0.5088921  0.99626195 0.01108931377530098
38 0.06468648 0.83936304 0.807314   0.9946857  0.010996437631547451
23 0.         0.13906927 0.63267195 0.7283425  0.010986453853547573
22 0.16106504 0.758115   0.60035837 0.975899   0.010941639542579651
28 0.87812907 0.7466252  1.         0.95047927 0.010933256708085537
38 0.82018214 0.9121031  1.         0.9946535  0.010923000983893871
7 0.14538048 0.14440756 0.6140524  0.764989   0.01092188898473978
38 0.15833706 0.8848114  0.42849767 0.9962305  0.010894193314015865
24 0.         0.72265375 0.15260455 0.96516037 0.010793100111186504
24 0.8754949  0.7042622  0.99397373 0.897075   0.010706073604524136
6 0.         0.00095575 0.16050996 0.0845088  0.010674766264855862
22 0.40037575 0.76115274 0.83659434 0.97267234 0.01067285891622305
6 0.         0.         0.1200752  0.11808064 0.01066699717193842
38 0.2857707  0.9131341  0.63182336 0.99587595 0.010631897486746311
38 0.20339254 0.84458447 0.39663082 0.99526745 0.010609379969537258
22 0.12025307 0.8239444  0.74028283 0.97986054 0.010590743273496628
14 0.9501155  0.90888244 1.         1.         0.010582568123936653
38 0.4436343  0.8418942  0.63764614 0.9944816  0.010549410246312618
38 0.28324518 0.8439263  0.4770751  0.9948779  0.010488052852451801
25 0.         0.2561675  0.6451558  0.59441054 0.010487539693713188
6 0.         0.         0.56676006 0.17537989 0.010456160642206669
38 0.94274974 0.9093196  1.         0.9950693  0.010440368205308914
34 0.376805   0.4086425  1.         0.73748994 0.01040179468691349
38 0.         0.70167875 0.1558886  0.8402012  0.01037958450615406
28 0.9300938 0.6152402 1.        0.7145897 0.01037253625690937
38 0.44648862 0.91285974 0.79310817 0.9957223  0.010350228287279606
38 0.49629432 0.8418381  0.69126046 0.9949815  0.010347377508878708
6 0.00568082 0.81180686 0.08109043 1.         0.010345371440052986
38 0.336707   0.8433773  0.53075796 0.9946749  0.01034291461110115
38 0.39015174 0.8425775  0.5842227  0.9945095  0.010329894721508026
28 0.9086921  0.66805094 1.         0.958472   0.010324525646865368
22 0.9295493 0.7242292 0.9994711 0.8136506 0.010324163362383842
33 0.08123749 0.2924985  0.6640067  0.74091715 0.010288065299391747
38 0.14982587 0.8445762  0.3430408  0.9951763  0.010266037657856941
19 0.9111574  0.9185051  0.98941797 1.         0.010265293531119823
22 0.92972875 0.69772077 0.99930555 0.7872498  0.0102624436840415
22 0.         0.9044923  0.14678195 0.99496186 0.010237639769911766
22 0.5104983  0.8296054  0.6725731  0.97879773 0.010234884917736053
6 0.9104836 0.9404574 0.9951557 1.        0.010225394740700722
22 0.         0.6648107  0.15393437 0.9817679  0.010208469815552235
22 0.52258295 0.8734584  0.7538346  0.9855928  0.010181988589465618
22 0.45736852 0.82956845 0.6193352  0.97910756 0.01017693243920803
38 0.40054074 0.88294977 0.67080605 0.9959309  0.010160516016185284
22 0.56384546 0.82949597 0.726164   0.97838414 0.010140344500541687
6 0.         0.06276163 0.15732267 0.24567574 0.010137599892914295
22 0.8390679  0.7752414  0.9989843  0.91250736 0.010102462954819202
38 0.19527148 0.7801993  0.7309771  0.99312735 0.010083459317684174
27 0.6009426 0.3120353 1.        0.987312  0.010071380995213985
22 0.92938906 0.7506887  0.99947184 0.8400028  0.010057703591883183
24 0.8449589  0.5097205  0.9833303  0.67450285 0.010046285577118397
22 0.9056714 0.9476878 0.999949  0.993652  0.010041005909442902
38 0.09617831 0.84406483 0.28947216 0.9948504  0.009955006651580334
38 1.5761693e-04 7.8312665e-01 1.5734650e-01 9.1853273e-01 0.009940950199961662
22 0.6173799  0.82968384 0.78023463 0.9781354  0.009932075627148151
38 0.54902214 0.84217066 0.74499047 0.99513817 0.009918171912431717
28 0.0852149  0.6855983  0.44968548 0.98677063 0.009913183748722076
22 0.92978245 0.6712919  0.99908966 0.76067644 0.009910106658935547
22 0.3504807 0.828221  0.5140521 0.9794048 0.0098569979891181
22 0.29700968 0.8273691  0.4609262  0.97988904 0.009850583970546722
38 0.5527796  0.912758   0.8999744  0.99569076 0.009846532717347145
22 0.21702853 0.82660437 0.3807592  0.9811588  0.009846281260251999
22 0.255464   0.8719881  0.48887962 0.9865139  0.009832259267568588
6 0.00540115 0.6578719  0.11265498 0.9298452  0.009828660637140274
22 0.40389973 0.82892233 0.5666722  0.9792515  0.009828136302530766
22 0.6977264  0.82962173 0.86042666 0.9781088  0.009784377180039883
38 0.04455002 0.913891   0.38789576 0.99558675 0.009745592251420021
22 0.92921513 0.7773533  0.99934673 0.86628    0.009741724468767643
22 0.1637313  0.8263272  0.32767943 0.9815596  0.009691711515188217
22 0.9068962  0.9212511  0.99838483 0.989227   0.009687863290309906
19 0.23439151 0.         0.7212077  0.16899149 0.00967419520020485
6 0.00574741 0.67191    0.14781108 0.8639615  0.009664647281169891
22 0.17480507 0.87166834 0.40888247 0.9870862  0.009661155752837658
24 0.         0.92141044 0.0343054  0.99005467 0.0096505181863904
38 0.         0.9506484  0.08172967 0.9940125  0.009574370458722115
22 0.36333463 0.87266856 0.5953238  0.9860184  0.009529195725917816
22 0.1102666  0.8258226  0.27428272 0.9814997  0.009501144289970398
22 0.75124586 0.82986546 0.91370016 0.978577   0.00948308128863573
38 0.35699534 0.77939326 0.8932446  0.992237   0.00947682186961174
