1 0.03866414 0.38873184 0.9909882  1.         0.49685072898864746
1 0.2083947  0.29728332 0.89014906 0.96137637 0.4871445298194885
1 0.14911658 0.10783242 1.         0.8314728  0.474242240190506
1 0.02260012 0.03163167 0.87240285 1.         0.3591073453426361
1 0.1844822  0.80851513 0.8075541  1.         0.26585108041763306
1 0.34928277 0.40774518 0.81021047 0.9973973  0.19551165401935577
1 0.22746883 0.6616749  0.90402365 1.         0.16287660598754883
2 0.674252   0.         0.9376972  0.70907426 0.11861056089401245
22 0.42584267 0.12588815 0.9656594  0.37553823 0.0904732346534729
2 0.610576   0.08138864 0.986952   0.46623993 0.07492319494485855
22 0.49376038 0.00926284 0.96305156 0.40823975 0.07486690580844879
1 0.         0.         1.         0.63642555 0.05380285903811455
1 0.56473625 0.         1.         0.8464332  0.050117600709199905
24 0.6430368  0.27421433 0.8799111  0.40922207 0.04376834258437157
22 0.40668547 0.08414542 0.99583447 0.47329608 0.0424799807369709
1 0.37620082 0.7465228  0.82025886 1.         0.04056559503078461
1 0.00268977 0.12564875 0.29521537 1.         0.03742341697216034
42 0.08691891 0.9046956  0.36537862 1.         0.03462320938706398
25 0.38904655 0.1462255  1.         0.45426026 0.033506762236356735
40 0.2061199  0.20732321 1.         0.8258684  0.03278397023677826
24 0.6647947  0.2155653  0.9021426  0.35492718 0.032682549208402634
41 0.3039096 0.2863529 0.8879577 0.6205039 0.03260054811835289
24 0.74888116 0.12441839 0.97085565 0.3423497  0.03227474167943001
2 0.7077999  0.05107564 1.         0.41643515 0.03218571096658707
41 0.10889974 0.33763742 0.82906437 0.7526927  0.03036901168525219
2 0.7102623  0.04667201 0.96219647 0.61599547 0.0303115863353014
1 0.         0.         1.         0.41046068 0.03013904206454754
25 0.43771446 0.25641808 0.9834902  0.4563084  0.029366059228777885
24 0.73992056 0.18316251 0.94596654 0.3759589  0.029163485392928123
25 0.4592853  0.19717987 0.9576128  0.3874045  0.029056884348392487
24 0.6513247  0.28559715 0.8997805  0.49510399 0.02875896543264389
24 0.67158043 0.19326572 0.9065691  0.62749004 0.028006503358483315
41 0.6918905  0.27465475 1.         0.52120614 0.027756599709391594
22 0.57455635 0.         0.98938304 0.2732682  0.02695557288825512
1 0.45804983 0.35971865 0.9524699  1.         0.024996241554617882
1 0.5143824  0.33562514 1.         0.78331494 0.024920592084527016
1 0.02783913 0.23709922 0.54932934 1.         0.023627376183867455
1 0.5413742  0.19208583 1.         0.92256373 0.02187943458557129
27 0.00604538 0.1667788  1.         0.7556679  0.02182858996093273
1 0.00525693 0.         0.3008602  0.73563933 0.021758832037448883
2 0.7675566 0.        0.9898692 0.4822639 0.021102391183376312
2 0.6878168  0.15429136 0.9201169  0.51224613 0.019468139857053757
24 0.33339623 0.25456622 0.9813438  0.53525394 0.019427159801125526
1 0.53043896 0.41624334 0.9771934  0.87386864 0.018000703305006027
24 0.62060946 0.19598341 0.9339886  0.32694808 0.017888285219669342
1 0.5493499  0.09336421 1.         0.6346442  0.01713436469435692
41 0.10780304 0.3245754  0.4675706  0.77213013 0.01684562675654888
42 0.02994009 0.9102066  0.23689456 1.         0.01662534847855568
25 0.33169457 0.3321656  1.         0.7762593  0.015454141423106194
41 0.18577167 0.29997492 0.5705304  0.6118788  0.015436775051057339
42 0.1405161  0.8711208  0.34574738 0.99617106 0.015380891971290112
24 0.6372409  0.12306501 0.9558877  0.32802418 0.01519287470728159
25 0.45270213 0.07849306 0.97473717 0.38087636 0.015020986087620258
42 0.1932649  0.22849143 0.8778948  0.86926097 0.014930889941751957
41 0.3168695  0.39872172 0.9054391  0.69906056 0.014816812239587307
22 0.50175506 0.20617472 1.         0.4853435  0.014769762754440308
12 0.49295667 0.19107413 1.         0.4029537  0.013894252479076385
24 0.59513986 0.16233373 0.926308   0.37269798 0.01374815870076418
18 0.00404622 0.9388602  0.07971966 0.9990492  0.013444461859762669
24 0.7126019  0.30680254 0.9065127  0.46767676 0.012871778570115566
18 0.03852291 0.9000453  0.25251663 0.9983457  0.01279662735760212
41 0.2790377  0.54709345 0.9220323  0.85404277 0.012747446075081825
42 0.3452602  0.15662596 0.94616234 0.6621606  0.012490681372582912
24 0.7423835  0.24457194 0.93986475 0.4156777  0.012321855872869492
24 0.67590964 0.23526414 0.8750496  0.43564036 0.012088163755834103
1 0.2542253 0.        1.        0.5642059 0.012053253129124641
42 0.09001296 0.20076615 0.44818166 0.83112454 0.01196204498410225
2 0.5753684 0.        0.983984  0.6296215 0.011959117837250233
40 0.63500744 0.1902783  1.         0.47761118 0.011199399828910828
42 0.08854011 0.87412286 0.2935378  0.99717236 0.011108659207820892
1 0.6104945 0.        1.        0.580837  0.011056202463805676
24 0.35465297 0.3537085  0.9808767  0.63048583 0.010913319885730743
41 0.732116  0.2998799 1.        0.6755085 0.010837668552994728
18 0.00380962 0.9244707  0.0554628  0.99998283 0.01068942528218031
41 0.716487   0.25726587 0.99201757 0.89656466 0.010560004971921444
42 0.19671921 0.8727054  0.3999561  0.99609613 0.010425294749438763
18 0.05993196 0.89857507 0.34657934 0.9941553  0.010376295074820518
2 0.3077826  0.10737561 0.9645679  0.67852867 0.010351503267884254
2 0.70315015 0.14969422 0.9102977  0.7083707  0.010271265171468258
41 0.3683154  0.76166815 0.936058   0.96729696 0.010051694698631763
42 0.71560836 0.12976827 0.94790125 0.893801   0.009861700236797333
19 0.01951927 0.12081459 0.54048574 0.56533885 0.00963318720459938
1 0.8055839  0.         1.         0.43755096 0.009563383646309376
4 0.16601059 0.27278364 1.         0.6892154  0.009298390708863735
1 0.01889268 0.6969173  0.17283975 1.         0.009285823442041874
28 0.3221033  0.11010084 1.         0.5562847  0.009219792671501637
25 0.47056162 0.2806247  1.         0.53570896 0.009206370450556278
18 0.017836   0.89871514 0.15797961 1.         0.009169976226985455
24 0.60616016 0.33626717 0.9146845  0.55797845 0.009152447804808617
41 0.71290934 0.21997747 1.         0.4395249  0.008838580921292305
24 0.8393735  0.14531165 0.96698207 0.3791298  0.008654422126710415
18 0.8967174  0.15545331 1.         0.52744395 0.008570445701479912
11 0.6557958  0.13329273 1.         0.50048214 0.008514372631907463
1 0.17261055 0.40207043 0.8322791  0.7813896  0.008496656082570553
25 0.3381426  0.3026708  1.         0.47991717 0.008432907052338123
1 0.         0.32021737 0.28499934 0.7665104  0.008402889594435692
24 0.5453317  0.29985893 0.8828713  0.42641312 0.008284094743430614
2 0.56657594 0.16270338 0.9372743  0.5533529  0.008224100805819035
1 0.10025821 0.05845922 0.78582203 0.7439852  0.008150466717779636
7 0.05528064 0.06297226 0.4649353  0.97686994 0.008055332116782665
22 0.64518464 0.         1.         0.2010032  0.00802538450807333
19 0.         0.20436442 0.74812937 0.6263494  0.00784346554428339
22 0.7545816  0.         1.         0.17447892 0.007627427112311125
40 0.11911543 0.04008098 0.61181134 1.         0.007614468690007925
1 0.         0.45146924 0.39934602 0.9469748  0.007582041900604963
28 0.44906893 0.27924284 0.8866483  0.7489559  0.007523630745708942
1 0.42532787 0.04870009 1.         0.46802777 0.007519804406911135
28 0.3341721  0.16653237 1.         0.4217603  0.007513822056353092
1 0.00489314 0.7032553  0.25881153 1.         0.0074706776067614555
12 0.43469706 0.22687198 1.         0.45730695 0.007339456584304571
41 0.15894206 0.2247988  0.6424328  0.569082   0.00733792781829834
24 0.34703407 0.12937717 1.         0.33755612 0.007297206670045853
2 0.81550103 0.         1.         0.39947093 0.0072777364403009415
1 0.70401925 0.         1.         0.37422413 0.007233100477606058
42 0.00696137 0.9452927  0.0798332  1.         0.007220424711704254
7 0.03249082 0.20159937 0.45732862 0.6970686  0.007181866094470024
40 0.6758905  0.15805039 1.         0.6291358  0.007041906006634235
1 0.41444322 0.         1.         0.68842655 0.006980040576308966
19 0.         0.18826042 0.5634886  0.46774486 0.006901507265865803
2 0.7583303  0.12946264 0.9243626  0.6139475  0.006876843050122261
18 0.00342811 0.89904124 0.03858314 1.         0.006856567692011595
12 0.55928    0.16472721 1.         0.46121648 0.0068563674576580524
29 0.6517056 0.1574748 1.        0.6546807 0.006838706322014332
42 0.13016805 0.48308972 0.86701375 0.9799974  0.006796923466026783
40 0.25071126 0.3000022  1.         1.         0.0067573473788797855
1 0.         0.5541123  0.55074143 1.         0.006718847900629044
24 0.71861595 0.24510789 0.9244918  0.5508046  0.006645322777330875
2 0.16001146 0.25522715 1.         0.87343204 0.006599863059818745
24 0.47354677 0.5819397  0.89186126 0.80837035 0.006575911771506071
41 0.10285373 0.9152977  0.4007169  1.         0.00655771978199482
1 0.         0.06239726 0.41264358 0.62086564 0.00655299611389637
1 0.04408574 0.6891387  0.41120875 1.         0.006482864264398813
25 0.5554222  0.08419801 0.988195   0.30871573 0.0063690911047160625
2 0.47910208 0.09675184 1.         0.91538626 0.006289100740104914
4 0.5530379  0.26461855 1.         0.8195331  0.0061133503913879395
41 0.11123603 0.2724645  0.4062826  0.5866823  0.006106256041675806
42 0.22291563 0.21979953 0.5459403  0.67360026 0.006076452322304249
42 0.10492086 0.19158891 0.37042695 0.6498671  0.006051264703273773
24 0.11049504 0.19842784 0.33885026 0.4640678  0.0059716966934502125
24 0.7609034  0.20073427 0.93296593 0.4804892  0.005751350428909063
25 0.3983366 0.502313  1.        0.7394232 0.005737557541579008
40 0.5277507  0.13583067 1.         0.57460636 0.005537979770451784
19 0.         0.10158002 0.7885909  0.529828   0.005531539209187031
41 0.645099   0.13423245 1.         0.4138287  0.0054994914680719376
19 0.         0.12538128 0.5915261  0.3946803  0.005447164177894592
27 0.         0.13501556 0.82013005 0.6850781  0.005417170003056526
24 0.5717549  0.3455206  0.90632594 0.4851837  0.005364563316106796
28 0.01428862 0.7248982  0.14958893 0.954645   0.005248031113296747
32 0.01083034 0.9407695  0.08715856 0.9942611  0.005220506340265274
41 0.1950647  0.3053926  0.61173695 0.76854044 0.005207519046962261
27 0.13962637 0.10556914 1.         0.47238368 0.0051993513479828835
24 0.46458456 0.7424223  0.9613078  0.8924976  0.00513033289462328
1 0.13278863 0.12859114 0.6170687  0.6174038  0.005128426942974329
41 0.4093857  0.36843112 0.94866526 0.8252032  0.005037015303969383
42 0.22592825 0.1276225  0.7295164  0.7050289  0.005018479190766811
18 0.10464936 0.86419404 0.31387314 0.99768895 0.004974831826984882
4 0.08354518 0.37494272 1.         0.9034058  0.004947401117533445
24 0.6603219  0.334041   0.8727791  0.63355076 0.0048598116263747215
41 0.03559323 0.91738814 0.23702663 0.99918765 0.004829106852412224
4 0.11042053 0.55712634 0.9980333  0.96359944 0.0048223817721009254
42 0.02441041 0.9164248  0.15645643 1.         0.0048107788898050785
22 0.7020547 0.        0.9832513 0.3352259 0.004798320587724447
18 0.15806039 0.8635599  0.37402308 0.9949847  0.0047892858274281025
25 0.36435786 0.3568852  1.         0.54517597 0.004757655318826437
24 0.38058555 0.19508776 0.9838711  0.4383016  0.004745669197291136
41 0.71751386 0.6381446  1.         0.91736525 0.004736045375466347
41 0.7413723  0.17107385 1.         0.5573755  0.004697789903730154
7 0.06821193 0.1239441  0.6953709  0.7442634  0.004676334094256163
42 0.3533179  0.6860595  0.91235375 0.97226596 0.004640471190214157
18 0.76291203 0.29116637 1.         0.85874206 0.004637171979993582
19 0.00877627 0.33518648 0.5810273  0.945475   0.004584284964948893
25 0.         0.20069952 1.         0.6610281  0.004579785279929638
4 0.19061646 0.20829865 1.         0.8267315  0.004578210413455963
1 0.         0.         0.50125444 0.7224299  0.0045659164898097515
10 0.62984926 0.25778702 1.         0.41643336 0.004564173985272646
18 0.647964  0.        1.        0.9596635 0.004557289183139801
25 0.45795095 0.37118384 1.         0.64461595 0.004537488799542189
41 0.70799625 0.45244884 1.         0.94156194 0.00447802385315299
24 0.06209909 0.35226893 0.31507492 0.6621192  0.0044434694573283195
1 0.         0.8138993  0.30791375 1.         0.004415999632328749
24 0.815697   0.10689057 0.98664135 0.30257568 0.004398725461214781
2 0.65885    0.20241024 0.90703005 0.87486655 0.0043601966463029385
24 0.19183175 0.4175676  0.9588345  0.7383451  0.004338423255831003
18 0.00928286 0.85415906 0.17211378 1.         0.0043075005523860455
18 0.07567181 0.8018326  0.4926649  0.99886286 0.004280713386833668
41 0.01038243 0.9480234  0.08432752 1.         0.0042677889578044415
22 0.         0.6729205  0.13617928 0.99108464 0.004246130585670471
24 0.5192018 0.5285321 0.9521458 0.7671666 0.0042273374274373055
41 0.24795894 0.3937674  0.6128202  0.676881   0.0042134979739785194
42 0.06039228 0.84759706 0.44434378 0.99508286 0.004158253315836191
4 0.4405136  0.20917363 1.         0.4715173  0.0041136350482702255
41 0.9184216  0.54199725 1.         0.7955842  0.004112984519451857
18 0.21734115 0.8614325  0.42785716 0.9920071  0.004105892963707447
6 0.         0.6757302  0.16355886 1.         0.0040999893099069595
18 0.00288645 0.8511988  0.10876153 1.         0.004090834408998489
22 0.60801417 0.06336115 0.9843708  0.33971834 0.004084162879735231
24 0.30944756 0.56830734 1.         0.7931805  0.004055161494761705
43 0.25292218 0.8534694  0.7866663  0.99285394 0.004030634183436632
24 0.61353856 0.4350845  0.8979578  0.7238059  0.00397295830771327
24 0.06663718 0.35279098 0.48355505 0.7019468  0.0039366623386740685
25 0.74651533 0.1117136  1.         0.33432612 0.003919580485671759
43 0.39102066 0.50034153 1.         0.9987893  0.003919415641576052
24 0.51053226 0.6290938  0.96118045 0.7930696  0.003899462753906846
28 0.268999   0.08162918 0.87905777 0.39717627 0.0038703186437487602
24 0.6195321  0.22366817 0.9338062  0.5300533  0.003843206213787198
42 0.6668161  0.6102902  0.9693795  0.93065125 0.0038074126932770014
13 0.5384542  0.17754671 1.         0.40908483 0.0037939022295176983
40 0.17140974 0.12042038 0.7289263  0.7689863  0.00377130089327693
41 0.6145543  0.19798452 0.9985476  0.50558084 0.0036726633552461863
10 0.6149641  0.30091134 1.         0.4700351  0.003669759724289179
1 0.02106059 0.10873589 0.52977043 0.5495041  0.0036678265314549208
41 0.10766914 0.88285583 0.3008569  0.99892783 0.003666140604764223
40 0.73160166 0.08944412 1.         0.5697047  0.003658461384475231
24 0.5487549  0.37845957 0.90752006 0.6788321  0.0036523998714983463
43 0.13817427 0.1771201  0.47582367 1.         0.0036301114596426487
41 0.20429724 0.21851669 0.4759684  0.5347446  0.003626519814133644
18 0.6093797  0.5296941  1.         0.94222397 0.0036098791752010584
27 0.         0.12365235 0.87277967 0.9745692  0.0036098305135965347
42 0.67361546 0.36535254 0.97109693 0.9505876  0.0035917682107537985
18 0.        0.        0.5314182 1.        0.0035648776683956385
22 0.48087704 0.04371681 1.         0.65359896 0.003542160615324974
18 0.8349334  0.29231486 1.         0.92440104 0.0035218815319240093
41 0.21127267 0.86482435 0.8084432  0.9624163  0.003493950003758073
18 0.02999477 0.80729157 0.33524206 0.9959116  0.003490842180326581
41 0.15400198 0.8816258  0.36698568 0.99984336 0.0034733593929558992
19 0.00341471 0.7087053  0.15813464 0.9998863  0.0034662634134292603
41 0.26074883 0.2390448  0.90582585 0.52888834 0.003450340125709772
1 0.43161607 0.79591113 0.9537006  1.         0.0034384438768029213
40 0.58949167 0.14006482 1.         0.3930951  0.003431931836530566
27 0.57009256 0.11488038 1.         0.5725709  0.0034024911001324654
16 0.72345865 0.23895246 0.9089358  0.40189797 0.00339298602193594
24 0.58897287 0.28078157 0.83028233 0.60750735 0.003388132667168975
25 0.         0.9572261  0.08445849 1.         0.0033841123804450035
41 0.20434266 0.8799224  0.43358624 1.         0.003370261052623391
1 7.7985128e-04 7.5604290e-01 4.9650535e-01 1.0000000e+00 0.003368871985003352
16 0.7782605  0.13200215 0.9596143  0.36288744 0.0033688368275761604
1 0.5127219  0.         0.952833   0.79487234 0.003334491513669491
22 0.0956827  0.         0.80070204 0.36103314 0.0033222606871277094
18 0.6818079  0.15316755 1.         0.6502166  0.0033008994068950415
16 0.7260818  0.21554945 0.9310353  0.35401896 0.003292664885520935
24 0.00136621 0.95036644 0.07188197 0.99168766 0.0032879961654543877
1 0.0469456  0.23521891 0.6101433  0.73574996 0.0032866259571164846
42 0.045599   0.84030944 0.3081282  1.         0.003265080042183399
40 0.16560155 0.14189042 1.         0.4737054  0.0032559926621615887
28 0.5763019  0.23106146 0.91174763 0.77884537 0.003254376584663987
32 0.05451777 0.90721226 0.25147682 0.9969187  0.003253196831792593
13 0.5731235  0.10084298 1.         0.47650442 0.0032421760261058807
22 0.22908695 0.         0.97034883 0.44294283 0.0032390018459409475
35 0.39583    0.1597009  1.         0.42610914 0.003229142166674137
1 0.         0.64304    0.34222597 0.97731215 0.003213147632777691
24 0.5874887  0.48722485 0.92727745 0.65181094 0.0032046206761151552
1 0.         0.04284579 0.62924844 0.41980925 0.003204150591045618
41 0.60647124 0.3446486  1.         0.5936404  0.003179718740284443
10 0.54571974 0.21235682 1.         0.36897787 0.0031782451551407576
41 0.17225553 0.4749142  0.67238396 0.6784778  0.003148843999952078
24 0.00980308 0.7585147  0.15660177 0.9779778  0.0031234072521328926
28 0.42816895 0.6915628  0.94577587 0.8981398  0.0031167827546596527
1 0.         0.89844096 0.29254135 1.         0.0031155108008533716
24 0.87596947 0.08534786 0.9984839  0.26907274 0.0031136581674218178
41 0.818264   0.09571286 1.         0.4676987  0.0030919017735868692
32 0.00354367 0.92640686 0.05932166 0.9946271  0.003058952046558261
28 0.5105279 0.0297124 0.9687671 0.3031123 0.0030408857855945826
7 0.19366153 0.46706787 0.9899706  1.         0.0030180271714925766
1 0.0931325  0.84283555 0.32608598 1.         0.0030161316972225904
40 0.58461547 0.         1.         1.         0.0029730978421866894
24 0.5301743  0.80932313 0.8816541  0.9233523  0.002966642612591386
41 0.29628906 0.5010553  0.8390841  0.790678   0.00296009867452085
35 0.5033207  0.16897681 1.         0.54733247 0.0029448666609823704
27 0.         0.1995761  0.7428696  0.88599014 0.0029444394167512655
27 0.         0.09022678 0.6232475  0.45067415 0.00293468264862895
28 0.         0.22229432 0.3973149  0.7655822  0.002928616711869836
29 0.73882425 0.12650141 0.99234986 1.         0.0029211074579507113
25 0.         0.7249509  0.14280729 0.962982   0.0029110817704349756
28 0.4857476  0.15335755 0.92971426 0.6897324  0.00290315062738955
33 0.66178775 0.18416604 1.         0.5047616  0.0028850133530795574
24 0.6098247  0.10690771 0.9951674  0.2491138  0.0028754989616572857
18 0.76583475 0.4842573  1.         0.9944451  0.002871898002922535
41 0.11285439 0.8592851  0.44353008 0.99197286 0.0028372472152113914
41 0.16854593 0.30092973 0.48896182 0.4941212  0.002796039218083024
41 0.5390468  0.60868984 0.9781063  0.83054245 0.002794951433315873
41 0.02190729 0.91698456 0.15239038 0.9985861  0.002794003114104271
32 0.09894679 0.9057412  0.3549213  0.995542   0.0027700786013156176
2 0.73242164 0.3074905  0.92570317 0.69219375 0.002743954537436366
29 0.5492926  0.29526106 1.         0.75868136 0.00273178075440228
25 0.3370668  0.48842692 1.         0.8616835  0.002728132763877511
42 0.13759068 0.07972769 0.43040875 0.58874017 0.0027268335688859224
18 0.84398776 0.         1.         0.6782798  0.002698454773053527
4 0.38542122 0.24388316 1.         0.41199976 0.0026754294522106647
28 0.44703075 0.2300145  1.         0.50056064 0.0026731612160801888
12 0.44434348 0.16236658 1.         0.34176153 0.0026679830625653267
18 0.21014807 0.         1.         0.7357955  0.0026627869810909033
24 0.20228249 0.66319054 0.9206315  0.8806067  0.002646693028509617
24 0.40270925 0.8781048  0.9221921  0.9549501  0.002644567284733057
1 0.20732228 0.70618576 0.56889    0.98831016 0.002641253173351288
40 0.13656317 0.21729778 0.87621135 1.         0.0026355774607509375
27 0.53964806 0.15874007 1.         0.41388017 0.0026269820518791676
24 0.79754317 0.26068434 0.9266956  0.5028237  0.002611584961414337
19 0.09779778 0.19182312 0.53259623 0.8353584  0.0026069378945976496
10 0.5578869  0.12382779 1.         0.35227513 0.0026068866718560457
16 0.72157097 0.22675431 0.8595716  0.6673648  0.002599063329398632
