17 0.13942023 0.07716929 0.70563906 0.7314447  0.6934800744056702
17 0.18677203 0.2698258  0.49127677 0.70321095 0.5116603970527649
17 0.12326618 0.31951052 0.43557674 0.7692004  0.43027716875076294
17 0.11612779 0.         0.5002942  0.70525587 0.3497318923473358
17 0.10642314 0.21452294 0.8452998  0.80300194 0.3264867067337036
17 0.0376221  0.05840462 0.4438326  0.75144225 0.3062816560268402
17 0.15460078 0.312832   0.60380423 0.7284746  0.25604966282844543
17 0.29322526 0.0367838  0.82391596 0.67291915 0.23234520852565765
10 0.3296216  0.01438899 1.         0.52363384 0.17481562495231628
17 0.16968575 0.3744925  0.44420636 0.63583773 0.16842667758464813
1 0.41358593 0.11638031 1.         0.9686442  0.15907928347587585
24 0.12089468 0.8806286  0.32576996 0.9864194  0.14899668097496033
41 0.47272483 0.22029944 1.         0.9899455  0.13663098216056824
17 0.06589945 0.23780668 0.56419355 0.8444192  0.13269399106502533
24 0.06809911 0.9119697  0.34152395 0.9889957  0.12655267119407654
1 0.10592354 0.1229024  0.93932813 0.75265515 0.12281840294599533
1 0.7327469  0.05048187 1.         0.8868369  0.1091923862695694
1 0.27535468 0.         1.         0.8541216  0.10590392351150513
21 0.5443623  0.01854268 0.932914   0.7312517  0.1058763861656189
21 0.62495    0.03852852 0.94328034 0.49391308 0.10018125921487808
24 0.07052288 0.88130414 0.2766207  0.98377264 0.09599629044532776
1 0.54563373 0.00727236 1.         0.7175258  0.08917821198701859
41 0.         0.24830043 0.93369406 0.8490607  0.08157980442047119
17 0.29241773 0.2560938  0.5995666  0.68931484 0.08124692738056183
27 0.3547518  0.39621788 1.         0.96255904 0.07622189819812775
17 0.19882925 0.34271988 0.741488   0.67811257 0.07201451808214188
41 0.26067013 0.10799228 1.         0.8034119  0.07087785750627518
17 0.16060254 0.03234706 0.5751574  0.46691036 0.07060594111680984
24 0.3101194  0.1661496  1.         0.95026433 0.06886592507362366
24 0.6090941  0.12647347 1.         0.81901836 0.06817050278186798
17 0.05948662 0.2747458  0.42164788 0.6546055  0.06688094884157181
41 0.07109365 0.33507943 1.         0.8831699  0.06490419805049896
24 0.03303692 0.84199435 0.30404395 0.975547   0.06326869875192642
21 0.40882036 0.5068388  0.9916881  0.8797109  0.06006275862455368
21 0.41968605 0.18565436 0.9901281  0.8546381  0.05872679874300957
1 0.34463036 0.11544769 1.         0.51452994 0.058713313192129135
6 0.02319771 0.18742535 0.16338477 0.85342145 0.05737467110157013
24 0.02532627 0.88170046 0.19558243 0.97996664 0.05715540423989296
24 0.02144565 0.9132597  0.15222193 0.98663086 0.05665755271911621
24 0.38192025 0.5689903  1.         0.89479166 0.05539090931415558
10 0.2127186  0.06169464 1.         0.92541504 0.055298175662755966
10 0.20307663 0.14941093 1.         0.5051298  0.054945964366197586
24 0.16721672 0.91754293 0.42535588 0.99178714 0.05442237854003906
17 0.19757813 0.26243043 0.69767255 0.5923073  0.0537898875772953
1 0.5477575  0.         1.         0.42694113 0.053564321249723434
17 0.09742812 0.02953608 0.41281456 0.5698244  0.05355434492230415
17 0.18443756 0.         0.5237316  0.37665555 0.053533781319856644
41 0.60281265 0.14457364 1.         0.8330291  0.05112368240952492
1 0.2504145  0.         0.95782125 0.5776578  0.05054154619574547
24 0.18095943 0.21608038 1.         0.75600654 0.04985650256276131
41 0.44080976 0.1885092  0.8804783  0.91648656 0.04898091405630112
41 0.24852283 0.22819789 1.         0.52280277 0.04836960509419441
17 0.35043254 0.08223478 0.8386194  0.50096846 0.04771723970770836
17 0.27981833 0.         0.5948031  0.3988699  0.04755335673689842
1 0.63069737 0.26413816 0.92202413 0.89364535 0.04741798713803291
1 0.8374028  0.18721022 1.         0.87777984 0.047155097126960754
1 0.34738234 0.0735373  0.84079665 0.5958199  0.046947672963142395
1 0.40466955 0.         1.         0.60031885 0.04631561413407326
1 0.3992187  0.01876891 0.9584821  0.43596202 0.04607634246349335
21 0.5283207  0.05599674 0.94729394 0.38941875 0.045722659677267075
41 0.47056684 0.07231189 1.         0.5083739  0.04524647817015648
41 0.1748813 0.1586453 1.        0.6177771 0.04420122131705284
30 0.03897434 0.09474935 0.37221166 0.85154027 0.04395730048418045
24 0.19907299 0.5258881  0.98141056 0.86559165 0.04366257041692734
1 0.6610214  0.11808299 0.9363132  0.7783056  0.04336776211857796
1 0.623927   0.38008192 0.99454045 1.         0.04329633712768555
1 0.6093171  0.05082855 1.         0.5210964  0.042810775339603424
17 0.02906862 0.30335537 0.421613   0.88746136 0.041470419615507126
1 0.48308164 0.40153807 1.         0.97262675 0.041308943182229996
38 0.02606798 0.9122734  0.38126004 0.9967576  0.04077332839369774
1 0.01667272 0.         0.7999006  0.70306987 0.04063555970788002
1 0.30957904 0.         1.         0.4071369  0.04055412486195564
17 0.41086376 0.2767479  0.705937   0.70247597 0.04021690413355827
41 0.28226587 0.22232176 0.9202871  0.7035141  0.03945345804095268
10 0.552676   0.         1.         0.91897625 0.03934532031416893
26 0.05696602 0.11781848 0.4515084  0.7119133  0.03901860490441322
1 0.5796139  0.06212581 0.88954234 0.7708733  0.03891835734248161
24 0.01333442 0.8821487  0.10669134 0.9805221  0.03723587840795517
26 0.13204163 0.37104845 0.43595725 0.68501514 0.03679199144244194
1 0.75983304 0.         1.         0.55584276 0.036593370139598846
21 0.2888616  0.16666329 0.90659946 0.7090601  0.03643014654517174
41 0.543459   0.06888456 0.9737491  0.60822654 0.03619808331131935
32 0.4088758  0.00696582 1.         0.632216   0.035920027643442154
41 0.56018907 0.05389724 1.         0.37472224 0.03584699332714081
1 0.15901932 0.         0.68223965 0.5712981  0.03568989410996437
6 2.5924682e-04 3.2207072e-01 2.2969396e-01 7.9975194e-01 0.03562945872545242
24 0.35036543 0.4794504  1.         0.9829242  0.035431284457445145
27 0.59318775 0.03576742 1.         0.9377573  0.03538811579346657
32 0.57853526 0.         1.         0.5615951  0.03536868095397949
35 0.00113054 0.90982056 0.15102002 0.9941815  0.03530923277139664
35 0.00431652 0.91013056 0.2603137  0.99548393 0.03509929031133652
35 0.04097904 0.87693435 0.27672267 0.9945369  0.035057373344898224
1 0.04905724 0.05576795 0.57161826 0.6819455  0.03463629633188248
10 0.         0.00895742 1.         0.62500805 0.034207262098789215
27 0.09822988 0.15795016 0.98439395 0.7870202  0.033986952155828476
41 0.14411071 0.24804506 0.5582412  0.8192235  0.0338132306933403
1 0.5285223  0.16522428 0.85405266 0.85512555 0.03374888747930527
41 0.5381035  0.17124458 1.         0.4674786  0.03368105739355087
17 0.02738576 0.4045944  0.3727724  0.6982977  0.033633168786764145
25 0.         0.9152522  0.17161134 0.9951737  0.03332291916012764
10 0.         0.27492154 0.16482425 0.90347314 0.032434746623039246
17 0.20541546 0.         0.5769845  0.20006087 0.031863536685705185
10 0.6133673  0.09188886 1.         0.56060547 0.031818270683288574
35 0.         0.8751884  0.19140641 0.99318445 0.03143924102187157
33 0.32112685 0.23410818 0.954216   1.         0.031095124781131744
10 0.         0.19694431 0.57936525 0.89425516 0.031089667230844498
17 0.48160794 0.2623116  0.7865064  0.6693501  0.03086727112531662
17 0.5343772  0.11637022 0.7704719  0.5684727  0.030592530965805054
10 0.295799   0.50013685 1.         0.8514624  0.030171914026141167
17 0.03513009 0.00891162 0.3323076  0.54949963 0.030139394104480743
38 0.08559524 0.8782786  0.3607564  0.996506   0.029997244477272034
41 0.         0.38623235 0.4689556  0.80316603 0.029918165877461433
27 0.5813744  0.48523647 1.         0.9361438  0.029860317707061768
1 0.5068348  0.5088382  0.96462286 0.95575666 0.02968202531337738
27 0.16385157 0.51953435 0.9170286  0.84398437 0.029370538890361786
24 0.753231   0.27656356 1.         0.7559485  0.02810971811413765
1 0.         0.         0.63569975 0.46735337 0.02807198092341423
35 0.        0.8770507 0.1057473 0.9921899 0.027964912354946136
10 0.5726291  0.05194219 1.         0.42011675 0.027900993824005127
25 0.         0.9515678  0.08597898 1.         0.027688775211572647
27 0.08611972 0.04875295 0.6904009  0.8984884  0.02758256532251835
25 0.        0.9144045 0.293848  0.9942041 0.02723318338394165
32 0.17803113 0.28273967 0.45487154 0.74671113 0.026982968673110008
17 0.47834322 0.16881265 0.69571817 0.6517373  0.02692868746817112
38 0.00295714 0.9174749  0.16845624 0.99460137 0.02681518718600273
25 0.         0.8822511  0.21939485 0.9942925  0.02659272402524948
17 7.0352606e-02 3.0690513e-04 4.6386364e-01 4.3558788e-01 0.026003973558545113
27 0.20669404 0.56523263 1.         0.9658306  0.025404637679457664
27 0.04599092 0.05216751 0.33314592 0.79954016 0.025393972173333168
27 0.         0.9127887  0.2506473  0.99926007 0.025307830423116684
16 0.15075144 0.17384201 0.5435647  0.63158447 0.025072146207094193
24 0.00813062 0.94853175 0.07321188 0.99317753 0.024961616843938828
26 0.11960727 0.06618386 0.615183   0.669733   0.024947665631771088
17 0.43628484 0.17370111 0.79446703 0.57217604 0.024942610412836075
27 0.05817546 0.22619621 0.46231166 0.93559855 0.024740194901823997
1 0.7021494  0.0031943  0.9699091  0.68792146 0.024291271343827248
18 0.        0.        0.7220562 0.7665163 0.024223772808909416
25 0.         0.8828109  0.12206683 0.9952598  0.02399638295173645
41 0.18767785 0.23678124 0.7657967  0.7503247  0.023508265614509583
17 0.40171465 0.33321798 0.8594298  0.64376926 0.023256415501236916
14 0.0997487  0.87985873 0.34103528 1.         0.02300957962870598
24 0.04859352 0.2540384  0.76916546 0.7175049  0.023001626133918762
27 0.         0.9136483  0.14864843 1.         0.022916583344340324
33 0.37800044 0.48254615 0.9358405  1.         0.022725772112607956
4 0.         0.10659269 0.70485514 0.84757435 0.02248379774391651
41 0.34789923 0.48682868 1.         0.88929355 0.022402338683605194
16 0.23151729 0.13268556 0.64190567 0.5537418  0.022358009591698647
41 0.46289948 0.372838   0.8246037  0.98836774 0.02233108878135681
41 0.         0.34039536 0.6683608  0.88119346 0.022317174822092056
24 0.61497253 0.51760715 1.         0.92622644 0.022286448627710342
33 0.09146503 0.09146146 0.64008534 0.889366   0.022276369854807854
1 0.5404877 0.4185015 0.8155628 0.991897  0.022143971174955368
10 0.         0.16764672 0.9413735  0.9052039  0.02209477685391903
41 0.09911817 0.27739212 0.796501   0.57979447 0.021757621318101883
14 0.04098734 0.91275924 0.36525115 1.         0.021695688366889954
17 0.24135578 0.14863086 0.5808654  0.5864344  0.021625658497214317
41 0.49414593 0.23860385 1.         0.65786296 0.021401422098279
41 0.7920146  0.26174805 1.         0.75979716 0.02137904241681099
10 0.         0.32693475 0.58337677 0.76510304 0.021325940266251564
41 0.         0.13858172 0.5349842  0.8238722  0.02124067209661007
10 0.7131625  0.08558108 1.         0.7995985  0.021237751469016075
27 0.0827468 0.8803056 0.3066699 1.        0.020767251029610634
32 0.2222696  0.05499822 0.7854836  0.62920135 0.020749591290950775
21 0.4105899  0.14416988 0.9688659  0.45009324 0.020657511427998543
2 0.09509018 0.         1.         0.70989466 0.020557451993227005
35 0.00282457 0.8360097  0.30282527 0.9916311  0.020430652424693108
24 0.09980662 0.4044654  0.8605555  0.9153819  0.020271454006433487
10 0.         0.39986816 0.2622983  0.851798   0.020267145708203316
1 0.70261896 0.47536862 1.         0.9454582  0.02008003368973732
34 0.30203742 0.19822355 0.93570966 0.8001994  0.020006392151117325
1 4.4720968e-05 0.0000000e+00 3.4798697e-01 5.6062829e-01 0.019929541274905205
38 0.00168432 0.884784   0.21852072 0.99174255 0.019908642396330833
1 0.675624   0.23471017 1.         0.7523395  0.019375592470169067
17 0.12801829 0.01897151 0.7120065  0.24775314 0.019336748868227005
24 0.48723242 0.13496895 1.         0.61090505 0.019332384690642357
24 0.03716012 0.79261196 0.38015884 0.97432935 0.019324664026498795
27 0.10025442 0.34101066 0.81145316 0.9132165  0.01912926696240902
1 0.27875116 0.48899472 0.8491798  0.8586057  0.01909245178103447
20 0.01295174 0.91591096 0.1647118  0.99316543 0.01907537505030632
10 0.         0.46333304 0.37371293 0.78889877 0.019057847559452057
32 0.6148301  0.02000417 0.8856905  0.663605   0.01897040568292141
27 0.         0.8806604  0.10542163 1.         0.018671348690986633
41 0.         0.11938667 0.31889674 0.7412909  0.01863633468747139
17 0.45504487 0.05767147 0.8579899  0.42649025 0.018290018662810326
16 0.10473823 0.4116405  0.33752808 0.7694455  0.018255548551678658
16 0.34200385 0.1282489  0.8467121  0.5452957  0.01813918724656105
32 0.14260004 0.42949796 0.39325023 0.66466165 0.018116701394319534
24 0.00468622 0.9346617  0.05152224 0.9904307  0.018116509541869164
18 0.00634328 0.         0.48576015 0.7436911  0.01774287223815918
10 0.         0.19292733 1.         0.53319144 0.01761162467300892
14 0.01513306 0.83555806 0.32006884 1.         0.01755339838564396
10 0.         0.9063175  0.15696871 1.         0.017512449994683266
1 0.5670675 0.        0.8681879 0.5840553 0.017504503950476646
8 0.01941867 0.9089373  0.1605616  0.99074376 0.01746303401887417
30 0.0875267  0.2950342  0.432028   0.89191294 0.017389193177223206
16 0.32847247 0.16896103 0.7497531  0.70544565 0.017372269183397293
38 0.         0.8381938  0.35297516 0.9899044  0.01734391413629055
10 0.00151107 0.90377605 0.26266745 1.         0.017313839867711067
26 0.13315262 0.33473668 0.56014764 0.72080874 0.01720539666712284
27 0.        0.8337735 0.2786993 0.9946571 0.017076466232538223
10 0.         0.17224579 1.         0.77286744 0.017010316252708435
17 0.56375045 0.10967072 0.9067806  0.7853462  0.016959678381681442
24 0.44675604 0.16304223 1.         0.4678659  0.016896042972803116
20 0.02664235 0.914616   0.2807294  0.992294   0.016732795163989067
41 0.55873424 0.27611145 0.9360265  0.91721386 0.016704341396689415
24 0.0088623  0.84236515 0.07811845 0.9782176  0.01657783053815365
33 0.05998346 0.04792163 0.33511314 0.8275034  0.016564927995204926
33 0.51988524 0.48486665 0.78676486 1.         0.016522519290447235
41 0.         0.22386445 0.35484716 0.99076754 0.016518667340278625
24 0.41964036 0.24944416 0.79264045 0.8131711  0.016372082754969597
17 0.38506272 0.14703344 0.72236174 0.52976084 0.01634358987212181
16 0.09200747 0.19630224 0.34910852 0.7869145  0.016316881403326988
21 0.7433978  0.03298204 0.95361423 0.43645763 0.016153816133737564
1 0.48530555 0.         0.8067235  0.55886424 0.016150347888469696
1 0.43673986 0.14256707 0.74559057 0.7403771  0.01605170965194702
35 0.09678138 0.91463435 0.39669734 0.99594676 0.016039133071899414
16 0.22016488 0.3088634  0.40002832 0.7445838  0.01599995233118534
8 0.03790895 0.9067581  0.2773744  0.9909008  0.015927385538816452
24 0.5409838 0.4098211 1.        1.        0.01587715931236744
25 0.         0.9355437  0.06052244 0.9994524  0.015773827210068703
24 0.09668996 0.5842503  1.         0.93357444 0.01570768654346466
33 0.12750226 0.3534133  0.44482046 0.90974164 0.01562398113310337
25 0.0719193  0.8848103  0.3499987  0.99289036 0.015609677881002426
14 0.00822896 0.9136008  0.16544195 1.         0.015594552271068096
38 0.1262134  0.9095921  0.49628326 0.9977651  0.015589304268360138
24 0.4867902  0.45546445 0.84849584 0.97110844 0.015584120526909828
24 0.00227241 0.915973   0.03623297 0.9894848  0.01558301504701376
34 0.34195396 0.08529931 0.923761   0.6546344  0.015565275214612484
38 0.00123603 0.9513607  0.08403724 0.9974323  0.015510373748838902
41 0.08103793 0.50771946 0.7767735  0.853889   0.01550575066357851
38 0.00223326 0.88887817 0.12124141 0.9919275  0.01545458659529686
10 0.         0.94578725 0.08256079 1.         0.015289558097720146
33 0.05878161 0.23214002 0.53562504 0.8031099  0.015286699868738651
24 0.03233407 0.30283776 0.41888583 0.92139745 0.015250206924974918
16 0.19252063 0.35498407 0.3720152  0.8161824  0.0151936374604702
4 0.32360923 0.03975733 1.         1.         0.015184847638010979
27 0.         0.8595425  0.15087625 0.998239   0.015117471106350422
7 0.5687717  0.09711739 0.9451056  0.9437188  0.015087082050740719
26 0.1537243  0.10778628 0.8699801  0.6715504  0.015077498741447926
7 0.27392673 0.2199793  0.87993723 0.9360321  0.01503080315887928
16 0.19638537 0.20191793 0.6343395  0.77671254 0.01501159556210041
35 1.6946793e-05 8.3403039e-01 7.7960171e-02 9.9281007e-01 0.014972236007452011
25 0.         0.8393576  0.33326706 0.9937056  0.014959363266825676
30 0.03040225 0.04984469 0.6019042  0.81929964 0.014920649118721485
20 0.01374367 0.8825126  0.21138248 0.9917287  0.014846866950392723
10 0.         0.8715207  0.11521427 1.         0.014844056218862534
19 0.04160169 0.01740499 0.63428235 0.740891   0.01481674425303936
16 0.04529812 0.2291648  0.26508525 0.89993614 0.01472181174904108
21 0.5855948  0.07833702 0.8606462  0.6324398  0.014643958769738674
1 0.5377276  0.45525056 1.         0.83343536 0.01457863487303257
34 0.34040475 0.5729969  1.         0.8629511  0.014559973031282425
35 2.4549168e-04 9.1581893e-01 3.7982658e-02 9.9401164e-01 0.014489313587546349
8 0.01276454 0.87278384 0.11425209 0.9884823  0.01447964832186699
20 0.00864493 0.8834962  0.12048388 0.99032056 0.014472004026174545
35 0.0027817  0.9468307  0.07804447 0.9960199  0.014387702569365501
25 0.         0.8379325  0.09008512 1.         0.014383302070200443
32 0.09149819 0.348877   0.48142284 0.7073714  0.014382369816303253
27 0.14502615 0.87840927 0.34872866 1.         0.014318360015749931
14 0.00810503 0.88018894 0.20913659 1.         0.014067364856600761
33 0.30148074 0.556119   0.7661544  1.         0.014015155844390392
16 0.529744   0.10661407 0.925775   0.5081429  0.014009900391101837
17 0.35100362 0.02521898 0.6900285  0.20565647 0.01389352884143591
1 0.26201028 0.1772774  0.5342018  0.74412984 0.013654014095664024
41 0.76332784 0.14290677 1.         0.5194673  0.013650607317686081
35 0.00104927 0.9337604  0.05411992 0.9936898  0.0134727256372571
8 0.02169847 0.8735606  0.204929   0.98962957 0.013461274094879627
24 0.5057201  0.24978442 0.89357597 0.71181315 0.01341827493160963
24 0.5721745  0.17170426 0.91443604 0.62521017 0.013413678854703903
38 0.         0.83167547 0.5580863  0.99102163 0.01337755098938942
10 0.         0.8686117  0.20080274 1.         0.013343846425414085
18 0.26190472 0.         1.         0.7627051  0.013297109864652157
4 0.         0.0497641  0.34801447 1.         0.013176329433918
27 0.4780636  0.38281968 0.8354676  0.9281836  0.013144688680768013
41 0.21713014 0.08602477 1.         0.48188758 0.01314236968755722
30 0.04696411 0.20313686 0.85649306 0.87758344 0.013122877106070518
1 0.03165441 0.07077355 0.37242025 0.7724366  0.013075008057057858
10 0.3848642  0.38455132 0.8562177  0.92106223 0.01306163426488638
27 0.         0.9473587  0.07435989 1.         0.013010228052735329
1 0.808937   0.         1.         0.59643006 0.013010135851800442
16 0.14070386 0.1858835  0.46543372 0.8205245  0.012955468147993088
5 0.         0.         0.33759424 0.759394   0.01295502670109272
10 0.29918325 0.0789149  0.94638544 0.6895752  0.012949845753610134
41 0.         0.30507874 0.385591   0.7160578  0.012883177027106285
41 0.4160702  0.11935712 0.8546555  0.6745856  0.012862009927630424
41 0.62114835 0.22967759 1.         0.49357718 0.012840818613767624
20 0.00680634 0.95033747 0.08453576 0.9939023  0.012805855832993984
1 0.8706763  0.09182391 1.         0.76726747 0.012778254225850105
21 0.2154197  0.2245105  0.79964685 0.8084003  0.012635160237550735
25 0.         0.91458386 0.0421297  1.         0.01262750942260027
32 0.33810547 0.18899435 0.98360974 0.7768667  0.012584621086716652
10 0.46544343 0.12319239 1.         0.6174226  0.012573076412081718
35 0.15582775 0.885506   0.3876478  0.99364054 0.012497899122536182
10 0.        0.9316019 0.058697  1.        0.012398429214954376
32 0.11264855 0.23372337 0.78405374 0.81955194 0.012319877743721008
4 0.         0.         0.82479095 1.         0.0123046999797225
41 0.26304963 0.3310186  1.         0.6327052  0.01230419147759676
10 0.04145455 0.45571056 0.8904246  0.8123647  0.012255639769136906
41 0.48147705 0.32577217 1.         0.7638866  0.012187706306576729
34 0.5959464  0.10475565 0.9374732  0.7614406  0.012111024931073189
32 0.09730521 0.06548183 0.43771282 0.6758595  0.012089851312339306
