27 0.         0.05293083 1.         0.79477733 0.14447343349456787
27 0.2683219  0.08593186 1.         0.67922026 0.10729215294122696
34 0.         0.19764975 1.         0.78307825 0.0849011018872261
27 0.50393313 0.         1.         0.89360386 0.059654515236616135
1 0.24031866 0.         1.         0.66297144 0.055806007236242294
21 0.         0.17550759 0.68230814 0.92806786 0.050872236490249634
1 0.0459938 0.        1.        0.5388235 0.04520487040281296
41 0.17611298 0.18397047 0.99424845 0.82051486 0.04288409277796745
27 0.16688922 0.13207978 0.9351425  0.47635698 0.04218606650829315
34 0.53664124 0.15466294 1.         0.78026545 0.03817157447338104
1 0.57172537 0.         1.         0.5892066  0.03696824982762337
21 0.         0.48427147 0.8276956  0.93403536 0.03569445759057999
41 0.         0.         0.83987343 0.8114792  0.03557233884930611
41 0.28103998 0.13427863 0.96716005 0.6612111  0.033314406871795654
27 0.7803388  0.11187307 1.         0.572093   0.03203808143734932
34 0.         0.08545168 0.6656023  0.3235619  0.030217904597520828
34 0.        0.1178271 0.6676771 0.6623428 0.029685787856578827
24 0.8178081  0.34371164 1.         0.8858989  0.027930669486522675
27 0.01064982 0.08324382 1.         0.34305194 0.027442367747426033
27 0.29269144 0.09155165 0.9989038  0.41744542 0.027281707152724266
27 0.56231254 0.10265449 1.         0.5620091  0.026371438056230545
34 0.05427699 0.15634395 1.         0.62693775 0.025888483971357346
33 0.0153184  0.1653393  0.9045996  0.83151406 0.02576472982764244
33 0.92401713 0.9338618  1.         0.9909043  0.025747859850525856
10 0.04032163 0.51498955 0.8678344  1.         0.02280241623520851
27 0.4846833  0.07974844 0.8648972  0.5995332  0.022250056266784668
21 0.02749804 0.4199243  0.7173502  0.865999   0.022218210622668266
24 0.78906983 0.4720207  0.98600894 0.8749837  0.021756349131464958
41 0.59877187 0.6085828  0.9412152  0.98511016 0.021568194031715393
33 0.2521938 0.1786389 0.844833  0.5714551 0.021403957158327103
41 0.         0.43673792 0.9911506  0.9972805  0.021166402846574783
41 0.55391306 0.02040037 0.92598826 0.8251404  0.021147266030311584
21 0.         0.26515973 0.45315745 0.944987   0.021037116646766663
34 0.5089574 0.1025148 1.        0.5379939 0.020991403609514236
12 0.87374425 0.8714962  1.         1.         0.020447084680199623
24 0.03924378 0.09547368 1.         0.7093103  0.020240159705281258
24 0.        0.5468256 0.777959  0.9207    0.019701167941093445
24 0.         0.21998467 0.90713644 0.8452874  0.01845458894968033
1 0.3646344  0.14937624 0.9458124  0.61496717 0.018076790496706963
33 0.459397   0.15892965 0.82879895 0.6149908  0.017232153564691544
12 0.92177117 0.9327879  1.         1.         0.01711299456655979
24 0.         0.5728167  0.46576396 0.9341378  0.01684160716831684
24 0.93482983 0.94370884 1.         0.99649894 0.016537746414542198
27 0.05310458 0.18789603 0.9045433  0.6644491  0.015783900395035744
1 0.70801497 0.5243356  0.9985917  1.         0.01539741549640894
34 0.         0.31195235 0.80934006 0.79589844 0.015080641023814678
24 0.34192592 0.1015919  1.         0.82802474 0.014690408483147621
1 0.00380529 0.79745954 0.38581222 1.         0.014338560402393341
34 0.         0.05723214 0.92434645 0.27053124 0.014240092597901821
34 0.         0.08242077 0.98953414 0.4230561  0.013949573040008545
2 0.         0.32906774 0.6117866  0.9011082  0.013732976280152798
27 0.         0.06505977 0.87565434 0.50982505 0.013731176033616066
24 0.         0.03579132 0.6990445  0.75036126 0.01331897173076868
1 0.15379207 0.06028593 0.97127587 0.8866161  0.012973550707101822
24 0.60474354 0.10173269 1.         0.8618483  0.012676567770540714
24 0.         0.45533004 0.71389484 0.9673214  0.012469703331589699
21 0.29299465 0.20190015 0.91702926 0.80379826 0.012306596152484417
33 0.5056207 0.1262675 0.9223098 0.9947239 0.012112675234675407
33 0.30781132 0.12006716 0.97783107 0.45780945 0.011968651786446571
9 0.         0.12226085 0.7960526  0.5909651  0.011921371333301067
16 0.92238754 0.9346867  0.99571353 1.         0.011739136651158333
34 0.24315026 0.1362029  0.9750269  0.4956986  0.011696740053594112
34 0.4700935  0.10578285 0.8625065  0.5866917  0.011645250022411346
41 0.2938266  0.08424431 0.77411675 0.54625773 0.011561206541955471
34 0.35915837 0.2062874  0.94346815 0.6018711  0.011451322585344315
1 0.16711299 0.08154554 0.7705601  0.55496776 0.011374982073903084
24 0.81514114 0.00746033 1.         0.5900017  0.01131183560937643
24 0.8888092  0.8912419  1.         0.99545187 0.011102388612926006
41 0.41829574 0.58846796 1.         0.9094339  0.010985660366714
21 0.        0.600829  0.4847127 0.9557701 0.010908103547990322
24 0.         0.41007894 0.51687545 0.9035178  0.010902097448706627
9 0.15060396 0.19702137 0.97259486 0.6774393  0.010875869542360306
33 0.77922153 0.3769902  0.9956443  0.9006285  0.010623116977512836
41 0.10395124 0.19596589 0.7209772  0.66125387 0.010562190786004066
10 0.13178824 0.6440118  1.         1.         0.010425062850117683
33 0.03082342 0.09248742 1.         0.38671562 0.010262561030685902
1 0.00962463 0.         0.7713576  0.48741168 0.010129790753126144
33 0.8636486  0.8753508  1.         0.98622847 0.00991299469023943
34 0.13987339 0.29713842 0.84255373 0.5692015  0.009740781038999557
35 0.9270772 0.9248758 1.        1.        0.00972648523747921
33 0.70124847 0.5033371  0.9807634  0.90678    0.00945250503718853
24 0.13190313 0.27397308 0.7504331  0.65171266 0.00921623595058918
33 0.75553757 0.1786673  0.9988613  0.6231921  0.009108279831707478
33 0.         0.36597937 0.9344437  0.9568152  0.008912255056202412
24 0.11590589 0.49626243 0.9508586  0.9525153  0.00888561550527811
1 0.6871269 0.3887095 0.9768267 0.9561341 0.008878285996615887
24 0.52565694 0.07244144 0.87747234 0.56099105 0.008767775259912014
3 0.         0.13317187 0.8282436  0.63563985 0.008709543384611607
24 0.33950105 0.08988477 0.932355   0.50768137 0.008663094602525234
41 0.1970546  0.3372645  0.94751346 0.70078737 0.008628085255622864
9 0.2290828  0.17123584 0.79764056 0.52090704 0.00851909164339304
37 0.83202356 0.08627673 0.9785677  0.49512064 0.008475184440612793
34 0.7007411  0.1202592  1.         0.62847006 0.008087600581347942
1 0.6046663  0.19530147 1.         0.84766203 0.008036425337195396
38 0.0614209  0.06018329 1.         0.32790715 0.007988633587956429
24 0.6270762  0.05663053 1.         0.5864108  0.007955832406878471
24 0.         0.8395326  0.49123207 0.9550467  0.007827073335647583
16 0.03741916 0.27466682 0.75791335 0.6525416  0.007647427264600992
24 0.         0.75697416 0.4532832  0.9486714  0.007625214289873838
16 0.27137315 0.5629602  0.90549237 0.909153   0.0075818137265741825
20 0.7668694  0.20624724 1.         0.5805064  0.007518854457885027
41 0.69521624 0.8326901  0.9947584  1.         0.007444332353770733
10 0.9285966 0.9360265 1.        0.9958713 0.007371962536126375
1 0.05382308 0.57463664 0.34402624 1.         0.0073697264306247234
21 0.         0.10377536 0.87429446 0.6765891  0.007289125584065914
41 0.5041174  0.51360416 0.9643248  0.96159256 0.007181787863373756
41 0.27554247 0.5937367  1.         1.         0.007085905410349369
4 0.         0.46177325 1.         1.         0.007069372572004795
37 0.7085218  0.10883006 0.9543992  0.45868903 0.007049936801195145
16 0.12975805 0.33387458 0.9259263  0.7565015  0.0069726682268083096
1 0.04583237 0.64907223 0.45623317 0.9907117  0.006711973343044519
3 0.3983617 0.0601147 1.        0.6283892 0.006646110676229
16 0.86726826 0.88157606 0.99106914 1.         0.00662285927683115
24 0.67686856 0.64959097 0.998854   0.9763179  0.006560534704476595
19 0.19051173 0.00281726 0.7651516  0.7719978  0.0065566496923565865
21 0.15137704 0.5172218  0.7573988  0.90003604 0.006531797349452972
34 0.1774848  0.11330119 1.         0.39822903 0.006438042502850294
18 0.14244543 0.         0.84333014 0.9578589  0.006424521096050739
14 0.9200112  0.9337885  0.99096435 0.99579775 0.006302293855696917
16 0.8185577  0.91257787 0.9884648  1.         0.006276695057749748
3 0.         0.30316526 0.87925786 0.998028   0.006264721974730492
1 0.4121014  0.2959074  1.         0.64362115 0.006250905338674784
24 0.2598791  0.21008794 0.92457116 0.6600842  0.006238034926354885
33 0.5118195  0.17807506 0.9860542  0.62843055 0.006234625354409218
9 0.47368562 0.1047639  0.92447543 0.8226089  0.006129513029009104
27 0.35642147 0.04237573 0.73890924 0.31688306 0.006120510399341583
33 0.         0.22338082 0.6667943  0.7425878  0.006070049945265055
27 0.24899733 0.07032233 0.94521993 0.31227076 0.006033506244421005
16 0.38383922 0.2824854  0.9566869  0.67968076 0.006000202149152756
24 0.8493318  0.92135704 1.         0.9929098  0.00594916520640254
27 0.         0.05289991 0.6505051  0.35954577 0.005946191493421793
21 0.         0.65325546 0.74450994 0.9204549  0.005870534107089043
27 0.26119575 0.29352304 1.         0.7464433  0.005822540260851383
27 0.         0.11670034 0.7653146  0.77206105 0.005715762265026569
24 0.         0.59050876 0.92918855 0.99204296 0.00568045862019062
3 0.20158292 0.19507422 0.9060139  0.6843029  0.005657273344695568
37 0.35324606 0.11863228 0.8308115  0.582663   0.005620331969112158
16 0.57192767 0.23501346 0.94879955 0.6569573  0.005597691051661968
3 0.30884174 0.19628222 0.97318065 0.86557233 0.005479591898620129
37 0.38275945 0.14492771 0.8904704  0.40997997 0.00545429065823555
37 0.32601008 0.1512283  0.7620711  0.48257983 0.00541734742000699
37 0.5185863  0.13635945 0.91613233 0.49215943 0.00537501135841012
5 0.         0.         0.8645709  0.38303158 0.005357487127184868
41 0.93862146 0.93213433 1.         1.         0.005301668308675289
34 0.562497   0.24314049 0.9983952  0.6224276  0.005254396703094244
21 0.         0.28478807 0.7825758  0.79237574 0.005205594003200531
24 0.45125204 0.05446804 1.         0.37183666 0.005105441436171532
18 0.10258354 0.35111678 0.89154494 0.9943798  0.005054197274148464
24 0.7456812 0.3180053 1.        0.7202897 0.004999508149921894
24 0.7696459  0.68926615 0.98267466 0.9926307  0.004939128644764423
9 0.         0.21478526 0.2817373  0.81820333 0.0049347542226314545
3 0.34325376 0.09992865 0.83926284 0.5026381  0.004906068090349436
21 0.13210459 0.46388784 0.42713147 0.9331108  0.004829259589314461
34 0.09960187 0.2282129  0.75843287 0.52110815 0.004813693463802338
2 0.33181486 0.         1.         0.8702348  0.004717724397778511
41 0.48991796 0.02570053 0.78200287 0.6192188  0.004674570169299841
38 0.19298145 0.13835813 1.         0.6613197  0.00462331110611558
24 0.         0.63398194 0.62663436 0.9697101  0.004623136483132839
24 0.84299314 0.5861365  1.         0.9956692  0.004620709456503391
2 0.9289811  0.9176039  0.99430627 1.         0.004579660948365927
33 0.         0.13884205 0.8287478  0.5025551  0.004491562023758888
5 0.         0.         0.90305775 0.6891262  0.004419138189405203
1 0.00231857 0.03431484 0.70033455 0.27358657 0.004407020751386881
24 0.39876208 0.14168343 1.         0.58355755 0.0043952385894954205
33 0.8131262  0.9030308  1.         0.98241866 0.0043946788646280766
16 0.68522173 0.6565264  0.9639957  0.99036247 0.004384208004921675
1 0.6303665  0.4145855  1.         0.79379165 0.00436541810631752
24 0.27868235 0.03865999 0.86208    0.40587652 0.0043562427163124084
34 0.08963885 0.33483252 0.76508677 0.6461332  0.004323519300669432
41 0.44654602 0.26174122 0.9925295  0.9444967  0.004293844103813171
1 0.47201142 0.22205183 0.96912235 0.7398196  0.004262273199856281
34 0.         0.00359196 0.2791303  0.28877717 0.004230659455060959
5 0.        0.        0.9267713 0.8639542 0.004224361386150122
33 0.6202962  0.46995026 0.99108523 1.         0.004223786760121584
3 0.6304823  0.05706798 1.         0.595911   0.0041715526022017
1 0.36830607 0.02050046 1.         0.5066969  0.004154887516051531
37 0.5268699  0.09556568 0.7900149  0.51876134 0.0041169836185872555
2 0.         0.19878632 0.7878873  0.8729052  0.004097845405340195
12 0.8199286  0.52545923 1.         1.         0.004069141577929258
1 0.60924387 0.00413119 0.92635655 0.5111655  0.004024876281619072
37 0.44605145 0.12017019 0.7098141  0.5445073  0.003964575938880444
3 0.49136618 0.08452898 0.9982416  0.49397615 0.0039563365280628204
1 0.32690623 0.34818974 0.9953413  0.94151515 0.003933846950531006
16 0.03148308 0.3610381  0.6467275  0.6922157  0.0038978266529738903
34 0.         0.2421053  0.64777744 0.5968141  0.003888580948114395
37 0.         0.15198553 0.6196696  0.60006833 0.003858001437038183
2 0.04972061 0.         0.9864887  0.8564266  0.0038315397687256336
24 0.17770307 0.06132841 1.         0.31244972 0.0038173459470272064
24 0.7230871  0.14000079 1.         0.6388037  0.0038107815198600292
41 0.         0.27638796 0.8769208  0.8956715  0.0037955089937895536
16 0.33208114 0.39820194 0.957534   0.8000029  0.003787678200751543
34 0.         0.08999759 0.5655487  0.41027567 0.0037813507951796055
41 0.5628468 0.032836  0.8513245 0.6447541 0.003765102941542864
34 0.         0.         0.2927258  0.15554774 0.0037469249218702316
21 0.0218146  0.04524536 0.58689344 0.7980794  0.003712587058544159
24 0.75165343 0.04084055 1.         0.504335   0.0036875493824481964
33 0.0688118  0.10321587 0.99935365 0.54149485 0.0036806107964366674
10 0.60725373 0.7242309  0.9764672  1.         0.0036665904335677624
1 0.16847344 0.43355307 0.9059432  0.8787122  0.00364208803512156
9 0.         0.1300177  0.83995456 0.9082292  0.003631589002907276
25 0.06574824 0.12180758 1.         0.5100827  0.0036089906934648752
9 0.12869835 0.16507995 0.738234   0.43587384 0.0036074542440474033
24 0.06360586 0.05147147 1.         0.42259538 0.0035501664970070124
1 0.04627232 0.22169836 0.44544184 0.9581667  0.003548474982380867
14 0.8619098  0.88847    0.9865351  0.99097306 0.0035353691782802343
10 0.05417763 0.35180694 0.7220302  0.98887503 0.003521715523675084
5 0.21319263 0.         0.80292064 0.5608984  0.003502764506265521
38 0.29886287 0.10138616 1.         0.49445394 0.0034913071431219578
3 0.         0.18310748 0.6744374  0.8445542  0.0034788858611136675
33 0.5834333  0.59432364 0.9665611  0.91712743 0.003419943619519472
10 0.87642914 0.8927402  1.         0.99585176 0.003407638054341078
24 0.         0.32175443 0.33411586 0.9252087  0.0033865002915263176
21 0.02509079 0.         0.33140087 1.         0.003368583507835865
41 0.6464585  0.10440275 0.972965   0.80125237 0.003348486265167594
3 0.6284108  0.10499416 0.9793492  0.8109218  0.003296568291261792
27 0.6850256  0.40192828 1.         1.         0.003275692230090499
7 0.22889766 0.11524508 1.         0.96159375 0.0032746419310569763
41 0.2813064  0.38175616 0.89580923 0.7890109  0.0032653785310685635
9 0.         0.1072614  0.20056666 0.96687746 0.0032434945460408926
20 0.25327775 0.16553089 0.9941746  0.43601745 0.0032328395172953606
34 0.         0.48636374 0.70393944 0.8803221  0.0032295063138008118
37 0.57188064 0.09187633 0.86437035 0.7223914  0.0031806142069399357
35 0.872859   0.86673546 1.         1.         0.0031764162704348564
41 0.         0.07238363 0.49869752 0.7130174  0.0031605404801666737
9 0.         0.12273517 0.82882756 0.45647004 0.0031561232171952724
1 0.04810255 0.8302018  0.29684678 0.99345267 0.003102377988398075
3 0.8194779  0.10442742 1.         0.574898   0.0031019786838442087
33 0.78130674 0.5793799  1.         0.9476697  0.0030597681179642677
27 0.00767329 0.20027062 1.         0.97620666 0.003031844738870859
9 0.20744741 0.24987036 0.77651584 0.6211321  0.002996840514242649
27 0.18818758 0.17612612 0.6641221  0.8207311  0.0029786338564008474
10 0.288989   0.14947866 0.86180544 0.92788565 0.002966970903798938
21 0.34564638 0.1640462  0.88655865 0.555731   0.0029161979909986258
29 0.9210196 0.9195107 1.        1.        0.002909249858930707
34 0.34584656 0.25340524 1.         0.73888165 0.002908038906753063
33 0.6600577  0.1516116  0.98238546 0.514041   0.0028996262699365616
1 0.         0.03642925 0.99807835 0.23386627 0.0028964607045054436
1 0.02101883 0.30277148 0.7174388  0.95638543 0.0028948138933628798
2 0.5596574 0.        1.        0.957095  0.0028694511856883764
37 0.1342467  0.08717713 0.70625895 0.6244561  0.002864600159227848
24 0.6856774  0.42433196 1.         0.82300425 0.002853989601135254
27 0.7020269 0.1758285 1.        0.6898338 0.0028527334798127413
33 0.3764794  0.07848928 0.7437695  0.35929394 0.002839557360857725
24 0.         0.66862833 0.3847426  0.95760196 0.0028322089929133654
41 0.41481507 0.06016454 0.70558333 0.6425393  0.002831788966432214
37 0.6021582  0.14224602 0.9330946  0.4142532  0.0028138598427176476
4 0.10828685 0.09612992 1.         1.         0.002813818398863077
1 0.0353596  0.         0.5175385  0.67462415 0.002765179378911853
1 0.27608645 0.2426456  0.88497317 0.67762583 0.0027265134267508984
41 0.89926004 0.8738088  1.         1.         0.0027231648564338684
7 0.         0.1447661  0.99529797 0.9852614  0.0027103072497993708
21 0.5501386  0.15191272 0.936604   0.8204888  0.002682477468624711
24 0.         0.25309333 0.8574191  0.6077422  0.002676731441169977
1 0.5297248 0.3528118 0.9454943 0.8880615 0.002668843138962984
41 0.4339848  0.06453708 0.8763947  0.5452819  0.002653385978192091
38 0.4736205  0.19123258 0.9793616  0.784416   0.0026465049013495445
34 0.6373333  0.06916452 1.         0.4467928  0.0026229287032037973
24 0.         0.12458868 0.38037035 1.         0.0026065981946885586
3 0.55191493 0.07999008 0.9152475  0.6096751  0.002599463565275073
9 0.         0.2583423  0.22892015 1.         0.0025889384560287
24 0.         0.37275535 0.651198   0.70565623 0.0025697636883705854
38 0.64898586 0.01823372 1.         0.16630875 0.0025528983678668737
41 0.23845658 0.17689589 0.61258405 0.72355896 0.0025388128124177456
27 0.5686225  0.30844092 1.         0.9606212  0.0025365203619003296
10 0.43893912 0.5806478  0.96376914 1.         0.0025133651215583086
18 0.09646297 0.18064962 1.         1.         0.0025061762426048517
16 0.25848112 0.49830404 0.7740693  0.814871   0.0024990756064653397
24 0.23415309 0.2401611  0.5818927  0.6875888  0.0024443131405860186
19 0.         0.05890511 0.58074516 0.76292485 0.0024362027179449797
36 0.38092807 0.         0.9150695  0.70350224 0.002426929073408246
33 0.         0.09241641 0.60578066 0.36608082 0.0024204461369663477
41 0.2536912  0.27381998 0.8982296  0.59773946 0.0024082076270133257
9 0.10962151 0.19525532 0.6281228  0.55443674 0.0024018629919737577
10 0.56392825 0.843157   1.         0.99221784 0.002352737355977297
18 0.27064994 0.40625262 1.         1.         0.0023482555989176035
1 0.6112673  0.12036377 0.9842977  0.451107   0.002342771040275693
16 0.23179863 0.30719277 0.7882208  0.6984208  0.0023299690801650286
24 0.         0.24644725 0.40303364 0.707663   0.0023232561070472
27 0.        0.        0.9387974 0.984468  0.00231191236525774
20 0.69018775 0.16042376 1.         0.4813222  0.0022987467236816883
18 0.42650568 0.         0.92981    1.         0.0022969471756368876
18 0.        0.5172567 1.        1.        0.0022871731780469418
35 0.15243241 0.05970482 1.         0.73050815 0.0022856208961457014
20 0.29395914 0.10005958 0.9885479  0.31122372 0.002278652973473072
24 0.05353071 0.02845552 0.86595654 0.27941284 0.002276199171319604
34 0.         0.40556803 1.         0.92352307 0.0022683555725961924
34 0.         0.01128793 0.37276834 0.34116778 0.00225219433195889
41 0.39310157 0.41789502 0.9796439  0.8543872  0.002232510130852461
9 0.25952306 0.1388344  0.91374433 0.3966219  0.0022170734591782093
2 0.         0.63184565 0.74274516 0.9671508  0.002211339771747589
5 0.09736384 0.         0.7379745  0.44311056 0.0022113018203526735
10 0.02329765 0.6596738  0.6738549  1.         0.002198528964072466
24 0.15405783 0.6814091  0.93908155 0.99481285 0.002192432526499033
21 0.05546575 0.46807492 0.54032093 0.9498767  0.0021839020773768425
9 0.43522534 0.13619769 0.8003592  0.55665994 0.0021704290993511677
3 0.15290788 0.24661487 0.65168405 0.59890777 0.002163885859772563
40 0.9084832  0.92660517 1.         0.99847096 0.002157697919756174
1 0.16158076 0.53497964 0.8896936  1.         0.0021390076726675034
10 0.06007065 0.45215836 0.7331277  0.81866103 0.0021209134720265865
20 0.6198537  0.23323742 1.         0.54695314 0.0021175199653953314
