1 0.         0.         0.27575374 0.33211747 0.217934250831604
24 0.         0.03829411 0.2756204  0.29748392 0.12157674878835678
1 0.         0.         0.33377853 0.37815776 0.1150030866265297
24 0.         0.01965921 0.6410904  0.14875251 0.0825534537434578
1 0.         0.03962542 0.20789361 0.3105662  0.06038312613964081
24 0.         0.02542529 0.56194705 0.2541015  0.057951755821704865
6 0.30714673 0.7343586  0.80466837 1.         0.05721590295433998
21 0.         0.         0.65653116 0.6731602  0.050213705748319626
7 0.00436017 0.15373777 0.6604634  0.9209704  0.04843296855688095
41 0.05392304 0.2660313  0.87835544 0.8665781  0.047781072556972504
24 0.00488308 0.03292289 0.17589152 0.26281312 0.041169580072164536
6 0.32533634 0.64240116 0.9938708  1.         0.03964829072356224
1 0.         0.         0.53755283 0.26019552 0.03684978187084198
24 0.         0.01189186 0.36281276 0.22569889 0.03257758915424347
41 0.01747346 0.04704122 0.2547084  0.33400613 0.032282352447509766
27 0.        0.0131649 0.1947571 0.3176264 0.031724195927381516
6 0.2580032 0.7945356 0.9725336 1.        0.03049401193857193
6 0.47703233 0.6401077  0.85805047 1.         0.02842014469206333
38 0.2843293  0.77832615 0.80500275 1.         0.027152320370078087
1 0.         0.         0.38433915 0.23599376 0.02605469338595867
7 0.02409709 0.1533522  0.9033127  0.76899076 0.024417029693722725
38 0.25661483 0.7022795  1.         1.         0.022996772080659866
1 0.         0.         0.6270087  0.16709308 0.022246815264225006
21 0.         0.         1.         0.29833123 0.021826470270752907
1 0.03871089 0.30514723 1.         0.86010754 0.021739071235060692
38 0.5220894 0.5216906 0.9902872 1.        0.021639307960867882
21 0.         0.         0.720788   0.15659837 0.02086622826755047
21 0.02819084 0.         0.75741124 0.24103041 0.020538585260510445
4 0.         0.26257735 0.92463136 0.85929203 0.020227592438459396
1 0.1640441 0.7225042 0.9333483 1.        0.01995835080742836
6 0.5341786  0.4179612  0.99651635 1.         0.01977306418120861
6 0.7995313  0.26934543 1.         1.         0.01966266892850399
21 0.8108654  0.00452793 0.9771856  0.07152414 0.01926872693002224
24 0.         0.00084928 0.2619793  0.19643971 0.01908610761165619
40 0.01003276 0.         0.82367    1.         0.01850024051964283
21 0.11709819 0.         0.65703386 0.3333356  0.018375443294644356
38 0.2643975  0.82035005 0.99124044 1.         0.018339304253458977
24 0.06789943 0.4057121  0.7655452  0.7814846  0.01828238181769848
24 0.         0.05323819 0.92070234 0.28959966 0.018108036369085312
1 0.16348422 0.13401118 0.99722385 0.6604611  0.01750396005809307
1 0.         0.         0.9754467  0.27901348 0.017330728471279144
24 0.07431394 0.05092146 0.58235466 0.31731626 0.01729128696024418
1 0.60528564 0.27849925 1.         1.         0.01690404675900936
38 0.8040026  0.32084236 0.999782   1.         0.0168034378439188
21 0.05757088 0.13862972 0.6066748  0.60751057 0.016375314444303513
38 0.48740026 0.7005434  0.86006665 1.         0.016219113022089005
41 0.13711548 0.3072325  0.7482772  0.73903584 0.015452633611857891
33 0.04768064 0.23099013 0.8193631  0.92444    0.01508417073637247
1 0.54286015 0.39902678 1.         0.97354054 0.01485729031264782
38 0.00891743 0.0732551  0.16302812 0.2670317  0.014034956693649292
1 0.         0.02327326 0.76318145 0.59759176 0.014015679247677326
1 0.17337164 0.5396144  1.         1.         0.013699456118047237
6 0.44499737 0.7244771  0.96042776 1.         0.013676858507096767
6 0.72504795 0.42836457 0.99319714 1.         0.013676423579454422
18 0.11768499 0.         1.         0.34815004 0.013074059970676899
41 0.         0.0317166  0.14335477 0.2895417  0.013018769212067127
10 0.81182283 0.         1.         0.091229   0.013011828064918518
6 0.62287986 0.53791606 0.9902152  1.         0.012929937802255154
7 0.06842161 0.19763348 0.47261873 0.9034303  0.012797757983207703
18 0.8466023  0.         0.98481476 0.09362195 0.01245462242513895
24 0.         0.00392899 0.17404096 0.07274225 0.012451115995645523
18 0.94561106 0.         0.9922399  0.09679708 0.012416865676641464
1 0.19182485 0.28033614 1.         0.9722048  0.01241342630237341
41 9.1457510e-01 1.4305115e-05 1.0000000e+00 1.4638256e-01 0.0122202318161726
41 0.06926806 0.06354166 0.3282098  0.3890704  0.012000293470919132
24 0.00106547 0.23829359 0.72301096 0.6744347  0.011869559064507484
41 0.05510577 0.20317319 0.55044824 0.83911747 0.011777100153267384
6 0.9213494  0.92168295 0.9978177  1.         0.011590995825827122
38 0.46350586 0.7614695  0.9744605  1.         0.011548922397196293
18 0.01178567 0.9446085  0.09161972 0.99223787 0.011353861540555954
24 0.01349726 0.08581282 0.23965435 0.405821   0.011323023587465286
6 0.9423216 0.8918039 0.9974549 1.        0.010911411605775356
41 0.11626849 0.46099457 0.8164422  0.76355845 0.01088653039187193
41 0.9535765  0.0031435  1.         0.07941064 0.010761018842458725
18 0.01133227 0.93356854 0.06352618 0.99078596 0.010754622519016266
21 0.02452471 0.         0.82235575 0.5240379  0.010609284043312073
24 0.07248853 0.36030143 0.43212098 0.72688735 0.010297603905200958
1 0.30197838 0.5372149  0.9894548  0.87447214 0.010208174586296082
18 0.84255356 0.         0.98293275 0.18371336 0.010053204372525215
41 0.8474393  0.         1.         0.15509158 0.01003448199480772
41 0.026818   0.90066105 0.18096808 1.         0.009958365000784397
21 0.9357668  0.00308042 0.99169314 0.06981171 0.009806230664253235
24 0.02494998 0.3022194  0.5369952  0.73879117 0.009768513031303883
38 0.14799672 0.80068797 0.6905059  1.         0.009696363471448421
38 0.67823434 0.8212895  0.86217076 0.99972963 0.009673185646533966
1 0.25565153 0.7874391  0.7403917  1.         0.009550748392939568
24 0.9458831  0.00570972 1.         0.0932331  0.009519592858850956
7 0.05866319 0.17740792 0.31372753 1.         0.009339711628854275
10 0.00853244 0.08986138 0.8199799  0.7991325  0.009329180233180523
38 0.6200057  0.37142023 1.         1.         0.009254645556211472
38 0.734202   0.43428212 0.9998859  0.9237116  0.009195597842335701
22 0.42581335 0.71287477 0.9312262  1.         0.009178812615573406
1 0.9569389  0.         0.99951744 0.10656751 0.009100089780986309
6 0.667679   0.8015765  0.85331136 1.         0.00909761805087328
19 0.         0.         0.11273916 0.30126715 0.008844554424285889
27 0.5482136  0.10898285 0.9552042  0.8424124  0.008811824955046177
41 0.88107944 0.00489687 1.         0.10964136 0.00880997534841299
41 0.84029865 0.         1.         0.07287966 0.008778722025454044
41 0.8628349  0.10564419 1.         0.28141618 0.008706113323569298
24 0.02513476 0.14244397 0.4632543  0.55238295 0.008663510903716087
24 0.17307425 0.42998934 0.5871221  0.66840667 0.008624485693871975
18 0.7862552  0.         0.9840555  0.23511912 0.008609856478869915
1 0.0051207  0.         0.4999054  0.54775786 0.00853660050779581
33 0.22718768 0.7124821  1.         0.97715855 0.008466217666864395
38 0.6294673  0.5864185  0.9973641  0.95743054 0.008457712829113007
41 0.8854037 0.        1.        0.2208028 0.008423029445111752
24 0.05968103 0.2561272  0.33187535 0.72507405 0.008417708799242973
41 0.9357318  0.11097621 1.         0.21601693 0.008358633145689964
41 0.01892741 0.40175763 0.64634454 0.8103286  0.008319522254168987
1 0.27628174 0.28991613 0.7845519  0.69464177 0.008084910921752453
34 0.93475336 0.00390692 0.9890925  0.08268174 0.008045024238526821
41 0.01854204 0.9427468  0.09279276 1.         0.008038805797696114
22 0.6021517  0.63057005 0.9634887  1.         0.008005687966942787
41 0.09594551 0.13405235 0.9396303  0.6795078  0.00798250176012516
33 0.56690633 0.26408243 1.         0.9918618  0.00796542875468731
18 0.90210545 0.         0.98992157 0.17487544 0.007949862629175186
22 0.70122075 0.8095312  0.87244827 0.9955084  0.007915341295301914
1 0.07073273 0.         0.7643529  0.30109525 0.007881447672843933
6 0.74587786 0.32707804 1.         0.8979099  0.007856049574911594
41 0.851877   0.00532032 1.         0.33563715 0.007819944992661476
21 0.8110076  0.         0.9803932  0.13898893 0.007799890358000994
1 0.19089799 0.50340545 0.88867086 0.79194957 0.007791860960423946
33 0.35179067 0.8044683  0.9683685  0.98326784 0.007712520658969879
41 0.16797076 0.29171407 0.8927277  0.6383363  0.007705788593739271
40 0.10309591 0.11014751 0.9990063  0.95600057 0.007689228281378746
21 0.91142815 0.00470829 0.9869919  0.04980424 0.007668052799999714
21 0.08604256 0.         0.4453997  0.8081069  0.007596633862704039
18 0.01879647 0.8947157  0.16699988 0.9825937  0.0075705330818891525
1 0.01466306 0.12544881 0.66338503 0.7631356  0.007488471921533346
41 0.10535388 0.06160012 0.6005231  0.64229167 0.007468929514288902
18 0.07618515 0.01698911 0.8051034  0.7729745  0.007468078751116991
18 0.8709082  0.         0.98861045 0.25566643 0.007408929988741875
1 0.15070911 0.44603908 0.69409263 0.8847119  0.007348161190748215
1 0.         0.         0.83117574 0.42632103 0.007335841655731201
27 0.         0.         0.36653367 0.41399637 0.007313697598874569
10 0.810706   0.         1.         0.18048085 0.007293602451682091
41 0.93459874 0.13833188 1.         0.24851528 0.007257583551108837
18 9.2705464e-01 6.9566729e-04 9.9084252e-01 6.8173863e-02 0.007203799206763506
25 0.9405881  0.         1.         0.06641981 0.007168934214860201
10 0.         0.02521791 0.14156274 0.30317667 0.00707127945497632
25 0.         0.01288513 0.3744729  0.3051925  0.007056939881294966
1 0.19839768 0.3513154  0.6884688  0.76003236 0.0070371367037296295
27 0.45195374 0.3450725  0.96099216 0.83787245 0.007035261485725641
18 0.01890342 0.8625557  0.1209345  0.9854937  0.0069986674934625626
41 0.05350037 0.01202897 0.7027401  0.18428797 0.006980259902775288
2 0.04192853 0.         0.7851126  0.2893401  0.0069480957463383675
33 0.49209332 0.5410511  1.         0.94629276 0.006867444142699242
38 0.7297639  0.81984895 0.9168174  0.9970422  0.006864790339022875
24 0.06859716 0.5287222  0.5841003  0.70153344 0.006847173906862736
6 0.9210074  0.8598633  0.9974342  0.99851465 0.006768214516341686
24 0.00524587 0.08156147 0.40794018 0.39791638 0.006712017115205526
22 0.30913895 0.69822896 0.8157089  1.         0.006697917357087135
21 0.06581256 0.01857666 0.44314322 0.3384233  0.006595124956220388
2 0.0913799  0.         0.55113596 0.26003295 0.006571871228516102
1 0.10354844 0.06799324 1.         0.55630964 0.0065603107213974
33 0.1535933  0.23346019 1.         0.7661524  0.0065446579828858376
42 0.         0.9446581  0.08342551 0.99480563 0.0065039233304560184
18 0.72073984 0.         0.984716   0.1655184  0.006487126927822828
22 0.32508966 0.79044485 1.         1.         0.006482549011707306
4 0.57441735 0.16071804 1.         0.8257267  0.006347191520035267
6 0.7224636  0.80288124 0.90656495 1.         0.006328328046947718
6 0.8357121  0.936933   0.99577886 1.         0.006246218457818031
4 0.         0.25197604 0.6066748  0.9687842  0.006240315269678831
24 0.         0.19871393 0.83177185 0.56151235 0.006182878743857145
6 0.8009632  0.6135068  0.99384016 1.         0.006137373391538858
33 0.         0.68116516 0.9541674  0.9616372  0.00613369420170784
25 0.         0.         0.8893575  0.14707184 0.0061066108755767345
20 0.5093674  0.8253787  0.9059127  0.97365594 0.006059576291590929
1 0.9315668  0.10053427 0.9958771  0.24800901 0.005968848243355751
40 0.       0.       0.598571 1.       0.005947908386588097
18 0.01799767 0.8167065  0.08840279 0.98329824 0.005946318618953228
6 0.5301563  0.85172087 0.8035132  1.         0.005919706542044878
18 0.86985046 0.         0.98618066 0.13452218 0.005899068433791399
25 0.452464   0.81907594 0.82239777 0.9863294  0.005885230842977762
33 0.46965322 0.7432395  0.9048827  0.9827696  0.0058775306679308414
18 0.2588908  0.         0.9684185  0.60641956 0.005840870551764965
18 0.1633887  0.00901787 0.6690101  0.38522577 0.005822656210511923
10 0.         0.         0.1196121  0.12472399 0.005750206299126148
41 0.21843754 0.2605345  1.         0.76495486 0.00571512570604682
1 0.32738808 0.42083862 1.         0.75587374 0.005676656030118465
24 0.93529034 0.9406175  0.9945909  0.992109   0.005664531607180834
6 0.6311523 0.795435  0.975653  1.        0.005659471265971661
6 0.7328633  0.71823883 0.98472506 1.         0.005640213377773762
24 0.00625741 0.00274298 0.12646139 0.09665805 0.005636672489345074
25 0.5754011  0.59574455 0.9302018  0.97386366 0.0056338016875088215
41 0.01451359 0.02201606 0.4403092  0.18917064 0.0056181540712714195
27 0.         0.         0.27250117 0.22088471 0.005576117895543575
1 0.92364055 0.         1.         0.19133273 0.005542181432247162
33 0.13805573 0.790488   0.6437911  0.9856599  0.005540249403566122
21 0.06185176 0.         0.55824006 0.47491568 0.005532624665647745
18 0.8423367 0.        0.9844045 0.3454437 0.005532522220164537
24 0.91635865 0.9532161  0.9922905  0.99294263 0.005518054123967886
43 0.04962892 0.03073813 0.2630457  0.37103614 0.005476982798427343
1 0.5299333  0.40548927 1.         0.7362951  0.005457393825054169
22 0.7556586  0.81015503 0.92518616 0.9961402  0.005389705765992403
38 0.7297043  0.7440114  0.99576306 0.9954012  0.005383441224694252
18 0.8484245  0.06848971 0.9928089  0.27524596 0.005376994144171476
25 0.         0.05234174 0.27553344 0.2870667  0.005345785990357399
19 0.95420504 0.9093717  0.9950817  1.         0.00532549899071455
41 0.02802184 0.86642754 0.22360235 1.         0.005305510945618153
6 0.8526934  0.64907545 0.9964507  0.94299287 0.0052767242304980755
6 0.89811844 0.68672633 0.99755406 1.         0.005263024475425482
1 0.0108795  0.00737175 0.38914597 0.8038184  0.005255670286715031
41 0.31474695 0.3278323  0.8342269  0.7710653  0.005246375687420368
1 0.25898102 0.4935977  0.83188945 0.93793356 0.005227687768638134
4 0.         0.11107796 1.         0.7683612  0.005224046763032675
41 0.09078684 0.02791733 1.         0.34025648 0.005182583816349506
25 0.32058373 0.8186868  0.7168282  0.9829022  0.00517261354252696
6 0.81086934 0.7374164  0.9926622  0.9504246  0.00515307392925024
19 0.         0.01427169 0.23252155 0.30800813 0.0051509723998606205
7 0.14944252 0.02721876 0.9183466  0.6160545  0.005144041497260332
4 0.         0.10108355 0.56384015 0.6982189  0.005136948544532061
24 0.9516924  0.9195094  0.9955189  0.99296844 0.005112461280077696
33 0.20483704 0.8491683  1.         0.9850405  0.00510373106226325
21 0.03852841 0.04533468 0.30282578 0.37367064 0.005090772174298763
42 0.         0.20801784 0.70757157 0.82854146 0.005062681622803211
6 0.6486376  0.85356313 0.90244806 1.         0.005007252097129822
38 0.63023406 0.814276   0.99940056 0.99390584 0.0050070518627762794
41 0.93335027 0.16451892 1.         0.28293374 0.005005581304430962
41 0.7986662  0.         1.         0.21429932 0.0049670967273414135
20 0.40079835 0.81578726 0.80018026 0.967457   0.00495823472738266
4 0.        0.078931  0.3271396 0.7132775 0.004935042466968298
41 0.4101306  0.09065646 1.         0.6236555  0.004922043066471815
21 8.8625866e-01 4.5571645e-04 9.8763114e-01 1.2957034e-01 0.004920990206301212
38 0.92459494 0.9300423  1.         0.9977309  0.004902490880340338
1 0.38982436 0.38088164 0.88199526 0.8496859  0.004896943457424641
37 0.00604747 0.026177   0.15494074 0.32467708 0.004868682473897934
41 0.01321836 0.93057984 0.06228787 1.         0.004857233725488186
2 0.02735057 0.         0.28851992 0.34669632 0.004844937473535538
25 0.53339034 0.7626278  0.8014302  0.98844385 0.004800926893949509
25 0.         0.00946281 0.8298253  0.23695546 0.004773896187543869
25 0.90959626 0.9564714  0.9902656  0.99952006 0.004770159255713224
24 0.         0.10020317 0.63566196 0.45168254 0.004763414151966572
41 0.105225   0.01299866 0.7302347  0.27559352 0.004763009026646614
10 0.7398905 0.        1.        0.2365335 0.004688297398388386
38 0.735904   0.30836052 1.         0.7636317  0.004650466609746218
10 0.11913015 0.17527519 0.6449967  0.71245605 0.00464241998270154
41 0.934851   0.00251534 1.         0.0537611  0.004634642042219639
20 0.6616504  0.7707408  0.94868106 0.9703091  0.0046219066716730595
6 0.8980071  0.8788649  0.99556553 0.9807596  0.004617502447217703
1 0.         0.02049805 0.44518796 0.416142   0.004607594572007656
6 0.81577086 0.89244354 0.99027115 1.         0.00459536025300622
38 0.94362956 0.90357375 1.         0.9984814  0.004589006304740906
41 0.         0.         0.14334084 0.08384387 0.00458197807893157
25 0.62211466 0.7557995  0.8876104  0.987408   0.004581482149660587
21 0.7400232  0.         0.9828121  0.18592367 0.004573196638375521
24 0.11453032 0.3626212  0.51817554 0.62857187 0.00455903634428978
18 0.01776777 0.84808487 0.20324819 0.9810137  0.004548798780888319
21 0.         0.00774259 0.5261378  0.17076595 0.0045436471700668335
24 0.17804448 0.5165849  0.5533006  0.74482924 0.004539898596704006
41 0.5974395  0.20916218 0.954878   0.8491546  0.0045372904278337955
10 0.661683   0.         1.         0.16839044 0.004536304622888565
41 0.         0.01177664 0.18860923 0.22080208 0.004528652876615524
38 0.6559884  0.8679945  0.9233782  0.99581355 0.004524050280451775
18 0.70857286 0.         0.9859453  0.2763192  0.004523938056081533
21 0.848118   0.00497422 0.98090607 0.09761904 0.004520415794104338
4 0.         0.26128173 0.34714708 1.         0.004518019501119852
10 0.9361683  0.         1.         0.08660676 0.004510801751166582
7 0.576418  0.        1.        0.6484314 0.004507997073233128
33 0.01025695 0.04319069 0.15586095 0.2710013  0.004484150093048811
38 0.800302   0.6504554  0.9984814  0.99567455 0.0044816336594522
24 0.         0.07083133 0.77262884 0.36451545 0.004479641560465097
20 0.57722247 0.77243555 0.86774236 0.96500957 0.004464810248464346
14 0.9539427  0.90703684 0.99883485 1.         0.004462877754122019
25 0.93075687 0.9426947  0.99350286 0.9981053  0.0044522094540297985
25 0.5186108  0.1924217  0.98883873 0.8284461  0.004442228004336357
1 0.5353877  0.3001069  1.         0.64205545 0.00439684372395277
1 0.5025502  0.5933776  1.         0.98770213 0.004395973403006792
25 0.3602384  0.86277425 0.8814166  0.9899919  0.004393833223730326
18 0.185301   0.00426114 0.80453867 0.18858884 0.004362377338111401
20 0.4268985  0.86815494 0.9846401  0.9821538  0.0043561882339417934
25 0.7048277  0.86559814 0.83946925 0.9950743  0.004354322329163551
10 0.8821948  0.         1.         0.16468294 0.004347192123532295
22 0.9487034 0.9053056 1.        0.9913717 0.004335727076977491
34 0.         0.0156594  0.61599135 0.16396685 0.004329186864197254
23 0.         0.         0.3088127  0.41524187 0.004318074323236942
19 0.93712586 0.9317372  0.9938861  1.         0.00430293008685112
40 0.10984299 0.3720277  0.706658   0.83800924 0.0042981491424143314
18 0.02843938 0.00829643 0.5930906  0.31748527 0.00427614152431488
27 0.29404435 0.0176235  1.         0.8186376  0.004274450242519379
22 0.9294757  0.9317981  1.         0.99386865 0.00426578288897872
40 0.02542214 0.44704834 0.7835952  0.9731219  0.004228703211992979
7 0.0038534  0.4366219  0.48806342 0.7825702  0.004228218924254179
14 0.93741155 0.93227005 0.9985348  1.         0.004226225428283215
3 0.00908311 0.01918044 0.1380518  0.30634415 0.004199512768536806
41 0.08861516 0.52208287 0.96607524 0.8985495  0.004181017633527517
22 0.90866375 0.9465733  1.         0.99594444 0.00417965417727828
24 0.8652995 0.9527831 0.9886438 0.9928804 0.004176297690719366
7 0.35707888 0.         1.         0.79341274 0.004174988716840744
25 0.         0.13097079 0.8541592  0.75418794 0.004171794280409813
41 0.10001823 0.0533433  0.83464956 0.55719507 0.004151337314397097
38 0.8132344  0.9303332  0.94323033 0.995843   0.00414023594930768
41 0.7078651  0.         1.         0.15194544 0.00413472531363368
14 0.45322624 0.77752566 0.8802823  0.9841563  0.004127573221921921
10 0.         0.         0.17594036 0.08631792 0.004095783922821283
9 0.         0.01881985 0.3783848  0.16683882 0.004088214132934809
14 0.37220383 0.7733498  0.77160925 0.99220586 0.004085498861968517
35 0.00607051 0.         0.17853211 0.27702186 0.00408087158575654
4 0.         0.04000999 0.27000067 0.3983794  0.004017896484583616
1 0.5392563  0.17968926 1.         0.77209055 0.004014875274151564
