1 0.30894032 0.14083552 0.7333086  0.80851805 0.15870419144630432
1 0.35589284 0.23908669 0.6921399  1.         0.1105465441942215
41 0.32034352 0.49819297 0.6316341  0.9190754  0.11025844514369965
1 0.3283802  0.46842393 0.7652793  1.         0.10605980455875397
32 0.33175328 0.33399943 0.6533447  0.89243144 0.09364380687475204
1 0.20704982 0.32612813 1.         0.9915734  0.09109517186880112
1 0.11747999 0.35306174 0.7228513  0.80037904 0.0898839607834816
32 0.4111577  0.27298135 0.6934029  0.77751    0.08925187587738037
1 0.25789532 0.42375553 0.9307625  0.866574   0.07667335867881775
33 0.28811103 0.31909212 0.60062575 0.9488198  0.06952957063913345
41 0.41977406 0.4073221  0.66792077 0.82359654 0.0658661499619484
32 0.2274792  0.44125673 0.7217242  0.90592104 0.06466587632894516
17 0.46568108 0.         0.6767425  0.21024974 0.06127315014600754
32 0.24975541 0.56608623 0.6705215  0.99183697 0.05663987249135971
17 0.27843153 0.         0.76462823 0.7624102  0.05588803440332413
17 0.51470053 0.         0.72890323 0.23944774 0.047986116260290146
32 0.36665428 0.11946473 0.95234317 0.8611955  0.04436801001429558
24 0.3409727  0.2896149  0.66702443 0.8079449  0.0434907041490078
32 0.2542431  0.27525815 0.6901283  0.6819676  0.04307722672820091
41 0.37261665 0.35405764 0.6184458  0.7770518  0.04268127307295799
41 0.27757314 0.58328867 0.6910112  0.8736126  0.04244500771164894
41 0.29843464 0.55150604 0.9471064  0.954685   0.041900865733623505
42 0.53719616 0.24423768 0.93491733 0.66298604 0.041471898555755615
41 0.25712362 0.4663149  1.         1.         0.03827913478016853
1 0.08541445 0.21459791 0.8162793  0.8909131  0.03795299306511879
10 0.         0.71979934 0.8040549  0.99339694 0.03696639463305473
1 0.14316788 0.167385   0.7158116  0.65294874 0.034310437738895416
24 0.25951076 0.3346403  0.6906508  0.70671177 0.03311511129140854
17 0.11632681 0.00212746 0.6030555  0.6026185  0.03287844732403755
10 0.25555593 0.2501316  0.760042   0.7374287  0.03255898877978325
32 0.2678211  0.29689696 0.9088147  0.8179969  0.030994553118944168
17 0.28503504 0.3498919  0.58726996 0.9801651  0.03068980760872364
24 0.34134758 0.42342046 0.66125184 0.9639781  0.030519574880599976
32 0.35818073 0.74893254 0.74585694 1.         0.029783708974719048
42 0.4791355  0.21399646 0.79736567 0.6660773  0.028815286234021187
16 0.28145316 0.7244966  0.6563392  1.         0.02792934887111187
33 0.33262414 0.18416052 0.5868471  0.8550399  0.027857059612870216
41 0.3579157  0.5174626  0.68674356 0.8084453  0.027738606557250023
10 0.11860263 0.6940411  0.6926572  1.         0.026962434872984886
41 0.46035382 0.47310898 0.8163587  0.8399761  0.024936150759458542
16 0.2508819 0.6676574 0.5861309 1.        0.024843310937285423
41 0.43600973 0.49465242 0.97099286 1.         0.024388261139392853
17 0.42031652 0.00664345 0.9061967  0.2322726  0.024387339130043983
32 0.1517945  0.3469569  0.64748806 0.7320038  0.024041632190346718
41 0.28425878 0.65154153 0.7077787  0.9452524  0.02358405850827694
31 0.07782959 0.         0.5639623  0.4840387  0.023172257468104362
26 0.32147577 0.46061683 0.6450815  0.9533759  0.02303515560925007
10 0.14855108 0.30477837 0.8765094  0.6723217  0.022795144468545914
42 0.39784044 0.2037643  1.         0.7213423  0.022739550098776817
19 0.21878566 0.333641   0.8210608  0.84156007 0.02249513752758503
17 0.2565524  0.19523314 0.5762319  0.76364493 0.022328784689307213
16 0.36352718 0.5187764  0.5872056  0.9362515  0.02214016206562519
41 0.2737801  0.48909965 0.6162386  0.7547551  0.021621936932206154
26 0.19489945 0.78040564 0.7646522  0.9703065  0.021323809400200844
18 0.34619614 0.         1.         0.84761566 0.021215012297034264
1 0.2438294  0.3235745  0.74150634 0.93853515 0.02096942998468876
41 0.28260794 0.5498199  0.67513865 0.73035413 0.020925965160131454
17 0.3907125  0.         0.7053541  0.48354843 0.020919807255268097
24 0.18982626 0.45900366 0.7436575  0.6784504  0.02084631472826004
19 0.3270362  0.26112258 0.7081259  0.8303865  0.020618146285414696
24 0.24097459 0.47171623 0.67003983 0.86564493 0.02060043253004551
1 0.33602813 0.53045094 1.         1.         0.020546281710267067
33 0.13309868 0.76746553 0.74902856 1.         0.020497621968388557
17 0.359642   0.00634373 0.71605283 0.22814377 0.01987290196120739
1 0.3714588  0.6046879  0.73267287 1.         0.019844865426421165
16 0.33518666 0.4524113  0.55452895 0.85438913 0.01971708983182907
41 0.38364995 0.61244744 0.8558853  0.8384134  0.019117621704936028
26 0.26695517 0.6735225  0.67004347 0.9924817  0.018999597057700157
10 0.00895233 0.21821168 1.         0.93260086 0.01879345066845417
19 0.2770488  0.40212733 0.63226324 0.97226465 0.01860726810991764
41 0.36218986 0.5128544  0.77785766 0.73019683 0.018276017159223557
30 0.         0.66246754 0.6697648  0.96917707 0.01819682866334915
32 0.42368582 0.25337556 0.8579015  0.72300863 0.017834331840276718
42 0.34846807 0.3353889  0.7747875  0.6415863  0.017603743821382523
28 0.01669566 0.23225836 0.4928265  0.77861387 0.017535163089632988
41 0.3197972 0.3972693 0.570618  0.8009819 0.01744251511991024
41 0.3690882  0.3016977  0.72281504 0.75677574 0.017401941120624542
28 0.19090912 0.34206504 0.6345534  0.6268869  0.01730319671332836
32 0.07059804 0.7263523  0.70441043 0.95796615 0.016865845769643784
1 0.4343923 0.6866853 0.8055814 1.        0.01676328480243683
2 0.2655867  0.18614139 0.6283273  0.67637575 0.016660749912261963
25 0.03793958 0.4364639  0.81135225 0.6786272  0.016645710915327072
31 0.12423803 0.         0.62959987 0.62472636 0.016516178846359253
25 0.15702906 0.2351681  0.72364265 0.55656254 0.016443289816379547
31 0.15486526 0.         0.74001026 0.79686576 0.016096152365207672
18 0.2842107  0.22512864 0.60979766 1.         0.01569773070514202
19 0.19385822 0.22220312 0.7811553  0.7354829  0.015508799813687801
41 0.05912776 0.52439976 0.6194256  0.9575847  0.01548437774181366
19 0.23087475 0.1597356  0.83033997 0.561052   0.015442177653312683
41 0.36203375 0.4338972  0.75275254 0.679739   0.01538790576159954
31 0.20144722 0.16462708 0.7610371  1.         0.01504731085151434
2 0.34946427 0.08742709 0.60114366 0.7308702  0.014965700916945934
18 0.28510416 0.17162819 0.72620517 0.7359613  0.014935397543013096
24 0.33788246 0.5112734  0.94315577 0.7831452  0.014912758022546768
41 0.3768607 0.563149  0.7899886 0.7815338 0.014893959276378155
31 0.06196738 0.         0.4715345  0.31759888 0.014456689357757568
41 0.18217011 0.53953797 0.76817733 0.95073396 0.014367870055139065
32 0.02465829 0.7797879  0.20409498 1.         0.014235165901482105
18 0.35693967 0.12628137 0.8709564  0.6893147  0.014199977740645409
17 0.50963724 0.         0.9424615  0.28508002 0.013724478892982006
10 0.         0.8362602  0.6451655  0.98862267 0.013691527768969536
30 0.10183202 0.2502728  0.6769536  0.92748284 0.013638410717248917
32 0.11580404 0.4170213  0.96695507 0.9151775  0.013559536077082157
1 0.3938707  0.06524401 0.81389654 0.73589206 0.013359676115214825
16 0.36902776 0.35359895 0.60038304 0.82373434 0.013256892561912537
6 0.5434893 0.7848083 1.        1.        0.013214399106800556
25 0.04620425 0.34219128 0.7601345  0.57457185 0.0131858941167593
28 0.00949705 0.02032916 0.46638387 0.572676   0.013127628713846207
19 0.04781337 0.01078679 1.         0.585207   0.012962574139237404
24 0.3901457  0.41874674 0.75361216 0.7605655  0.012925352901220322
10 0.18013181 0.48092648 0.6854435  0.9719389  0.012863712385296822
41 0.18509924 0.51890963 0.6023042  0.8446223  0.012824439443647861
32 0.47475058 0.         0.7403023  0.24927077 0.0127831706777215
7 0.295849   0.19389738 0.99373984 0.8951855  0.01260328572243452
42 0.43635947 0.08349831 1.         0.82595724 0.012568891979753971
10 0.1750418  0.31268942 0.7423277  0.9048283  0.012551051564514637
26 0.35295948 0.3574385  0.62662214 0.77999866 0.012509949505329132
17 0.25359678 0.         0.5783763  0.50020236 0.012498416006565094
32 0.39788175 0.14275356 0.8202216  0.6382626  0.012462597340345383
11 0.35606518 0.18022853 0.65768933 0.6566078  0.012239538133144379
41 0.66055083 0.3183929  0.9971116  0.8244802  0.012229709886014462
28 0.08397357 0.21222667 0.60134524 0.66593313 0.0121640395373106
33 0.22733043 0.5643306  0.5937978  0.99592733 0.012095332145690918
1 0.30501226 0.         0.77434117 0.64583385 0.012027086690068245
40 0.2908148  0.04874481 1.         1.         0.012015103362500668
17 0.4341362  0.         0.8008385  0.32465658 0.012012564577162266
41 0.1646988  0.70504236 0.87842757 0.9519299  0.011976806446909904
32 0.5503912 0.        0.8480899 0.297389  0.011735472828149796
30 0.32700908 0.7062927  0.79251057 1.         0.011543268337845802
26 0.06693362 0.7295536  0.78248894 0.9427691  0.011517887003719807
18 0.11512121 0.70313215 0.72296137 1.         0.011387493461370468
30 0.01486394 0.7003234  0.9055426  0.9927509  0.011245308443903923
26 0.38356367 0.         0.739265   0.2563206  0.011172904632985592
16 0.16632321 0.81966084 0.6900105  1.         0.011143275536596775
27 0.17899816 0.2990446  0.737573   0.81757855 0.01103262510150671
1 0.         0.         0.7477623  0.76802063 0.0110140610486269
16 0.40052325 0.30313358 0.5816748  0.6648656  0.010972477495670319
24 0.39166367 0.533253   0.8001551  0.89839154 0.010959384962916374
19 0.0392364  0.13571563 0.8782768  0.99436617 0.010948674753308296
17 0.24005327 0.6660284  0.57623154 0.9816019  0.010933851823210716
30 0.26792905 0.38960797 0.61695504 0.8849223  0.010897740721702576
42 0.51719993 0.3950713  0.94972974 0.6735277  0.010769535787403584
16 0.35290793 0.7568898  0.7955182  1.         0.010671009309589863
24 0.27756307 0.45917907 0.5796978  0.97859174 0.010667623020708561
28 0.1340774  0.2442805  0.49844956 0.58167726 0.010663770139217377
6 0.76928985 0.73568475 1.         1.         0.010634045116603374
30 0.19945656 0.56320137 0.613749   0.96028566 0.010618332773447037
21 0.2943149  0.25508964 0.69798046 0.5922705  0.010411414317786694
41 0.26117638 0.06984246 0.8587236  0.5108271  0.010377657599747181
41 0.09646617 0.21440682 0.6152895  0.59459394 0.010231011547148228
21 0.11515811 0.77201545 0.6589564  0.9936482  0.01009319070726633
28 0.20596044 0.35977432 0.80834204 0.8844702  0.009995543397963047
24 0.447976   0.45129552 0.69286543 0.8816266  0.009961500763893127
41 0.31664458 0.2543133  0.6042731  0.5862294  0.00988412369042635
40 0.         0.43036714 1.         1.         0.009865534491837025
1 0.        0.4804586 0.9799629 1.        0.009851086884737015
24 0.4500555  0.44062644 0.96950215 0.9807995  0.00981085654348135
32 0.33696783 0.         0.928642   0.6056275  0.009535213932394981
41 0.77262795 0.41728216 1.         0.73806566 0.009517986327409744
26 0.22369808 0.02445109 0.53424567 0.40535066 0.009444794617593288
17 0.33322003 0.         0.70851594 0.30820248 0.0094295684248209
27 0.15138136 0.13275513 0.7381301  1.         0.009396832436323166
21 0.35723644 0.14223321 0.6608839  0.59457916 0.009388117119669914
16 0.1387038  0.7622916  0.88483685 1.         0.009211743250489235
33 0.28764167 0.22911157 0.69197005 0.7095103  0.009146383963525295
40 0.03700966 0.3290179  0.76869977 0.8677916  0.009063836187124252
32 0.41063386 0.41619158 0.70388764 0.94616866 0.009061623364686966
19 0.21169166 0.08516175 0.638267   0.49085593 0.009033345617353916
30 0.         0.70280874 0.28274375 1.         0.00899033434689045
32 0.43845057 0.         0.8339657  0.4269984  0.008963000029325485
2 0.24405791 0.34466234 0.6871934  0.9446824  0.008778242394328117
19 0.05069382 0.28081942 1.         0.92400426 0.00861248280853033
27 0.292403   0.16884677 0.65268356 0.85216016 0.008577831089496613
41 0.340919   0.11749332 0.6474045  0.64947665 0.00854369904845953
40 0.08884273 0.4027272  0.9162445  0.74370545 0.008493805304169655
28 0.29504314 0.25165457 0.6470153  0.63420504 0.00845804251730442
19 0.01137311 0.36424902 0.7009162  1.         0.008387952111661434
24 0.04281431 0.10145327 0.6953689  0.5628013  0.008375827223062515
31 0.37734634 0.26849255 0.6734019  0.88922405 0.008346290327608585
17 0.2998738  0.09036575 0.8452574  0.908807   0.008324537426233292
23 0.09339933 0.29310778 0.6301792  0.7939467  0.008270635269582272
28 0.08137267 0.17736407 0.46328232 0.5347644  0.008268752135336399
10 0.         0.73267245 0.5610254  0.97677034 0.008244718424975872
24 0.11742661 0.5150771  0.71958643 0.92006034 0.00823297817260027
18 0.38729197 0.         0.8128964  0.5500383  0.00822413805872202
25 0.         0.3876435  0.8877289  0.61679786 0.008215032517910004
27 0.32417744 0.3964827  0.671257   0.9646019  0.00820887740701437
17 0.32271   0.        0.9362729 0.3658042 0.008207694627344608
17 0.3592196  0.         0.61204994 0.66880345 0.008009813725948334
26 0.5139424 0.        1.        0.4730544 0.00798490084707737
5 0.         0.16364208 0.63391083 1.         0.007955214940011501
41 0.27958295 0.7769242  0.7999456  0.979722   0.007920411415398121
41 0.10071369 0.82392496 0.79400504 0.9952339  0.007905406877398491
32 0.         0.8097744  0.5232216  0.99136597 0.007818805053830147
19 0.10730176 0.4361881  0.8990907  0.9674675  0.007809038739651442
18 0.05035833 0.2527235  0.6283115  1.         0.007801686879247427
26 0.32136163 0.02515535 1.         0.28659314 0.007724081631749868
27 0.49357393 0.85230225 0.9829899  1.         0.007704727351665497
24 0.3819457  0.60084003 0.7727225  1.         0.0076920161955058575
17 0.03013189 0.         0.481545   0.45273992 0.007679792586714029
19 0.11486153 0.09697324 0.8538022  0.69123894 0.007589082699269056
26 0.4580664  0.         0.82475793 0.299167   0.0075362445786595345
24 0.         0.3391127  0.60779065 0.90034205 0.007483684923499823
16 0.29361343 0.42990458 0.57754403 0.7557996  0.00725516164675355
32 0.3814703  0.01275047 0.67964727 0.5946625  0.0072509534657001495
31 0.02942036 0.         0.32743588 0.2798251  0.007221910171210766
10 0.07039627 0.5027526  0.7773843  0.88814473 0.007195559795945883
41 0.32527322 0.67688435 0.94399226 0.9244209  0.007186213042587042
32 0.21797834 0.02014399 0.8795894  0.7755798  0.007152859587222338
24 0.25547406 0.5948833  0.88155746 0.8722947  0.007151528261601925
21 0.         0.71976584 0.57618374 0.9735825  0.007111635059118271
18 0.18938063 0.2890252  0.7066026  0.9298279  0.007106618955731392
1 0.26774758 0.54696995 0.692912   0.98668337 0.007075783796608448
10 0.         0.7628759  0.27666607 0.9947947  0.007075528148561716
24 0.09894142 0.39083996 0.75332856 0.7819474  0.00707022612914443
22 0.         0.         0.39824292 0.5170001  0.007043479476124048
30 0.01273224 0.6095258  0.57941604 0.914882   0.0069803805090487
17 0.30466676 0.         0.8121755  0.5395417  0.006979070138186216
15 0.34371355 0.24721934 0.6475233  0.62723005 0.006945677101612091
6 0.02327716 0.07860291 0.46468028 0.5713055  0.006914603989571333
41 0.46972775 0.31499964 0.8322079  0.78046316 0.006857079919427633
19 0.         0.72537625 0.8327629  1.         0.006822098046541214
26 0.3663361  0.         0.92768615 0.47025025 0.006638733670115471
42 0.5068039 0.        1.        0.6681075 0.006623400375247002
42 0.48071274 0.15168028 0.70478076 0.75988936 0.0066173798404634
33 0.22868477 0.40496737 0.69348174 0.9295499  0.006606644950807095
33 0.06800599 0.6712597  0.6610257  0.970357   0.006532639730721712
32 0.39673352 0.         0.89688915 0.26647753 0.006526088807731867
18 0.25203523 0.         0.67018294 0.60820365 0.006511630956083536
23 0.         0.3814463  0.694125   0.70464873 0.006507300306111574
24 0.125231   0.6267869  0.94382286 0.99905014 0.006501791533082724
18 0.42556638 0.1404357  0.73263323 0.8445869  0.006489128340035677
42 0.34923118 0.09268463 0.8494792  0.71172905 0.006461532786488533
32 0.20303755 0.37309512 0.8063543  0.68100935 0.006445367820560932
16 0.32270795 0.3584887  0.53681105 0.7241262  0.006394717376679182
32 0.03979335 0.27699414 0.59163207 0.9027174  0.006391018163412809
25 0.1182489  0.48246354 0.7181107  0.76271814 0.006389818154275417
31 0.31851247 0.3452847  0.7483126  0.7891841  0.006364170927554369
18 0.29559395 0.0882341  0.9607728  0.56061035 0.006356863770633936
32 0.21971892 0.06833981 0.49043682 0.47762483 0.006348210386931896
40 6.6355389e-04 1.4097342e-01 9.5333266e-01 9.8704112e-01 0.006333065219223499
30 0.         0.79671836 0.5715446  0.9724288  0.006313921883702278
19 0.0793323  0.00843307 0.6761381  0.63453186 0.006306738592684269
21 0.31945953 0.30452195 0.6278852  0.7550674  0.006282174959778786
21 0.2607012  0.34754756 0.7045574  0.7018001  0.006219067145138979
32 0.13441221 0.5581558  0.85176915 0.96337485 0.006178008858114481
32 0.42313483 0.         1.         0.72060233 0.00617259694263339
21 0.26309094 0.15137164 0.9009916  0.7234733  0.006170135457068682
32 0.5171526  0.11875377 0.88836956 0.70012766 0.0061229923740029335
26 0.3601199  0.3481325  0.76331514 0.68084294 0.006117254961282015
18 0.16550235 0.51154995 0.5769369  1.         0.006106048822402954
26 0.30620357 0.30671167 0.5930618  0.71577746 0.0059851594269275665
19 0.10366231 0.42260367 0.9759896  0.76064986 0.005956961773335934
27 0.25882632 0.6954118  1.         0.9806419  0.005937771871685982
27 0.1957749 0.7948713 0.811358  1.        0.0059304628521203995
19 0.23172404 0.71263325 0.7587568  1.         0.005912797525525093
16 0.2726027  0.5265701  0.57450724 0.82903033 0.005838083568960428
7 0.04164424 0.38047555 0.9852472  0.9915885  0.00583672197535634
30 0.12293704 0.7330956  0.77357495 0.9585665  0.005832501221448183
23 0.24223319 0.2916139  0.71608627 0.6672576  0.005823246669024229
27 0.13344519 0.         0.5192312  0.4791731  0.005741490982472897
26 0.2980455  0.46858215 0.72645825 0.82851535 0.005738178268074989
30 0.18466045 0.40775335 0.6978343  0.8108426  0.0057286755181849
30 0.07271586 0.12738457 0.49955395 0.6688088  0.005643361248075962
29 0.3744141 0.5412337 1.        0.9598161 0.005627079866826534
26 0.2139416  0.0504184  0.7932302  0.44536978 0.0056129018776118755
42 0.38213658 0.1617234  0.7202446  0.5991081  0.005590593442320824
18 0.16352247 0.11722832 0.6352827  0.75453055 0.005568262655287981
24 0.20731184 0.17655243 0.6486455  0.6022118  0.005509520880877972
41 0.38522753 0.5993024  0.66898406 1.         0.005500342696905136
16 0.18773377 0.3779952  0.54337394 0.7524175  0.005465868394821882
42 0.39331624 0.28698155 0.7017617  0.7439539  0.005431792698800564
28 0.2738728  0.36817262 0.56720734 0.723792   0.005420571193099022
17 0.21569654 0.4448691  0.64453256 0.94064915 0.005399076268076897
17 0.18587627 0.77324396 0.6532454  0.9590499  0.005377334542572498
41 0.17852221 0.6543366  0.6080882  0.9890306  0.005338126793503761
33 0.22494736 0.06094335 0.51785445 0.6404564  0.005320844706147909
41 0.10042834 0.27124888 0.5351351  0.74495924 0.005300008691847324
19 0.15085435 0.03759336 0.54464656 0.45912293 0.00528893293812871
30 0.04076475 0.         0.47039604 0.41118658 0.005285065155476332
24 0.22542262 0.6435404  0.6271368  1.         0.0052494327537715435
10 0.         0.40055853 0.94458216 0.64373493 0.005248886998742819
18 0.6579772  0.         1.         0.85967624 0.005246633663773537
21 0.36893132 0.28345552 0.8244722  0.5845216  0.005228583700954914
7 0.08114624 0.775624   0.75832385 0.9745154  0.005226305685937405
26 0.3131483  0.12513807 0.68885225 0.48663056 0.005219975020736456
18 0.2360414 0.        0.9073335 0.7226347 0.005217392463237047
41 0.42733496 0.59743047 0.7701196  0.8944755  0.005214347969740629
32 0.31504425 0.48018745 0.8431687  0.7623768  0.005126940552145243
17 0.5906042  0.         0.80684334 0.28190258 0.005098357331007719
32 0.3665137  0.         0.74201936 0.39189386 0.005097384098917246
18 0.07329822 0.         0.7325688  0.6181022  0.005088809411972761
18 0.2505069 0.        1.        1.        0.005068982485681772
19 0.30134824 0.48663086 0.7406289  0.92702234 0.005031669978052378
15 0.30935994 0.33871487 0.64771885 0.72897506 0.005027933046221733
26 0.28099263 0.         0.71325004 0.36207044 0.005021633114665747
32 0.2936895  0.05498958 0.5441094  0.42506278 0.004956404212862253
6 0.13526013 0.24646541 0.58722156 0.72561747 0.004947226960211992
1 0.19979498 0.         0.7094009  0.5702179  0.004917394369840622
26 0.21419333 0.06856308 0.4793696  0.5334338  0.004908920731395483
