18 0.51849246 0.         1.         0.8662954  0.20761388540267944
18 0.4937556  0.11410141 1.         0.5977558  0.17919109761714935
18 0.53000206 0.23725146 1.         0.73639405 0.08317986130714417
18 0.4814183  0.37186423 1.         0.8410801  0.07776594161987305
18 0.50025266 0.1747684  0.9123817  0.7526999  0.07132206112146378
41 0.62719685 0.2611317  1.         0.6909047  0.061662930995225906
24 0.10632927 0.82960093 0.6296697  0.93597037 0.056459181010723114
18 0.32721794 0.17627805 1.         0.9947498  0.04624929279088974
41 0.5319044  0.12346438 1.         0.5899816  0.046192675828933716
24 0.16582942 0.7768593  0.60558164 0.92713076 0.04564284905791283
41 0.7135551  0.44334474 1.         0.74316823 0.042732782661914825
41 0.6521229  0.0515361  1.         0.77485466 0.041836466640233994
41 0.5584431  0.32341996 0.9467999  0.73129535 0.03789736330509186
18 0.410628   0.11484223 0.8260666  0.7070023  0.03531629592180252
18 0.6545975  0.10020933 1.         0.79347456 0.033610884100198746
41 0.51627207 0.3285153  1.         0.5812393  0.03321677818894386
18 0.67922854 0.         1.         0.698471   0.032414618879556656
41 0.6245914  0.27429062 1.         0.9923049  0.03129499778151512
41 0.9479058 0.9314183 1.        0.9996509 0.027837863191962242
18 0.62731755 0.         1.         0.91269785 0.02709590271115303
41 0.7879747  0.25254312 1.         0.7253311  0.026445601135492325
41 0.53100497 0.2476465  0.90798944 0.64768595 0.02588476799428463
18 0.8484609  0.         1.         0.91579735 0.024667834863066673
18 0.47509348 0.2887351  0.93732464 0.9310358  0.022213518619537354
18 0.50617784 0.         0.89286584 0.5347379  0.021492471918463707
18 0.7865665  0.11745855 1.         0.8744442  0.02049953304231167
25 0.        0.7837891 0.8242967 0.9738951 0.019210632890462875
41 0.545465   0.40556118 0.9799047  0.8439926  0.01888982765376568
21 0.16827035 0.7402136  0.76111215 0.97293764 0.018839143216609955
41 0.8898989  0.90758497 1.         1.         0.017115874215960503
41 0.52383715 0.33593526 0.82817113 0.69870365 0.016637085005640984
24 0.12766238 0.75730723 0.7617661  0.9126238  0.016517946496605873
41 0.459038   0.47807136 1.         0.9219625  0.016418147832155228
41 0.86329675 0.2383032  1.         0.83627605 0.015929250046610832
41 0.52420443 0.08853702 0.9383239  0.51368266 0.015294176526367664
24 0.33959132 0.40221542 0.891365   0.55560356 0.014666984789073467
18 0.51864666 0.         1.         0.5009891  0.01450590044260025
18 0.12748912 0.73558134 0.8409408  1.         0.01445231307297945
18 0.24975431 0.         1.         0.892446   0.014151490293443203
41 0.5539637  0.00164393 1.         0.48982027 0.013818895444273949
7 0.20112748 0.81057364 0.62777996 1.         0.013673686422407627
18 0.8852788  0.         1.         0.27822646 0.013457573018968105
18 0.6788252  0.32193363 1.         0.8396059  0.013406760059297085
18 0.31948248 0.37956744 0.9593939  0.8539381  0.013041564263403416
1 0.14455442 0.71034014 0.5827527  0.99923486 0.01288348063826561
41 0.6859363  0.20726448 1.         0.55431134 0.01284230686724186
41 0.71497667 0.8685488  0.91798496 1.         0.01277152169495821
41 0.793612   0.4617866  1.         0.91094047 0.012701733969151974
10 0.19843511 0.7570111  0.7541962  0.9965283  0.01241071056574583
41 0.65992415 0.86717266 0.87066996 1.         0.012211540713906288
18 0.27690297 0.1852239  0.9171122  0.6433955  0.012007220648229122
41 0.6054538  0.48366445 1.         0.8103247  0.01195143349468708
41 0.48372304 0.8813069  0.70833683 0.9928773  0.01155177690088749
18 0.92383444 0.9063022  1.         0.99632806 0.011539542116224766
26 0.55895233 0.23374556 1.         0.9240528  0.011271603405475616
41 0.85085106 0.04201714 1.         0.6102535  0.0112059460952878
18 0.9113655  0.         1.         0.18521635 0.011166546493768692
18 0.3337699  0.44596905 1.         1.         0.011074583046138287
41 0.90681714 0.03219714 1.         0.26126087 0.01106094941496849
2 0.2716291  0.30684677 0.8102822  0.91940373 0.01101556234061718
18 0.55536366 0.44685537 1.         1.         0.010884306393563747
40 0.11349981 0.739358   0.7809169  1.         0.010564649477601051
41 0.7928901  0.86744684 0.9967437  1.         0.010301918722689152
41 0.4972988 0.760301  0.9901807 1.        0.0100963544100523
41 0.89308655 0.         1.         0.16640888 0.009895619004964828
41 0.6376769  0.60242224 1.         1.         0.009885495528578758
33 0.39638922 0.15468033 1.         0.83287627 0.009776896797120571
33 0.375222   0.23832062 1.         0.5983644  0.009561581537127495
24 0.28946915 0.74386555 0.589949   0.91701216 0.009515758603811264
41 0.5008692  0.37872595 0.88472056 0.59160256 0.009345263242721558
1 0.33690324 0.22765821 0.9160771  0.7000168  0.009338737465441227
18 0.56141716 0.6735451  1.         0.9929182  0.00933130644261837
2 0.11599017 0.76610875 0.61819285 1.         0.009269003756344318
18 0.85507023 0.         1.         0.20296818 0.009224094450473785
24 0.31828335 0.49240163 0.8934894  0.64418894 0.009213385172188282
18 0.3812956 0.7753533 1.        0.9861136 0.009097635746002197
41 0.43970662 0.913431   0.7244987  0.99621725 0.009004753082990646
41 0.887417   0.00326061 1.         0.10997615 0.008946167305111885
24 0.25297108 0.46388876 0.99048823 0.7840245  0.00884296465665102
1 0.21728122 0.05808268 0.8860774  0.9769658  0.008728903718292713
18 0.8458252  0.         1.         0.35752702 0.008365842513740063
41 0.599255   0.86970806 0.82000315 1.         0.008362188935279846
18 0.8851458  0.         1.         0.13379373 0.00807635672390461
24 0.37065938 0.46005306 0.8246592  0.70606536 0.008044039830565453
24 0.39046612 0.36810395 0.80056715 0.6141262  0.008016769774258137
41 0.3043695  0.82438743 0.7576572  0.9973602  0.008001536130905151
26 0.5553004  0.2927323  1.         0.64309394 0.007771163713186979
18 0.83349884 0.87295216 1.         0.9909531  0.00774674117565155
18 0.8886366 0.        1.        0.3999599 0.007737424690276384
41 0.89718264 0.1300185  1.         0.37423494 0.007642819080501795
19 0.09418534 0.27422658 1.         0.48502362 0.00757326977327466
41 0.514782   0.47999573 0.88128215 0.8332305  0.007534483913332224
24 0.1423966  0.69470716 0.6356209  0.9024197  0.007466799579560757
41 0.4878761  0.33515963 0.77240187 0.62188923 0.0074187349528074265
10 0.19724722 0.8011717  1.         1.         0.007363119628280401
19 0.13947754 0.3570784  1.         0.5654205  0.007332509849220514
41 0.50894624 0.82715636 1.         1.         0.007315256632864475
10 0.         0.8226118  0.71250015 0.9854451  0.007297690026462078
18 0.8544284  0.         1.         0.09141518 0.0070167239755392075
41 0.61511976 0.6923776  0.96226025 1.         0.0069477432407438755
41 0.8609882  0.01444063 1.         0.33025214 0.0068182870745658875
24 0.         0.50877273 0.73306966 0.77180755 0.006798110902309418
41 0.6877854  0.75599086 1.         1.         0.006757359020411968
24 0.3129495 0.579425  0.9639619 0.7471522 0.006746232509613037
19 0.12715027 0.22069566 1.         0.61068964 0.006663037929683924
1 0.2667534 0.650763  0.5895905 0.9687179 0.006547439377754927
18 0.9459214  0.         0.998087   0.09906092 0.0065140025690197945
1 0.3733575  0.18526495 0.78324646 0.778092   0.00648003164678812
41 0.74647903 0.53933054 1.         0.85717845 0.006451755296438932
41 0.7655748  0.04245275 1.         0.5357497  0.006431815680116415
18 0.4624962 0.        0.8381868 0.4170607 0.006413076538592577
7 0.26671454 0.6964139  0.7902866  1.         0.006399739533662796
2 0.2670121  0.07586507 0.90294784 0.7669485  0.006386373657733202
41 0.93551975 0.00149049 1.         0.05482326 0.006379683967679739
24 0.4251318  0.4094713  1.         0.61127275 0.006258137058466673
32 0.575107   0.268664   1.         0.62034756 0.0062239221297204494
27 0.05378031 0.7613308  0.6807897  1.         0.006134834140539169
41 0.8537669  0.00102964 1.         0.0800513  0.006057811435312033
18 0.4496929 0.6789035 0.9402903 0.9867385 0.006002947222441435
18 0.78288496 0.         1.         0.66187596 0.00592083390802145
24 0.10455297 0.5649832  1.         0.841457   0.005904414225369692
41 9.5334667e-01 5.3812983e-04 1.0000000e+00 8.4221497e-02 0.005875885020941496
18 0.8113567 0.8141729 1.        0.992016  0.005750098265707493
18 0.61024576 0.8304859  0.8772652  0.98296916 0.005696533247828484
18 0.7886061  0.         1.         0.24972951 0.005684145260602236
24 0.37170407 0.2910791  1.         0.7433519  0.005564230494201183
32 0.5568265  0.05389649 1.         0.7219351  0.005537339020520449
32 0.4768963 0.        0.9972128 0.5729723 0.005505767185240984
41 0.9177234  0.82990575 1.         1.         0.005473034456372261
18 0.55232364 0.84653044 0.8247325  0.9837174  0.005455427803099155
32 0.567124   0.18269534 1.         0.5438498  0.005395800340920687
24 0.14957662 0.5953049  0.6571415  0.8156176  0.005326227284967899
18 0.61428964 0.         1.         0.18505715 0.005300555843859911
18 0.87292105 0.730708   1.         1.         0.005218637175858021
42 0.52471733 0.45064297 1.         0.99337566 0.005193502642214298
18 0.08159681 0.61806285 0.9167138  1.         0.005170189775526524
7 0.25566116 0.73594826 0.6298367  1.         0.0051659103482961655
1 0.02037504 0.16035683 0.5797292  0.8936485  0.005136099178344011
1 0.26821107 0.1541779  0.6846107  0.7050619  0.005132134538143873
41 0.79211986 0.24547908 1.         0.53431505 0.00510070938616991
18 0.91422755 0.         1.         0.04764524 0.005023808218538761
2 0.32135394 0.2861847  0.9177993  0.5979427  0.0049597639590501785
2 0.2775783  0.22817633 0.943666   0.52105075 0.0049511743709445
41 0.5261704  0.4691724  0.89639205 0.6683702  0.00489654578268528
1 0.03107717 0.64464563 0.6987076  0.9912141  0.004878784064203501
21 0.45346537 0.05570953 0.9680234  0.7374621  0.00478601548820734
24 0.469587   0.42455503 0.87632215 0.6736911  0.004784910939633846
18 0.6869593  0.         1.         0.53904647 0.004737755749374628
33 0.44327363 0.34547925 1.         0.7066851  0.004719865042716265
16 0.5376297  0.31969956 0.852457   0.5443565  0.004710910376161337
41 0.21739966 0.863535   0.63229924 0.9755662  0.00466823298484087
18 0.8914927 0.37424   1.        0.7782194 0.004633727017790079
41 0.4498401  0.14576581 0.7858311  0.47258088 0.004576250910758972
42 0.4294391  0.8596784  0.6842504  0.99192977 0.004547581076622009
21 0.444008   0.2801803  0.95081395 0.6125276  0.004490501247346401
41 0.7718909  0.82597053 1.         1.         0.004410033579915762
18 0.4496514 0.8410059 0.713838  0.9734072 0.004374586511403322
10 0.2572048  0.32005158 1.         0.72668034 0.004369706846773624
16 0.5518548  0.17376006 0.8486908  0.56668675 0.004368402063846588
24 0.32370836 0.53314775 0.9271122  0.7015882  0.0043427362106740475
18 0.78398573 0.08691727 1.         0.56768674 0.004335559438914061
2 0.11573517 0.65179646 0.79336643 1.         0.00432199239730835
27 0.         0.7759383  0.89210683 1.         0.0043199192732572556
41 0.5100787  0.5829283  0.91894007 0.95980847 0.004296510946005583
41 0.40877274 0.8798259  0.64118606 0.9966669  0.004241231828927994
41 0.4033679  0.30320427 0.89577365 0.8654119  0.004234813619405031
24 0.23389901 0.38200036 1.         0.64634687 0.004193315748125315
18 0.5856781  0.59927595 0.9452282  0.9793174  0.004115742165595293
18 0.3919134  0.6295779  0.73911667 0.9873393  0.004075216129422188
41 0.43710837 0.2477499  0.76433575 0.5325785  0.004071969073265791
1 0.26358062 0.         0.8642696  0.681852   0.004053276032209396
18 0.88030946 0.08486214 1.         0.5272299  0.0040460992604494095
19 0.08160228 0.12806165 1.         0.49301738 0.004042366985231638
18 0.8539768  0.35233226 1.         0.6643193  0.004024656023830175
42 0.62950563 0.26335496 1.         0.7442242  0.004020010586827993
18 0.65430176 0.         1.         0.2785124  0.0040101115591824055
41 0.8594317  0.2368621  1.         0.41095108 0.003992261365056038
41 0.81503415 0.66691476 1.         1.         0.003956950269639492
18 0.3981837  0.89065605 0.7457943  0.9803124  0.003910214174538851
24 0.33887398 0.43543717 0.78446025 0.63747424 0.0038968001026660204
2 0.37665445 0.32389268 0.7418705  0.71391904 0.0038280149456113577
41 0.439515   0.72240615 0.7088025  0.9772279  0.00382437976077199
1 0.11325854 0.50140166 0.5922982  0.9950758  0.003758274018764496
41 0.49939078 0.05535701 1.         0.35123095 0.0037512595299631357
1 0.08918373 0.81796616 0.53061485 1.         0.003728292416781187
41 0.8924513  0.2383014  1.         0.47499147 0.0037049350794404745
18 0.8497229 0.1294598 1.        0.4403395 0.0037009138613939285
41 0.8359136  0.76515627 1.         1.         0.0036998174618929625
24 0.40099552 0.3413948  1.         0.5329675  0.0036911582574248314
24 0.06634901 0.6549435  0.70904785 0.8634816  0.003622133284807205
25 0.         0.3431417  0.97309107 0.53427714 0.003618777496740222
16 0.51812196 0.23484284 0.8418031  0.4487511  0.003616628237068653
42 0.63879806 0.11524776 1.         0.9990509  0.003599242540076375
24 0.3959455 0.290699  0.7770471 0.5221203 0.0035700073931366205
25 0.         0.80442154 0.5588197  0.97298914 0.003519953927025199
5 0.         0.7494213  0.59472466 0.9856833  0.0035008692648261786
1 0.53600264 0.12224648 0.9354609  0.7861429  0.0034885448403656483
18 0.82381433 0.5378644  1.         1.         0.003472912358120084
41 0.39226604 0.65333074 1.         0.98678136 0.0034568931441754103
41 0.8439623  0.30087817 1.         0.5662204  0.003449726616963744
24 0.01614365 0.83145815 0.4691013  0.94811505 0.0033903452567756176
18 0.23235281 0.         0.9101569  0.60993946 0.0032962935511022806
42 0.53363377 0.03975777 0.996096   0.6418211  0.003211292903870344
18 0.8899117  0.4816923  1.         0.87333417 0.0032020597718656063
41 0.8690665  0.4499454  1.         0.62236196 0.003193317446857691
25 0.         0.71750647 1.         0.95749575 0.003174801589921117
1 0.9579349 0.        0.9987086 0.1062003 0.0031305430456995964
42 0.54512286 0.25305614 1.         0.57675785 0.0031169613357633352
41 0.24546677 0.7988781  0.59733975 0.9818082  0.0031117855105549097
18 0.70383203 0.5535321  1.         1.         0.00309654395096004
4 0.1932659  0.43094927 1.         0.96842796 0.0030864987056702375
7 0.48749492 0.09906644 1.         0.83642864 0.003079719375818968
21 0.09083357 0.8218295  0.5792789  0.9852411  0.0030522265005856752
2 0.16736117 0.44431823 0.8477259  0.9866131  0.003032081527635455
4 0.19606504 0.3386195  0.8545674  0.63892984 0.0030186132062226534
10 0.29977638 0.18865055 1.         0.8908025  0.0030099903233349323
4 0.         0.7314983  0.73039085 1.         0.002999461954459548
42 0.5679829  0.3259855  1.         0.65551126 0.0029782617930322886
32 0.67445695 0.13683863 1.         0.7040561  0.0029486999846994877
1 0.3420307 0.8551965 0.6237111 1.        0.0029448252171278
19 0.17466371 0.41432133 1.         0.6191324  0.0029032069724053144
24 0.37442783 0.5403963  0.85376465 0.78374165 0.0028963848017156124
1 0.2290974  0.67137456 0.48923856 1.         0.002880273386836052
41 0.49332744 0.7224216  0.79745597 0.9972021  0.00287837372161448
42 0.36875397 0.8999796  0.7096684  0.990488   0.002866154769435525
32 0.9514046 0.9244618 1.        0.9983562 0.002849898301064968
24 0.5115855  0.46673453 1.         0.6594988  0.002818913897499442
22 0.         0.76972604 0.4753671  0.99751425 0.0028098239563405514
18 0.65994513 0.8133185  0.9377772  0.9851396  0.0027906675823032856
18 0.32116282 0.67326856 0.64790165 1.         0.0027825236320495605
24 0.40769517 0.8996052  0.6096759  0.965911   0.0027646664530038834
41 0.48186505 0.11320487 1.         0.4214815  0.002711847424507141
18 0.35348934 0.         0.7751241  0.5520756  0.0026761293411254883
1 0.4143791  0.31619835 0.91911113 0.80209935 0.0026672498788684607
2 0.3438944  0.22516347 0.67849976 0.6421736  0.002663553459569812
33 0.5696178  0.16369003 1.         0.73336726 0.002647455083206296
5 0.22691646 0.29655176 0.8034445  0.8589356  0.002641952596604824
42 0.59117544 0.40211737 0.9674197  0.85679954 0.0026418680790811777
41 0.86100346 0.28889322 1.         0.46398455 0.0026191212236881256
41 0.33669728 0.2759392  0.8146994  0.66864336 0.002597525715827942
32 0.56185997 0.18628177 0.9031249  0.69347596 0.002583408262580633
24 0.53987163 0.5204405  1.         0.71093094 0.002567286603152752
32 0.86770153 0.         1.         0.8308004  0.0025654612109065056
18 0.8867384  0.24057665 1.         0.6972296  0.0024859718978405
41 0.8070472  0.01303177 1.         0.23644544 0.002465151948854327
42 0.54826957 0.3266485  0.86796784 0.7481817  0.00246170861646533
24 0.22158074 0.2977337  0.8090839  0.5753346  0.002414513612166047
16 0.55928904 0.41080576 0.8534714  0.6485882  0.0023998464457690716
24 0.19016075 0.86444736 0.7852116  0.96238923 0.0023747228551656008
40 0.        0.8215114 0.7817345 1.        0.0023609339259564877
1 0.31330943 0.28319094 0.73211795 0.8447274  0.0023595793172717094
24 0.253583   0.6478548  0.89912355 0.8099162  0.002332445699721575
5 0.04629611 0.44417766 0.8606459  0.9224572  0.0023186076432466507
24 0.22391528 0.5653204  0.74035585 0.77796125 0.002280266722664237
42 0.49409503 0.27928224 0.7728279  0.6879199  0.002271558390930295
42 0.4635424  0.3197712  0.93392825 0.94168115 0.0022627527359873056
33 0.41184288 0.20851314 0.9381686  0.7284629  0.002250336343422532
26 0.87256026 0.02112148 0.99831873 0.11527412 0.002232237486168742
26 0.90725315 0.02824386 0.99993116 0.15901728 0.0022229820024222136
24 0.45316082 0.8972998  0.65096986 0.9602265  0.0022195526398718357
2 0.35294786 0.37403473 0.9135612  0.6790735  0.0022170240990817547
5 0.16105612 0.1450598  0.7555755  0.7767918  0.0022146364208310843
32 0.82569593 0.11740395 1.         0.76084924 0.0021984537597745657
21 0.47595125 0.22369556 0.85133994 0.68242055 0.002175873378291726
22 0.00844335 0.2969538  0.6089211  0.89514834 0.0021644309163093567
4 0.2933753  0.05430323 1.         0.9738084  0.0021637578029185534
41 0.3521808 0.7924664 0.8734748 1.        0.0021598285529762506
32 0.51223373 0.11640518 0.8613672  0.5845225  0.0021576916333287954
5 0.3724378  0.04792707 0.883594   0.548726   0.002148972125723958
25 0.         0.43925786 0.9796753  0.6140926  0.002134575741365552
28 0.         0.3469831  0.40646327 0.8733149  0.0021111606620252132
24 0.410176   0.92728305 0.66774577 0.97289485 0.002109039109200239
41 0.6051456  0.00237238 1.         0.17972028 0.002099286299198866
21 0.46538046 0.3719985  0.938879   0.7171694  0.0020877167116850615
1 0.34578443 0.90375876 0.7001171  1.         0.0020838133059442043
41 0.4473751  0.60840666 0.9103289  0.847038   0.002071131020784378
26 0.55231273 0.41838843 1.         0.7896909  0.0020615728572010994
10 0.11646632 0.7349139  1.         0.98209006 0.0020569595508277416
7 0.25959653 0.6566123  1.         1.         0.0020497681107372046
26 0.52911633 0.2811894  1.         0.7574147  0.00204859534278512
41 0.9120732  0.51223886 1.         0.7507073  0.0020410132128745317
32 0.65157336 0.33965108 1.         0.7577419  0.0020157909020781517
26 0.8473889  0.18329915 1.         0.81152815 0.0020057447254657745
19 0.00538223 0.4145314  1.         0.8091804  0.002002859953790903
41 0.10753354 0.88286835 0.5553533  0.98711014 0.0020017181523144245
33 0.48252192 0.27174288 1.         0.9675825  0.0019832563120871782
26 0.8361507  0.01982355 1.         0.14366959 0.0019532768055796623
32 0.64727604 0.         1.         0.9001056  0.0019501487258821726
17 0.5066861 0.        0.8508476 0.7181792 0.0019475057488307357
41 0.92136556 0.6163502  1.         0.8727525  0.001938701723702252
1 0.07756007 0.4078021  0.8904256  0.96081495 0.001937586348503828
32 0.75053453 0.         1.         0.66245455 0.0019326104084029794
5 0.39136696 0.24149358 0.87125254 0.49061275 0.0019303165609017015
25 0.01883881 0.51831996 0.64134634 0.9084888  0.0019228847231715918
7 0.44551963 0.37745574 0.9703468  0.9705023  0.001916539273224771
4 0.         0.45510337 0.8674368  0.9437138  0.0019144912948831916
32 0.91863763 0.         0.99805796 0.17265198 0.0018974491395056248
24 0.41132233 0.23972885 1.         0.5631729  0.0018830474000424147
42 0.41259518 0.69503987 1.         1.         0.0018786208238452673
32 0.8865689  0.         1.         0.12851363 0.0018760666716843843
