28 0.00511213 0.3806708  0.630404   0.8082248  0.6164548993110657
27 0.         0.42149207 0.5728372  0.960989   0.4573371112346649
1 0.6140603 0.        0.9501976 0.622764  0.4020407795906067
1 0.49016094 0.         1.         0.6861974  0.39549514651298523
24 0.57193714 0.11869966 1.         0.39742658 0.3499802052974701
24 0.3014609  0.10294905 1.         0.28568548 0.3273099660873413
24 0.6039818  0.23103951 1.         0.8683175  0.30112919211387634
24 0.6160718  0.08022479 0.8438834  0.3614831  0.2881688177585602
27 0.         0.5454657  0.64893264 0.8695287  0.2695651948451996
21 0.80725515 0.49894124 0.9981341  0.8011702  0.2577691972255707
27 0.08827779 0.49223828 0.5141337  0.9513688  0.2566870152950287
21 0.6043584 0.5259034 1.        0.8424166 0.2535637617111206
28 0.06217573 0.3145852  0.7953904  0.9116917  0.248331680893898
24 0.31954297 0.15904509 1.         0.47509888 0.23386967182159424
24 0.54523164 0.06727877 0.9351504  0.29343498 0.22603845596313477
1 0.6731207  0.06588943 0.9855607  0.48644635 0.22054961323738098
41 0.6106626  0.22150178 0.9246153  0.43589592 0.21573041379451752
1 0.48050985 0.         0.98740137 0.45339653 0.19929544627666473
1 0.6096125 0.        1.        0.9065452 0.19720757007598877
27 0.        0.2668499 1.        0.9631874 0.19385650753974915
41 0.5574955  0.12427128 0.8291762  0.43633932 0.19322362542152405
28 0.13109909 0.34084487 0.67676485 0.6859321  0.18991921842098236
27 0.         0.40397125 0.87847894 0.9838657  0.18948128819465637
24 0.2940103  0.18827337 1.         0.65838253 0.18706658482551575
41 0.5460784  0.20328557 0.8642975  0.40573385 0.1754179149866104
24 0.4363137  0.1128815  0.94451725 0.26501855 0.16767968237400055
27 0.         0.08845647 0.7418677  1.         0.16250327229499817
21 0.6647189  0.44968134 1.         0.92040145 0.1618901491165161
21 0.8759172  0.5429097  0.98260784 0.76758057 0.15700829029083252
1 0.220498  0.        1.        0.6640487 0.15034820139408112
21 0.58994395 0.06324669 1.         0.7935258  0.1429215520620346
21 0.7996184  0.42712414 1.         0.96271384 0.13563168048858643
41 0.5194677  0.07816493 0.7887897  0.3436007  0.1303301304578781
1 0.71606624 0.         0.99749595 0.6062323  0.12436722964048386
1 0.2991729  0.         0.90078473 0.27816975 0.12368451058864594
24 0.6116079  0.19779438 1.         0.4055831  0.12139216810464859
27 0.01434167 0.49260718 0.42545763 0.87321067 0.12086265534162521
28 0.09715971 0.22034281 0.6747515  0.76062524 0.11660879105329514
24 0.65518075 0.60983676 1.         0.9061619  0.11460263282060623
24 0.5971308  0.1819529  1.         0.55698526 0.1137537732720375
1 0.36870107 0.04363317 1.         0.38158482 0.11051129549741745
41 0.6035513  0.3616938  0.9259678  0.77087826 0.10709718614816666
24 0.3959712  0.04407873 0.8366971  0.14155641 0.10341005027294159
24 0.40618318 0.08593797 1.         0.23480256 0.10172632336616516
28 0.         0.37847403 0.40187654 0.8450532  0.09966645389795303
24 0.64698565 0.12166293 0.902027   0.4546857  0.09904704988002777
27 0.         0.17529537 1.         1.         0.09712230414152145
24 0.42326054 0.3084375  1.         0.84652114 0.09681035578250885
41 0.67854935 0.38726977 0.9518857  0.7122161  0.09342481940984726
4 0.2860486  0.4616738  1.         0.94353396 0.0901159942150116
10 0.56043345 0.6186433  1.         0.9714259  0.08830416947603226
1 0.5610576  0.01345595 0.9280968  0.3741011  0.0882667750120163
10 0.00636032 0.644663   1.         0.898418   0.07718808948993683
27 0.00245908 0.22084634 0.44117066 0.9580173  0.07626443356275558
1 0.18928768 0.         1.         0.45271975 0.07599479705095291
24 0.5872231  0.4068067  1.         0.82992846 0.0738474652171135
24 0.74712133 0.16582923 1.         0.47853187 0.0725320354104042
23 0.2615704  0.32948938 0.9728048  0.9852365  0.0721273273229599
24 0.48239794 0.18085055 1.         0.3545621  0.07204075157642365
10 0.7308729  0.53934056 1.         1.         0.07174072414636612
24 0.6524166  0.6332813  0.9555768  0.91729873 0.07134943455457687
28 0.02758891 0.17788903 0.672355   0.5872801  0.06914804130792618
29 0.5316327  0.3077434  0.9899384  0.90989727 0.06910907477140427
24 0.76172847 0.11326279 0.9904252  0.41522828 0.06861717253923416
41 0.56829864 0.23588985 0.9178694  0.63233435 0.0672750324010849
41 0.5368572  0.14177929 0.89707667 0.3701824  0.06625638902187347
24 0.66038984 0.25012168 1.         0.5172323  0.06473087519407272
21 0.50655043 0.48431194 1.         0.9036708  0.06442755460739136
21 0.42199972 0.28504384 1.         0.7923083  0.06326219439506531
25 0.        0.        1.        0.3176468 0.06322754174470901
1 0.55838776 0.01668716 1.         0.56668156 0.06193413585424423
41 0.57587343 0.7192688  0.86430496 0.9017358  0.060457777231931686
24 0.67620516 0.68513024 1.         0.958401   0.057162582874298096
27 0.01309232 0.34218633 0.32802266 0.904148   0.05699576437473297
41 0.6505813  0.270535   0.91075605 0.4882359  0.05683007836341858
10 0.59647113 0.03679408 0.8813371  0.38421473 0.05477889999747276
10 0.47192955 0.6326682  0.9638651  0.8718968  0.05406636372208595
10 0.22516915 0.5819212  0.9361062  0.8769795  0.05350733920931816
27 0.         0.58616483 0.8843241  0.89531606 0.052523303776979446
24 0.45783147 0.0617311  0.8533732  0.32342413 0.0521664023399353
41 0.70648086 0.21109729 0.91946465 0.5074434  0.050688691437244415
41 0.56272703 0.6955481  0.8253763  0.86156666 0.04752541333436966
27 0.26473847 0.24145839 1.         1.         0.04634670168161392
10 0.7844437  0.02030383 1.         0.47057742 0.04510974511504173
24 0.51605797 0.08745845 0.7811899  0.38693422 0.045098789036273956
4 0.44885418 0.5092609  1.         1.         0.04475041478872299
1 0.46747398 0.         1.         0.8835456  0.044172897934913635
21 0.55641705 0.60545063 1.         0.9095046  0.04306287318468094
18 0.67057276 0.5543967  1.         0.8785485  0.04270787537097931
18 0.87115103 0.5809387  0.99813914 0.8492504  0.04243505373597145
24 0.61176646 0.19351347 0.8711545  0.4430952  0.04198921471834183
28 0.         0.2912533  0.55693346 0.66436505 0.041579946875572205
21 0.69854856 0.55266815 0.9981887  0.8234791  0.04137590900063515
28 0.01509257 0.10776516 0.6042146  0.44706926 0.040837548673152924
24 0.68359756 0.5675274  1.         0.8290537  0.0403987318277359
27 0.         0.55736065 1.         1.         0.0387040451169014
28 0.         0.4876324  0.62530667 0.8802097  0.03846806287765503
10 0.01378682 0.58922535 0.5580995  0.8823262  0.03797658160328865
13 0.02594424 0.49241492 0.4002017  0.9631704  0.03760695084929466
23 0.         0.34802735 0.91276187 1.         0.03749740123748779
21 0.77173716 0.27383924 0.98319227 0.8309239  0.03734048083424568
10 0.6905823  0.5645766  1.         0.92052424 0.03706945478916168
24 0.48724854 0.04382552 0.8381926  0.18707237 0.03650456666946411
21 0.6260214  0.35476124 1.         0.80247176 0.036177437752485275
24 0.15311457 0.26262516 1.         0.8308386  0.034756869077682495
41 0.8943677 0.8813164 0.9988674 1.        0.03430905193090439
24 0.7531165 0.5232034 1.        0.8721043 0.03350609913468361
21 0.50157714 0.01543522 0.8604989  0.43375117 0.03329307958483696
24 0.42828238 0.2511645  1.         0.4300409  0.033292390406131744
18 0.80963373 0.57024187 1.         0.8710253  0.032193608582019806
24 0.77375686 0.62975067 1.         0.9662304  0.032024797052145004
10 0.30112615 0.6505525  1.         0.8936396  0.03178954869508743
38 0.         0.16150534 0.65858805 0.64141285 0.031397972255945206
10 0.79774487 0.5238725  1.         0.9084936  0.031242817640304565
41 0.5730442  0.21324053 0.81668884 0.5421253  0.03085329383611679
10 0.62788    0.19702008 0.9786722  0.43595403 0.030666545033454895
24 0.6330507  0.22933345 0.95585674 0.5896427  0.030106374993920326
19 0.04698621 0.47905314 0.51253396 1.         0.029944544658064842
32 0.55855435 0.68540126 0.8253966  0.8641668  0.029591891914606094
10 0.03326869 0.37489924 0.42896146 0.84551007 0.029559798538684845
41 0.4531427 0.7381567 0.9048115 0.933537  0.029354549944400787
25 0.         0.6101644  0.90797347 0.84887004 0.027607575058937073
10 0.5693879 0.2909657 1.        0.9152915 0.027392422780394554
24 0.5466872  0.21724711 1.         0.6785776  0.027122054249048233
24 0.2678681  0.12947749 0.96088094 0.4275913  0.026772160083055496
40 0.07470764 0.17625445 0.4437481  0.664508   0.026389574632048607
24 0.08919912 0.2810404  0.97184765 0.68286717 0.026335334405303
19 0.05576477 0.32979923 0.43869781 1.         0.026216628029942513
10 0.6774145  0.17372414 0.988897   0.84169036 0.025989623740315437
2 0.5573854 0.0959181 0.9428502 0.9224515 0.025818955153226852
27 0.16767439 0.5577559  0.61205304 0.96714735 0.025699280202388763
28 0.08890524 0.22448704 0.6587034  0.46938062 0.025096114724874496
24 0.6510555  0.11964598 0.99844086 0.3264864  0.02451138012111187
28 0.13157408 0.42058268 0.55963236 0.70223695 0.024369848892092705
1 0.09130061 0.01405805 1.         0.8098694  0.02411855384707451
21 0.5605873  0.6355336  0.90150607 0.8322679  0.023822393268346786
24 0.5659445  0.06228488 0.80463386 0.33427966 0.02327716164290905
41 0.5947287  0.68613434 0.95234406 0.9404475  0.022643933072686195
24 0.49001497 0.6464826  1.         0.9053288  0.02262130007147789
40 0.33266714 0.11716619 1.         0.9337034  0.022578511387109756
10 0.5576313  0.05002205 1.         0.39971632 0.02219770848751068
28 0.        0.5179651 0.3331026 0.8157698 0.021970057860016823
21 0.37437868 0.61722445 1.         0.85893536 0.021787481382489204
24 0.05257932 0.2603858  0.4987138  0.5803385  0.021608268842101097
25 0.         0.70454836 1.         0.8774795  0.021181253716349602
1 0.81908613 0.         1.         0.6218766  0.021128710359334946
21 0.2276743  0.67359155 1.         0.8918193  0.020855259150266647
28 0.         0.49835002 0.4825116  0.7506193  0.020788783207535744
25 0.32665595 0.         0.90063334 0.36566702 0.020425112918019295
27 0.4481591  0.09602644 0.9267672  0.54710025 0.020121606066823006
1 0.         0.16996084 1.         0.7085545  0.020116306841373444
41 0.49122113 0.07817571 0.96586853 0.21673852 0.019850071519613266
28 0.09379415 0.090647   0.8155353  0.4014595  0.019814383238554
10 0.2467511  0.67302626 1.         0.9491539  0.01975093223154545
21 0.17447357 0.54107666 1.         0.90478826 0.01965443417429924
1 0.39123714 0.5352519  0.9804765  1.         0.019455403089523315
19 0.14056453 0.2455034  1.         1.         0.01936858333647251
41 0.68673646 0.17094247 0.93243563 0.3921075  0.019310137256979942
1 0.03722219 0.28362286 1.         0.9277281  0.019309086725115776
21 0.7373926 0.        0.9904108 0.4187942 0.01925087161362171
29 0.6197638  0.13655487 1.         0.48295507 0.01924337074160576
24 0.5526876  0.58696556 1.         0.8378112  0.018913816660642624
24 0.41825816 0.29570872 1.         0.5801828  0.018274154514074326
31 0.11425161 0.66000354 0.6188205  0.8954034  0.018253261223435402
25 0.         0.07434255 1.         0.56679076 0.01805165410041809
41 0.89975446 0.6251652  1.         0.8152124  0.018028978258371353
10 0.40719324 0.02590869 1.         0.3369364  0.01796596683561802
25 0.         0.6780035  0.7232526  0.87628704 0.017834166064858437
38 0.         0.31443542 0.6334755  0.60018116 0.01777653582394123
29 0.63987696 0.29196855 0.9478423  1.         0.017566561698913574
32 0.10329115 0.6637277  0.79808587 0.92006016 0.01751973293721676
7 0.48761833 0.         0.9349025  0.39077476 0.017518259584903717
25 0.2909887  0.0607443  0.81445134 0.41834995 0.01746237464249134
27 0.04444651 0.5339161  1.         0.9667851  0.017309410497546196
4 0.23346815 0.33816358 0.9829124  0.7938569  0.017256518825888634
41 0.7298535  0.66765696 1.         0.94554865 0.01715211383998394
24 0.7440355  0.70709974 1.         0.91536176 0.017092550173401833
1 0.58377707 0.63686186 1.         1.         0.01708386093378067
24 0.64763325 0.67664367 0.8845459  0.8714824  0.016899894922971725
24 0.32866567 0.50441116 1.         0.8654876  0.016659976914525032
16 0.6600004  0.44288605 0.8780844  0.7906079  0.01659170165657997
13 0.04303571 0.2950858  0.449451   0.99060714 0.01658140867948532
24 0.42125717 0.45500997 1.         0.8424144  0.016559632495045662
25 0.3220218 0.6349296 0.8681217 0.8416077 0.016523119062185287
24 0.68893033 0.7229275  0.96704227 0.9449113  0.016447629779577255
25 0.        0.5152381 1.        0.8072238 0.016437554731965065
25 0.        0.6135538 1.        0.8284147 0.0163556095212698
25 0.         0.2927015  1.         0.70640904 0.016348915174603462
35 0.         0.52929854 0.4399522  0.86308664 0.016248995438218117
25 0.1999056  0.17323661 1.         0.41801536 0.01623181626200676
4 0.59144795 0.41325706 1.         0.99838006 0.01618289388716221
40 0.11619227 0.22116375 1.         0.79967135 0.016157230362296104
10 0.6261922  0.11193736 0.95504934 0.38892522 0.01613328605890274
10 0.02523689 0.5303192  0.41923892 0.81876856 0.016083838418126106
40 0.43657264 0.05286708 1.         0.5598036  0.016055459156632423
41 0.82232904 0.21720026 0.9594799  0.56337625 0.015984581783413887
27 0.21394186 0.05034602 1.         0.5035665  0.015949124470353127
33 0.14431213 0.63722974 0.56135386 0.91750765 0.01585008203983307
38 0.00612785 0.29706183 0.79197544 0.6876246  0.015761764720082283
41 0.62948984 0.21664435 0.8759588  0.56440735 0.015659267082810402
32 0.672084   0.6627994  0.9096649  0.85821015 0.01554489228874445
24 0.52849984 0.7109121  1.         0.93316245 0.015499233268201351
27 0.01413801 0.40408117 0.2242715  0.863155   0.015406574122607708
4 0.        0.523611  0.8645966 1.        0.015403682366013527
29 0.42214975 0.4750163  1.         0.88892406 0.015312871895730495
27 0.37131357 0.05953847 1.         0.6356988  0.014925244264304638
38 0.06227859 0.4370158  0.65084213 0.8739842  0.014924163930118084
27 0.22288778 0.21515396 1.         0.5227636  0.014923243783414364
40 0.1518662  0.06632787 1.         0.47208783 0.014888121746480465
25 0.26875773 0.5292817  1.         0.8778846  0.014729504473507404
27 0.45542186 0.20028755 1.         0.5806177  0.014613546431064606
33 0.52316695 0.1083148  0.8305092  0.47345552 0.014536600559949875
18 0.6208002 0.        1.        0.8903705 0.014503593556582928
40 0.07733338 0.22380836 0.611672   0.71431744 0.014398214407265186
2 0.4851714  0.0164178  0.9894782  0.52125907 0.014381172135472298
1 0.6194499  0.43839976 1.         1.         0.014173752628266811
7 0.30245915 0.         0.9162979  0.452057   0.014152424409985542
35 0.         0.3361887  0.45830223 0.98027825 0.014070519246160984
1 0.52624625 0.59997314 0.8996108  1.         0.014038481749594212
25 0.         0.4690535  0.53204    0.78327686 0.014009997248649597
2 0.5421451  0.07169055 0.9508764  0.41413084 0.013916708528995514
10 0.334167   0.38912302 1.         0.87408936 0.013783205300569534
23 0.         0.54101735 0.5168694  0.8896376  0.013613822869956493
2 0.5756484  0.15317722 1.         0.5962788  0.013569500297307968
21 0.4774754  0.1524004  0.98420125 0.39469972 0.013482610695064068
41 0.90178996 0.5773743  1.         0.7535083  0.013473947532474995
25 0.         0.60370064 0.5887501  0.78411263 0.013369766995310783
10 0.49600312 0.07789692 0.8021929  0.4492455  0.013367009349167347
18 0.73323935 0.57112694 1.         0.9927764  0.013279207050800323
24 0.8666743 0.9213198 1.        0.9848621 0.01325747650116682
41 0.65901595 0.5895104  0.98737144 0.88732636 0.013135789893567562
28 0.         0.59363544 0.44018114 0.80952    0.013103848323225975
25 0.21363874 0.         1.         0.33579528 0.013035462237894535
10 0.6166864  0.28948036 0.9777116  0.52517927 0.013028742745518684
41 0.6677951 0.6632814 1.        0.8616364 0.013012527488172054
22 0.         0.16282438 0.35757738 0.7683677  0.012842287309467793
24 0.83039826 0.14842682 0.9947714  0.5193581  0.012836274690926075
35 0.         0.30784297 1.         0.86107874 0.012804497964680195
13 0.00306803 0.50276756 0.29987136 0.90851146 0.012713960371911526
29 0.5183365  0.15962721 0.99636424 0.5185019  0.012697159312665462
24 0.7428797  0.77239347 1.         0.9834819  0.012670889496803284
5 0.         0.0558316  0.8919332  0.96333313 0.0126331876963377
25 0.         0.53040445 0.6630751  0.7396212  0.012620776891708374
1 0.         0.2724127  0.77429646 0.7577743  0.012587057426571846
29 0.13360861 0.3914761  1.         0.9102165  0.012555339373648167
1 0.695684   0.61565757 0.9298697  0.98852813 0.012542368844151497
27 0.         0.2637764  0.46265066 0.7251058  0.012431652285158634
29 0.53115153 0.03979665 0.83272064 0.53855264 0.012353738769888878
41 0.8627152 0.1876729 0.9871197 0.4919241 0.012352991849184036
23 0.35873038 0.09095525 0.921715   0.513419   0.012333491817116737
21 0.2680058  0.39875847 1.         0.86474824 0.012237300164997578
21 0.40263817 0.1031483  1.         0.6790745  0.01222383975982666
28 0.28568736 0.39767018 0.6570574  0.6613712  0.01192647498100996
19 0.02727641 0.12945217 0.5836736  1.         0.011925038881599903
10 0.09721484 0.48108542 0.56737965 0.8638654  0.011802236549556255
18 0.51656014 0.4319566  1.         0.9492183  0.01177259162068367
40 0.03787954 0.3452676  1.         0.9136666  0.011689956299960613
40 0.18825094 0.32183003 1.         0.9912185  0.011633338406682014
21 0.43872458 0.03390264 1.         0.33596185 0.011559352278709412
18 0.76621574 0.18998207 1.         1.         0.011538133956491947
25 0.         0.21593903 0.98184633 0.63436747 0.011535808444023132
32 0.         0.59467214 0.43022254 0.84439504 0.011525734327733517
5 0.         0.         0.4567742  0.97157496 0.01146481093019247
10 0.11230972 0.55497754 0.7043915  0.90193486 0.011436151340603828
41 0.51904595 0.7532465  1.         0.95507854 0.011336058378219604
40 0.5793021  0.09030561 1.         0.86102045 0.011326444335281849
29 0.60469085 0.58663654 1.         0.9895455  0.011285706423223019
32 0.         0.4195001  0.5776704  0.83932567 0.011121784336864948
28 0.2193689  0.16094708 0.7851326  0.5421655  0.011110186576843262
19 0.09614624 0.3738835  0.67176676 1.         0.011108378879725933
41 0.51131225 0.26736307 0.8723567  0.52483904 0.011099050752818584
40 0.09482371 0.42464554 0.6687893  0.8214087  0.011080051772296429
29 0.23162171 0.5609334  1.         0.9777696  0.010933195240795612
28 0.21442243 0.27655706 0.8235539  0.50869983 0.010836713947355747
1 0.29678243 0.         0.96230763 0.571963   0.010808803141117096
19 0.04980499 0.37225828 0.31823844 1.         0.010736584663391113
10 0.00196968 0.42343563 0.33095625 0.8134388  0.010676322504878044
1 0.36171964 0.47352389 1.         1.         0.010650908574461937
40 0.11001998 0.4588874  0.5239753  0.7474963  0.010631301440298557
23 0.         0.47152156 0.5817727  0.98128134 0.01060069352388382
24 0.12768987 0.35100347 0.77120936 0.5993169  0.01054057665169239
1 0.45635733 0.78744507 1.         1.         0.01042575016617775
27 0.09491511 0.         1.         0.8607116  0.010319654829800129
24 0.1119519  0.22206852 0.532119   0.50699955 0.010242451913654804
41 0.8481798  0.45503104 1.         0.7137949  0.010199769400060177
6 0.06996053 0.18106553 0.31010783 0.98988974 0.010198605246841908
1 0.54043823 0.24091673 1.         0.9964382  0.010198470205068588
28 0.3269332  0.20295428 0.74408615 0.69462126 0.010184277780354023
13 0.103347   0.37159532 0.59369755 1.         0.010179920122027397
25 0.03876638 0.01331111 1.         0.25348893 0.01016780361533165
25 0.08291759 0.05532597 0.9864358  0.38949734 0.010165310464799404
24 0.52809036 0.68215835 0.94079286 0.8991211  0.010154906660318375
33 0.5295495 0.2095873 1.        1.        0.010106461122632027
25 0.         0.39406374 1.         0.8047409  0.01006071362644434
33 0.7103739  0.59447956 0.9916151  0.97147036 0.010053589008748531
10 0.44774893 0.13617626 0.9489494  0.42671585 0.01003253273665905
19 0.47411898 0.17859015 1.         1.         0.00990780908614397
28 0.3758054  0.273539   0.76217395 0.5703309  0.009882042184472084
10 0.71388227 0.12446252 0.96836346 0.4597863  0.009876894764602184
24 0.6018436 0.6549228 0.8238476 0.8368722 0.009867376647889614
