24 0.3700784  0.2099541  0.93165946 0.65212107 0.49916988611221313
24 0.25643605 0.34314525 0.8898825  0.7172716  0.4336927831172943
24 0.16107245 0.24783306 0.7981447  0.6829991  0.40010103583335876
21 0.         0.00448853 0.8262659  0.9710801  0.1914631724357605
24 0.02380097 0.19355655 0.58009887 0.74617577 0.1712096631526947
24 0.32200897 0.4553937  0.78991497 0.6624121  0.14937759935855865
21 0.07629152 0.         0.43064842 0.88790935 0.1443769484758377
24 0.33895633 0.01543376 0.8895007  0.15088955 0.13612495362758636
7 0.         0.32845816 0.6603695  1.         0.13508372008800507
21 0.01782242 0.08284999 0.6087545  0.9072709  0.1306697279214859
24 0.11294924 0.06984358 0.96036255 0.58037436 0.12559591233730316
24 0.29704306 0.52695435 0.9139437  0.82159233 0.11688583344221115
24 0.71363324 0.20366181 0.8896927  0.6823837  0.11056526750326157
24 0.4426946  0.48356995 0.8253467  0.7045937  0.10319337993860245
24 0.6989901  0.01446194 0.98408955 0.14575523 0.08881081640720367
27 0. 0. 1. 1. 0.08845479041337967
7 0.0226017  0.16392516 0.38216394 0.9499955  0.08699581772089005
10 0.12822874 0.24251278 0.39699844 0.91587096 0.07914572954177856
24 0.7765795  0.01876136 0.9876688  0.20391071 0.07545875757932663
43 0.06722509 0.1899427  1.         0.99389243 0.06281355023384094
24 0.83467764 0.02788191 0.9911706  0.29348078 0.06222190335392952
24 0.6337854  0.28647044 0.8340389  0.6445436  0.06000594422221184
41 0.1808044  0.38377592 0.9415945  0.853346   0.05812343209981918
29 0.07444171 0.39710295 0.91144675 0.9770349  0.05298728495836258
24 0.8408458  0.00642696 0.9954521  0.07529277 0.050673820078372955
24 0.7452141  0.16674042 0.9535443  0.72829777 0.04846413806080818
24 0.4380128  0.550832   0.8666337  0.74265355 0.04790978878736496
10 0.15726031 0.38175857 0.65810466 0.9654922  0.047523390501737595
43 0.         0.13693237 1.         1.         0.04629009962081909
24 0.         0.19430552 0.35880157 0.71675813 0.04610341414809227
4 0.03044809 0.35687292 0.35481793 0.9673214  0.04496639594435692
23 0.1700633  0.20454338 0.7965868  0.91743046 0.04428400099277496
24 0.84066355 0.9187949  0.9829057  0.9934899  0.0440354198217392
24 0.68731284 0.84819853 0.96627444 0.9821034  0.042782146483659744
24 0.91062784 0.0097933  0.9947288  0.14736196 0.04165029525756836
24 0.8805923  0.01093929 0.9926723  0.10861729 0.03836545720696449
24 0.03616819 0.401427   0.62614655 0.73286146 0.03359876573085785
24 0.60382205 0.02248203 0.9816114  0.19825345 0.03300612419843674
15 0.09101234 0.08874329 0.88812155 0.7727007  0.03231514245271683
24 0.77165735 0.7920173  0.9773837  0.97901595 0.03151382878422737
40 0.         0.         0.6497587  0.19845875 0.03134283795952797
24 0.9322872  0.93776804 0.9908264  0.99785477 0.030948828905820847
10 0.08897671 0.3497193  0.5124197  0.9926435  0.03094608150422573
24 0.8820685  0.89153844 0.98664594 0.9936572  0.030886713415384293
24 0.91266066 0.84573793 0.99026906 0.9952155  0.03004838526248932
34 0.         0.29519743 1.         0.81877106 0.029589280486106873
40 0.01775665 0.01392217 1.         1.         0.02883695252239704
41 0.18719046 0.3416931  0.69387674 0.9172415  0.02813018299639225
18 0.08223096 0.         0.31897575 0.2059425  0.027947692200541496
24 0.9124567 0.9498638 0.9867424 0.996394  0.027562320232391357
25 0.         0.         1.         0.75124186 0.026990052312612534
24 0.26004982 0.5155981  0.75920707 0.71513224 0.02621270902454853
41 0.33821726 0.27191192 0.8390415  0.8852955  0.024574460461735725
15 0.14826271 0.2263865  0.83931166 0.6719939  0.02441621944308281
23 0.         0.13812281 0.7762544  0.7881921  0.022769471630454063
33 0.         0.24024469 0.7920331  0.76768893 0.02188381925225258
41 0.12279229 0.37764147 0.6008178  0.7875565  0.021130036562681198
24 0.13351585 0.56007457 0.69602346 0.8468508  0.020115351304411888
24 0.28559437 0.4174124  0.7542176  0.6161605  0.01913500763475895
24 0.6514903  0.23857497 0.9475741  0.69388044 0.01886090636253357
40 0.05788063 0.         0.6775206  1.         0.01883332058787346
24 0.91396385 0.00364412 0.9989606  0.03670586 0.018484296277165413
40 0.01413233 0.         0.45044535 1.         0.01806330494582653
24 0.06272224 0.52230173 0.6261569  0.7873685  0.01780051924288273
24 0.53446525 0.30477068 0.76934004 0.59190184 0.01660159043967724
24 0.         0.37713644 0.43713716 0.7144974  0.01657971367239952
24 0.13759613 0.2744783  0.6299636  0.5235845  0.016265610232949257
10 0.05967619 0.4506846  0.38576522 1.         0.015398714691400528
18 0.07727999 0.         0.23952116 0.25382784 0.015213367529213428
33 0.06017265 0.33595118 0.8062793  0.6899761  0.01512343529611826
25 0.         0.01261411 1.         0.8280131  0.014904903247952461
10 0.12819198 0.12262414 0.34909856 0.6055073  0.01484492514282465
20 0.         0.21176331 0.9330729  0.9503696  0.014753201976418495
4 0.06414559 0.5084517  0.77446467 1.         0.014611205086112022
23 0.07236835 0.1409816  0.58856356 0.9912224  0.014158111996948719
41 0.16216424 0.5682885  0.93642247 0.833188   0.013969463296234608
29 0.         0.22652815 0.9451249  0.8705716  0.01348395086824894
23 0.         0.18441086 0.28129837 0.97182846 0.013215968385338783
24 0.48438436 0.8476687  0.9511455  0.9835177  0.012716417200863361
10 0.1943617  0.28790107 0.64386505 0.8113432  0.012351103127002716
21 0.         0.28313726 0.96507317 0.80075336 0.01231947261840105
20 0.0988515  0.28474733 0.7101272  0.8351278  0.012052597478032112
19 0.         0.19300035 1.         0.99106205 0.011355052702128887
24 0.60916245 0.03894763 0.9860658  0.6034569  0.011238625273108482
24 0.8234419  0.7182761  0.98286897 0.9813415  0.010870436206459999
34 0.         0.12450951 1.         0.9720813  0.010645151138305664
18 0.06896774 0.12484055 0.9194318  0.747601   0.010338912717998028
41 0.04988036 0.32419416 0.4334552  0.88751763 0.010323421098291874
29 0.12241849 0.3994986  0.7617419  0.82149345 0.010265625081956387
18 0.         0.         1.         0.72184575 0.010045687668025494
24 0.12651047 0.4373286  0.65074146 0.6737854  0.009888633154332638
21 0.05995892 0.15254967 0.35855448 0.9340316  0.009859479032456875
28 0.82386535 0.91101116 1.         0.9944255  0.00962983537465334
41 0.31521946 0.42172873 0.9352113  0.7668467  0.009484497830271721
28 0.25626877 0.01418201 0.95820355 0.14921641 0.009270070120692253
24 0.21574298 0.6621544  0.85086405 0.87472    0.009217989630997181
7 0.0261083  0.25596523 0.70889693 0.84174854 0.00895889662206173
38 0.8090623 0.9105115 1.        0.9944607 0.00895426794886589
18 0.04430865 0.792015   0.36342144 1.         0.008676025085151196
4 0.03250753 0.46835527 0.6171317  0.9644574  0.008641188032925129
9 0.04038981 0.17499177 0.51989335 0.95849365 0.008601916953921318
4 0.         0.49805987 0.9827346  0.92175835 0.008559993468225002
3 0.2828906  0.42023626 0.59441656 0.7859934  0.008511609397828579
38 0.23188032 0.00309618 1.         0.1424282  0.0085075618699193
24 0.0176877  0.91393626 0.142018   0.95124567 0.008369926363229752
24 0.29337636 0.67886037 1.         0.89547753 0.008119386620819569
27 0.         0.02698466 0.5287965  0.9207225  0.007980234920978546
38 0.91701305 0.9332467  1.         0.99411726 0.007882931269705296
24 0.73223627 0.         0.9904893  0.72321606 0.007847878150641918
3 0.30595022 0.3980239  0.78616995 0.75345093 0.007641076575964689
10 0.04977659 0.01985392 0.28632024 0.1838833  0.007596285082399845
24 0.29194376 0.07689119 0.98209965 0.43656886 0.007545251399278641
18 0.05826714 0.7310161  0.2706498  1.         0.007527262903749943
37 0.12937984 0.18880573 0.8576258  0.9154824  0.007503280881792307
24 0.4416498  0.02319894 0.8558012  0.20625335 0.00739167258143425
41 0.04319445 0.8967531  0.17977972 1.         0.007303959224373102
4 0.         0.37162352 0.29480276 0.8290321  0.007299354765564203
18 0.06870485 0.00714367 0.17070343 0.08852867 0.007272576913237572
28 0.66958416 0.01068419 1.         0.14828196 0.0072326697409152985
23 0.03897617 0.25451112 0.42657173 1.         0.007192991673946381
18 0.16503094 0.05865481 0.47624442 0.7280777  0.007145687472075224
2 0.08100796 0.06471815 0.33641347 0.89749175 0.007136987522244453
3 0.45297623 0.39809433 0.8739832  0.7437501  0.007004365790635347
10 0.04745082 0.52960265 0.5077942  0.903253   0.006873850245028734
38 0.62802255 0.         1.         0.14131534 0.006873277015984058
24 0.6824681 0.4059599 0.9866561 0.7172093 0.006783307064324617
24 0.46202826 0.31208217 0.8989787  0.6737474  0.006576997227966785
18 0.16444054 0.2572381  0.80994874 0.6589257  0.006574893835932016
21 0.04701746 0.02464541 0.36829114 0.5944623  0.00653836689889431
43 0.         0.1786445  0.7007534  0.95469934 0.006425210274755955
24 0.00348882 0.0183113  0.59938025 0.1707     0.006405564956367016
24 0.7475929  0.36617658 0.9646498  0.7801928  0.006296483799815178
28 0.75323623 0.01119642 1.         0.20671937 0.006243770942091942
21 0.01211904 0.         0.25558335 0.15691268 0.006091461982578039
38 0.85724735 0.8811305  1.         0.9935697  0.006063546985387802
24 0.28153038 0.3227395  0.53864074 0.624016   0.006024615839123726
38 0.72496617 0.         1.         0.19761784 0.005969125311821699
28 0.9068652  0.947193   1.         0.99671733 0.005933619569987059
5 0.06863027 0.2754892  1.         0.8762365  0.005914471112191677
28 0.8236354  0.01092397 1.         0.29088    0.005881213583052158
24 0.4395635  0.27905026 0.81903565 0.48418972 0.005831094458699226
10 0.01150213 0.8314203  0.3054753  0.97886986 0.005798790603876114
28 0.8737883 0.8832138 1.        0.9909616 0.005731824319809675
38 0.88801324 0.         0.9992313  0.13379516 0.005701485555619001
41 0.5916722  0.3364665  0.8247873  0.80253255 0.005657193250954151
10 0.01240316 0.75976497 0.28792688 0.99670166 0.005544653628021479
33 0.44046113 0.30705962 0.82896525 0.6479125  0.0055035813711583614
38 0.8931591  0.83244234 1.         0.9913954  0.0053787389770150185
21 0.04902232 0.         0.22056165 0.20764016 0.005378299858421087
38 0.7942611  0.         1.         0.28545508 0.00534396804869175
42 0.1297212  0.32055542 0.930713   0.9666746  0.005274263210594654
28 0.90763086 0.83906007 1.         0.9894432  0.005253979936242104
24 0.6901524  0.03245177 0.98655033 0.29247132 0.005204229149967432
38 0.79563344 0.00280812 1.         0.07091561 0.005166482646018267
27 0.34541863 0.         0.79144573 0.17040138 0.005123414099216461
19 0.13539043 0.26621294 0.9853583  1.         0.005057633388787508
18 0.06047424 0.         0.5449616  0.19898601 0.0050569819286465645
34 0.4940464  0.37156317 0.9668256  0.7426421  0.004937566816806793
7 0.         0.33084232 0.40653452 1.         0.004915156401693821
24 0.04393746 0.2957223  0.45528007 0.4998486  0.004808313678950071
38 0.84874237 0.00229979 1.         0.1004182  0.004743675235658884
28 0.91073143 0.01465939 1.         0.13868524 0.004731572698801756
24 0.5669958 0.4207935 0.8728695 0.6898181 0.004649469628930092
41 0.11427802 0.4892753  0.46155396 0.84266    0.004649397451430559
7 0.        0.        0.6278813 0.1854438 0.004635324236005545
10 0.03353864 0.01060813 0.19130108 0.08751181 0.004566953983157873
41 0.04536301 0.65300435 0.9714437  0.86143893 0.0045356047339737415
5 0.         0.21128093 0.8728371  1.         0.004485405050218105
7 0.0457349  0.0354051  0.34484488 0.79870963 0.004483177792280912
34 0.         0.2102329  0.8206666  0.74955016 0.0044649699702858925
27 0.         0.         0.840429   0.95646274 0.00445289071649313
10 0.         0.90253663 0.22605297 0.9825633  0.004412246402353048
28 0.8344407  0.01256572 0.99778485 0.07184522 0.004384205676615238
24 0.7943388 0.2381659 0.9750727 0.9395605 0.004370818380266428
7 0.         0.         0.32158366 0.17418982 0.004353500436991453
27 0.18090178 0.         0.72784823 0.1737637  0.004283645190298557
41 0.05630113 0.4012829  0.3531775  0.8315175  0.004210300277918577
23 0.26592025 0.2347087  0.7704796  0.7493158  0.004186013713479042
28 0.87929916 0.01349826 0.9997347  0.10222014 0.004185415804386139
21 0.08036232 0.28670716 0.4135594  0.83531183 0.004100178834050894
18 0.21358472 0.09337837 0.72434956 0.7049927  0.004031463526189327
24 0.2727211  0.59176284 0.77106506 0.79419196 0.004017008002847433
28 0.6321854 0.8275916 1.        0.9909825 0.003945721313357353
24 0.00860386 0.9377415  0.0567955  0.9821607  0.003865516046062112
21 0.         0.46422303 0.6867677  0.85145724 0.0038158814422786236
34 0.         0.01340427 0.47032416 0.15127966 0.0038097130600363016
27 0.48672503 0.16962403 1.         0.965669   0.003764176508411765
24 0.02959095 0.43782908 0.32412136 0.79392236 0.0036541663575917482
3 0.1666166  0.35348132 0.58633816 0.8415842  0.003651862731203437
16 0.27028266 0.41801676 0.58047837 0.65587974 0.003644403303042054
25 0.         0.40866417 1.         0.9093164  0.003541170619428158
41 0.33973905 0.52043676 0.89597505 0.8084287  0.003495402866974473
36 0.01037384 0.49573904 1.         0.8438916  0.003480522660538554
24 0.1021307  0.26144394 0.40751806 0.62571865 0.003454020246863365
28 0.7366576  0.7594623  1.         0.98389935 0.003366932040080428
1 0.00970708 0.00784359 0.605238   0.1519858  0.003358792746439576
24 0.00973012 0.24274912 0.3319971  0.5880376  0.003349826205521822
16 0.17006171 0.42560455 0.47954276 0.68946373 0.0033358715008944273
41 0.10152489 0.56680846 0.57729334 0.8297636  0.0033207591623067856
34 0.46368918 0.23922312 0.99693555 0.88362694 0.0032577149104326963
18 0.0608186  0.02283244 0.17852062 0.2901819  0.00320104556158185
2 0.09628116 0.1857715  0.29158008 0.80981296 0.0031880426686257124
24 0.04577497 0.3610074  0.42941266 0.59487253 0.0031444262713193893
39 0.         0.19960824 0.6502994  0.71636426 0.0031034196726977825
41 0.02620846 0.8301025  0.36966234 0.99615616 0.003090802812948823
1 0.147697  0.        0.724933  0.1653466 0.0030543410684913397
20 0.09531146 0.22621389 0.47308627 0.82680714 0.0030391106847673655
18 0.10397986 0.         0.42496994 0.28640687 0.0030176262371242046
14 0.2977443  0.00417304 0.93592936 0.18935649 0.0029901231173425913
29 0.02056137 0.42394796 0.58990103 0.7911594  0.0029743793420493603
40 0.10931396 0.15520915 0.9833496  0.91570354 0.002901127329096198
27 0.50694054 0.00326489 0.9009661  0.16548628 0.0028809071518480778
24 0.46466026 0.30708498 0.6807547  0.56310457 0.0028503998182713985
40 0.         0.80395573 0.57157075 1.         0.002845798386260867
8 0.34395272 0.03787699 0.8620333  1.         0.0028240808751434088
38 0.6170277  0.83278394 1.         0.9943617  0.002807612530887127
4 0.         0.         0.30256185 0.16073485 0.0027627230156213045
24 0.38985756 0.35622805 0.82400036 0.5470679  0.002752741565927863
16 0.12539826 0.43553504 0.6398289  0.7447461  0.002732241991907358
40 0.04087828 0.07921771 0.39582643 0.8723111  0.0027270519640296698
10 0.11629016 0.45649216 0.8795041  0.9567806  0.0027113130781799555
24 0.10356494 0.69436723 0.7379909  0.8823449  0.0027106141205877066
24 0.12179925 0.8408629  0.7068854  0.9821863  0.002687272382900119
4 0.         0.01395278 0.6411191  0.14563635 0.0026705358177423477
29 0.08272878 0.3308785  0.38886175 0.7135891  0.0026661776937544346
3 0.3488732  0.37778276 0.9851286  0.7961058  0.002660628641024232
9 0.0034374 0.2348194 0.6883615 1.        0.0026369153056293726
18 0.00921346 0.9041424  0.2008441  0.9830561  0.0026311345864087343
41 0.07452838 0.2852419  0.62323684 0.6323897  0.0026172916404902935
27 0.8438967 0.9132847 0.9761599 1.        0.0025925813242793083
14 0.927144 0.938257 1.       1.       0.0025914718862622976
25 0.        0.9000466 0.1857354 1.        0.0025631608441472054
18 0.04702758 0.00103164 0.12724067 0.11630999 0.0025460352189838886
27 0.7113689  0.00159297 0.94710726 0.15763924 0.0025331436190754175
4 0.         0.41746485 0.7223299  0.82518935 0.0025257859379053116
24 0.26304775 0.36904866 0.7438345  0.5694727  0.0024955335538834333
7 0.04679243 0.30970222 0.83222973 1.         0.0024756777565926313
2 0.08928739 0.31193462 0.3165427  0.938237   0.002469403203576803
24 0.8306957  0.07114054 0.9812731  0.7482977  0.002463768934831023
10 0.32162598 0.39931765 0.79419017 0.94358164 0.0024497692938894033
24 0.08380204 0.43261042 0.4105266  0.81900847 0.0024479825515300035
24 0.69486904 0.49406353 1.         0.8201171  0.0024433163926005363
18 0.12433343 0.23997396 0.3772945  0.71557397 0.002440629992634058
41 0.34747127 0.29140356 0.8841168  0.6360407  0.002432804787531495
10 0.10868958 0.23128174 0.3592804  0.5136837  0.0024137417785823345
7 0.        0.5062071 0.3800131 0.8971618 0.00241081858985126
10 0.02271106 0.04715064 0.21029122 0.3127252  0.002409963170066476
40 0.01817352 0.         0.52617013 0.2825229  0.0024054532404989004
24 0.59950864 0.47018784 0.95787936 0.7346496  0.0023728767409920692
10 0.9253249  0.93765026 1.         0.9892622  0.002364649437367916
10 0.         0.93226606 0.06982305 0.98879033 0.0023242130409926176
21 0.04907435 0.41385368 0.5048489  0.80800897 0.002319535007700324
36 0.2638367  0.44504416 1.         0.9871203  0.0023162944708019495
10 0.00118174 0.03038499 0.4921283  0.16193533 0.0023142616264522076
7 0.         0.53970134 0.5099242  0.9924136  0.002304786117747426
27 0.93462425 0.9353226  0.9952757  1.         0.002268861047923565
33 0.14769267 0.28178933 0.6749709  0.9600273  0.0022465575020760298
14 0.82325304 0.91568923 1.         1.         0.0022082740906625986
25 0.         0.12894715 0.8723154  0.86425143 0.0022060840856283903
14 0.76500386 0.         0.99907696 0.24914445 0.0021954684052616358
22 0.32908893 0.         0.89398396 0.12185687 0.002191749168559909
18 0.05776191 0.67355305 0.19151282 0.97057265 0.0021852771751582623
24 0.16679172 0.08617469 0.7150594  0.46832952 0.0021836028899997473
24 0.3797335 0.3042897 0.6387967 0.5820549 0.0021745513658970594
2 0.14249764 0.145106   0.36648157 0.83147556 0.002170101273804903
24 0.7041374  0.13474216 0.98242843 0.57463115 0.0021682081278413534
24 0.46210843 0.19906688 0.83727026 0.4593965  0.0021586979273706675
33 0.11462481 0.3001043  0.60184735 0.77682143 0.0021488219499588013
24 0.24275689 0.13318668 0.79090935 0.5218682  0.0021271109580993652
41 0.39603704 0.34571633 0.9500389  0.70137566 0.002121798926964402
16 0.16575384 0.40484962 0.69263464 0.6353729  0.0021094861440360546
14 0.67537194 0.         1.         0.18025053 0.0020779473707079887
23 0.         0.43888846 0.9704994  0.8881594  0.002060401253402233
41 0.1009742  0.46806976 0.7537152  0.8484005  0.0020597397815436125
24 0.0229067  0.3356072  0.58699083 0.5798652  0.0020588047336786985
16 0.2863951  0.38612798 0.71055216 0.69435257 0.002042789477854967
38 0.7196409  0.77413124 1.         0.98943084 0.0020340578630566597
14 0.8279887  0.         0.9938393  0.35311168 0.0020229420624673367
24 0.18351847 0.40428662 0.4671899  0.7242145  0.002018275437876582
7 0.        0.8131542 0.2849561 1.        0.0020119554828852415
2 0.         0.12231985 0.65563834 1.         0.002005588263273239
41 0.03327237 0.5110379  0.5234588  0.8936004  0.001996413804590702
18 0.09226153 0.10712553 0.37729537 0.91297394 0.001990106888115406
27 0.88544834 0.8793089  0.9839772  1.         0.001982039073482156
27 0.78540105 0.00147068 0.960164   0.21818294 0.001960448455065489
40 0.         0.7884526  0.37267524 1.         0.00192716543097049
24 0.5404093  0.5414243  0.93890595 0.7545228  0.0019270428456366062
2 0.16134542 0.04908437 0.5781324  0.98629165 0.0019245764706283808
24 0.3322585  0.37302685 0.5867961  0.64856327 0.0019130122382193804
27 0.6965385 0.8300286 0.9446029 1.        0.0018928057979792356
14 0.9084078  0.8363781  0.99980533 1.         0.001879810355603695
27 8.5058469e-01 1.7771086e-04 9.7184229e-01 7.5562730e-02 0.0018634587759152055
21 0.07968558 0.4640084  0.38893127 0.86306095 0.001855354756116867
7 0.03100562 0.         0.23539236 0.2425934  0.001848607324063778
7 0.03827502 0.50495446 0.2929734  0.97520286 0.0018391613848507404
18 0.13572216 0.26493055 0.4970169  0.8596522  0.0018267211271449924
21 0.04170289 0.         0.15440242 0.07985034 0.0018259122734889388
15 0.09892334 0.1958268  0.64298916 0.802383   0.0018246894469484687
24 0.3531938  0.22840859 0.75833786 0.47198275 0.001823651371523738
25 0.4492126  0.03516162 0.9519434  0.79626346 0.001813750946894288
