34 0.06478991 0.7912052  0.7240187  0.94669396 0.36084651947021484
24 0.0122529  0.6146791  0.4364428  0.87789035 0.34333935379981995
34 0.01238139 0.62951833 0.89570445 0.9181282  0.3320181965827942
34 0.08914226 0.6537958  0.69016314 0.8802683  0.3178201913833618
34 0.07109863 0.54484224 1.         0.8730051  0.27983787655830383
34 0.08307012 0.71161234 0.7568487  0.91855586 0.23549585044384003
40 0.         0.27574858 0.8279111  1.         0.2258760929107666
1 0.04413606 0.45051056 0.4335417  1.         0.21627900004386902
34 0.         0.75050795 0.6393523  0.9101695  0.20959968864917755
24 0.         0.8284034  0.48534572 0.9486954  0.20799700915813446
24 0.        0.6636144 0.5410725 0.9260184 0.1839562952518463
24 0.        0.7292182 0.4341829 0.9209175 0.17103338241577148
40 0.        0.5469914 0.8586529 1.        0.16184958815574646
34 0.07186071 0.6243821  0.6685347  0.8054629  0.15225645899772644
34 0.         0.8027731  0.54465777 0.93545717 0.14236296713352203
34 0.         0.8440676  0.81515205 0.95338786 0.13611441850662231
7 0.         0.14056446 0.85459036 0.70640177 0.13441835343837738
34 0.03280996 0.353942   0.98188823 0.81034255 0.12769195437431335
1 0.         0.7418833  0.52674663 1.         0.12047755718231201
24 0.         0.78305084 0.56725293 0.94210684 0.11983159184455872
24 0.12414257 0.561737   0.43881536 0.85840285 0.11663366109132767
41 0.1282571  0.78741366 0.69557923 0.9848032  0.10316994041204453
34 0.24524324 0.5157948  0.87795585 0.90197897 0.09160570800304413
24 0.09835948 0.6815007  0.4525666  0.93175286 0.08318344503641129
40 0.19425169 0.2121269  0.8967258  0.8180798  0.0814613476395607
1 0.         0.56674147 0.4923292  0.97685194 0.0794808492064476
24 0.00906086 0.45349103 0.3844461  0.899817   0.07846801728010178
34 0.154559   0.5449508  0.78704643 0.8248627  0.07694058120250702
34 0.04317434 0.6707627  1.         0.98042667 0.07258755713701248
41 0.1666644  0.6848748  0.704579   0.95916843 0.0707281157374382
38 0.64050925 0.006122   1.         0.53449625 0.07006823271512985
34 0.09076055 0.5630073  0.6850907  0.7510564  0.06806710362434387
24 0.09283337 0.791665   0.37491772 0.94344455 0.0653894767165184
40 0.         0.06027008 0.9073096  0.8222511  0.06473575532436371
34 0.         0.6933236  0.60074353 0.8507361  0.06445222347974777
24 0.00413038 0.6112797  0.6005247  0.82086784 0.06291253119707108
40 0.01938039 0.5917212  0.7284531  1.         0.06256692856550217
1 0.24024318 0.40025896 1.         0.93660605 0.05954384803771973
40 0.0515268  0.7068863  0.84251875 1.         0.05358476936817169
41 0.         0.16970891 0.85083497 0.59107983 0.05345984175801277
34 0.0810833  0.45398346 0.7215156  0.7641034  0.05166718363761902
40 0.01745511 0.7635607  0.59337544 1.         0.050962042063474655
41 0.11687429 0.8525745  0.5101122  1.         0.048886582255363464
41 0.15128376 0.53792596 0.6801345  0.9397701  0.04646953195333481
1 0.         0.681296   0.68106073 0.97320884 0.04645741730928421
1 0.04091006 0.517936   0.7275691  0.94903314 0.045834753662347794
24 0.02217011 0.65597737 0.77393925 0.9111201  0.04554004594683647
40 0.2112444  0.40219933 0.82395905 1.         0.04528653994202614
7 0.         0.24418056 0.81668967 1.         0.04408370703458786
24 0.         0.87537825 0.33227482 0.95174503 0.04194730892777443
1 0.11235377 0.72200876 0.35171688 0.9675264  0.03969772532582283
34 0.03427338 0.7207509  0.4444256  0.9069812  0.039096612483263016
34 0.14199342 0.13649818 1.         0.68380386 0.03745480254292488
1 0.33575472 0.53706914 0.9486181  0.8900611  0.036793407052755356
41 0.10441717 0.5858341  0.8113595  0.8799634  0.034854281693696976
41 0.13818288 0.75107646 0.35670242 1.         0.03361266851425171
1 0.01276016 0.47307292 1.         1.         0.03347901254892349
24 0.24521236 0.5627695  0.7768496  0.85143965 0.03301498293876648
38 0.6287438  0.4893985  1.         0.95504814 0.031397171318531036
34 0.10326702 0.7722545  0.39077526 0.9312427  0.03104458563029766
40 0.09647919 0.08456489 0.96973807 0.5970047  0.030144693329930305
24 0.04807157 0.76322025 0.79091454 0.94768333 0.02993573434650898
1 0.0286461  0.77378106 0.40413138 0.98836946 0.029376838356256485
28 0.55159664 0.4522877  1.         0.8703836  0.029096845537424088
24 0.03143128 0.46846995 0.85851526 0.9599835  0.028914758935570717
41 0.07408679 0.39035222 0.82890505 0.8997219  0.028847206383943558
38 0.47764018 0.04436502 1.         0.44934312 0.028805743902921677
34 0.        0.8427559 0.3681274 0.9611802 0.028193585574626923
29 0.23410846 0.52047724 0.9588276  0.9132031  0.02796284295618534
1 0.07330508 0.76517516 0.74615675 1.         0.027878230437636375
41 0.03549463 0.8131191  0.38949597 1.         0.02738863416016102
1 0.15559413 0.61016226 1.         0.9327982  0.026660645380616188
41 0.33947942 0.48821905 0.6320302  0.9871977  0.025180647149682045
40 0.2740213  0.4817139  0.65967417 1.         0.025078482925891876
2 0.1281753  0.45346275 0.53841734 1.         0.024646705016493797
1 0.3358371  0.28221127 1.         0.7493995  0.024079861119389534
24 0.         0.76553184 0.3383601  0.9479374  0.023217802867293358
41 0.02802442 0.27564222 0.8347394  0.76082176 0.023184925317764282
34 0.11285281 0.76328707 0.93138134 0.96164787 0.022221900522708893
24 0.         0.8378298  0.26387137 0.9499681  0.0221224594861269
2 0.06963767 0.741628   0.37194908 1.         0.02208009548485279
24 0.38472158 0.4949582  0.819163   0.9765851  0.02112286351621151
29 0.13761877 0.61466944 0.8893516  0.9515044  0.020746609196066856
7 0.01230148 0.0389035  1.         1.         0.02001653052866459
1 0.04187795 0.2575075  0.5753464  1.         0.01985640451312065
41 0.12462486 0.40767652 0.57387257 1.         0.019241422414779663
24 0.02839104 0.65430504 0.34032863 0.9394557  0.01903211697936058
24 0.3550815  0.50901526 0.6630061  0.86886424 0.018971219658851624
2 0.10215356 0.60647404 0.48824093 1.         0.018638242036104202
24 0.06199359 0.5407004  0.6632444  0.855057   0.018578995019197464
24 0.06662788 0.546161   0.45160514 0.7768114  0.018382597714662552
40 0.31764534 0.58890384 0.697414   0.9952181  0.018325895071029663
34 0.08603216 0.51176256 0.5945294  0.72501194 0.018042676150798798
41 0.         0.07502518 0.83353245 0.40645987 0.018028637394309044
1 0.34602234 0.46769497 0.70347553 0.9583828  0.017177816480398178
24 0.06239955 0.86078817 0.7221511  0.96738607 0.017029164358973503
2 0.07000023 0.73359805 0.5171633  0.9928711  0.01694035343825817
40 0.06308955 0.44963664 0.64010555 1.         0.01687566377222538
24 0.06054739 0.69154125 1.         0.95961756 0.016399549320340157
1 0.22066809 0.07955351 1.         0.33423483 0.016390549018979073
38 0.5081124  0.00666538 1.         0.32578257 0.016199106350541115
40 0.25669754 0.5635369  0.7140534  0.86829716 0.015716932713985443
41 0.00910683 0.5893585  0.11627818 0.8698297  0.015713710337877274
1 0.        0.5617203 1.        0.9177404 0.015331289730966091
7 0.        0.5462088 0.8282018 1.        0.015295187011361122
28 0.72055435 0.48523948 1.         0.8948336  0.014879896305501461
28 0.5736964  0.13800807 1.         0.9668443  0.01485725212842226
41 0.13368474 0.634641   0.42671862 1.         0.014664260670542717
1 0.39230883 0.42934617 0.9409748  0.77756333 0.014591322280466557
33 0.56151295 0.09631202 1.         0.44138342 0.014475589618086815
38 0.54058605 0.08191793 1.         1.         0.014321503229439259
40 0.12782873 0.12943934 0.78181434 0.9808948  0.014018756337463856
34 0.02839933 0.60351735 0.47659782 0.8300938  0.0139524657279253
24 0.12208115 0.5831111  0.645194   0.79101217 0.013755583204329014
41 0.30603302 0.5823989  0.69782656 0.92774814 0.013510447926819324
4 0.10621699 0.24867506 0.97126323 0.62452066 0.013269046321511269
41 0.22035706 0.48936087 0.58579004 1.         0.013243922963738441
7 0.07672852 0.48836315 0.9556227  1.         0.01303955726325512
24 0.18793    0.5600184  0.93879074 0.9768807  0.012787132523953915
1 0.38919395 0.17261522 1.         0.6192005  0.012500345706939697
24 0.22239375 0.42893946 0.9331207  0.9009792  0.012491601519286633
34 0.        0.5596149 0.5121861 0.7930748 0.01207143347710371
29 0.22719646 0.7311817  0.9397219  1.         0.011953040026128292
7 0.04168391 0.10278995 0.6916559  0.85596997 0.011856592260301113
1 0.38389   0.803076  1.        0.9888344 0.011565664783120155
40 0.1513954  0.10342124 0.90277195 0.39919546 0.011519144289195538
1 0.30193493 0.46972963 0.8544553  0.82806075 0.011311846785247326
2 0.08877693 0.7858357  0.415019   0.9886653  0.01101533230394125
38 0.50580275 0.08921099 1.         0.6483143  0.010889966040849686
34 0.00768234 0.41951996 0.5915599  0.71565676 0.010726983658969402
24 0.282434   0.61538583 0.7337545  0.91708773 0.010531176812946796
27 0.70077866 0.10405213 0.96640325 0.4251634  0.010348878800868988
24 0.14335994 0.03474317 0.6691486  0.1712857  0.010330576449632645
33 0.35902554 0.14648852 1.         0.39798793 0.010299603454768658
41 0.08293067 0.6860955  0.37159413 1.         0.010222602635622025
27 0.21441422 0.01705381 1.         0.8641969  0.01018026564270258
10 0.03337634 0.81178856 0.41738477 1.         0.010113232769072056
14 0.58670473 0.11988769 0.9540769  0.86735994 0.009910739958286285
38 0.42927182 0.46818748 1.         0.915071   0.009896732866764069
42 0.         0.21299449 0.58297235 0.86460656 0.009872601367533207
34 0.64179343 0.02435664 0.99609023 0.41327134 0.009685216471552849
24 0.01024799 0.615502   0.11849358 0.78201413 0.009668723680078983
24 0.01127154 0.7739928  0.22729246 0.9426333  0.009549455717206001
27 0.24652822 0.42575437 0.8606458  0.9644104  0.009448805823922157
14 0.636383   0.05520665 0.9954757  0.46942988 0.009431644342839718
28 0.5346095  0.01332976 0.98432887 0.39619634 0.009307930245995522
38 0.41613382 0.01772951 1.         0.22560878 0.009305617772042751
28 0.5781698  0.02126419 0.98022157 0.27519685 0.009292282164096832
41 0.0277798  0.05935893 0.7471987  0.31478792 0.009053831920027733
2 0.04979678 0.7896433  0.29450867 1.         0.0087245749309659
7 0.00573736 0.10592512 0.9098566  0.44460827 0.008701548911631107
27 0.02333875 0.01077467 0.66709006 0.18400173 0.008699520491063595
6 0.6245454 0.7817725 1.        1.        0.008553034625947475
2 0.08881666 0.65660125 0.33232442 1.         0.008373456075787544
1 0.28854874 0.11269439 1.         0.4910956  0.0083480104804039
27 0.03948319 0.31759995 1.         1.         0.008319432847201824
43 0.        0.5011094 0.7653279 1.        0.008159403689205647
24 0.34533948 0.5086534  0.8819919  0.7802821  0.008132446557283401
34 0.206133   0.38196647 0.78387505 0.80272514 0.00812260340899229
7 0.04321248 0.10170881 0.53332263 0.6309544  0.00803974736481905
6 0.60655797 0.         1.         1.         0.008016685955226421
41 0.0763988 0.6434584 0.6190263 0.9016352 0.007867664098739624
29 0.21440965 0.6357669  0.7209277  0.99020976 0.00785493478178978
41 0.15377401 0.46089438 0.6597369  0.77623373 0.007738423068076372
13 0.6217058  0.08623641 0.9738471  0.47474808 0.007690340280532837
4 0.06637762 0.3966178  0.9788827  0.77943313 0.007653649430721998
38 0.5901666  0.01361345 1.         0.1601123  0.007529619615525007
34 0.24385357 0.6231495  0.8513717  0.98942    0.007271528244018555
24 0.5725336 0.4935443 0.9219626 0.827606  0.007271189708262682
9 0.         0.68223983 0.32135978 1.         0.007244963198900223
29 0.4209106 0.1980779 1.        0.6584609 0.007111865561455488
40 0.         0.01554474 0.832216   0.48210776 0.007022202014923096
1 0.14846548 0.05159771 1.         0.44975764 0.007006182800978422
41 0.         0.01871253 0.5339772  0.17420264 0.006895072292536497
5 0.         0.09151093 1.         0.7601159  0.006762396078556776
35 0.00540145 0.80170745 0.38197568 0.9789296  0.0067529091611504555
38 0.7206629 0.0023664 1.        0.3474173 0.0067357951775193214
42 0.00490168 0.01672473 0.29418492 0.6938257  0.006716002244502306
1 0.00591634 0.         0.42945862 0.20373671 0.00666335504502058
40 0.02165094 0.6964766  0.41027832 1.         0.006583715323358774
34 0.40621763 0.04665795 0.9878599  0.39805317 0.006570862140506506
27 0.58891594 0.13041548 0.96987593 0.4550054  0.006398229394108057
41 0.27676138 0.16366048 0.6208716  0.6265398  0.006386423017829657
10 0.06875867 0.7812749  0.5833951  0.9848477  0.006291544064879417
14 0.47319755 0.11553836 0.9852194  0.44941172 0.006182296667248011
27 0.60249376 0.07228264 0.9380943  0.72131777 0.006126484367996454
7 0.         0.45175782 0.59103626 1.         0.006096163298934698
24 0.6929664  0.08816373 0.9611192  0.40001035 0.006029617507010698
35 0.6320324  0.05566389 0.995724   0.5290431  0.005978383123874664
24 0.00060397 0.00892165 0.07024529 0.13867831 0.00595582090318203
1 0.2102173  0.72844505 0.9341897  0.9873049  0.005935392342507839
24 0.26905915 0.46128944 0.5212292  0.83532417 0.005874606315046549
41 0.00758785 0.00769992 0.24968588 0.21412517 0.005853394512087107
24 0.30985793 0.03617219 0.83664083 0.17331232 0.00584249384701252
43 0.         0.16684805 0.8105656  1.         0.0058293635956943035
29 0.36290026 0.6219179  0.73534656 0.9325832  0.005815387237817049
22 0.5932953  0.         0.98236656 0.6929408  0.005752116907387972
20 0.72490054 0.11236259 0.97355056 0.40267956 0.005739395506680012
42 0.01175213 0.79298717 0.41945532 0.9766176  0.005702707916498184
19 0.         0.         0.48108512 0.16593479 0.00565964775159955
41 0.17865235 0.19618933 0.81317204 0.66005886 0.005506912246346474
34 0.01614426 0.78305024 0.29781216 0.9469056  0.005494498182088137
24 0.3445639  0.65976316 0.66043884 0.8905936  0.005489050410687923
41 0.06298637 0.80412036 0.29880226 1.         0.005483196582645178
29 0.31176874 0.2985611  1.         0.82983655 0.005460497457534075
29 0.17727593 0.7987811  0.69345117 0.9977251  0.0053238645195961
43 0.         0.07852196 0.7616158  0.68731314 0.005212424788624048
41 0.29334906 0.25574246 0.86331606 0.80188936 0.005185371730476618
6 0.6220836  0.40947875 0.99189365 1.         0.005163826514035463
7 0.         0.62758577 0.6504471  1.         0.005036619957536459
28 0.45718116 0.02825726 0.8818317  0.20281123 0.00503148976713419
40 0.33513552 0.38756326 0.60597616 1.         0.005000284407287836
1 0.36984366 0.11082084 0.99711215 0.44216815 0.00499226339161396
28 0.68022233 0.01947585 0.9894246  0.14619428 0.004890954587608576
34 0.15047115 0.09758704 1.         0.4760312  0.004889968782663345
7 0.        0.8019673 0.5857348 1.        0.0048843626864254475
34 0.2854059  0.50131285 0.70326674 0.8660763  0.004852898884564638
10 0.00429183 0.58709913 0.12682796 0.8661768  0.004776076413691044
24 0.57464635 0.1105553  0.9542319  0.3718716  0.0046749538742005825
2 0.14599137 0.6912952  0.34059677 1.         0.004594773519784212
33 0.43129528 0.16072284 1.         0.5054219  0.004566005431115627
24 0.6916564 0.5361362 0.943384  0.8758997 0.004565510433167219
1 0.32278028 0.06343384 1.         0.26887864 0.00455506844446063
41 0.05705822 0.66769904 0.45594433 0.9476855  0.004512024577707052
34 0.51656497 0.13037474 1.         0.4940471  0.004510829225182533
41 0.00334677 0.00811782 0.16865897 0.3029081  0.004501464776694775
35 0.00472487 0.7328417  0.30497274 0.9762258  0.004483856726437807
42 0.         0.02428842 0.0864455  0.197564   0.004479014780372381
27 0.37092063 0.14688282 0.9734542  0.9047452  0.004461121279746294
40 0.         0.         0.69714284 1.         0.004385177046060562
1 0.31312197 0.65375227 0.90185684 0.96337485 0.004359696060419083
1 0.12522863 0.         0.755994   0.1484619  0.004321231506764889
1 0.41128197 0.18849269 0.9690409  0.55522376 0.004283840302377939
40 0.         0.78167754 0.3805536  1.         0.0042795841582119465
41 0.00158298 0.0702448  0.308979   0.52720964 0.004274281207472086
43 0.17867538 0.37839592 0.761572   1.         0.004253719933331013
18 0.04886079 0.         0.23952632 0.17234983 0.004241218324750662
21 0.        0.7229611 0.4876853 0.9543576 0.004236668813973665
27 0.31287518 0.04738533 1.         0.46849996 0.004230865743011236
25 0.         0.7674324  0.36457685 0.978175   0.004229030106216669
40 0.00983083 0.00731594 0.45285967 0.16282271 0.004200240597128868
1 0.1914969  0.2976959  1.         0.84831667 0.00419287383556366
1 0.46604443 0.75040483 0.9718456  0.9908545  0.004134144634008408
1 0.0786112  0.16414233 0.6271009  0.82729006 0.004134044051170349
6 0.62797123 0.         1.         0.5170607  0.004092157352715731
24 0.49671194 0.43572074 0.8956566  0.97067577 0.0040900493040680885
42 0.         0.49623495 0.56777537 0.97881615 0.004077550023794174
19 0.         0.65163505 0.9846151  1.         0.0040679192170500755
29 0.01815717 0.73821527 0.39893538 0.9779097  0.0040630679577589035
42 0.03096392 0.15602101 0.85196495 0.68266255 0.004049993585795164
1 0.         0.5694443  0.11361743 0.8048291  0.004021869506686926
28 0.31932282 0.02720974 0.8568267  0.14650178 0.004021406639367342
24 0.00847304 0.03388595 0.22533311 0.20564716 0.0039992379024624825
2 0.1012634  0.55759794 0.71061975 1.         0.003969140350818634
35 0.         0.58648944 0.28037742 0.9684845  0.003938307985663414
10 0.22913325 0.21194267 0.5805705  0.8039988  0.003927802201360464
33 0.02474033 0.600778   0.13419202 0.80428535 0.003915127366781235
9 0.         0.48275626 0.5392393  1.         0.0038655560929328203
41 0.00541334 0.00476763 0.37642026 0.18995814 0.0038540642708539963
10 0.02798009 0.8416295  0.53231615 0.96437347 0.0038540237583220005
24 0.61041254 0.20774046 0.9169101  0.8579375  0.0038371786940842867
35 0.00134916 0.69525576 0.4522992  0.9596904  0.0038299602456390858
24 0.02013379 0.6585637  0.21308139 0.9292503  0.003826045896857977
33 0.6666412  0.12650965 1.         0.47623026 0.0038120578974485397
27 0.37995717 0.45810425 0.9579603  0.915076   0.00380133930593729
1 0.23459542 0.43099937 0.61290437 0.96208537 0.003745171008631587
28 0.46021464 0.3241288  1.         0.9128989  0.0037416890263557434
20 0.6093286  0.1771067  0.9552098  0.39810196 0.0037346049211919308
22 0.5940858  0.         1.         0.37549913 0.003712665056809783
22 0.705952   0.43404517 1.         0.83735764 0.003710275748744607
10 0.12363894 0.62425673 0.54504985 0.9616598  0.003665741765871644
7 0.2385221  0.13185893 0.5541069  0.72153646 0.0036611256655305624
24 0.01640723 0.02589879 0.33921897 0.14464815 0.00362691143527627
41 0.12700495 0.14431162 0.71628976 0.79448336 0.0036260895431041718
10 0.05123278 0.18209483 0.5516331  0.72559685 0.0036209903191775084
35 0.7163611  0.03746316 1.         0.41654083 0.003554874798282981
9 0.02088897 0.5729258  0.3440638  0.9950984  0.0035076679196208715
18 0.18224923 0.7253438  0.77298456 0.96749496 0.003491442184895277
25 0.         0.7244386  0.5080821  0.95341545 0.0034893450792878866
10 0.09504223 0.6296125  0.38266897 1.         0.003477507969364524
24 0.5731603  0.07861198 0.91762596 0.70851004 0.003453517332673073
34 0.1758958 0.2890656 1.        0.6089526 0.0034321139100939035
41 0.09321579 0.58141726 0.61679727 0.82436484 0.0034038969315588474
41 0.         0.00228753 0.12116092 0.12297925 0.003401932306587696
24 0.05515948 0.02591402 0.49298626 0.16654973 0.003396053798496723
41 0.33187118 0.45712504 0.7769116  0.7862718  0.0033721495419740677
5 0.69213104 0.         0.93685997 0.4897574  0.0033630887046456337
42 0.00074865 0.01900069 0.12165976 0.14406201 0.0033475232776254416
28 0.2553193  0.07460218 0.9066245  0.6675333  0.0033390598837286234
2 0.01909213 0.5724218  0.13156979 0.82099754 0.003311365842819214
24 0.69844383 0.44394574 0.9556948  0.79393965 0.003305270802229643
41 0.00232212 0.00622294 0.08298471 0.1739631  0.00326662533916533
10 0.19171116 0.12844902 0.5852737  0.6340742  0.0032583591528236866
28 0.46875796 0.11439055 1.         0.4176529  0.0032566438894718885
24 0.5271271  0.60645926 0.8997448  0.9534824  0.003239731304347515
40 0.23571344 0.46745887 0.7406833  0.8254058  0.0031886380165815353
7 0.0372021  0.03291011 0.5709446  0.22946954 0.003185258712619543
41 0.03297323 0.02797573 0.6098994  0.25895774 0.0031538570765405893
1 0.0047141  0.41943225 0.5551223  0.8957617  0.003135809674859047
10 0.12414152 0.7600181  0.36664677 0.9753874  0.00310182711109519
