21 0.03402842 0.         0.61565286 0.59452057 0.46900129318237305
7 0.00840736 0.02560529 0.7430766  0.7530592  0.43747881054878235
7 0.03440572 0.         0.5336086  0.85990167 0.31501495838165283
21 0.11918633 0.         0.5259271  0.5073436  0.30348849296569824
10 0.16617745 0.10022098 0.71011853 0.5436646  0.27984634041786194
40 0.         0.00455312 1.         0.85126865 0.2402748465538025
41 0.18049304 0.4019015  0.8370702  0.66514546 0.2355794757604599
21 0.09215864 0.0382666  0.6099138  0.43762106 0.20855563879013062
7 0.         0.07361481 0.9990322  0.83892435 0.1982809156179428
4 0.03908221 0.20873858 0.801616   0.7621797  0.14719361066818237
34 0.03722377 0.12586643 0.87371504 0.7606307  0.14419907331466675
41 0.22920965 0.20839636 0.98219323 0.715148   0.13300231099128723
21 0.06280813 0.14136131 0.53292674 0.58411    0.12863551080226898
7 0.10280629 0.02313207 0.35774064 0.8393537  0.11866770684719086
4 0.02992998 0.06321955 0.41280466 0.8498825  0.09945465624332428
10 0.19165982 0.1498557  0.53189856 0.7089451  0.0926174446940422
18 0.32882172 0.07632454 0.74735844 0.42049146 0.08658004552125931
10 0.11789554 0.1635291  0.6923088  0.45161992 0.08515393733978271
41 0.13917242 0.11406873 0.9173938  0.544962   0.08379393070936203
4 0.12529302 0.20537974 1.         0.79328585 0.08335388451814651
1 0.14946254 0.42703706 0.93622035 0.7210021  0.08246014267206192
4 0.08344378 0.1608326  0.8014496  0.5195194  0.07088609039783478
21 0.04183723 0.308442   0.47572082 0.62997174 0.06877879053354263
4 0.08474137 0.09704069 0.538458   0.89234746 0.06749316304922104
7 0.03061684 0.25473344 0.60471255 0.77692074 0.06712638586759567
10 0.12153247 0.23338674 0.6950967  0.6360351  0.06676357984542847
24 0.         0.39100596 0.4709194  0.5939376  0.06498469412326813
40 0.        0.0611614 0.6993918 0.9728877 0.06242721155285835
21 0.21668923 0.14100416 0.5805955  0.50992495 0.055699191987514496
7 0.04324949 0.10897042 0.65121484 0.5089095  0.05477185174822807
41 0.25341016 0.13522044 0.94746685 0.43455043 0.05344982072710991
40 0.         0.         0.85925853 0.9357006  0.05304136127233505
41 0.2754391  0.05143748 0.75724006 0.5839233  0.052598290145397186
18 0.31504712 0.         0.71903354 0.55237675 0.043856795877218246
41 0.1372535  0.330538   0.75718445 0.7825107  0.042671989649534225
34 0.03211045 0.41740897 0.70470065 0.7651175  0.04082551598548889
5 0.         0.06976443 0.84460217 0.5102056  0.03703494369983673
21 0.         0.         0.6712011  0.35702038 0.03683379292488098
7 0.09810476 0.11933022 0.48795232 0.6029732  0.03635311499238014
18 0.3545763  0.04608457 0.90774906 0.59190154 0.03152662515640259
18 0.31883112 0.20747565 0.7198219  0.595798   0.031395312398672104
18 0.2328892 0.        0.5888197 0.7142201 0.031152209267020226
24 0.1360461  0.4113707  0.64569294 0.6385333  0.0282047800719738
18 0.14984086 0.         0.86598897 0.4794684  0.02816363051533699
4 0.01042674 0.21654883 1.         0.5617886  0.027029898017644882
4 0.         0.12513939 0.6086935  0.5751432  0.026116080582141876
24 0.06155086 0.45759788 0.5467851  0.6482407  0.024950625374913216
40 0.         0.00975784 0.7891668  1.         0.024848928675055504
41 0.3655802  0.13157374 1.         0.5317033  0.024771086871623993
21 0.31733796 0.06052002 0.59545684 0.5911764  0.024620309472084045
34 0.         0.05898613 0.9674177  0.5423215  0.024571966379880905
4 0.15533796 0.38986257 0.8051006  0.6819204  0.023535290732979774
34 0.         0.26079476 0.6665059  0.90151745 0.023440517485141754
41 0.23788354 0.21590492 0.6946519  0.72569716 0.02326979488134384
7 0.07100215 0.06962924 0.99248457 0.45921165 0.0227315966039896
18 0.2692742  0.05106386 0.6353164  0.4743363  0.02111562341451645
1 0.20401937 0.31649873 0.85491353 0.7606113  0.02107318490743637
40 0.         0.27379942 0.7194863  0.85705703 0.02086583524942398
24 0.01992616 0.33794522 0.3544148  0.5620466  0.020491277799010277
34 0.21609184 0.10835902 0.86740136 0.5558255  0.020121820271015167
18 0.22922792 0.         0.7495589  0.38868567 0.019727185368537903
29 0.40210754 0.21313716 0.95670146 0.6977891  0.0188710018992424
10 0.05610047 0.3785512  0.60820884 0.6588294  0.018774602562189102
33 0.0968451  0.43364778 0.6984178  0.7215492  0.01863447204232216
2 0.15130734 0.         0.4406289  0.5400949  0.017957279458642006
41 0.13336767 0.44821993 0.6659207  0.7220274  0.017580782994627953
1 0.32421795 0.21850716 0.60668296 0.7321485  0.017508750781416893
24 0.04144857 0.3705386  0.477907   0.68945736 0.017023317515850067
34 0.01248545 0.01162548 0.8870384  0.34867284 0.01617293246090412
1 0.18782136 0.09676226 1.         0.6215257  0.015584820881485939
7 0.17635147 0.14611779 0.672038   0.68132967 0.014652037993073463
42 0.20706931 0.08844981 0.8575936  0.5474832  0.014403936453163624
2 0.11483457 0.         0.36016184 0.63340235 0.013832277618348598
5 0.         0.03524269 1.         0.6138121  0.01368076540529728
24 0.         0.24009815 0.20708394 0.5122145  0.01362745650112629
34 0.171527  0.3183926 0.6606951 0.7320893 0.013196263462305069
1 0.26863226 0.36010396 0.7077833  0.9160555  0.013085215352475643
21 0.1514954  0.01201158 0.5652131  0.3082346  0.012624537572264671
41 0.07403204 0.17952602 0.6069378  0.76875645 0.012418365105986595
40 0.0083606  0.05497447 1.         0.48545915 0.012381582520902157
7 0.08824909 0.         0.290289   0.85989076 0.012357015162706375
10 0.13951746 0.01801814 0.56405777 0.6552723  0.012191789224743843
10 0.0348054  0.13518977 0.7607741  0.6922638  0.012050076387822628
33 0.24018367 0.14777772 0.70522887 0.51322323 0.011946340091526508
34 0.3511335  0.05729973 0.76341784 0.5927179  0.011774716898798943
1 0.10200002 0.36087292 1.         0.88007206 0.011266916990280151
1 0.05131101 0.3933652  0.69040847 0.71618265 0.011005659587681293
4 0.23107056 0.4685971  0.86160696 0.7190565  0.010804645717144012
18 0.30750388 0.         0.86756694 0.79292613 0.010748762637376785
21 0.09236825 0.         0.32971615 0.5344232  0.010724259540438652
34 0.0185952  0.34451747 0.65757    0.62565416 0.010616549290716648
7 0.03395393 0.31942567 0.36987355 0.7808719  0.010551863349974155
24 0.         0.24500252 0.3948591  0.5901905  0.010391193442046642
21 0.17762615 0.07026596 0.6623765  0.5394492  0.010386034846305847
40 0.        0.        0.5633186 1.        0.010365062393248081
34 0.01752241 0.14406206 0.62022686 0.43312848 0.009976053610444069
5 0.         0.04946101 1.         0.31803155 0.009883524850010872
33 0.1452708  0.11726059 0.815984   0.43562266 0.009870633482933044
41 0.32512003 0.08599499 1.         0.3294003  0.00982063077390194
2 0.11912999 0.06264973 0.49127764 0.42372304 0.009790902025997639
41 0.31626037 0.35118988 1.         0.8738319  0.009312912821769714
1 0.23416921 0.2840758  0.5680388  0.84236765 0.00927180889993906
27 0.12426557 0.4155513  0.84967214 0.72377694 0.009216302074491978
29 0.37977782 0.08161215 0.91470724 0.58055365 0.009211046621203423
1 0.39630663 0.17426561 0.86231154 0.5965145  0.009178983978927135
24 0.         0.3189603  0.27328685 0.60147595 0.009102873504161835
4 0.05267571 0.24898319 0.5147343  0.7158478  0.009023938328027725
5 0.00383845 0.15053877 0.7244955  0.40231222 0.008928686380386353
24 0.         0.43617627 0.4333603  0.84869254 0.008908864110708237
2 0.08426506 0.         0.484179   0.6115154  0.008762666955590248
18 0.23145013 0.25126582 0.70444757 0.6740537  0.008530291728675365
10 0.08344488 0.20787387 0.9104222  0.5234922  0.00847130548208952
34 0.2232401  0.37301186 0.7705607  0.81291515 0.008359706960618496
1 0.31163764 0.10360804 0.6345145  0.54454505 0.008316639810800552
2 0.08875722 0.18853371 0.6964624  0.9582351  0.008244807831943035
1 0.38321427 0.2977985  0.67015743 0.8400643  0.008198336698114872
34 0.14631073 0.08011393 0.90496707 0.42627713 0.008172105997800827
24 0.         0.28582639 0.5489474  0.6544184  0.00816381350159645
24 0.         0.16178761 0.86890304 0.4738671  0.008126966655254364
21 0.         0.06582715 0.5399487  0.7924705  0.008090677671134472
6 0.8076345 0.        1.        0.749226  0.007867421954870224
7 0.         0.41216683 0.5626167  0.8473208  0.0074025727808475494
25 0.         0.35415897 0.8635665  0.69892704 0.007398978341370821
42 0.03872366 0.19953549 0.678791   0.6079169  0.007237929385155439
5 0.         0.05005168 0.72906524 0.69932383 0.007222738582640886
41 0.15992899 0.1864896  0.8207887  0.63869286 0.007142674643546343
24 0.30655396 0.31096947 0.63329756 0.7026214  0.007142575457692146
1 0.3467983  0.39328486 0.88150483 0.8087567  0.006978791207075119
5 0.02119428 0.04823311 0.8420365  0.41739374 0.006973044481128454
1 0.3450792  0.0595678  0.88816345 0.49890646 0.0065675643272697926
41 0.17929958 0.0993498  0.6395675  0.5454412  0.006526849698275328
21 0.11560827 0.27757874 0.5771154  0.66763663 0.0063908398151397705
24 0.         0.37368426 0.5843109  0.8521298  0.006336322519928217
24 0.18187559 0.45519933 0.6564095  0.6985818  0.00627693347632885
18 0.1702201  0.         0.90831697 0.74499583 0.0061866058968007565
34 0.09128622 0.22555085 0.69184524 0.6819816  0.006171916611492634
24 0.         0.33214498 0.68624574 0.76826376 0.006127881817519665
34 0.         0.09451828 0.67274004 0.6187136  0.005926323588937521
7 0.11282016 0.         0.8831952  0.9596959  0.005868897307664156
42 0.14111908 0.12883347 0.78140414 0.7351629  0.005814863368868828
10 0.12879181 0.41555232 0.49024385 0.6561876  0.00579975638538599
33 0.2182013  0.19803806 0.82138073 0.7963572  0.005780641455203295
42 0.07822281 0.18323593 0.61542815 0.45909604 0.005715653300285339
2 0.05500033 0.04185964 0.260875   0.61513305 0.005525289569050074
24 0.1228199  0.22945234 0.8607124  0.6421248  0.005361761432141066
21 0.16872002 0.17754821 0.5013263  0.5398826  0.005351299419999123
24 0.         0.16297711 0.42395076 0.4198209  0.005104809533804655
32 0.30187008 0.         0.8576813  0.6210521  0.005104724317789078
7 0.08210763 0.04091848 0.44598216 1.         0.005094620864838362
33 0.17573752 0.09708097 1.         0.85338795 0.005019329953938723
24 0.01292333 0.19482191 0.73736364 0.7089298  0.005005916114896536
25 0.         0.50941175 0.8171277  0.742599   0.004904577508568764
29 0.34089732 0.24439777 0.70063734 0.7867208  0.004814654588699341
24 0.         0.21468127 0.5860426  0.4383667  0.004668111447244883
24 0.10461533 0.25943634 0.5678935  0.49820715 0.004667710047215223
42 0.01378339 0.20062143 0.48231974 0.67523795 0.0045693558640778065
4 0.         0.13418552 0.89149255 0.42869756 0.004528517834842205
33 0.18124428 0.1027845  0.9081826  0.5879476  0.004512222483754158
42 0.13732414 0.13502978 0.67332643 0.51734567 0.004508798476308584
27 0.03471703 0.29806778 0.8284581  0.7876007  0.004497936926782131
23 0.         0.13051036 0.40479192 0.6618007  0.004441890865564346
1 0.06418935 0.         1.         0.45666972 0.004414242692291737
1 0.03216098 0.32139528 0.6850524  0.629175   0.004402605816721916
33 0.03586924 0.48966026 0.70965123 0.8366011  0.00439890893176198
4 0.05749024 0.4338273  0.927016   0.78989893 0.004380403086543083
40 0.21807419 0.         0.8661072  0.6974949  0.004341733641922474
33 0.22966143 0.31923518 0.737984   0.7163563  0.00431864382699132
34 0.34863314 0.11350408 0.6544211  0.7567515  0.004247682169079781
18 0.41806337 0.04141754 0.6356542  0.56163466 0.004213952459394932
1 0.2752239  0.         1.         0.34938627 0.004167543258517981
24 0.03139984 0.4623668  0.31036177 0.6355444  0.0041602118872106075
6 0.73537254 0.38188973 1.         0.9955274  0.004145348444581032
32 0.39580634 0.14825267 0.8245887  0.59498495 0.004138681571930647
2 0.05546865 0.05944364 0.6496526  0.71934116 0.00412367470562458
1 0.05944087 0.39774725 0.8552287  0.89255416 0.004100252874195576
1 0.06842586 0.09949445 0.33019814 0.8275924  0.003938800655305386
34 0.24173458 0.         0.89131856 0.9796165  0.003928824793547392
29 0.2861008  0.17010653 0.86409134 0.7823621  0.003850329900160432
32 0.45307705 0.2625414  0.8560704  0.6903581  0.003842682112008333
24 0.03850123 0.28432408 0.41579667 0.51687545 0.003810988739132881
10 0.35111368 0.08166619 0.69197196 0.58082193 0.003804896492511034
6 0.8058735  0.13184357 1.         0.99046695 0.003798838471993804
1 0.14688146 0.         1.         0.29144484 0.0037903308402746916
5 0.         0.         0.4655483  0.81144017 0.003769350703805685
2 0.         0.37018096 0.66811836 0.70905894 0.0037679255474358797
10 0.05822712 0.09745806 0.42312622 0.644089   0.0037258684169501066
25 0.         0.15810107 1.         0.48715994 0.003684623632580042
41 0.15943779 0.37851626 0.57727045 0.6806699  0.003644587006419897
4 0.10488017 0.1466695  1.         0.37189966 0.003633349435403943
41 0.39433488 0.19104075 0.7756836  0.6709796  0.0036324739921838045
2 0.02338979 0.24980289 0.59444076 0.77292633 0.0035099454689770937
43 0.        0.        0.7625904 0.6745976 0.003497406840324402
4 0.05185885 0.24195299 0.71922904 0.60739803 0.003375402884557843
2 0.06232786 0.         0.6655391  0.55321944 0.003362569259479642
24 0.04170802 0.3804716  0.6399791  0.5840395  0.0032997778616845608
24 0.         0.40515423 0.7928624  0.9116205  0.0032853453885763884
34 0.09397873 0.4835261  0.88297874 0.80827546 0.003278307616710663
7 0.35790396 0.06885969 0.6845258  0.77151763 0.003206237219274044
32 0.47742707 0.         1.         0.5864688  0.003174586920067668
6 0.8049128 0.        1.        0.3586103 0.003174313809722662
1 0.24262777 0.47488374 0.50542676 0.72713107 0.003131912788376212
27 0.05253957 0.08459803 1.         0.7243516  0.0031129892449826
41 0.42357635 0.26648378 0.7337487  0.5489537  0.0031028816010802984
42 0.02132604 0.37064418 0.5344145  0.59118414 0.0030675262678414583
7 0.26575413 0.11700709 0.53627783 0.86710715 0.0030619364697486162
7 0.         0.0912378  0.82458353 1.         0.0030481438152492046
18 0.05861083 0.         0.45435828 0.8562675  0.0030033576767891645
24 0.00939972 0.41212866 0.23923041 0.57458687 0.002991096582263708
25 0.         0.25451812 0.9785532  0.7548637  0.0029676598496735096
41 0.09151939 0.33350998 0.6275586  0.9419031  0.0029456818010658026
32 0.28099203 0.33244044 0.76846904 0.668523   0.0029304770287126303
27 0.16903114 0.47038442 0.8298354  0.8212738  0.002919025719165802
27 0.         0.17114289 1.         0.63168293 0.002915231743827462
6 0.76344943 0.         1.         0.5275486  0.002909773727878928
24 0.20743811 0.38239214 0.80954254 0.66656035 0.0029017848428338766
24 0.24506317 0.25136998 0.55004704 0.62672085 0.0029010188300162554
29 0.29332295 0.45382732 0.7125427  0.82625127 0.0028979580383747816
24 0.08960689 0.49101084 0.48692024 0.71901816 0.002897675149142742
4 0.         0.16577663 0.4126623  0.6499985  0.0028820675797760487
29 0.23446958 0.1199881  0.94277877 0.37932047 0.002881322754547
1 0.28907308 0.2432615  0.96682495 0.6197684  0.0028657123912125826
20 0.         0.26188448 0.50557005 0.7378121  0.0028635235503315926
4 0.         0.06952792 0.29720032 0.78436726 0.002849146258085966
24 0.01621295 0.2528762  0.18691051 0.44659552 0.0027941532898694277
18 0.23340131 0.05782796 0.83184326 1.         0.0027734930627048016
4 0.22509809 0.40153745 0.98678917 0.63979137 0.0027515944093465805
24 0.24085371 0.37625438 0.48911753 0.64216787 0.0027237136382609606
24 0.05871096 0.49571896 0.40056625 0.6401332  0.0027176232542842627
1 0.06638163 0.24229553 0.8241434  0.6093035  0.002668763278052211
42 0.08603338 0.29663655 0.55317426 0.6884731  0.00256036757491529
4 0.01870539 0.08603165 0.54182863 0.46423367 0.002537964377552271
10 0.0025843  0.4577877  0.5802709  0.73066366 0.0025245780125260353
24 0.13518603 0.20230778 0.6383108  0.4684071  0.002521858084946871
33 0.06174261 0.04028805 0.999384   0.41381842 0.0025209393352270126
1 0.16475292 0.06132088 1.         0.44150698 0.00249982881359756
4 0.06798976 0.42149815 0.5831911  0.77894473 0.0024840529076755047
24 0.33648768 0.1747133  0.65170074 0.517539   0.002469847910106182
4 0.00545148 0.4242531  0.7085817  0.9019879  0.002376413205638528
25 0.         0.43597215 0.8312142  0.677529   0.0023544232826679945
1 0.12507291 0.12002678 0.839309   0.46390495 0.0023401903454214334
4 0.02181318 0.35259104 0.5047508  1.         0.00227417447604239
34 0.01400256 0.20152976 0.52272666 0.520145   0.0022727991454303265
41 0.42400634 0.13669024 0.86766076 0.53259575 0.002264457056298852
6 0.6491547 0.        1.        0.4119323 0.002244136296212673
19 0.         0.11453036 1.         0.5847987  0.0022299601696431637
24 0.24991329 0.3668261  0.5802797  0.77101266 0.0022264074068516493
40 0.         0.07285807 0.53087944 0.8317094  0.002202764619141817
24 0.0658519  0.10161272 0.9450053  0.32062423 0.0021839849650859833
25 0.        0.5488903 0.7319077 0.8001051 0.0021502117160707712
24 0.33210668 0.34806773 0.7826213  0.73260164 0.002147132297977805
25 0.         0.39237255 0.7628672  0.64318043 0.002146969549357891
34 0.         0.58075374 0.87888473 0.9464124  0.0021437702234834433
29 0.27328676 0.24727619 0.5593863  0.7259894  0.0021158300805836916
35 0.04986445 0.         0.96542686 1.         0.00200458662584424
4 0.17463061 0.5222101  0.8066205  0.7614551  0.0019846924114972353
24 0.22008729 0.41963375 0.43987158 0.6690242  0.0019732920918613672
25 0.07258224 0.12406941 0.7571027  0.4463816  0.00197058473713696
6 0.6203277  0.46621808 1.         0.9549969  0.001960108522325754
5 0.         0.0921457  1.         0.94052714 0.0019571285229176283
1 0.06898534 0.08804877 0.93465376 0.33790493 0.0019288978073745966
25 0.         0.49513617 0.8925343  0.74469113 0.0019263168796896935
6 0.8525043  0.         1.         0.14108844 0.0019178668735548854
24 0.26633552 0.22236182 0.7614014  0.5551498  0.0019102535443380475
24 0.         0.00733463 0.07216804 0.03507231 0.0018991148099303246
7 0.12900604 0.03639089 0.6889858  0.42798167 0.00189297110773623
2 0.08298548 0.2646837  0.5239385  0.6339246  0.001891447464004159
35 0.         0.         0.84052896 0.6582059  0.0018694387981668115
24 0.         0.21783224 0.55089784 0.58479756 0.0018651721766218543
23 0.04796056 0.10930087 0.63979936 0.60789734 0.001863226294517517
36 0.        0.2899426 0.8032173 0.7178574 0.001855185255408287
1 0.0302949  0.02746918 0.5897702  0.35352305 0.0018529898952692747
24 0.10550568 0.15404591 0.53469515 0.39392152 0.0018458598060533404
24 0.3713915  0.25029585 0.682103   0.6861836  0.0018381591653451324
18 0.18379003 0.8712072  0.37988368 1.         0.001813250593841076
24 0.02996189 0.19932048 0.18634878 0.38625988 0.0018037091940641403
23 0.         0.39568675 0.4029031  0.6776945  0.0017923659179359674
18 0.21385045 0.         0.6137955  1.         0.0017811419675126672
27 0.2692346  0.06763039 1.         0.8081174  0.0017717576120048761
40 0.         0.         0.9703772  0.61958164 0.0017628894420340657
18 0.13427962 0.1141774  0.54193753 0.7298781  0.0017592470394447446
23 0.         0.00334539 0.26779994 0.634018   0.0017479064408689737
42 0.03299164 0.2975733  0.5805934  0.54817665 0.0017475904896855354
42 0.14725484 0.42322743 0.49203756 0.6581995  0.0017462392570450902
20 0.         0.0525001  0.55384266 0.8792082  0.001745674293488264
4 0.25843248 0.13822426 1.         0.6680066  0.0017438814975321293
25 0.         0.12756044 1.         0.30811596 0.0017414308385923505
4 0.         0.09652098 0.89335555 0.32468098 0.0017413179157301784
19 0.         0.48578137 0.6526932  0.7687674  0.0017399059142917395
24 0.00421341 0.39392224 0.36786962 0.74004    0.0017394466558471322
16 0.23440742 0.24072456 0.6977535  0.5820875  0.0017343000508844852
34 0.19610909 0.36881602 0.5607202  0.8298858  0.0017199503490701318
21 0.12113488 0.899396   0.30933398 1.         0.0017143134027719498
25 0.        0.1720852 0.877973  0.3697097 0.001709922100417316
29 0.3693492  0.3733456  0.6867773  0.74058765 0.0017032366013154387
41 0.21552143 0.04316127 0.7649451  0.3351734  0.0016960491193458438
21 0.10028687 0.23149039 0.45092475 0.57651645 0.0016959634376689792
35 0.05333672 0.33242017 0.7310939  0.8625144  0.0016782116144895554
2 0.02833666 0.         0.85887676 0.7580274  0.0016684674192219973
1 0.4181301  0.11608645 1.         0.6980832  0.0016604854026809335
29 0.32107124 0.14771897 0.7047848  0.61553276 0.0016494198935106397
