43 0.41706932 0.         0.9653061  0.22326763 0.3901604115962982
27 0.         0.00615674 0.36386123 0.2142738  0.18972209095954895
27 0.21231952 0.342016   0.7291502  0.79664624 0.16931197047233582
28 0.04375427 0.00696067 0.56997705 0.40968874 0.16282321512699127
27 0.        0.        0.9896816 0.773828  0.1436510980129242
27 0.23639308 0.16735034 0.6374786  0.7946256  0.1347579061985016
27 0.06717255 0.14346626 0.98012024 0.6682952  0.12840338051319122
34 0.37701374 0.         0.9721524  0.20419377 0.12548938393592834
27 0.         0.02583399 0.30204016 0.16971235 0.11915721744298935
24 0.29427424 0.15550616 0.5969996  0.6541217  0.1128222718834877
27 0.03423452 0.2791674  0.62197864 0.784392   0.10889361053705215
27 6.8476360e-04 0.0000000e+00 6.8909788e-01 8.4388936e-01 0.10834387689828873
34 0.13131851 0.02999685 1.         0.803823   0.10750024020671844
2 0.2591448  0.27645522 0.5978228  0.85326517 0.10410566627979279
28 0.0328627  0.04198713 0.45184484 0.6208965  0.09940489381551743
27 0.19905457 0.3690083  1.         0.85437125 0.09563706070184708
21 0.         0.8151091  0.28527847 0.99543095 0.09482672810554504
27 0.        0.4781319 0.5606632 1.        0.09406578540802002
24 0.32706147 0.06898824 0.63170767 0.58031756 0.0876401886343956
27 0.2501037  0.47486904 0.61271095 0.9778487  0.08658885210752487
27 0.         0.39781788 0.70382065 0.89568675 0.0861690416932106
27 0.        0.        1.        0.4768772 0.08339589089155197
29 0.31668782 0.0582444  0.59096885 0.7796731  0.08122143894433975
27 0.15460666 0.3314022  0.79878545 0.6566326  0.07870075106620789
38 0.06539157 0.02991968 0.51412964 0.16408996 0.07540131360292435
27 0.         0.55520344 0.37514198 1.         0.07517063617706299
10 0.         0.83806884 0.41011688 0.9918683  0.07273582369089127
21 0.01253104 0.7869982  0.08049465 1.         0.07217557728290558
27 0.6496352  0.42055324 0.97823834 0.6916658  0.07200795412063599
10 0.79675055 0.70985997 1.         1.         0.07149319350719452
10 0.18544567 0.7633105  1.         0.99800736 0.07125110179185867
34 0.         0.31453866 0.9571285  0.80811435 0.06670627743005753
19 0.07888041 0.         0.9751732  0.5234648  0.06498170644044876
29 0.3405663  0.40691882 0.5475099  0.94007885 0.06442655622959137
27 0.         0.00994876 0.576527   0.18972851 0.06292273104190826
25 0.2113482  0.2016282  0.58707255 0.5713134  0.060955535620450974
41 0.44870648 0.04429644 0.79673505 0.22657095 0.060909006744623184
34 0.23351543 0.40105212 0.7312     0.8160809  0.06045608967542648
10 0.         0.84683764 0.11404953 1.         0.05956702679395676
10 0.         0.82917815 0.75612336 0.98704106 0.05931459367275238
1 0.44749865 0.28548878 1.         0.8691619  0.05840862914919853
27 0.         0.         0.7184831  0.27478302 0.05740426480770111
29 0.15907352 0.4741179  0.44825226 0.93916506 0.057171065360307693
1 0.30047032 0.08188581 1.         0.8860368  0.05712481960654259
29 0.35763267 0.4083447  0.8244548  0.9312047  0.05607210472226143
2 0.35699788 0.29542232 0.69661784 0.904753   0.05360930785536766
34 0.01268819 0.01733549 1.         0.57686454 0.05349591001868248
24 0.27619132 0.250694   0.720898   0.68333435 0.05313827097415924
2 0.06261894 0.27487415 0.7396694  0.89079666 0.053112711757421494
27 0.22395597 0.46751475 0.76769704 0.87477857 0.05306672677397728
15 0.37341994 0.         0.9391125  0.206171   0.05273473262786865
29 0.19354531 0.02934662 0.83966655 0.820696   0.052464984357357025
28 0.04789785 0.02919612 0.72729343 0.65591085 0.05223502591252327
37 0.36326092 0.         1.         0.27831167 0.05204474553465843
34 0.1766311  0.39496598 0.94906974 0.8824732  0.05150629207491875
35 0.2471207  0.19711915 0.6524089  0.7506408  0.05115331709384918
28 0.18545362 0.04957646 0.56086355 0.19160374 0.05094053968787193
29 0.13662943 0.43567827 0.55688864 0.89394677 0.050194088369607925
28 0.08935826 0.06639104 0.5116444  0.3389627  0.04981464892625809
28 0.09710373 0.0739548  0.7902091  0.38555387 0.04978462681174278
2 0.30726337 0.2889208  0.96258956 0.8812908  0.04703923687338829
20 0.3108745  0.05378845 1.         0.22757462 0.04664887860417366
21 0.19138162 0.37450147 0.77268934 0.86609703 0.045852623879909515
24 0.12123007 0.05688688 0.84126264 0.7180829  0.04563160985708237
27 0.09398656 0.12816486 1.         0.9716644  0.045230571180582047
24 0.39254645 0.15864314 0.7051546  0.7071536  0.044813163578510284
40 0.11448786 0.04279943 0.880045   1.         0.04414508119225502
24 0.10954987 0.3873842  0.7476991  0.9440502  0.0436733178794384
24 0.339032   0.3804826  0.65371555 0.972793   0.04365915432572365
29 0.4138926  0.03627396 0.94911677 0.90604883 0.04350798577070236
27 0.         0.55243605 0.21348442 1.         0.04236745089292526
21 0.28932387 0.39229637 0.53436697 0.9116091  0.04155369848012924
27 0.19261216 0.         1.         0.6879553  0.041415680199861526
27 0.270482   0.03828857 0.7025115  0.6510394  0.04092356190085411
41 0.04815604 0.8564663  0.34852988 0.9972423  0.040886882692575455
19 0.31771258 0.         0.7940863  0.3247807  0.04033058136701584
22 0.06926242 0.21987928 0.67632216 0.7439762  0.03986165672540665
21 0.806623   0.68493956 0.9706598  0.9991164  0.039857298135757446
1 0.0494425  0.28598997 1.         0.8842572  0.03928305581212044
40 0.04071828 0.14264989 0.99263    0.7394162  0.03882298246026039
1 0.02034246 0.4953181  0.5749335  0.9856517  0.038489893078804016
24 0.240633   0.42763165 0.54397744 0.98189956 0.03839006647467613
41 0.3954379  0.10578387 0.64885396 0.5026293  0.03820134699344635
33 0.34533447 0.00161936 0.6383805  0.46846727 0.03799508139491081
29 0.15805165 0.26306206 0.7422357  0.77036095 0.037936147302389145
28 0.11456541 0.03657651 0.5184559  0.25757518 0.03775005415081978
27 0.3087803  0.47219676 1.         0.7576471  0.03685883805155754
37 0.6311277  0.01725391 1.         0.25530726 0.035924460738897324
29 0.21718237 0.22825694 0.6101466  0.7058839  0.03586794063448906
10 0.30168858 0.43417034 0.6486437  1.         0.03540666773915291
41 0.2870193 0.390172  0.6234464 0.9170518 0.035306110978126526
24 0.45506307 0.11433022 0.9828764  0.7016987  0.034886185079813004
43 0.22786072 0.         1.         0.26491097 0.03444607928395271
27 0.01684425 0.         0.55916923 0.51253885 0.03435447812080383
27 0.02741425 0.48917323 0.932516   1.         0.034110844135284424
28 0.041446   0.11094145 0.42876995 0.4808438  0.03402792289853096
35 0.         0.03969462 0.9025906  0.66846204 0.03388577699661255
34 0.18411502 0.28634274 0.76105756 0.6839006  0.03379925340414047
41 0.5067088  0.02949951 0.8787196  0.20536065 0.03346254676580429
24 0.38316256 0.         0.6253229  0.37681472 0.03314534202218056
33 0.30454373 0.2179059  0.62295896 0.72257906 0.032953642308712006
21 0.00193103 0.82072    0.53036755 0.98370224 0.03289656713604927
41 0.3541416  0.16573705 0.91156477 0.67729634 0.03267529234290123
24 0.42334983 0.02093565 0.80672306 0.16826391 0.03251122310757637
27 0.59669906 0.359898   1.         0.94797844 0.03207869455218315
24 0.15999286 0.32633302 0.6428663  0.6827593  0.031974196434020996
40 0.         0.10107379 0.7864539  0.863105   0.03192805498838425
24 0.19171263 0.42702928 0.6589549  0.8710551  0.031588632613420486
29 0.27734846 0.13288026 1.         0.73001546 0.03138122707605362
41 0.61750764 0.         0.96813345 0.20034702 0.03136175125837326
27 0.49318483 0.45467988 1.         1.         0.031318120658397675
38 0.03075431 0.02915435 0.37880632 0.13738438 0.03101980872452259
21 0.8654006 0.7184968 0.9744912 0.9412143 0.03086318075656891
28 0.1880744  0.00200511 0.86901265 0.4856602  0.03073899820446968
24 0.45370546 0.         0.81351686 0.23009433 0.030555691570043564
29 0.07852916 0.06089155 0.5579913  0.8400589  0.030513396486639977
22 0.         0.23265985 0.77823234 1.         0.030008796602487564
10 0.60015506 0.7077289  1.         0.9954907  0.029986562207341194
41 0.3789328  0.17405711 0.6780676  0.6115504  0.029922014102339745
27 0.         0.08388479 0.49196586 0.95151573 0.029821258038282394
41 0.8384437  0.69984156 1.         1.         0.029587773606181145
21 0.00732803 0.84310967 0.194919   0.9943993  0.02935030683875084
24 0.08766785 0.20897914 0.9308943  0.89803916 0.029349425807595253
24 0.2623594 0.3672449 0.8916207 1.        0.029291227459907532
27 0.15674324 0.5439751  0.4987723  1.         0.02861923538148403
41 0.47548178 0.08269557 0.8372332  0.26711863 0.0286172516644001
29 0.17471585 0.29694748 0.53399754 0.7852729  0.02775687910616398
10 0.8656439 0.7227145 1.        0.9702632 0.027404844760894775
22 0.1857545  0.23487557 0.5957311  1.         0.027336973696947098
41 0.31687766 0.07575253 0.76852673 0.22410785 0.026702309027314186
10 0.         0.8687237  0.27610278 0.9921669  0.026219310238957405
18 0.8838266  0.7413635  0.98187107 0.9720506  0.025989936664700508
1 0.09318436 0.5122925  1.         1.         0.02597154676914215
2 0.27549666 0.04451248 0.65125084 0.74694186 0.02519538439810276
22 0.05877713 0.25382084 0.8749979  0.6203685  0.02517043799161911
35 0.08894379 0.3082224  0.72955096 0.7075822  0.02486664429306984
41 0.31623852 0.24384573 0.5977907  0.6407224  0.024444401264190674
13 0.09228577 0.         0.5958528  0.5688613  0.024244485422968864
41 0.16085501 0.20569497 0.6920417  0.5540671  0.024143176153302193
24 0.3209338  0.03039782 0.9200037  0.21937084 0.023771189153194427
40 0.05792582 0.38513434 0.93467075 1.         0.023712653666734695
10 0.         0.87422264 0.16100682 0.9905237  0.023472705855965614
1 0.         0.24899898 0.72239405 0.92800456 0.023372234776616096
21 0.26317644 0.44057664 0.6217538  0.8183604  0.023231854662299156
40 0.         0.45493263 0.57884604 1.         0.023223280906677246
36 0.37487912 0.13381785 0.59590733 0.910934   0.023081254214048386
27 0.         0.02099421 0.29276225 0.9111133  0.022831516340374947
18 0.04450653 0.8423014  0.33607107 1.         0.02279050275683403
24 0.15373392 0.1983242  1.         0.653039   0.02272195927798748
27 0.02075633 0.         0.9305028  0.5819011  0.022637512534856796
1 0.         0.04940397 0.77739674 0.7973792  0.022580698132514954
25 0.14328885 0.06105941 0.7141792  0.3616598  0.022557850927114487
2 0.21548653 0.18158455 0.7337964  0.7239941  0.022488709539175034
1 0.2521399  0.30075032 0.70894724 0.92030543 0.02243044599890709
40 0.         0.2537259  0.6525342  0.76072276 0.022291410714387894
41 0.01275414 0.8172109  0.6870758  1.         0.022286992520093918
15 0.27945542 0.         0.9703508  0.5179193  0.022171204909682274
25 0.21537276 0.4224715  0.57043135 0.78267074 0.022150954231619835
41 0.5298551  0.06460094 0.94382405 0.23761627 0.022061698138713837
24 0.23180136 0.3382098  0.8179953  0.6320788  0.021951774135231972
16 0.24972239 0.24657345 0.54064244 0.6673486  0.02194259501993656
25 0.         0.2880663  0.62569094 0.59317374 0.021856846287846565
19 0.25653112 0.         0.856801   0.46684277 0.021594857797026634
29 0.32683596 0.4295746  0.67379457 0.8932892  0.02158772386610508
21 0.00901986 0.8360203  0.11290492 0.99972445 0.021551551297307014
15 0.2690524  0.         1.         0.26325175 0.021480077877640724
19 0.383613   0.00854218 0.8632932  0.27537364 0.02126322314143181
41 0.23397787 0.398975   0.90652925 0.93191063 0.02090054377913475
40 0.         0.32876572 1.         0.9573873  0.020809974521398544
24 0.        0.4487647 0.4889462 0.98178   0.020790204405784607
10 0.08009939 0.45849276 0.7389554  1.         0.020746883004903793
1 0.24814795 0.75789076 0.80669117 1.         0.0206906758248806
33 0.15779546 0.         0.9076152  0.51072747 0.020665569230914116
24 0.28105724 0.00960743 1.         0.41447222 0.020647982135415077
24 0.40496904 0.03389327 0.73441374 0.4042159  0.020555904135107994
35 0.01604073 0.36144277 0.6098677  0.7554662  0.020539216697216034
41 0.00834908 0.58253247 0.49559927 0.966311   0.02048633247613907
27 0.04450254 0.36369136 0.44278088 1.         0.020449094474315643
2 0.28729233 0.         0.937108   0.7933952  0.02038452960550785
1 0.40918738 0.7670095  0.9602346  1.         0.020109642297029495
41 0.29635143 0.09702689 0.8617804  0.42576042 0.02008986286818981
8 0.33579075 0.         0.974944   0.3001007  0.02005816623568535
24 0.334346   0.07020032 0.9292013  0.36253533 0.02001882717013359
4 0.01403244 0.39724636 0.5412673  1.         0.01974889449775219
24 0.09846667 0.01508511 0.54814696 0.2109148  0.01952333003282547
19 0.22402121 0.         0.93646306 0.7975655  0.0194199550896883
1 0.3791297  0.27620745 0.8808179  0.88570154 0.01936318352818489
27 0.         0.01154279 0.27654436 0.2805406  0.019322089850902557
25 0.16609566 0.38879597 0.6575454  0.6211536  0.019261809065937996
18 0.8326199  0.7214931  0.98439944 1.         0.019214890897274017
16 0.20187503 0.44949403 0.760753   0.76964206 0.019122092053294182
34 0.29461235 0.         1.         0.2834165  0.019111020490527153
1 0.00803146 0.         0.5149597  0.24649958 0.019069522619247437
25 0.         0.1272172  0.95441735 0.39257494 0.019027499482035637
3 0.57599795 0.0348497  0.84383404 0.17160988 0.018915792927145958
16 0.22118406 0.4080221  0.8513002  0.6395941  0.018657881766557693
41 0.15144506 0.15950237 0.61162627 0.42565152 0.01865409128367901
41 0.8860074 0.7127467 1.        0.9744032 0.018628409132361412
37 0.16090688 0.         1.         0.3177199  0.018622109666466713
19 0.         0.         0.19449934 0.2734252  0.018602492287755013
24 0.2394697  0.03271955 0.8260881  0.5431723  0.018523002043366432
35 0.22550721 0.38917482 0.5994655  0.9027096  0.01844855584204197
24 0.02453172 0.02351386 0.30455518 0.14987141 0.018337082117795944
36 0.25101864 0.04914561 0.73604757 0.8917199  0.018287237733602524
1 0.14156784 0.80516297 0.6965637  0.9999278  0.01824379712343216
41 0.33602488 0.09709544 0.65605724 0.24292707 0.018203992396593094
41 0.01389694 0.849368   0.14881904 1.         0.017978930845856667
21 0.36071488 0.35556316 0.65095335 0.8863185  0.01796180009841919
21 0.2708959  0.75217885 0.964414   1.         0.017880454659461975
5 0.         0.27747148 0.64866406 1.         0.01756342500448227
21 0.32060692 0.35841382 0.90441155 0.83826447 0.017515677958726883
33 0.26494613 0.2853002  0.75268215 0.6965068  0.017390351742506027
25 0.         0.31261373 0.47525686 0.8492778  0.01738789677619934
5 0.13292234 0.22030373 0.81594026 0.5922221  0.017293531447649002
5 0.         0.21524845 0.98139155 0.9223074  0.017265062779188156
25 0.         0.27355972 0.9890506  0.81028825 0.017196888104081154
41 0.29199544 0.3420479  0.69615877 0.69902545 0.017024369910359383
35 0.12001376 0.33393714 0.9328895  0.9057447  0.016977565363049507
33 0.28458995 0.37541753 0.9366518  0.92740196 0.016879115253686905
22 0.         0.17572586 1.         0.8831728  0.016744358465075493
10 0.10952337 0.857912   0.5048607  0.98320454 0.016733163967728615
25 0.18326107 0.2945614  0.747956   0.57581747 0.01655895821750164
36 0.14756785 0.03316829 0.89523023 0.58559763 0.01648605242371559
34 0.24980205 0.09105652 0.68410414 0.6654453  0.016409939154982567
29 0.3954553  0.4547394  0.61510116 0.99898726 0.016363907605409622
35 0.         0.42300966 0.64516026 0.88441116 0.01635829173028469
43 0.65254116 0.         0.9805381  0.16129518 0.016329627484083176
27 0.81759584 0.42013243 1.         0.97626233 0.016317550092935562
24 0.         0.52977806 1.         0.9784963  0.016281332820653915
25 0.         0.23420823 0.9203235  0.5993638  0.016240175813436508
34 0.24723995 0.42954966 0.9930182  0.70755565 0.01620403490960598
5 0.17655526 0.         0.9169046  0.6384958  0.01615970954298973
10 0.21109012 0.14656794 0.6494667  0.7776665  0.016126520931720734
1 0.         0.384183   0.36945197 0.95911825 0.016118474304676056
25 0.0707752  0.17962296 0.67897373 0.42025518 0.016107849776744843
24 0.         0.47952512 0.19791508 0.96266073 0.01610497385263443
10 0.24517848 0.4569221  0.98900414 1.         0.016083089634776115
25 0.26310155 0.15046355 0.690498   0.5608259  0.016017863526940346
28 0.         0.12623715 0.40808254 0.75740147 0.01597786322236061
41 0.02749412 0.8967819  0.20432048 0.9998563  0.015956470742821693
25 0.         0.42729935 1.         0.7483397  0.015807513147592545
24 0.55452937 0.01675275 0.8926544  0.19885843 0.01574558950960636
29 0.24025401 0.         1.         0.56959903 0.015706565231084824
34 0.06456599 0.02016922 1.         0.26086387 0.01564682461321354
16 0.14845842 0.07601729 0.5619378  0.46411324 0.015642954036593437
34 0.         0.44350958 0.6782827  0.84816563 0.01558384858071804
20 0.17866331 0.0685665  0.7800206  0.4737312  0.015558627434074879
16 0.3296552 0.1803659 0.5764988 0.5748696 0.015503810718655586
21 0.04932836 0.44968945 0.526582   0.88625    0.015500828623771667
28 0.         0.04116674 0.78976756 0.22889003 0.015459952875971794
6 0.0148976  0.00325045 0.42337158 0.57610464 0.015457076020538807
38 0.6742808  0.32695195 0.99434936 0.6271001  0.015436655841767788
33 0.31738275 0.39606553 0.6219114  0.9155642  0.015412908978760242
18 0.0220659  0.8262962  0.09200141 0.989326   0.015375095419585705
41 0.02118825 0.48241726 0.6705417  0.8831791  0.015365869738161564
24 0.6824076  0.02187142 0.96141094 0.22684036 0.01533572468906641
24 0.         0.31046    0.86040944 0.7312389  0.01522782538086176
7 0.        0.        0.7625054 0.8864566 0.015064316801726818
27 0.         0.57527006 0.8210067  0.9826028  0.014985042624175549
34 0.10153371 0.17511098 1.         0.6649035  0.014984234236180782
41 0.014476   0.804759   0.10726682 1.         0.014933557249605656
34 0.650341   0.00549516 0.97736573 0.18811855 0.014843890443444252
24 0.4026328 0.4117215 0.7566236 1.        0.01481547113507986
25 0.06048681 0.30579478 0.83291835 0.49486923 0.014686832204461098
1 0.8621158 0.6779685 0.9980824 1.        0.014626518823206425
1 0.09497126 0.         1.         0.7650555  0.014579927548766136
27 0.24555784 0.04604572 0.9237702  0.39548352 0.014563428238034248
20 0.26700857 0.13483365 0.6390446  0.46703148 0.014556895941495895
13 0.24124429 0.         0.62754816 0.5331577  0.014543783850967884
24 0.        0.6081174 0.7016545 0.9999997 0.014526564627885818
16 0.17910802 0.1188149  0.7170115  0.55037856 0.014494146220386028
36 0.385321   0.21957594 0.68414855 0.86288667 0.014444415457546711
25 0.         0.10339437 0.73446363 0.40124354 0.014376099221408367
25 0.07832543 0.36451483 0.53996474 0.61625487 0.014361281879246235
13 0.31059217 0.35864827 0.64612293 0.74232435 0.014242292381823063
14 0.7118658  0.         0.9834672  0.46472815 0.014202800579369068
41 0.40708637 0.13111831 0.73118544 0.4407103  0.014181850478053093
10 0.0787042  0.77976227 0.7811567  0.9907848  0.014179417863488197
36 0.23130758 0.21625939 0.8700925  0.773153   0.014078124426305294
34 0.28364456 0.01507556 1.         0.4637661  0.014058854430913925
16 0.25118354 0.35158932 0.731249   0.6975731  0.014054713770747185
36 0.28085658 0.26514262 0.61885595 0.82428527 0.014044208452105522
33 0.18757474 0.33176637 0.91063845 0.67094076 0.013922222889959812
27 0.        0.        1.        0.2987529 0.01384325698018074
41 0.2614327  0.2762779  0.5609878  0.70708346 0.013841423206031322
38 0.3674526  0.14309433 1.         0.60604477 0.013783341273665428
36 0.40557873 0.17694212 0.9548921  0.8969132  0.013770014978945255
1 0.36510193 0.6490759  1.         0.9989444  0.013663746416568756
29 0.35432732 0.29961005 0.89778435 0.81553644 0.01356508582830429
27 0.64678085 0.5038206  1.         0.7921735  0.013508928939700127
5 0.13376617 0.22233148 0.6204449  0.76685506 0.013504953123629093
20 0.32673556 0.03716937 0.9996091  0.1657473  0.01349807158112526
25 0.         0.         0.79454833 0.5175465  0.013446630910038948
27 0.         0.54612553 0.31409502 0.8144387  0.013383968733251095
27 0.19548866 0.25013694 0.84062624 0.5617939  0.013381621800363064
38 0.02974398 0.01825943 0.5331012  0.24969274 0.013325976207852364
16 0.33448127 0.10611926 0.8476032  0.596308   0.013324161060154438
1 0.03775036 0.7918099  0.33852452 0.98665226 0.013190026395022869
24 0.12226703 0.03990187 0.76846933 0.4027439  0.013186642900109291
27 0.7522106 0.2932656 0.9661498 0.6936468 0.01315410528331995
