24 0.38500795 0.52946055 0.7980804  0.86697215 0.621843159198761
24 0.54486746 0.514951   0.9110075  0.8645133  0.4994209110736847
24 0.3301662 0.4912465 0.7370633 0.8042328 0.4547681212425232
24 0.44671664 0.5762875  1.         0.8839825  0.4194464087486267
24 0.7144569  0.49855542 0.9764438  0.84602827 0.38290372490882874
24 0.80576545 0.5239259  0.9799807  0.91382325 0.3064388036727905
24 0.4193278  0.64098257 0.66983503 0.9181414  0.2931287884712219
24 0.46851066 0.3992337  0.9967657  0.86984    0.2766464054584503
24 0.6245661  0.4971923  0.9659885  0.93057466 0.26943233609199524
24 0.6335251  0.23399    0.96231395 0.9231892  0.22342337667942047
24 0.36212912 0.6504494  0.6055135  0.9013207  0.21803779900074005
27 0.0015814 0.2745163 0.7878995 0.9006707 0.20588228106498718
24 0.36696944 0.16125211 0.9259902  0.86276865 0.20282527804374695
38 0.05710414 0.32092354 1.         0.9213619  0.19474460184574127
38 0.21106684 0.5285156  1.         0.9108999  0.19094477593898773
24 0.30842638 0.40345657 0.86166954 0.8738829  0.18808189034461975
24 0.48765454 0.64686334 0.7412015  0.93193644 0.17911091446876526
24 0.28105164 0.5544277  0.94417644 0.8754272  0.1692177951335907
24 0.29083502 0.5963937  0.7344769  0.8573921  0.16108275949954987
38 0.2966115  0.49039963 0.92884994 0.86560404 0.14014028012752533
27 0.08989166 0.5073044  0.62204564 0.9427583  0.13540008664131165
38 0.45509237 0.26833764 1.         0.8435984  0.12535855174064636
38 0.76474226 0.50143075 1.         0.8817353  0.11461947858333588
1 0.03588359 0.34871083 0.3251964  0.6622051  0.09737015515565872
38 0.49501088 0.47760108 1.         0.8363276  0.09553327411413193
27 0.14728269 0.05131673 0.89902115 0.9596376  0.09529849886894226
38 0.01490896 0.39524838 0.3327364  0.6276809  0.09520605206489563
15 0.         0.32804328 0.299531   0.6230914  0.09055382013320923
19 0.         0.33819073 0.27726182 0.6226285  0.08881588280200958
24 0.24389674 0.49347067 0.6374892  0.83325684 0.08685161173343658
19 0.06163676 0.283133   0.8709024  1.         0.07653135061264038
24 0.8343287  0.02192226 0.99441457 0.30559778 0.07624083757400513
24 0.7013265  0.23068538 0.9853467  0.52754724 0.07522174715995789
27 0.10297727 0.46706432 0.8234365  1.         0.07425271719694138
38 0.5666605  0.04169782 1.         0.7693225  0.0715811625123024
27 0.         0.3068005  0.3218927  0.63354146 0.07030929625034332
18 0.00392678 0.9051934  0.04016304 0.9964041  0.07003726065158844
24 0.5753463  0.6425646  0.8338907  0.93971527 0.06912154704332352
38 0.23602715 0.6004386  0.868218   0.9360371  0.06786708533763885
24 0.8799359  0.03699241 0.9934595  0.24624428 0.06680390983819962
24 0.7926805  0.3644872  0.97140366 0.7916488  0.06522517651319504
24 0.9333399 0.9334904 0.9961367 1.        0.06346786767244339
24 0.94964266 0.9080096  0.99670404 1.         0.06300190091133118
24 0.04608347 0.3477963  0.31052846 0.6325831  0.06252914667129517
38 0.0117878 0.3355565 0.7202927 0.8067353 0.062331102788448334
18 0.00456872 0.9295929  0.05716648 0.9963233  0.06221991404891014
24 0.9514435  0.00325911 0.99915224 0.07906627 0.061901457607746124
19 0.14229807 0.384419   0.7298559  1.         0.06138546019792557
24 0.9136779  0.94818187 0.99464834 1.         0.06137625128030777
18 0.00509828 0.9447444  0.08149911 0.9970922  0.05977374687790871
43 0.1545039 0.        0.8325044 1.        0.05948447808623314
24 0.84097886 0.03861243 0.9974214  0.18847439 0.05921098217368126
24 0.8835266  0.8803781  0.9936794  0.99985546 0.05879761651158333
10 0.04560979 0.20614788 0.5494018  0.89148563 0.05857925862073898
24 0.69915617 0.12172738 0.9811901  0.43675548 0.0581783689558506
27 0.66350937 0.1935357  0.9475545  0.54480004 0.057772088795900345
41 0.020726   0.9122509  0.24101639 1.         0.05726882070302963
41 0.01246845 0.9131946  0.15845826 1.         0.056508708745241165
24 0.84279126 0.91248596 0.99365836 0.99948406 0.05603189021348953
18 0.00544874 0.         0.0406173  0.07252853 0.055940136313438416
18 0.00727879 0.81555945 0.08131842 0.99213547 0.05566555634140968
43 0.06646385 0.19519237 0.9070276  0.9205043  0.05450964346528053
24 0.643961   0.6532499  0.9112507  0.93485403 0.05408819392323494
19 0.01621419 0.2949895  0.77917194 0.8548237  0.053821977227926254
24 0.9122464  0.00594138 0.9977697  0.15311255 0.05292002484202385
24 0.846262   0.6742362  0.9844939  0.97633225 0.052750397473573685
27 0.5521165  0.         0.96545535 0.4242576  0.05220545455813408
27 0.24682479 0.5037683  0.7610203  0.9410554  0.05165192857384682
24 0.73276806 0.6675827  0.97927725 0.94341016 0.05120132490992546
24 0.9356537  0.00405809 1.         0.05313227 0.051040422171354294
24 0.84264964 0.8578776  0.99210095 0.99782455 0.050975482910871506
18 0.00795336 0.86303955 0.11141014 0.9943555  0.050958987325429916
41 0.00674952 0.8344235  0.15747918 0.9918732  0.05077464133501053
27 0.         0.1686474  0.893244   0.73396415 0.0496048629283905
18 0.01167441 0.90005046 0.15924421 0.99541223 0.04855452850461006
41 0.00628205 0.88042015 0.11137861 1.         0.04849806800484657
27 0.        0.        0.740147  0.9107919 0.04838215932250023
14 0.8439002  0.02113311 0.98930395 0.18863451 0.04814421385526657
18 0.00920453 0.68545616 0.11441083 0.9290512  0.04686570167541504
24 0.16830552 0.28359747 0.87711716 0.7513555  0.046634163707494736
24 0.91163385 0.8322172  0.9948164  1.         0.04662325605750084
41 0.00491095 0.8365283  0.08127058 1.         0.04656120762228966
41 0.00767117 0.9340043  0.08710678 1.         0.0461178682744503
24 0.11775823 0.15149908 0.7106572  0.89169925 0.04610785096883774
14 0.8836903  0.01576369 0.9914304  0.25227514 0.04592522233724594
25 0.66413504 0.9533821  0.8251039  0.9990665  0.04574471712112427
27 0.6096216  0.07663437 0.9379584  0.9445754  0.04559357464313507
24 0.91708785 0.00308717 1.         0.03767349 0.04555149003863335
14 0.8392506  0.9075995  0.99923086 0.99898744 0.04524931311607361
24 0.91655123 0.00466869 0.9989831  0.06557655 0.0445885956287384
27 0.2255303  0.272313   0.9198414  0.82310945 0.044011905789375305
10 0.07481735 0.         0.8215407  0.4274122  0.04360372573137283
18 0.00792646 0.         0.05701498 0.05149312 0.04337044432759285
18 0.01422138 0.80478287 0.15944783 0.9770811  0.043089427053928375
41 0.00472601 0.9333769  0.05720836 1.         0.042520493268966675
41 0.00273251 0.91119254 0.04012328 1.         0.042288560420274734
14 0.84094936 0.84885484 0.99507254 1.         0.04228576272726059
14 0.88170654 0.8744908  0.9969285  1.         0.04215246066451073
18 0.01802081 0.896719   0.24522759 0.9955929  0.04171748086810112
28 0.8333064 0.90392   1.        0.9970373 0.04170844703912735
19 0.15846467 0.52623343 0.5694113  0.9910881  0.04129306226968765
41 0.00147607 0.7786723  0.15937439 0.9403001  0.04125376045703888
32 0.0093473  0.94337904 0.08594126 0.9987703  0.04122732952237129
38 0.67998314 0.2344014  1.         0.53173125 0.040455758571624756
14 0.84123886 0.         0.99134725 0.31932288 0.040163055062294006
41 0.00629545 0.14368194 0.15595253 0.29423347 0.04001167044043541
43 0.17537515 0.43043324 0.65763146 0.9109426  0.03962333872914314
18 0.02710032 0.         0.16473378 0.07335959 0.039461079984903336
27 0.2090369  0.3870579  0.708229   0.87255436 0.0392397940158844
14 0.931619   0.93350434 0.9997283  1.         0.03881322592496872
25 0.60899615 0.95297384 0.77173704 0.9991547  0.0387827530503273
24 0.8845704  0.00826619 0.998743   0.10887369 0.03874708339571953
1 0.03513121 0.0353683  0.31883597 0.74481344 0.03859936445951462
24 0.84380186 0.00810946 1.         0.13226958 0.038516655564308167
41 1.72290805e-04 7.20450282e-01 1.14745334e-01 9.50677395e-01 0.038500770926475525
18 0.0152954  0.7503037  0.16043803 0.92610496 0.03820670768618584
25 0.7128688 0.9400548 0.8306787 0.9979643 0.038126539438962936
38 0.2751403  0.65993613 1.         0.93627363 0.03795051574707031
28 0.9490555  0.9065012  1.         0.99610484 0.037739429622888565
41 0.00866154 0.09097455 0.15602139 0.24125487 0.037436600774526596
28 0.87646294 0.86958915 1.         0.9957102  0.03712538257241249
24 0.4974343  0.26504225 0.9918397  0.7036386  0.03712428733706474
28 0.93167555 0.92955506 1.         0.99708724 0.0370720773935318
32 0.00567376 0.9273927  0.06002369 0.9984179  0.03686678037047386
32 0.00319117 0.9021265  0.0423325  1.         0.036836788058280945
27 0.6550317  0.08784126 0.9581121  0.44276217 0.03664224594831467
14 0.8840316  0.         0.9937744  0.16722822 0.0362451896071434
43 0.18541802 0.01808505 0.81704116 0.56951916 0.03622526675462723
24 0.7756165  0.8817969  0.98129064 0.9958287  0.0358256958425045
18 0.01384399 0.69749945 0.16044435 0.8731781  0.035604819655418396
35 0.74431527 0.9308156  0.85859805 0.9958001  0.035595331341028214
19 0.         0.30612436 0.36154154 0.90497035 0.03544355556368828
19 0.02653936 0.27733526 0.58352154 1.         0.03536299243569374
41 0.00413981 0.05993688 0.11271201 0.27959767 0.03531143441796303
41 0.00107318 0.725316   0.15989685 0.8880926  0.03523978590965271
14 0.9487641  0.9083731  0.99909484 1.         0.03516266867518425
14 0.74400216 0.90699935 1.         0.99603456 0.03515781834721565
8 0.15365036 0.27227664 0.56801516 0.9291791  0.03498567268252373
24 0.7748007  0.01563933 0.99871725 0.21941721 0.03487410768866539
10 0.         0.37159935 0.50901055 0.97643936 0.034851815551519394
18 0.01029706 0.         0.0811275  0.14249685 0.03481058031320572
38 0.5933125  0.00976828 1.         0.3860867  0.03480684757232666
26 0.00346456 0.90623903 0.03852291 0.99948674 0.034804198890924454
24 0.62296164 0.         1.         0.4526532  0.03463055565953255
41 0.01677981 0.02208182 0.3257071  0.31634635 0.0345696322619915
18 0.00726307 0.6286253  0.08122355 0.9761082  0.03409088775515556
24 0.8013989  0.9357012  0.9064486  0.99673355 0.033487558364868164
25 0.65889066 0.9393286  0.77730465 0.9982101  0.0334678515791893
25 0.7661763 0.9400041 0.8846094 0.9979999 0.033446054905653
24 0.13933742 0.36753005 0.6311114  0.8612599  0.03326963633298874
27 0.4440561  0.27346358 0.8850518  1.         0.033218417316675186
19 0.49232432 0.01518094 0.9218845  0.47233197 0.03286801278591156
31 0.93370944 0.9254788  1.         0.9948949  0.032622743397951126
14 0.8042843  0.9304414  0.9125458  0.99715143 0.03260049596428871
24 0.8450799  0.00524665 1.         0.07659966 0.032382458448410034
41 0.06915011 0.08746517 0.7893642  0.41790894 0.032363712787628174
10 0.30840445 0.         0.8966374  0.44407517 0.03232071176171303
32 0.01099885 0.866538   0.11764767 1.         0.03193700686097145
14 0.9127528 0.8291668 0.9967101 1.        0.031863849610090256
41 0.00340786 0.6970507  0.15946859 1.         0.031649667769670486
26 0.00727534 0.9470864  0.07817684 0.99853396 0.031620439141988754
32 0.01950459 0.90359336 0.16852863 1.         0.03160139545798302
10 0.21302485 0.0119931  0.7917933  0.8916414  0.030971189960837364
18 0.014344   0.         0.0791062  0.03747961 0.030830664560198784
35 0.69058746 0.9304054  0.80517364 0.9956679  0.0307044368237257
17 0.31495464 0.02091083 0.6801622  0.23587464 0.030626242980360985
26 0.00508283 0.9310775  0.05526783 0.99779505 0.03046688437461853
35 0.8000831  0.93139225 0.912268   0.996851   0.030417202040553093
27 0.40321934 0.         0.94812226 0.55045956 0.030138015747070312
10 0.12809113 0.2597521  0.8423401  0.8736998  0.03009268082678318
32 0.00786976 0.81832814 0.08550561 1.         0.030075348913669586
28 0.8380972  0.03308311 1.         0.18581282 0.030009204521775246
10 0.         0.35642302 0.28699255 0.6360754  0.029882289469242096
38 0.8323073 0.9081052 1.        0.9948512 0.029852937906980515
18 0.01114793 0.6342331  0.16087122 0.9839276  0.029578113928437233
16 0.01338797 0.36003816 0.22516729 0.5853329  0.029433663934469223
24 0.7668434  0.05453162 0.9862196  0.47411582 0.02897508628666401
38 0.92733544 0.93053114 1.         0.99744153 0.028958570212125778
38 0.14529397 0.4907189  0.7308132  0.8423829  0.028867006301879883
42 0.00526845 0.9440447  0.08147976 0.99833405 0.028843026608228683
14 0.94981915 0.         0.9975688  0.08156003 0.02869279496371746
31 0.9491093 0.8986852 1.        0.9951171 0.028639625757932663
28 0.877599   0.03130379 1.         0.24247666 0.028512228280305862
10 0.94691724 0.         0.9973075  0.08291991 0.028489837422966957
18 0.02713239 0.         0.3230031  0.15024462 0.028468914330005646
28 0.8308333  0.8421745  1.         0.99515426 0.028458621352910995
28 0.83236796 0.01918364 1.         0.30090934 0.02843846194446087
26 0.007222  0.8345537 0.0790069 1.        0.028326084837317467
42 0.00263131 0.90700066 0.04068433 1.         0.028230197727680206
35 0.6723877  0.94499576 0.82739186 0.99691063 0.028123052790760994
24 0.04029755 0.2359841  0.31301823 0.5227704  0.028119409456849098
35 0.8353155  0.         1.         0.07559612 0.028041351586580276
38 0.9442933  0.90516645 1.         0.9961373  0.028000304475426674
10 0.93060946 0.93317896 0.9981288  1.         0.02792348898947239
27 0.41054863 0.51439923 0.8595965  0.98046094 0.027854224666953087
28 0.7283223  0.90372986 1.         0.99501795 0.027815569192171097
18 0.01617315 0.         0.1170013  0.10173403 0.027792926877737045
27 0.         0.2547652  0.54255474 0.9715174  0.02729172259569168
41 0.00537174 0.01814228 0.16043016 0.30526206 0.02727084420621395
18 0.00917493 0.01226088 0.11923592 0.25860646 0.02719186246395111
38 0.6607677  0.12387934 1.         0.42958656 0.027092725038528442
14 0.75134575 0.93143    0.85929245 0.99683666 0.026963727548718452
6 0.03167552 0.3523108  0.32569084 0.68178314 0.026869136840105057
31 0.949577   0.         1.         0.07743515 0.026851652190089226
14 0.91560143 0.         0.99634016 0.06892294 0.02684982493519783
31 0.91346854 0.         1.         0.15135057 0.02683292143046856
10 0.927764   0.         0.9969079  0.05676694 0.026707898825407028
35 0.09065237 0.39197314 0.687358   0.94080937 0.02663593925535679
24 0.19397327 0.63936913 0.82713544 0.90969586 0.026602694764733315
41 0.00251013 0.6778543  0.0813742  1.         0.026556160300970078
41 0.0012632  0.00165286 0.0401363  0.08539554 0.026541931554675102
41 0.06721324 0.9100559  0.35248113 1.         0.026539864018559456
25 0.5549707  0.95239186 0.716639   0.9993794  0.026429789140820503
42 0.00421129 0.9298936  0.05776949 0.9986137  0.026418855413794518
27 0.60079825 0.3159082  0.90832675 1.         0.026156777516007423
38 0.31632635 0.6710084  0.77178544 0.9548039  0.026136299595236778
41 0.33575585 0.01359994 0.7804719  0.21541609 0.026003887876868248
38 0.8029287 0.9347596 0.9178235 0.9963803 0.025978026911616325
18 0.12424678 0.         0.8591677  0.4351962  0.025871416553854942
32 0.0318618  0.90184706 0.2588685  1.         0.025869669392704964
26 0.00786683 0.87989414 0.10796064 0.99830353 0.02582942508161068
10 0.94818527 0.90993077 0.99778426 1.         0.02575300820171833
24 0.25054926 0.6662569  1.         0.9301164  0.025612441822886467
20 0.67458934 0.947982   0.8260722  0.9962783  0.025346212089061737
31 0.8460429  0.90049535 1.         0.99580276 0.025296591222286224
24 0.6858321  0.02781275 0.98716974 0.6088715  0.025254826992750168
25 9.487597e-01 9.897168e-04 1.000000e+00 7.142763e-02 0.025029893964529037
10 0.82791895 0.         0.9945509  0.08108313 0.024984965100884438
38 0.9444947  0.         0.99980235 0.07058715 0.024834532290697098
27 0.9345032  0.9325773  0.9955441  0.99542505 0.024806128814816475
43 0.12570745 0.00469971 0.6364212  0.952358   0.024771176278591156
32 0.00289439 0.         0.04130918 0.08040492 0.02474946342408657
35 0.         0.28157303 0.6329287  0.84423256 0.024706274271011353
8 0.21703723 0.22981408 0.8501218  0.91733795 0.024702709168195724
41 0.15467252 0.0084371  0.8017169  0.16201185 0.024664510041475296
26 0.00266398 0.         0.03984489 0.07886982 0.024605469778180122
35 0.8382109  0.         1.         0.12916225 0.02451418712735176
24 0.74795187 0.93588513 0.8554808  0.99695486 0.0245014950633049
24 0.16460714 0.16107598 1.         0.6040735  0.024489203467965126
24 0.22857499 0.06500193 0.9110968  0.50094277 0.02448548935353756
25 0.8348659  0.04172804 1.         0.17998518 0.02443101443350315
14 0.8448586  0.         0.9961062  0.07960874 0.02432425692677498
28 0.90742564 0.8200761  1.         0.9935305  0.024240823462605476
35 0.9471886  0.         1.         0.07794616 0.023850062862038612
19 0.0382605  0.11276353 0.91982424 0.50699764 0.023566100746393204
41 0.02005685 0.01290477 0.2356956  0.22349209 0.023550361394882202
20 0.62026674 0.94807976 0.77126896 0.99594617 0.023448234423995018
35 0.14235982 0.20832339 0.85478586 0.9580891  0.023445485159754753
26 0.01160611 0.9128419  0.15393299 0.9971738  0.023418935015797615
14 0.7243271  0.93211746 0.8326947  0.99665946 0.023404404520988464
27 0.79512215 0.9314225  0.90060425 0.99658906 0.023360148072242737
27 0.83713007 0.9100113  0.98149437 0.99434054 0.02333277277648449
28 0.7950814  0.9298491  0.91673034 0.99712586 0.023313838988542557
28 0.839263   0.00507094 1.         0.12841637 0.023224372416734695
10 0.         0.04628075 0.3238536  0.7894111  0.023142144083976746
41 0.03195189 0.00749432 0.33364376 0.16118243 0.023131640627980232
10 0.90580374 0.         0.99571854 0.04088775 0.023105645552277565
24 0.8083778  0.83861953 0.9543717  0.990264   0.023081574589014053
27 0.9141523  0.9473226  0.99200857 0.9963753  0.023008111864328384
25 0.8355423  0.00736473 1.         0.12554207 0.02293781004846096
17 0.00247098 0.84073466 0.06568593 0.9970091  0.02290540188550949
20 0.69290113 0.9329584  0.8038327  0.9946489  0.022886818274855614
28 0.9109006  0.00755898 1.         0.14736909 0.02287118136882782
38 0.8718529 0.8741128 1.        0.9926825 0.022808101028203964
25 0.908553   0.00986484 1.         0.1399676  0.02277257852256298
41 0.29883084 0.06392835 0.916167   0.39948964 0.022744929417967796
41 0.00211313 0.3914295  0.270038   0.60947263 0.022573523223400116
28 0.         0.3894766  1.         0.86297244 0.022497856989502907
18 0.02164156 0.7131512  0.23179676 0.9919338  0.022493526339530945
20 0.11371338 0.2957855  0.90564823 0.8158271  0.02248728834092617
14 0.7782961 0.        0.9860753 0.2284052 0.022472912445664406
6 0.6625697  0.94546473 0.82946444 1.         0.022446833550930023
17 0.00108516 0.9114441  0.032538   0.9970543  0.022392112761735916
27 8.2231826e-01 8.9391076e-05 9.8605341e-01 6.9006510e-02 0.022371506318449974
31 0.8820152  0.00891949 1.         0.24504696 0.022338176146149635
41 0.01736348 0.77697104 0.23007233 1.         0.022102229297161102
6 0.7427276  0.93019515 0.86048436 0.9999522  0.02207619696855545
15 0.         0.26215333 0.40373653 0.9380231  0.02203010767698288
38 0.83246756 0.00199564 1.         0.12138408 0.021964391693472862
35 0.92931277 0.00127845 1.         0.05306169 0.021887147799134254
31 0.8857242  0.8651035  1.         0.99436945 0.0218649934977293
24 0.4167978  0.04733353 1.         0.57027704 0.021837564185261726
28 0.9494951  0.00618809 1.         0.07478446 0.021812280640006065
16 0.02154147 0.4013227  0.20639722 0.6408361  0.021739177405834198
41 0.00399908 0.0072879  0.07948021 0.16370942 0.02168281003832817
41 0.         0.15176402 0.4188212  0.56721526 0.021597962826490402
14 0.67957544 0.9478159  0.8281109  0.99692535 0.021547969430685043
25 0.9299287  0.00191868 1.         0.04963006 0.021540874615311623
27 0.82610273 0.         0.98469263 0.11637299 0.021471278741955757
35 9.1007990e-01 9.6132915e-04 1.0000000e+00 3.8285982e-02 0.02146274223923683
25 0.         0.2810602  0.34864345 0.57332224 0.021460529416799545
24 0.6584967  0.9143125  0.94902384 0.99698603 0.021460240706801414
36 0.19179149 0.3303262  0.66499084 0.82276833 0.021424273028969765
25 0.6050167  0.93847525 0.7226974  0.9987151  0.021374469622969627
20 0.74804646 0.9328011  0.8579513  0.9949614  0.021350925788283348
27 0.9514081 0.9066005 0.997652  0.994108  0.021275654435157776
24 0.7229393  0.88244283 0.9322023  0.9940436  0.021195586770772934
38 0.81526077 0.01049159 1.         0.28801173 0.021193668246269226
32 0.0149201  0.8142558  0.16614269 0.9928738  0.02119266241788864
24 0.67702276 0.9504996  0.82083786 0.99795645 0.02116956189274788
