21 0.         0.2020632  0.5240563  0.38198468 0.32248571515083313
21 0.         0.17845179 0.31582204 0.4992271  0.28095775842666626
10 0.         0.2270076  0.49810293 0.49551153 0.26125264167785645
21 0.3208703  0.1494601  0.8186033  0.45391527 0.24956770241260529
1 0.1512516  0.21478526 0.7871265  0.57485205 0.24074018001556396
6 0.62639374 0.4589972  1.         0.816785   0.1933819055557251
21 0.         0.12250276 0.8432561  0.4216148  0.14556144177913666
21 0.02987933 0.20573138 0.7709021  0.41541103 0.08433108031749725
10 0.         0.19936451 0.7667092  0.46117097 0.07873795181512833
41 0.         0.23946114 0.51842004 0.51340425 0.0684640035033226
21 0.         0.13674092 0.48921308 0.43091905 0.06345898658037186
1 0.0809712 0.0956542 0.7159781 0.6593672 0.05919467285275459
41 0.35834405 0.22794719 1.         0.45733103 0.057465698570013046
1 0.26184526 0.2321811  0.9975039  0.5383106  0.05725814774632454
7 0.31353867 0.22494838 0.9669578  0.5454441  0.055619869381189346
7 0.         0.12579611 1.         0.59209627 0.05505167692899704
7 0.01695038 0.18305288 0.9327954  0.7176108  0.05345642939209938
40 0.         0.14952901 0.6892122  0.6470135  0.04969235509634018
14 0.08837052 0.         0.3163979  0.10286514 0.04951302334666252
24 0.20663142 0.66948676 0.5103955  0.8140484  0.04875316470861435
1 0.15076193 0.13778768 1.         0.7364015  0.0474129281938076
24 0.28847706 0.64930683 0.52095217 0.8457609  0.045425303280353546
21 0.06744874 0.16735773 0.7800821  0.56822073 0.04346078261733055
10 0.17438255 0.19048575 0.99037886 0.450312   0.0427214615046978
24 0.23851988 0.6442895  0.5419935  0.7841408  0.0393078587949276
40 0.         0.15201974 1.         0.8338994  0.03810219466686249
6 1.8938704e-01 3.0477525e-04 4.4496390e-01 1.2138807e-01 0.037609297782182693
24 0.23768917 0.6413057  0.46673834 0.84036446 0.035507358610630035
14 0.00873361 0.         0.29998446 0.13985011 0.03451680764555931
40 0.         0.04824499 1.         0.65328777 0.03448685258626938
1 0.         0.00555715 0.75237715 0.5210195  0.03443647176027298
1 0.15945074 0.06889145 1.         0.9771037  0.03430523723363876
6 0.08607517 0.00183901 0.3216891  0.1205707  0.03417287394404411
14 0.1479432  0.         0.36919346 0.10217486 0.031245119869709015
27 0.18832713 0.66204447 0.49453402 0.8165196  0.030879829078912735
21 0.00996596 0.23403771 0.42785904 0.5323125  0.0307158250361681
41 0.13935478 0.25115722 0.96566784 0.47503626 0.029100308194756508
10 0.         0.1400544  0.38143316 0.562954   0.029011916369199753
14 0.00092346 0.         0.53543115 0.13911553 0.028723876923322678
41 0.         0.19964173 0.3854552  0.577435   0.02847975119948387
6 0.62569594 0.33606562 0.9804466  1.         0.027995264157652855
27 0.27064297 0.6281096  0.5015547  0.84651995 0.027684595435857773
14 0.21762757 0.         0.42540497 0.10763896 0.0275623369961977
24 0.21201092 0.6159931  0.51435286 0.7545991  0.027298646047711372
21 0.23630437 0.03453328 0.83741015 0.55630255 0.0271815937012434
14 0.01886555 0.         0.15654668 0.08071806 0.0266596507281065
7 0.40112418 0.15971182 0.9880509  0.8002443  0.025618664920330048
33 0.08548616 0.         0.3033963  0.11050209 0.025497151538729668
41 0.93991286 0.53897053 1.         0.64568037 0.02528155781328678
6 0.00429995 0.00535402 0.30137095 0.16223986 0.02496151253581047
21 0.         0.10192459 0.6111904  0.3648395  0.024905774742364883
24 0.11042832 0.7985739  0.5874233  0.9803065  0.024863693863153458
7 0.29805264 0.0683491  0.9223401  0.9403355  0.02482297644019127
41 0.94116926 0.5127403  1.         0.6156564  0.024126719683408737
25 0.        0.1468561 1.        0.5586554 0.023939240723848343
27 0.6076637 0.489078  0.9762537 0.7955702 0.02380870096385479
20 0.2279007  0.01448376 0.44321352 0.10250822 0.02278308756649494
21 0.         0.06248627 0.31328648 0.60705185 0.02263185940682888
38 0.60743743 0.5496572  1.         0.8673379  0.022434692829847336
38 0.         0.84986573 0.3292865  1.         0.02218102477490902
28 0.09653519 0.7917139  0.6119152  0.9806993  0.022135449573397636
24 0.0639119  0.29836017 0.60902035 0.46884015 0.022039635106921196
18 0.9284961 0.5194984 1.        0.6429165 0.021932492032647133
33 0.03094116 0.28429475 0.5157229  0.5184867  0.021610522642731667
10 0.35329688 0.21992153 1.         0.47124004 0.021538211032748222
35 0.19969791 0.67878604 0.5044975  0.81854767 0.021534642204642296
28 0.         0.8445184  0.32207432 0.98514867 0.021082045510411263
33 0.13031138 0.00127321 0.36908165 0.11075426 0.020936470478773117
6 0.         0.00345022 0.58974004 0.17376074 0.020887555554509163
6 0.09329356 0.00231263 0.41819784 0.08577202 0.020801378414034843
19 0.20496823 0.67939526 0.47089693 0.8332886  0.02055738866329193
6 0.47736946 0.46512565 1.         0.9807247  0.020434193313121796
38 0.06951261 0.79619485 0.640591   1.         0.01992965303361416
24 0.3694612  0.62824756 0.5994764  0.8187832  0.019781356677412987
21 0.         0.05746681 0.62016237 0.55214936 0.019669951871037483
24 0.64005476 0.51297575 0.97159994 0.7762131  0.019456390291452408
40 0.         0.11969846 0.74524415 0.9193594  0.01929241418838501
35 0.16765885 0.6495554  0.4830626  0.7934604  0.01883728802204132
24 0.21848027 0.29800442 0.6837006  0.44207293 0.018533656373620033
40 0.         0.09216235 0.79982626 0.503182   0.018303876742720604
16 0.08926226 0.01274002 0.31077844 0.10020981 0.018092269077897072
10 0.02596018 0.19093575 1.         0.6949388  0.018018843606114388
27 0.08333776 0.01037571 0.30835184 0.09833138 0.017851456999778748
19 0.22646478 0.65494394 0.5074778  0.8081016  0.017549024894833565
24 0.        0.8514833 0.6579064 0.9832    0.017494741827249527
10 0.00953765 0.15455452 0.40014762 0.75641805 0.01747075840830803
24 0.13316074 0.64381367 0.43102002 0.7831185  0.017279163002967834
25 0.         0.07815447 0.7356521  0.5292528  0.017230870202183723
21 0.3275506  0.01396399 0.85857534 0.4087245  0.01708180643618107
28 0.         0.84576684 0.6834725  0.9865784  0.01705344021320343
25 0.         0.15140255 0.6238212  0.6858803  0.017044493928551674
1 0.12755498 0.06715193 1.         0.49191836 0.016601353883743286
24 0.12613198 0.6586251  0.5768088  0.9724596  0.016416659578680992
38 0.5458679 0.5965833 1.        1.        0.016366951167583466
1 0.06308426 0.0352417  1.         0.6090097  0.016312552616000175
24 0.8771788  0.6529521  0.9989173  0.85307324 0.01630106382071972
25 0.14116369 0.6442712  0.51027775 0.79804236 0.016233593225479126
41 0.92281616 0.5529371  1.         0.6286865  0.016213061287999153
38 0.         0.84635234 0.71615    1.         0.016202770173549652
41 0.94178563 0.48783424 1.         0.5859814  0.016045434400439262
35 0.28609264 0.6507093  0.5132949  0.8511609  0.015864603221416473
1 0.62626886 0.46360648 0.99521303 0.78970855 0.015827756375074387
41 0.         0.21581483 1.         0.6054205  0.015706367790699005
33 0.5952257 0.4447784 1.        0.7185734 0.015689900144934654
43 0.24155919 0.641435   0.5354621  0.79947823 0.015605694614350796
20 0.16677442 0.01509494 0.3849815  0.10084856 0.015508628450334072
28 0.13399793 0.61912936 0.44867828 0.75179404 0.015461170114576817
28 0.15424043 0.65181696 0.47486478 0.7801787  0.015460950322449207
29 0.18468197 0.18271115 1.         0.63295746 0.015370839275419712
6 0.6843383  0.53044945 1.         0.904097   0.015318131074309349
38 0.13019137 0.67014164 0.4703598  0.82652205 0.015249052084982395
28 0.         0.7863775  0.38217023 0.9831931  0.015133224427700043
38 0.15707457 0.6424368  0.48996004 0.79333776 0.01491749007254839
33 0.1870341  0.0047184  0.43382657 0.11300419 0.014907054603099823
28 0.31682774 0.69839054 1.         0.98663557 0.014791875146329403
19 0.2836617  0.6529779  0.49988243 0.87152714 0.014779506251215935
7 0.22541697 0.10990148 0.9540242  0.6359934  0.014751005917787552
27 0.12246126 0.63469094 0.43588638 0.79736114 0.01469485554844141
24 0.18069614 0.59056467 0.4832692  0.73078877 0.014683818444609642
14 0.7202467  0.         0.9645336  0.14964718 0.014674835838377476
7 0.         0.23893283 0.564156   0.53293395 0.014636900275945663
14 0.01336443 0.         0.11175722 0.11195064 0.01463544461876154
33 0.39911637 0.25304988 1.         0.52885914 0.01448829285800457
16 0.6395927  0.50706875 0.90677226 0.74282223 0.014426675625145435
14 0.0064563  0.         0.03849404 0.08378529 0.014317994937300682
28 0.12826249 0.68305165 0.4472463  0.8105967  0.014131559990346432
41 0.937523  0.5635656 1.        0.6756234 0.013988473452627659
22 0.         0.         0.3151524  0.14659747 0.013970150612294674
25 0.10847962 0.00395083 0.49624115 0.5527763  0.013950035907328129
24 0.93407047 0.6220569  1.         0.7212242  0.013948262669146061
27 0.10246505 0.00573928 0.38495556 0.068795   0.013927572406828403
27 0.2029294 0.60359   0.4333668 0.8219849 0.013793617486953735
6 0.65299386 0.         1.         0.18258256 0.01379356998950243
27 0.24153687 0.64005005 0.5810264  0.79026014 0.013743092305958271
19 0.59713507 0.44749644 1.         0.80423677 0.01367771252989769
28 0.5336925  0.5852103  1.         0.99783593 0.013480065390467644
23 0.22910762 0.63555074 0.52873677 0.7971982  0.013464382849633694
25 0.5478186  0.5109806  0.97750163 0.75037247 0.013432602398097515
28 0.00194105 0.77762234 0.23253447 0.98287165 0.013413946144282818
18 0.9252503  0.46559307 0.99908775 0.59625965 0.013398653827607632
35 0.0986149  0.0054118  0.34267008 0.11091974 0.013332679867744446
20 0.63786376 0.5066211  0.94927126 0.75922406 0.013306640088558197
20 0.23154089 0.6193265  0.49803224 0.765084   0.013082128018140793
27 0.14182296 0.00908346 0.3648483  0.09777161 0.013079018332064152
36 0.6365445  0.47218928 0.9869505  0.8298867  0.013066751882433891
24 0.         0.85278517 0.3111037  0.98155975 0.013039861805737019
1 0.21093819 0.65133166 0.50343424 0.8030983  0.013028908520936966
25 0.07066296 0.00672319 0.30264446 0.09528355 0.013007651083171368
24 0.6518403 0.4637477 0.9978707 0.7182327 0.01296798512339592
18 0.9075104  0.5381033  0.99870324 0.62880164 0.012929261662065983
38 0.         0.9165847  0.15542126 0.9992857  0.012882916256785393
20 0.13080478 0.00964724 0.42482603 0.07233177 0.01287170685827732
24 0.2965697 0.5928045 0.5146275 0.7861657 0.012788096442818642
6 0.40032515 0.40624213 0.97299147 0.74647886 0.012746584601700306
8 0.18327717 0.6307818  0.4888944  0.79322404 0.012671537697315216
41 0.16526927 0.3268318  1.         0.5702722  0.012623602524399757
29 0.24793613 0.2688294  0.92985153 0.8212413  0.012535941787064075
10 0.         0.10964051 0.56152815 0.5921066  0.012496406212449074
22 0.0694324  0.         0.33384526 0.10338476 0.012455742806196213
25 0.24957418 0.63861936 0.5453262  0.8508933  0.01242193765938282
25 0.13949317 0.01217372 0.3587204  0.09740514 0.01239184383302927
41 0.        0.2591874 0.6733568 0.545671  0.012258796021342278
28 0.         0.9115728  0.15535639 0.991821   0.012210381217300892
20 0.10930853 0.01494715 0.32967326 0.10299458 0.012210045009851456
21 0.03162071 0.26863787 0.40620252 0.74109864 0.012175936251878738
24 0.24396949 0.59022343 0.4639415  0.7812443  0.012168248184025288
20 0.72300404 0.0149138  1.         0.13474418 0.012118133716285229
10 0.28930208 0.6259758  0.51858795 0.8535473  0.012059612199664116
14 0.17728904 0.64435256 0.48024732 0.81782526 0.011891968548297882
40 0.3469292  0.01756037 1.         0.93782717 0.01188717968761921
20 0.05914935 0.01769013 0.56332767 0.14043348 0.011854334734380245
38 0.         0.793593   0.40074798 1.         0.01181380357593298
7 0.         0.14307259 0.3788346  0.57052654 0.01180138811469078
1 0.14367042 0.         0.5489751  0.71299285 0.011796797625720501
6 0.6364499  0.37490907 0.99426556 0.7095268  0.01178998313844204
1 0.18256237 0.6194047  0.46902585 0.77342486 0.011743559502065182
10 0.2279713 0.6457987 0.5361154 0.7970735 0.011725764721632004
18 0.90850234 0.5653952  0.9967077  0.65384114 0.011723301373422146
38 0.19290355 0.01073841 0.45368472 0.1151365  0.011710024438798428
43 0.29303467 0.6242437  0.5130925  0.8560785  0.011675736866891384
28 0.877783   0.6471023  0.9971147  0.84915346 0.011674044653773308
14 0.8339907  0.         0.9704981  0.08306481 0.011653300374746323
27 0.18563391 0.61098504 0.50819063 0.76987886 0.011644050478935242
24 0.08441104 0.3239205  0.62969995 0.8295155  0.011578207835555077
19 0.12517232 0.64592713 0.39137137 0.8104167  0.011482484638690948
22 0.18480352 0.         0.45420793 0.10757446 0.011442570947110653
6 0.00123803 0.00429511 0.14458105 0.13156408 0.011432313360273838
19 0.15816215 0.7715491  0.5286914  1.         0.01129913330078125
28 0.2094229 0.6513032 0.4674431 0.8394626 0.011249572969973087
28 0.         0.8807546  0.11488982 0.9903168  0.011249463073909283
10 0.19684952 0.6705547  0.4994059  0.8229887  0.011174140498042107
34 0.03929435 0.         0.31252813 0.1033714  0.011042339727282524
25 0.59464085 0.19169892 1.         0.6752361  0.011032694950699806
14 0.0090987  0.         0.05387465 0.05988079 0.011008266359567642
25 0.         0.23077615 1.         0.740699   0.011006318032741547
14 0.8784958  0.         0.9775884  0.11386256 0.01097072847187519
43 0.28036526 0.6163241  0.5644972  0.7751009  0.010958635248243809
7 0.         0.13610685 0.564592   0.64596325 0.01091707218438387
24 0.29123822 0.59361666 0.5823769  0.7314078  0.010914400219917297
33 0.05456581 0.29870453 0.7875681  0.51398885 0.010897664353251457
41 0.92013633 0.57831407 1.         0.65802383 0.010890686884522438
21 0.06525014 0.24579361 0.5406027  0.5720755  0.010837544687092304
20 0.25891215 0.64732283 0.53494996 0.7933599  0.010824809782207012
35 0.19012682 0.61411905 0.5192761  0.7700756  0.010808691382408142
25 0.19623747 0.0160649  0.4186904  0.0975256  0.010755617171525955
38 0.8164943  0.00361872 1.         0.08409522 0.010627464391291142
38 0.21855007 0.63962084 0.4794747  0.8611613  0.010594288818538189
24 0.20391248 0.33031735 0.83337885 0.7397929  0.010567769408226013
1 0.00458867 0.         0.90007836 0.7173465  0.010550237260758877
40 0.27080235 0.10525045 1.         0.54998904 0.01054893434047699
33 0.59054977 0.21038897 1.         0.86693096 0.010526014491915703
7 0.5931563  0.12327703 0.9359082  1.         0.010516091249883175
25 0.1812391  0.61503816 0.46091026 0.830136   0.010472765192389488
38 0.099966   0.00667841 0.34808338 0.11276227 0.010446758940815926
38 0.         0.7912902  0.23903239 1.         0.010420558974146843
19 0.16439994 0.62131923 0.5461406  1.         0.010411519557237625
40 0.         0.12330674 0.43819097 0.6010587  0.010388639755547047
38 0.         0.8884703  0.11686478 0.9984247  0.010379303246736526
35 0.27702147 0.6451753  0.5901482  0.7908709  0.010340660810470581
40 0.21130224 0.62881523 0.54942405 0.7893976  0.010332075878977776
33 0.806629   0.006761   0.9832851  0.07836408 0.01027835812419653
38 0.13445887 0.6150554  0.455787   0.7614818  0.010260752402245998
7 0.0877331  0.22465831 0.6762606  0.56595284 0.010247708298265934
27 0.         0.00675495 0.28474644 0.13247696 0.010227146558463573
19 0.15240243 0.61946976 0.42814288 0.7843646  0.010222089476883411
28 4.5512200e-04 8.3970773e-01 8.4938303e-02 9.8844463e-01 0.010202694684267044
25 0.         0.18617706 0.5927175  0.48622182 0.010100586339831352
6 0.29362872 0.         0.993147   0.1718046  0.01007785089313984
1 0.28184557 0.65017325 0.50156575 0.87041026 0.010069041512906551
38 0.33010948 0.7052844  1.         1.         0.010037205182015896
33 0.00776998 0.         0.29610637 0.15425645 0.00998723041266203
28 0.6281155  0.5408889  1.         0.85017735 0.009963635355234146
25 0.         0.         1.         0.64525056 0.009905427694320679
41 0.25995576 0.6280142  0.55053115 0.77085423 0.009854286909103394
28 0.10201506 0.63416255 0.58131653 0.9662533  0.009849953465163708
19 0.2477138  0.6302353  0.55082875 0.7811784  0.009817482903599739
41 0.22879654 0.65217227 0.5130271  0.7946027  0.009812415577471256
5 0.5738791  0.4336427  0.96711105 0.8023229  0.009791216813027859
24 0.8778341  0.7080796  0.99799097 0.89733505 0.009772482328116894
25 0.         0.2080995  0.49202466 0.8002885  0.009763033129274845
34 0.16460554 0.68618596 0.4993756  0.8223449  0.009749089367687702
33 0.19544618 0.6812191  0.5034061  0.81267124 0.009732897393405437
33 0.         0.         0.57289463 0.1566466  0.009697271510958672
8 0.29455042 0.61945486 0.53179854 0.8407771  0.00968950055539608
27 0.15622267 0.5807285  0.54670084 0.98261577 0.009677505120635033
35 0.20194459 0.6177024  0.44116038 0.8261173  0.009676205925643444
22 0.5483176  0.41307044 1.         0.78268856 0.009613698348402977
18 0.25782913 0.60175145 0.5541494  0.77689064 0.009576407261192799
24 0.09584051 0.00412627 0.3231727  0.10611253 0.009558796882629395
33 0.09756119 0.27881536 1.         0.717413   0.00954239908605814
22 0.        0.        0.602062  0.1438324 0.009489661082625389
25 0.20598905 0.584074   0.53767407 0.74753153 0.009487934410572052
33 0.         0.27359143 0.62985855 0.59995383 0.009470055811107159
34 0.19557902 0.6544041  0.52857465 0.7941629  0.00945999938994646
41 0.27671704 0.6461789  0.4989675  0.84388053 0.00945280771702528
21 0.1275545 0.226766  0.637186  0.6335754 0.009446659125387669
38 0.85880697 0.00345382 1.         0.1196151  0.00944552756845951
24 0.         0.26723477 0.41421226 0.43723246 0.00941151287406683
28 0.15073738 0.58262604 0.47830075 0.7216972  0.009387543424963951
27 0.19978975 0.0086926  0.4195129  0.09490889 0.009364979341626167
22 0.         0.         0.16217166 0.12325637 0.009344400838017464
24 0.32449868 0.6250267  0.6163395  0.7594448  0.009343679994344711
35 0.3104512 0.6159969 0.5446874 0.8249529 0.009324043057858944
28 0.22157085 0.7855741  0.77251935 0.98538506 0.00930438470095396
18 0.9058252  0.50910634 0.99834824 0.60461885 0.009278930723667145
33 0.84804404 0.01238849 0.990541   0.10491519 0.009263952262699604
38 0.06885224 0.01346734 0.78427225 0.16104151 0.009246015921235085
34 0.         0.07676473 0.88855106 0.47731295 0.00923149287700653
38 0.19509268 0.60479933 0.4463872  0.8226947  0.009222430177032948
19 0.21554683 0.6209472  0.41590267 0.84883356 0.00902410689741373
35 0.11765836 0.00312497 0.44425946 0.07708217 0.009020915254950523
10 0.25215703 0.62157816 0.5783089  0.7708625  0.008970223367214203
18 0.22491069 0.63210565 0.5227969  0.80422205 0.008923466317355633
24 0.         0.798435   0.36745563 0.97428966 0.00884818471968174
16 0.14713138 0.00884123 0.36807784 0.09833333 0.008791454136371613
20 0.164204   0.01727833 0.71020633 0.145316   0.008761435747146606
14 0.23887312 0.6278881  0.45861787 0.8823609  0.008725239895284176
20 0.25205332 0.59314567 0.51719135 0.7357727  0.008714231662452221
2 0.09616864 0.         0.35253826 0.11646726 0.008713295683264732
21 0.48243663 0.10085309 0.8737675  0.6797099  0.008708464913070202
10 0.23200832 0.63577753 0.46425518 0.85679525 0.008679096587002277
7 0.24415858 0.6411361  0.53489935 0.79006153 0.00866699405014515
4 0.27496064 0.638715   0.5054327  0.8438016  0.00854802317917347
16 0.         0.01785148 0.27994716 0.13751425 0.00852320808917284
6 1.1036555e-04 4.5521930e-03 1.3970912e-01 7.6335274e-02 0.008519856259226799
41 0.35378963 0.61847365 0.5860529  0.82135266 0.008499079383909702
28 0.8772593  0.69822514 1.         0.89773226 0.008480255492031574
38 0.65744376 0.45034358 0.9968303  0.78087854 0.008468764834105968
35 0.20113388 0.00269119 0.4402322  0.1101414  0.008445151150226593
25 0.08410887 0.004176   0.39436364 0.0670177  0.00841482263058424
24 0.16636157 0.3443417  0.94149464 0.62547433 0.008413027040660381
33 0.2265676  0.6559659  0.5354587  0.78741574 0.008400523103773594
24 0.21309263 0.5678231  0.4956053  0.701514   0.008385437540709972
4 0.         0.23158728 0.5996201  0.59834445 0.00837565865367651
20 0.1924005 0.6775867 0.4530376 0.8129095 0.008366462774574757
27 0.34697655 0.5995217  0.58397704 0.8197741  0.008339128457009792
33 0.51911676 0.5321589  0.98739636 0.8115316  0.008311241865158081
28 0.23969693 0.61760217 0.48966798 0.80645573 0.008308802731335163
29 0.09790108 0.28416932 0.52218485 0.6555439  0.008292725309729576
24 0.10673071 0.00197942 0.4201056  0.07492711 0.008269763551652431
