1 0.17955509 0.36998567 0.90231264 0.70765626 0.06623225659132004
4 0.13993922 0.11405676 0.9521952  0.6291886  0.0392569825053215
4 0.01812795 0.3155311  1.         0.641305   0.036393292248249054
1 0.0462203  0.30713496 1.         0.8429888  0.03340180963277817
1 0.08853831 0.35423163 0.6995352  0.7765395  0.024553483352065086
1 0.03254512 0.28200406 0.75438434 0.97071314 0.02297212928533554
1 0.4152701  0.30839804 1.         0.69814956 0.021754346787929535
24 0.17169347 0.41150293 0.7710799  0.64017755 0.02133513242006302
38 0.37843892 0.49406433 0.95398015 0.97584057 0.019701607525348663
33 0.13391937 0.2893286  1.         0.7809708  0.017665119841694832
4 0.         0.02896726 1.         0.48369214 0.017251811921596527
40 0.26250228 0.25479695 0.8102555  0.5813866  0.016717685386538506
7 0.06260992 0.         0.80623645 0.70333934 0.016369856894016266
1 0.35767278 0.33641043 1.         0.61953086 0.01581340655684471
7 0.31661883 0.         0.9755121  0.6309303  0.01570715568959713
10 0.01897366 0.00125197 0.20758586 0.09399951 0.014544658362865448
10 0.01287681 0.00848424 0.15869439 0.13829954 0.014439983293414116
33 0.09110695 0.37214303 0.915023   0.90312725 0.014323999173939228
33 0.33147678 0.33826315 0.95553195 0.63445914 0.014299958012998104
40 0.         0.13497758 0.82405865 0.6870661  0.014215189963579178
1 0.12957728 0.26376116 1.         0.7488143  0.01418361160904169
1 0.         0.33802256 0.77242464 0.6198385  0.013934720307588577
24 0.36782655 0.359397   0.75659764 0.6145985  0.01390727236866951
6 0.         0.44386354 0.26996395 0.98438793 0.013801822438836098
1 0.39733917 0.4306599  0.99791294 0.80510193 0.013677384704351425
38 0.07028265 0.4459946  1.         0.9594324  0.013645836152136326
4 0.26463747 0.3495181  1.         0.54537493 0.013218546286225319
4 0.36166698 0.31006622 0.9327604  0.580834   0.013063997961580753
24 0.2286083  0.38924426 0.624888   0.6303362  0.01251406129449606
38 0.         0.46536744 0.403282   0.8829337  0.01207559835165739
27 0.29770657 0.31658214 0.9116563  0.5713486  0.01183825172483921
25 0.         0.4030642  0.75087863 0.62668806 0.011776277795433998
38 0.31745684 0.4614008  1.         0.76748693 0.011575636453926563
1 0.31463593 0.23508672 0.70445555 0.70217514 0.011262182146310806
7 0.02719442 0.14190274 0.93641543 0.7256359  0.011203308589756489
33 0.36099452 0.37673715 0.9160069  0.76762    0.011036934331059456
25 0.        0.4702894 0.7941326 0.8410896 0.010986419394612312
25 0.         0.34294266 0.6136161  0.79878557 0.010983981192111969
1 0.18079314 0.27082574 0.579948   0.74567854 0.01088480744510889
24 0.20423172 0.3638373  0.71982807 0.559062   0.010761884041130543
1 0.13306066 0.28542063 0.8490222  0.58589405 0.010495047084987164
34 0.15033135 0.38470298 0.91302043 0.67489576 0.010447065345942974
4 0.16683996 0.3954294  1.         0.68808115 0.0097496397793293
18 0.05520583 0.00841417 0.1296772  0.12662989 0.00970418006181717
22 0.09561287 0.18675385 0.8755765  0.81818354 0.009703944437205791
24 0.34742478 0.38257423 0.8371738  0.67975575 0.009676261804997921
25 0.15590605 0.4488262  0.83063436 0.6778314  0.00966629572212696
1 0.02683724 0.39302558 0.3132102  0.78255236 0.009637685492634773
27 0.312462   0.39332205 0.87008995 0.6656063  0.009498195722699165
10 0.01104089 0.         0.30496055 0.24883805 0.009491216391324997
24 0.44511527 0.3504106  0.8528182  0.62822604 0.009290037676692009
40 0.34113657 0.1899455  0.7455109  0.6386631  0.009190711192786694
40 0.         0.         0.8538677  0.74289805 0.00913782324641943
38 0.         0.50910395 0.28987277 0.9493925  0.008903736248612404
10 0.01088895 0.         0.43804392 0.17647418 0.00883958674967289
1 0.440794   0.39366588 1.         0.6855801  0.008704396896064281
27 0.18313465 0.38068894 0.85610956 0.80530435 0.008702493272721767
27 0.13407408 0.28214315 0.9544322  0.6715551  0.00869201309978962
1 0.01921115 0.37719104 0.38830125 0.96922266 0.008633153513073921
4 0.         0.34058747 0.58762765 0.7645263  0.008487749844789505
33 0.36179185 0.10386348 1.         0.7823229  0.008464927785098553
4 0.35472414 0.18470258 0.98582655 0.5113923  0.008445251733064651
33 0.14745204 0.3816587  0.7878705  0.66859734 0.008401371538639069
24 0.39438176 0.34384218 0.61491424 0.47653526 0.008281017653644085
24 0.08724704 0.34580323 0.5791155  0.51589715 0.008258498273789883
6 0.33810812 0.41291237 0.95049053 0.97286433 0.007950367406010628
41 0.3963199  0.3329296  0.8486188  0.63727766 0.00792651902884245
41 0.19597097 0.21887839 0.94027114 0.775646   0.007804018910974264
24 0.14504154 0.40353537 0.92864156 0.8110013  0.0077172573655843735
38 0.11514984 0.5025496  0.8227952  0.84177744 0.007702455390244722
24 0.08536555 0.36246878 0.59084827 0.7742233  0.00766923651099205
10 0.12253973 0.         1.         0.6420549  0.007613728288561106
38 0.         0.47578746 0.57483494 0.9764772  0.007497918326407671
34 0.         0.20396826 0.94206756 0.6766002  0.007489497307687998
1 0.36702693 0.30831972 0.5983208  0.56937534 0.007487000431865454
33 0.28722084 0.29852355 1.         0.98535883 0.007446819916367531
1 0.05442939 0.29199234 0.43033388 0.7725633  0.007313363254070282
35 0.16569857 0.352199   0.8396498  0.8831348  0.007280380930751562
4 0.23909089 0.20820448 1.         0.6667788  0.007120858412235975
34 0.         0.38071805 0.89063865 0.8389963  0.006645573768764734
29 0.20082812 0.18191175 0.98608065 0.8815139  0.00657008308917284
4 0.21628365 0.29156977 0.973003   0.5182967  0.006529274396598339
7 0.31536523 0.15195708 0.9650208  0.44813758 0.006302348338067532
18 0.07985172 0.0048891  0.17206895 0.08871957 0.006292280741035938
27 0.17542583 0.34880498 0.80179924 0.64955777 0.006272501777857542
4 0.         0.15730904 0.6506254  0.6756347  0.006223824340850115
7 0.41252995 0.         0.99177665 0.18340254 0.006178592331707478
38 0.26096013 0.39282885 1.         0.8664906  0.0061070420779287815
38 0.        0.4863698 0.6773223 0.8021111 0.006046800874173641
24 0.29589474 0.34282827 0.65725154 0.58866    0.006016205530613661
25 0.24376217 0.4869714  0.8210977  0.7806336  0.0060083866119384766
34 0.21724732 0.30225158 0.9233519  0.5855514  0.005980146583169699
28 0.31315568 0.43293518 0.8685022  0.7877232  0.005930270999670029
33 0.47105327 0.30101994 0.9676174  0.70448184 0.005874788388609886
24 0.13850476 0.35894427 0.49969968 0.58528244 0.005842955317348242
25 0.05520823 0.3318279  0.91104037 0.56244266 0.00580742210149765
24 0.3080962  0.33551648 0.8607066  0.52279747 0.005806928034871817
25 0.03130925 0.37745205 0.94031334 0.72913593 0.00569291552528739
35 0.4718918  0.46292135 0.8857436  0.9138834  0.005688881501555443
28 0.06553245 0.39475352 0.88392913 0.8960578  0.005671595223248005
38 0.23478697 0.5292336  0.77092844 1.         0.005671503953635693
40 0.03202784 0.26503396 0.75331646 0.7912796  0.00566989928483963
1 0.01106023 0.16025499 0.9128703  0.6703427  0.005555251147598028
38 0.08770523 0.35679314 1.         0.7429187  0.005529786925762892
7 0.24824636 0.00558612 0.94837415 0.41847944 0.005481092259287834
4 0.1600522  0.44701448 0.9286189  0.8137696  0.005444252863526344
24 0.33478698 0.30534944 0.56304574 0.5947356  0.005421812646090984
1 0.31979656 0.14894302 0.6090013  0.6599811  0.005274067632853985
27 0.39017415 0.283308   0.8528697  0.647979   0.005269806832075119
1 0.03649283 0.45547816 0.3764351  0.73421544 0.005258836317807436
4 0.3101013 0.078835  1.        0.5375901 0.005245909560471773
24 0.18689968 0.34602454 0.9101774  0.66824263 0.005218899343162775
24 0.25667048 0.3175089  0.7234773  0.4947393  0.00510102603584528
1 0.         0.35061824 0.56219196 0.68579024 0.005085023585706949
25 0.00849693 0.2999073  0.6949927  0.61310047 0.005050398409366608
24 0.24827892 0.32348898 0.47992164 0.59397155 0.005043430719524622
7 0.25272444 0.28454536 0.86394656 0.6315918  0.004958893172442913
10 0.01838852 0.         0.7850122  0.606772   0.0049128117971122265
12 0.         0.33044693 1.         0.81241035 0.004895525984466076
7 0.3807564  0.         0.98832583 0.29260188 0.004869381431490183
24 0.39136416 0.2765335  0.5997654  0.55932665 0.004847646690905094
24 0.3322864  0.34911278 0.56403506 0.47781095 0.0047885761596262455
6 0.         0.39402264 0.89408875 1.         0.004786313511431217
38 0.         0.45535773 0.3572338  0.74231994 0.004759851843118668
24 0.23026378 0.31145054 0.56454855 0.5447641  0.004726719111204147
7 0.2258535  0.19140632 0.9193256  0.5215515  0.0046793925575912
13 0.12641245 0.33105808 0.9197223  0.7356831  0.004677203018218279
1 0.48419088 0.28800318 0.8871865  0.76371247 0.004514222498983145
29 0.3906501  0.2952212  0.9512887  0.68608975 0.0044471630826592445
13 0.15965815 0.38826138 0.7972187  0.9026998  0.004426598083227873
34 0.33521605 0.24819833 0.82694095 0.64026713 0.004423337057232857
25 0.         0.28227636 1.         0.6006993  0.0043824827298521996
40 0.21569273 0.07776937 0.87257785 0.61628544 0.0043744537979364395
40 0.22122775 0.33997238 0.78764975 0.6494419  0.004339259583503008
12 0.14067459 0.3613097  1.         0.6968385  0.0043120598420500755
7 0.36093855 0.20817885 0.79732686 0.6893234  0.0042598657310009
4 0.1547564  0.32352254 0.72009796 0.60906804 0.004251681733876467
22 0.00505992 0.3652948  0.26281554 0.9001462  0.004182583652436733
24 0.42196774 0.4108639  0.95292515 0.6486875  0.004172173328697681
1 0.34285894 0.40321583 1.         0.8847178  0.00415929825976491
34 0.05419716 0.35436213 0.7651399  0.6322065  0.00413531344383955
18 0.09283317 0.         0.25366527 0.25444266 0.004122939892113209
10 0.01676025 0.         0.5055277  0.2473168  0.004078233614563942
25 0.11298409 0.48799866 0.9585784  0.89199483 0.004072980955243111
18 0.295168   0.         1.         0.43801618 0.0040694912895560265
35 0.32209313 0.3849403  0.8698519  0.6905528  0.004052961245179176
18 0.05656977 0.         0.17341258 0.3069506  0.004038835875689983
1 0.05843687 0.20623995 0.5873707  0.6475525  0.004002253524959087
24 0.23748943 0.43447286 0.81461954 0.75122815 0.003983686212450266
6 0.06652621 0.4457758  0.7776414  0.8411707  0.00398066034540534
10 0.33677593 0.01389709 0.6898572  0.56275725 0.003977857064455748
6 0.00232485 0.43288118 0.30452675 0.7635161  0.0039504216983914375
27 0.28404665 0.18840893 0.9123001  0.7728219  0.003934887703508139
38 0.15421423 0.4580211  0.8757697  0.7174417  0.003913334105163813
6 0.         0.43018657 0.46858028 0.9670233  0.003900467650964856
24 0.33693904 0.27664793 0.6767533  0.5163043  0.003899641102179885
4 0.3071501 0.4566823 0.9871136 0.6565473 0.0038906463887542486
24 0.21084514 0.1932374  0.74798304 0.5786632  0.0038901360239833593
1 0.         0.2878685  0.59401    0.55863947 0.003889527404680848
10 0.         0.01220479 0.21215478 0.3152624  0.0038847588002681732
35 0.3881894  0.43689683 0.8049102  0.8432341  0.0038832523860037327
1 0.48957852 0.28439873 1.         0.7452303  0.003812437178567052
2 0.19502813 0.3246193  0.83550483 0.71929663 0.003788485424593091
28 0.31531656 0.49051046 0.96068496 0.87847036 0.00375636899843812
40 0.05046771 0.262285   0.65576214 0.5850049  0.0037374794483184814
10 0.26329887 0.11553869 0.8758929  0.5828707  0.0037213542964309454
24 0.4124815  0.2912776  0.77594435 0.5473987  0.0037212527822703123
41 0.29558706 0.24595332 1.         0.54848427 0.003708380274474621
29 0.3530491  0.06907974 0.9251267  0.9848271  0.0036992968525737524
25 0.         0.37483582 0.29710108 0.6569694  0.0036480401176959276
10 0.0130927  0.16903344 0.9976966  0.6561544  0.0035592992790043354
10 0.03408748 0.01464862 1.         0.44547537 0.0035467506386339664
18 0.13104843 0.         0.3538978  0.18336053 0.003503610612824559
7 0.33497322 0.07535767 0.93832785 0.84075725 0.003496839664876461
7 0.04583478 0.09488378 0.5623144  0.89284974 0.0034790050704032183
10 0.         0.01941443 0.6525286  0.41418594 0.0033785197883844376
33 0.3686674  0.24653703 1.         0.5544209  0.0033574968110769987
34 0.16578248 0.4964844  0.91389894 0.8480315  0.0033361646346747875
38 0.15875903 0.7418948  0.7818921  1.         0.0033203980419784784
22 0.3346859  0.27006832 0.84068197 0.7168188  0.0032801907509565353
35 0.02527405 0.23701257 0.91062635 0.75899434 0.003272541332989931
22 0.01451447 0.41568744 0.32292688 0.7921579  0.003267478896304965
41 0.         0.35175568 0.5745293  0.6077191  0.003250646637752652
33 0.35718516 0.24602799 0.7278246  0.701745   0.003224621992558241
25 0.         0.3363066  0.35764256 0.7826473  0.003223059931769967
40 0.         0.12383235 0.51339    0.84166855 0.00322185130789876
35 0.11944601 0.35778946 0.7360539  0.6349063  0.003173227421939373
41 0.18914762 0.3771581  0.7406656  0.6311707  0.0031566887628287077
27 0.27522603 0.39772195 0.7507362  0.7490473  0.003138151718303561
6 0.18433772 0.42200884 0.76601243 1.         0.003113019745796919
27 0.33871853 0.47763678 0.75996    0.80905145 0.003089913399890065
7 0.0624336  0.02853415 0.7908895  0.40939632 0.0030869413167238235
24 0.43641984 0.30946925 0.6661513  0.6147987  0.0030840691179037094
41 0.48076916 0.3107542  0.81277347 0.7098864  0.003054532688111067
28 0.00515208 0.42408708 0.28957745 0.7735491  0.0030526993796229362
10 0.         0.01414658 0.3927797  0.5286253  0.0030021066777408123
25 0.0605262  0.49251145 0.6290656  0.78685474 0.002991032786667347
28 0.         0.4693016  0.35724464 0.84589523 0.0029905512928962708
33 0.24890989 0.41489625 0.7696297  0.7776489  0.0029846092220395803
33 0.29280832 0.53006446 0.9655645  0.85885835 0.002984414342790842
13 0.31309825 0.40751365 0.83278096 0.70405674 0.0029815458692610264
22 0.         0.24540551 0.29364833 0.7467509  0.0029567410238087177
25 0.         0.14581195 0.98764765 0.6619956  0.002945027546957135
27 0.07484522 0.27270782 0.60364586 0.8523628  0.0029321920592337847
35 0.28762594 0.28091547 0.9029721  0.6293295  0.002926119603216648
41 0.56059825 0.264405   0.8863088  0.676932   0.0028760985005646944
2 0.16174057 0.28692007 0.96551067 0.91929626 0.002871275180950761
10 0.15920214 0.17860694 0.9811037  0.5016014  0.0028594781178981066
21 0.01946953 0.         0.11764758 0.10360115 0.00285142008215189
5 0.00257769 0.12771225 0.8387494  0.8307104  0.0028486873488873243
19 0.2152753  0.37656057 0.8079179  0.7533236  0.0028468158561736345
1 0.04200689 0.4585083  0.5318312  0.831737   0.002802258590236306
1 0.         0.13258786 0.5459458  0.58772045 0.002775738015770912
33 0.00561768 0.34460878 0.36540845 0.93495566 0.00277564930729568
21 0.02433914 0.         0.15086098 0.07144131 0.0027591318357735872
25 0.         0.4435498  0.3077465  0.73638266 0.0027576684951782227
35 0.03393773 0.49011526 0.2964065  0.8154467  0.0027457168325781822
25 0.         0.4563965  0.56251657 0.687054   0.0027301388327032328
4 0.46111304 0.2744807  1.         0.53673416 0.0026911739259958267
1 0.43549368 0.25612012 1.         0.5422439  0.0026911625172942877
24 0.12596367 0.22408453 0.5109838  0.53400016 0.0026867487467825413
24 0.15745403 0.29689097 0.67623293 0.60017437 0.002678197342902422
33 0.         0.44239387 0.41997936 0.8024344  0.002663074992597103
40 0.        0.        0.6044209 0.692412  0.0026564921718090773
7 0.05933189 0.20413283 0.7233747  0.8062957  0.0026481919921934605
4 0.21178277 0.25749272 0.80008435 0.57924145 0.0026292107068002224
41 0.13934016 0.30143246 0.7788929  0.5999948  0.0026133719366043806
7 0.        0.        0.5480411 0.667204  0.0025829931255429983
28 0.         0.45761618 0.48803377 0.93241245 0.0025818990543484688
2 0.28848842 0.29446498 0.9850936  0.6292888  0.002576536498963833
33 0.42116258 0.05510213 0.9776624  0.5605461  0.00256116921082139
4 0.15045568 0.39811498 0.8809241  0.6259696  0.0025455167051404715
4 0.2721944  0.19527271 0.6486123  0.61064625 0.0025258869864046574
1 0.35907593 0.49712422 0.911541   0.85609865 0.0025204664561897516
4 0.00081519 0.3808953  0.34068233 0.7894706  0.002486701123416424
40 0.27198535 0.03399226 0.61335653 0.662271   0.00247582932934165
27 0.46910042 0.45688924 0.8821218  0.7594935  0.0024677091278135777
33 0.10011854 0.33334082 0.77966166 0.59684986 0.0024500046856701374
25 0.18270984 0.20158322 0.6998509  0.6104332  0.0024422418791800737
25 0.3435406  0.53012043 0.92197347 0.8314641  0.002398404059931636
10 0.23443563 0.         1.         0.17872821 0.002384310122579336
22 0.         0.06835299 0.6545898  0.86978    0.0023758173920214176
1 0.55292696 0.40877655 1.         0.77948135 0.0023262749891728163
1 0.         0.19797453 0.6582362  0.78336674 0.0023179056588560343
24 0.         0.44938868 0.62726086 0.6712893  0.0023176409304142
34 0.12137929 0.42055607 0.7532895  0.74743277 0.0023121642880141735
6 0.68779224 0.32947782 1.         1.         0.0022988859564065933
4 0.49098262 0.2131633  0.840267   0.57602125 0.002285892143845558
25 0.         0.36110672 0.5270298  0.64611876 0.0022758711129426956
13 0.17380077 0.37891877 0.6978285  0.6804353  0.002270799595862627
7 0.1825062  0.24831858 0.747236   0.5910001  0.0022500210907310247
10 0.34798795 0.00804258 0.9657234  0.50628847 0.002239309251308441
41 0.         0.37111902 0.2763088  0.69751936 0.002224096329882741
33 0.09798589 0.15932724 0.8766319  0.71091664 0.002215416170656681
41 0.03936269 0.20734571 0.6260597  0.7376996  0.002214132808148861
24 0.46229172 0.2677674  0.86440474 0.5758104  0.0022047844249755144
28 0.17750786 0.45938432 0.6786494  0.8527887  0.0021691182628273964
24 0.05632256 0.39333925 0.50457865 0.6419323  0.002160988748073578
27 0.11239411 0.3394842  0.63332766 0.6916296  0.002159371506422758
24 0.01938505 0.39177012 0.28801247 0.76684254 0.0021420365665107965
13 0.0617879  0.3377816  0.69868153 0.80500084 0.0021179162431508303
13 0.36168808 0.35072958 0.899857   0.6247665  0.0020976539235562086
33 0.         0.41781318 0.33576074 0.7022549  0.002074618823826313
24 0.33190992 0.188949   0.8743568  0.6225062  0.0020648695062845945
27 0.04135759 0.46028185 0.31582117 0.78633523 0.0020592655055224895
40 0.12475289 0.0424013  0.505683   0.6640007  0.0020397084299474955
10 0.17324169 0.2252824  0.6905362  0.62612325 0.0020248228684067726
33 0.60914797 0.19581152 0.9091141  0.73772347 0.0020227846689522266
28 0.06443619 0.47908998 0.7950315  0.7787842  0.0020133911166340113
4 0.38154927 0.46932375 0.9111662  0.73542887 0.0019957246258854866
7 0.3040181  0.13091207 0.7194659  0.6306026  0.0019905490335077047
41 0.6101399  0.17393133 0.9367314  0.6390482  0.001989843090996146
6 0.531673  0.36443   1.        0.9675562 0.0019826649222522974
22 0.00629017 0.17601444 0.38191444 0.8880953  0.0019760066643357277
16 0.1684206  0.36979806 0.6887149  0.5747358  0.0019677479285746813
7 0.39122584 0.09869428 0.9111912  0.5624166  0.001964529976248741
25 0.         0.11542766 1.         0.56970274 0.001943859038874507
10 0.02083275 0.14340986 0.76122826 0.5074041  0.0019411047687754035
28 0.15902822 0.3979192  0.7489684  0.65862054 0.0019362361636012793
38 0.        0.6269558 0.9080309 1.        0.0019338192651048303
12 0.33527383 0.24865265 1.         0.6671642  0.0019315668614581227
24 0.1933887  0.32725933 0.41825503 0.6052515  0.0019289638148620725
24 0.12085961 0.29241192 0.5093021  0.68418807 0.001926569384522736
18 0.1666074  0.         0.68477136 0.47126943 0.0019214623607695103
1 0.10480105 0.12343448 0.7719489  0.58964306 0.0019192222971469164
18 0.1884913  0.         0.52684194 0.18351299 0.0019149301806464791
38 0.00392176 0.78329813 0.6183949  1.         0.001900669070892036
1 0.23175794 0.4807811  0.74928826 0.8756426  0.0018802218837663531
1 0.19381368 0.20426969 0.7958777  0.5126987  0.0018746873829513788
34 0.15249051 0.02607529 0.90093124 0.65657747 0.0018706507980823517
10 0.1112895  0.2607635  0.85037243 0.5816021  0.001852997811511159
22 0.09380949 0.25362495 0.79568654 0.6166878  0.001849863212555647
1 0.55552214 0.30615312 1.         0.59123325 0.0018480397993698716
16 0.32190454 0.39523384 0.8178709  0.5999679  0.0018467108020558953
41 0.37471512 0.22359642 0.66440773 0.6725759  0.0018451518844813108
22 0.3962629  0.35796294 0.90088606 0.8524639  0.001832585665397346
36 0.3977659  0.36171612 0.84962493 0.7151305  0.0018271562876179814
6 0.90440124 0.9172344  1.         1.         0.0018269227584823966
19 0.06266495 0.32604477 0.7587007  0.93523073 0.0018238869961351156
7 0.16518712 0.21493131 0.6051805  0.69376224 0.0018224433297291398
