1 0.29560933 0.3614323  0.985505   0.7404396  0.4199190139770508
1 0.3720887  0.28822526 0.83505964 0.8585435  0.272796094417572
1 0.34249598 0.24937905 1.         0.8054483  0.19779713451862335
1 0.27329722 0.13437119 1.         0.7045509  0.18171557784080505
1 0.3472726  0.47678754 1.         0.86150616 0.11170226335525513
38 0.         0.03078596 0.6974927  0.36337584 0.0841592326760292
34 0.20829304 0.42078152 0.90438664 0.6753554  0.08104805648326874
38 0.         0.01779205 1.         0.31547686 0.07839884608983994
24 0.9311454  0.3774501  0.995918   0.48337957 0.07463455200195312
10 0.08241236 0.6457205  0.81605697 1.         0.07005377113819122
24 0.93156934 0.3495192  0.9954815  0.45651352 0.0676049292087555
24 0.00461425 0.24964342 0.1387717  0.38007137 0.0669756755232811
1 0.4685273  0.55335826 0.9467688  0.948029   0.06235271692276001
38 0.827511   0.15663348 1.         0.33312565 0.06143801286816597
24 0.9111616  0.3904694  0.992915   0.46687293 0.06042463704943657
24 0.88422567 0.11606472 0.99343854 0.32341248 0.05628611519932747
24 0.93069977 0.40372014 0.99646944 0.51135117 0.05598768964409828
24 0.91202515 0.36277393 0.99257183 0.44001803 0.053013045340776443
24 0.84693885 0.1612081  0.9883662  0.3266664  0.05264988914132118
34 0.34072542 0.31505042 0.84640616 0.69735914 0.05169261246919632
24 0.9324123  0.32174566 0.9957046  0.43016988 0.05137952044606209
24 0.9106529  0.41640607 0.993371   0.4949642  0.04866527020931244
1 0.39639395 0.530249   0.7974882  1.         0.048530299216508865
24 0.9502763  0.29674202 0.9964787  0.46458086 0.04847661778330803
38 0.67631185 0.05200562 1.         0.41490224 0.04721261188387871
24 0.84821105 0.11199127 0.9902108  0.27213234 0.04706349968910217
38 0.8667595  0.10209025 1.         0.32334307 0.046867307275533676
24 0.9142109  0.1393374  0.99491733 0.43795827 0.04631698504090309
1 0.2538773  0.25798014 0.9297652  0.67251444 0.04334055259823799
34 0.17432784 0.33155534 0.9893197  0.756557   0.04323655366897583
24 0.         0.04606222 0.14603427 0.27945384 0.04275054112076759
24 0.9333761  0.18888204 0.996093   0.29181325 0.0409482941031456
38 0.21517543 0.0282738  1.         0.38981038 0.040784966200590134
1 0.25978273 0.4399254  0.7838202  0.81171393 0.03966473042964935
24 0.914848   0.2012623  0.99430424 0.2784517  0.03963497281074524
24 0.913123   0.33563778 0.99301636 0.41301516 0.03923762962222099
38 0.         0.08929882 0.362694   0.38337842 0.038578860461711884
1 0.         0.         1.         0.65909976 0.03857097774744034
24 0.00456722 0.01318789 0.4078946  0.15462767 0.03695569187402725
28 0.         0.02396024 0.31273785 0.2683223  0.03681368753314018
40 0.         0.31617555 0.8163923  0.8605443  0.03590882942080498
21 0.         0.48362413 0.7880089  0.8961013  0.03581461310386658
28 0.         0.07429545 0.3159587  0.3398556  0.03499564155936241
41 0.26699895 0.4288108  0.8099431  0.74575275 0.03492629900574684
10 0.2106557 0.7923155 1.        1.        0.034400247037410736
24 0.9333255  0.29451853 0.995738   0.40265912 0.034194864332675934
24 0.         0.02351836 0.2069145  0.20510179 0.033933643251657486
24 0.8349706  0.02035395 0.9919384  0.31060424 0.03200557082891464
38 0.04923012 0.01365229 0.621356   0.23081134 0.03155732899904251
38 0.00147561 0.24992587 0.17436229 0.38361546 0.03155208006501198
38 0.6843694  0.13451678 1.         0.50616854 0.03137378767132759
24 0.94971764 0.00472459 0.9982927  0.08027672 0.030535602942109108
24 0.93339705 0.21467349 0.99535424 0.318127   0.030504733324050903
24 0.5503393  0.02048604 1.         0.15913671 0.02986936643719673
28 0.         0.01860381 0.24180794 0.37783122 0.029791923239827156
24 0.         0.08103134 0.27107728 0.35451162 0.029479103162884712
24 0.3643663  0.35009104 0.7951763  0.85377395 0.029406460002064705
38 8.1086421e-01 1.8489838e-04 1.0000000e+00 3.1339017e-01 0.029303817078471184
24 0.         0.02979212 0.28247783 0.28023875 0.028760502114892006
24 0.77952355 0.0605337  0.9827843  0.48746035 0.028646327555179596
24 0.879863   0.01570893 0.9973819  0.21453115 0.02852022834122181
24 0.8488331  0.21316826 0.9875752  0.3772094  0.028337493538856506
28 0.         0.02795947 0.95547295 0.2636539  0.02824552170932293
38 0.         0.01613146 0.6757974  0.1662983  0.02822818234562874
27 0.02645065 0.11373309 0.9530192  0.79418766 0.027676640078425407
38 0.47789368 0.00484852 1.         0.15109824 0.02739725634455681
38 0.6424262 0.        1.        0.3097834 0.02713785134255886
1 0.         0.14508548 1.         0.6003072  0.027001172304153442
38 0.         0.0268875  0.34906572 0.29033184 0.026668567210435867
28 0.         0.03603153 0.6242324  0.30393943 0.02639111876487732
24 0.91387016 0.30881098 0.9931925  0.38619038 0.02604837529361248
24 0.05421939 0.01593079 0.48284385 0.20305611 0.02601766586303711
24 0.9140554  0.2278452  0.99233645 0.3043595  0.0260115135461092
24 0.91152316 0.44096488 0.995913   0.52539504 0.02559155598282814
41 0.05750921 0.4000681  0.7043443  0.7419228  0.025517646223306656
28 0.         0.02289471 0.60924757 0.15386467 0.024952363222837448
38 0.9237316  0.37013122 1.         0.48126543 0.02489907667040825
2 0.31094995 0.3963267  0.8675069  0.746839   0.024868249893188477
34 0.06750013 0.4996571  0.8184187  0.70395905 0.024773480370640755
38 0.90269154 0.1974831  0.9992795  0.27995676 0.024750450626015663
28 0.         0.02388236 0.234183   0.20608552 0.024703076109290123
14 0.         0.15304849 0.8118626  0.6474029  0.02463899739086628
24 0.9338469  0.2678854  0.995115   0.37423173 0.024480575695633888
38 0.90323496 0.11540637 1.         0.42831025 0.02434353344142437
24 0.9316428  0.00490709 0.9995884  0.05137733 0.02423151023685932
28 0.         0.23890305 0.16716851 0.38438344 0.02416919730603695
24 0.8462104  0.06357385 0.9896329  0.21458521 0.02404410019516945
28 0.         0.02569599 0.17473535 0.28647467 0.024030638858675957
24 0.4897992  0.3246189  0.74288404 0.8607294  0.024020880460739136
24 0.8869558  0.21696122 0.99104595 0.4234886  0.02396209165453911
14 0.6214309  0.18206877 0.9619266  0.47951367 0.023738211020827293
29 0.15721206 0.39333874 0.80625874 0.93711305 0.023599643260240555
28 0.         0.01957952 0.313862   0.14791721 0.023312142118811607
1 0.3851408  0.71725875 0.7847589  1.         0.023126132786273956
24 0.93050814 0.42872602 0.9982753  0.5431806  0.023060500621795654
24 0.00466381 0.30231327 0.13956407 0.4333331  0.023041512817144394
24 0.933689   0.24138068 0.9949136  0.34552208 0.023007221519947052
41 0.        0.4227823 0.8805471 0.8506429 0.022831596434116364
24 0.90950614 0.00864909 0.997788   0.14772555 0.022703615948557854
24 0.8342524  0.00668235 0.9981548  0.0741774  0.022514265030622482
34 0.13467874 0.23487936 0.87076235 0.69011426 0.022205432876944542
14 0.93064845 0.37814602 0.9966797  0.4896369  0.022190380841493607
38 0.03400131 0.06763204 1.         0.5703107  0.02169697917997837
38 0.38041386 0.00608785 0.9534759  0.22243534 0.021667731925845146
38 0.56182295 0.00379547 1.         0.4644951  0.021214352920651436
14 0.62939113 0.11242632 0.97356206 0.4117905  0.02096078172326088
14 0.91238946 0.4164063  0.99557287 0.5001084  0.02087315358221531
24 0.8392084  0.01155313 0.99805707 0.15916881 0.02056947723031044
29 0.24378663 0.17967169 0.7341196  0.8550071  0.020551150664687157
38 0.21517482 0.00742244 0.9851866  0.16044195 0.020330941304564476
24 0.32628107 0.2198926  0.9417039  0.8924707  0.020321976393461227
24 0.23273633 0.4274228  0.8566176  0.81526285 0.02009729854762554
24 0.         0.010811   0.14976542 0.0730801  0.020074475556612015
38 0.8244771  0.20363379 1.         0.38120592 0.019947078078985214
38 0.92408335 0.39949688 1.         0.50687826 0.019886428490281105
1 0.49049816 0.33289528 1.         0.68105733 0.019732993096113205
14 0.9096878  0.39011198 0.99569654 0.4737006  0.019686372950673103
28 0.09326383 0.02540319 0.57582706 0.19953752 0.01911150850355625
24 0.91183716 0.0034286  0.99919295 0.03608841 0.019007237628102303
24 0.91443545 0.28194523 0.9921837  0.35851198 0.018751326948404312
24 0.8856971  0.27552718 0.9915836  0.47929186 0.01874680072069168
24 0.9133529  0.22928071 0.9961951  0.5322756  0.0187152661383152
38 0.21799098 0.01157864 0.7839237  0.23024836 0.018597105517983437
24 0.05592982 0.03344091 0.9322115  0.2874528  0.018456248566508293
14 0.08404233 0.11334149 0.8988483  0.5030101  0.01832985132932663
24 0.31695908 0.01654833 0.94058084 0.15556145 0.018292754888534546
24 0.91375846 0.25474986 0.99143994 0.33120418 0.01829112134873867
14 0.4068573  0.19219267 0.9175934  0.5006331  0.018234770745038986
1 0.06169536 0.4861889  0.8955805  0.84268445 0.018148958683013916
24 0.7079039 0.0653969 0.9811131 0.3708036 0.018006205558776855
14 0.23263301 0.10009348 0.9724184  0.38488755 0.01793801225721836
24 0.04824216 0.0296545  0.57728    0.32060665 0.017816979438066483
21 0.         0.36354062 0.7678844  0.82351595 0.01775120571255684
24 0.16796578 0.5108732  0.73570323 0.8167516  0.01768771931529045
38 0.39389154 0.02107074 0.81135255 0.33200085 0.017259137704968452
24 0.1619155  0.13810758 0.8001805  0.76806396 0.0170235987752676
24 0.8300163  0.03955465 0.9969295  0.5818246  0.01698138192296028
24 0.77204853 0.01396819 0.99938154 0.21799922 0.016978414729237556
1 0.39377072 0.67380667 0.94759756 0.99595493 0.01688402332365513
24 0.         0.01751845 0.10618519 0.10732505 0.016880720853805542
28 0.0036209  0.01350389 0.08546885 0.14420776 0.01649770699441433
24 0.8503817  0.269222   0.9865037  0.42737103 0.016376618295907974
38 0.92362875 0.20840336 0.9993002  0.317173   0.016370123252272606
24 0.8766823  0.01159269 0.9952056  0.10690905 0.016214843839406967
38 0.         0.0396372  0.17736287 0.27481183 0.01614624261856079
14 0.92945063 0.32681155 0.9981762  0.43550187 0.016073105856776237
10 0.1002739  0.48653585 0.661017   0.9791913  0.01601441204547882
24 0.84712875 0.32705477 0.9902513  0.4777437  0.015812929719686508
14 0.908227   0.36410365 0.99546885 0.44709927 0.01572292670607567
38 0.         0.01749359 0.34117988 0.14882629 0.015714416280388832
24 0.         0.02884638 0.3760434  0.35982165 0.0156563613563776
16 0.15622814 0.5196224  0.6297505  0.7951588  0.015623066574335098
14 0.9488476  0.3008528  0.99808013 0.4686022  0.015504630282521248
38 0.         0.05713294 0.45787603 0.4423058  0.015383143909275532
38 0.9018621  0.35806057 1.         0.44152656 0.015344496816396713
14 0.72511524 0.10897413 0.9812136  0.5277123  0.015291093848645687
38 0.         0.02435706 0.25051492 0.2016291  0.015159877017140388
38 0.00299254 0.300821   0.17592672 0.43421194 0.015149863436818123
10 0.23014028 0.54843724 0.87019736 1.         0.015140349045395851
38 0.50027823 0.15497607 1.         0.50164336 0.01513470709323883
28 0.         0.14559276 0.30151987 0.404945   0.015091120265424252
24 0.21752173 0.01071964 0.6526658  0.2046709  0.014769144356250763
27 0.9263537  0.40786123 1.         0.50834066 0.014761915430426598
34 0.2746858  0.48368108 0.9618017  0.7344017  0.014717861078679562
27 0.0096461  0.24781622 0.12675387 0.39335653 0.014605715870857239
20 0.9354321  0.41173488 0.9986929  0.50426334 0.01454994361847639
16 0.18283282 0.38047147 0.7482963  0.8001517  0.01454340573400259
24 0.         0.02571362 0.07222799 0.14537418 0.014521812088787556
38 0.80130833 0.         1.         0.5385974  0.014510014094412327
28 0.575702   0.01207064 1.         0.14752594 0.014252123422920704
27 0.9278705  0.38085064 0.99980694 0.47885743 0.014217493124306202
38 0.9430651  0.28407168 1.         0.45758897 0.014213846065104008
40 0.         0.17424057 0.9032849  1.         0.014118260703980923
14 0.         0.08733448 0.8243514  0.38338712 0.014086456038057804
38 0.92386997 0.31606203 1.         0.4290079  0.013835007324814796
29 0.33098853 0.47099233 0.7971891  1.         0.013727016746997833
25 0.         0.10222537 0.8271838  0.62454623 0.013704968616366386
27 0.04404711 0.03548384 0.86982507 0.29215705 0.013678230345249176
10 0.93049836 0.3815332  0.99466014 0.48267102 0.013634229078888893
24 1.3571422e-04 2.7776363e-01 1.0468902e-01 4.6742922e-01 0.013599401339888573
7 0.00656077 0.40065756 0.92401856 1.         0.013435234315693378
27 0.9054413  0.4199932  0.9975305  0.49435893 0.013337373733520508
29 0.11567157 0.16975434 0.6378118  0.80489314 0.013217899948358536
4 0.10658471 0.51310676 0.9038555  1.         0.013217810541391373
2 0.1656597  0.12914535 0.9199333  0.77128303 0.01319615263491869
34 0.10049339 0.35214052 0.8110009  0.60618633 0.013095555827021599
34 0.45649162 0.41854423 0.91418886 0.7101388  0.013018237426877022
41 0.36393785 0.3433859  0.74932057 0.80986166 0.012872211635112762
38 0.8585883  0.00444723 1.         0.20913678 0.012845126911997795
1 0.        0.        0.627562  0.6319165 0.012749409303069115
34 0.01914586 0.4325318  0.90104985 0.79631734 0.012731511145830154
28 0.00438898 0.01495221 0.11837057 0.10670848 0.012379417195916176
1 0.508971   0.         1.         0.77190715 0.01237196009606123
21 0.30915532 0.77471656 0.7676728  0.9602756  0.012338453903794289
28 0.         0.29176414 0.16508676 0.43218654 0.012287103570997715
14 0.90712833 0.33899918 0.9964093  0.41960904 0.012250914238393307
10 0.9297392  0.41081104 0.9946519  0.5120431  0.012248314917087555
28 0.9301415  0.37519783 1.         0.47254872 0.012238150462508202
20 0.9174466  0.44797218 0.99861014 0.5179491  0.012214140966534615
24 0.88141036 0.3306517  0.997086   0.5431917  0.01218328345566988
28 0.3516473 0.0227921 0.9790841 0.2633971 0.012146059423685074
20 0.17557496 0.09815419 0.851868   0.5090191  0.012085522525012493
24 0.44430655 0.0209486  0.8855297  0.21211906 0.011976792477071285
25 0.9290309  0.37705    1.         0.47982112 0.01191735453903675
10 0.93022746 0.35361305 0.9956263  0.4542869  0.011906779371201992
38 0.8200847  0.05311142 1.         0.2223137  0.011782556772232056
38 0.00356636 0.2760081  0.13205263 0.46047157 0.011752347461879253
4 0.03316325 0.41832104 1.         1.         0.011710107326507568
20 0.9362778  0.38488868 0.9987463  0.47602382 0.011664404533803463
27 0.90691197 0.3934208  0.9957108  0.4655966  0.011556984856724739
13 0.         0.02075632 0.5949587  0.38496083 0.011524893343448639
41 0.09783277 0.2404067  0.93619394 0.92726594 0.011449898593127728
27 0.92872024 0.3528978  0.9991011  0.45057085 0.011337554082274437
41 0.287678   0.5162623  0.77440983 0.8418043  0.011317749507725239
24 0.712314   0.13192105 0.9765304  0.45914996 0.011308753862977028
14 0.9156464  0.44170222 0.9949715  0.52871466 0.011272219941020012
24 0.         0.00601076 0.0736164  0.03541301 0.011166299693286419
28 0.17375262 0.0181411  0.8052798  0.14985542 0.011038966476917267
24 0.4827708  0.43314597 0.90613973 0.9701597  0.011003511026501656
34 0.7699986  0.17498513 0.98202354 0.3148958  0.010804016143083572
10 0.9104895  0.42048833 0.9923932  0.49717587 0.010767058469355106
38 0.92453617 0.2885965  1.         0.4000289  0.010763801634311676
10 0.9104398  0.39178568 0.99326533 0.46765748 0.010737407021224499
38 0.         0.2193154  1.         0.65900075 0.01070492435246706
1 0.92980653 0.40184808 0.99654317 0.508159   0.010681611485779285
28 0.9300867  0.34714183 1.         0.447466   0.010672268457710743
14 0.80391186 0.17973024 0.98433465 0.33574703 0.010529573075473309
27 0.27646238 0.2563277  0.9553889  0.81895286 0.010494454763829708
24 0.3968694  0.04248505 0.9712413  0.29428193 0.010452943854033947
10 0.92990917 0.3266592  0.9961785  0.42657313 0.01032016146928072
25 0.9279759  0.35014534 1.         0.4508859  0.01027331966906786
34 0.23936498 0.29282326 0.93817204 0.62411743 0.010271156206727028
14 0.53870344 0.20164284 0.87956464 0.5616562  0.010232008062303066
20 0.91778445 0.39546025 0.9981138  0.46213308 0.01023048348724842
29 0.34954652 0.48484075 0.7588077  0.8127555  0.010181419551372528
14 0.         0.09624479 0.29430506 0.40259007 0.01013175304979086
24 0.8424283  0.38089854 0.99943465 0.5354709  0.01007436215877533
25 0.92973715 0.40374926 0.99980795 0.50828266 0.010029441677033901
34 0.         0.11730726 0.97538924 0.50544345 0.010007929056882858
13 0.         0.21609734 0.162252   0.41951272 0.010002401657402515
24 0.9122467  0.46557868 0.9962309  0.55759597 0.009987879544496536
38 0.7315135  0.00564724 1.         0.21372604 0.009948205202817917
28 0.8739958  0.11420489 1.         0.3081886  0.00988707598298788
34 0.55242926 0.14742477 0.99021405 0.4425465  0.009883302263915539
20 0.41140398 0.07575145 0.9493176  0.30610228 0.009873585775494576
34 0.3742926  0.15156756 0.93738526 0.6981662  0.009871059097349644
15 0.13728102 0.4365548  0.71403027 0.7057878  0.009852323681116104
33 0.58270067 0.16604587 1.         0.3977815  0.009813949465751648
20 0.93670034 0.35784164 0.9977097  0.44616956 0.009791363961994648
34 0.9160395  0.40815344 0.99514496 0.5038958  0.00970506016165018
34 0.45022097 0.20974566 0.9631002  0.5111343  0.009695381857454777
27 0.         0.04689479 0.91366607 0.5534136  0.009673402644693851
41 0.27604902 0.30944705 0.8914216  0.85094935 0.00963667407631874
10 0.9475945  0.3064982  0.99675876 0.4569152  0.009601714089512825
27 0.906126   0.4441275  0.99773026 0.52277976 0.009597765281796455
20 0.20265658 0.07164539 0.7942259  0.30297813 0.009563573636114597
24 0.02684143 0.33812883 0.83190495 0.9601986  0.009414654225111008
27 0.05732781 0.04191355 0.5469602  0.3273518  0.009372674860060215
2 0.22226073 0.45866033 0.74763817 0.8795798  0.009370105341076851
1 0.23941709 0.5933865  0.804427   0.9507223  0.009362545795738697
20 0.68602586 0.17352037 0.9504715  0.41502357 0.009361432865262032
27 0.        0.2211304 1.        0.8827647 0.009359292685985565
14 0.9070089  0.31341517 0.9955347  0.39308992 0.00934476125985384
21 0.         0.29912356 0.91576767 0.75033826 0.009316378273069859
19 0.93181145 0.40522486 0.9876816  0.51078564 0.009279247373342514
14 0.10104483 0.2951072  0.6629694  0.7511264  0.009270964190363884
2 0.11799108 0.23658738 0.7947132  0.8627515  0.009249955415725708
38 0.92466605 0.26076066 1.         0.37060538 0.009244473651051521
20 0.9372038  0.3298712  0.9979979  0.41714042 0.009184344671666622
28 0.8279193  0.02259705 1.         0.28196105 0.009155900217592716
40 0.1345296  0.20652708 0.9222803  0.80015415 0.009074815548956394
41 0.19198564 0.55783015 0.8393417  0.79659593 0.009051083587110043
14 0.5204683  0.0734519  0.95895183 0.48681048 0.009011638350784779
13 0.92062247 0.37155017 0.9975669  0.47934404 0.009000994265079498
19 0.93186325 0.37596315 0.9875065  0.48403016 0.00895292405039072
14 0.8057149  0.22762358 0.9815521  0.38534045 0.008951961994171143
19 0.949242   0.         0.9855174  0.08562666 0.008925778791308403
34 0.6835687  0.08184237 0.981385   0.4691033  0.008919866755604744
40 0.         0.1354848  0.41967198 0.84880596 0.008889815770089626
27 0.90788233 0.36525893 0.99526167 0.4382836  0.008846900425851345
13 0.         0.05183502 0.31172106 0.4308642  0.008840649388730526
28 0.8304867  0.1147038  1.         0.25961116 0.00883384421467781
27 0.92942417 0.32628128 0.99868625 0.42377397 0.008801465854048729
20 0.11309868 0.34834886 0.7391791  0.57996774 0.008740004152059555
13 0.91915715 0.34533343 1.         0.451188   0.008732966147363186
14 0.930052   0.2754003  0.996995   0.38150322 0.008726404048502445
41 0.18133691 0.34425026 0.6424514  0.81398726 0.008719450794160366
20 0.06128449 0.20136696 0.88313395 0.6972699  0.008713764138519764
34 0.1527942  0.38382563 0.73800457 0.7116123  0.008702987805008888
34 0.91487294 0.38237414 0.9944056  0.4765694  0.008691373281180859
20 0.7088231 0.0922117 0.9687605 0.3387811 0.008677850477397442
27 0.03631549 0.29911697 0.82629806 0.6640438  0.00866156630218029
34 0.5691479  0.07160129 0.97938675 0.36381152 0.00865646731108427
4 0.01487844 0.23177285 0.9418005  1.         0.008633422665297985
34 0.16581017 0.05918398 0.9846198  0.40416884 0.008573586121201515
14 0.02940867 0.08879166 0.4582868  0.5172217  0.008566019125282764
27 0.01743525 0.06567162 0.26130247 0.36233515 0.00855550542473793
29 0.26838818 0.40657425 0.709704   0.76759976 0.008533487096428871
35 0.01559017 0.2584736  0.15746774 0.38640282 0.008458812721073627
38 0.9028757  0.24843214 1.         0.3302853  0.008380424231290817
