21 0.22682528 0.23425166 0.59158653 0.62079483 0.6516792178153992
21 0.15616034 0.02935926 0.46322113 0.8776413  0.5796891450881958
21 0.15616392 0.12021757 0.58572555 0.6983956  0.49835166335105896
21 0.2010282 0.2137132 0.467355  0.6733522 0.46020907163619995
21 0.11127119 0.15471904 0.611427   0.9294443  0.41502097249031067
41 0.2631792 0.5872558 0.956537  0.851349  0.31443551182746887
41 0.20376994 0.33164287 0.8697921  0.61916924 0.30944785475730896
41 0.24681717 0.37697342 1.         0.7999674  0.28262999653816223
21 0.04970627 0.13996196 0.7507213  0.7411948  0.272745817899704
41 0.24200672 0.67650634 0.9639476  0.9075019  0.21124832332134247
41 0.261357   0.28621775 0.7864453  0.5745229  0.20183351635932922
21 0.18464033 0.12715968 0.3549748  0.6973404  0.19613511860370636
41 0.17255771 0.22756849 0.9236064  0.6971921  0.19490516185760498
21 0.20207833 0.25759715 0.75850326 0.70665234 0.1923096477985382
5 0.        0.        0.6741721 0.6831777 0.18276338279247284
34 0.42123306 0.02456518 1.         0.8336768  0.17502258718013763
34 0.29859716 0.28800136 1.         0.8001161  0.17342938482761383
21 0.2251169  0.17984638 0.5241214  0.8077333  0.16300846636295319
41 0.25933504 0.74905753 1.         0.9546704  0.16058334708213806
21 0.21897754 0.155357   0.72572625 1.         0.14736923575401306
21 0.08058307 0.29346767 0.614382   0.58360183 0.1464410275220871
27 0.3074939  0.04557902 1.         0.9004338  0.14153409004211426
10 0.0605661  0.31461522 0.7178569  0.72768885 0.1411721557378769
10 0.         0.33620676 0.82545006 0.65037185 0.11945310235023499
34 0.28132433 0.13127309 1.         0.68686396 0.11619864404201508
5 0.05115194 0.         0.8835003  0.73661095 0.11520260572433472
41 0.23886251 0.13730632 0.9714017  0.6068823  0.11116788536310196
18 0.03880341 0.05073809 0.7374528  0.7330158  0.1108807623386383
34 0.281198   0.33150682 1.         0.646894   0.10731633007526398
10 0.1245635  0.24985586 0.58598    0.78057617 0.1067042201757431
21 0.2587258  0.71029484 0.6641802  1.         0.10582241415977478
41 0.35124153 0.3220112  0.9352507  0.57263315 0.10443976521492004
4 0.        0.3616273 0.9447552 0.9933943 0.10340441763401031
18 0.0828023  0.26555368 0.74246514 0.5874701  0.09145943075418472
7 0.16140412 0.3437135  0.9246687  1.         0.08910518139600754
18 0.06196678 0.27215746 0.5476058  0.71220237 0.08057913184165955
18 0.09355228 0.18370451 0.57101125 0.9609788  0.07974766194820404
18 0.09191824 0.2899911  0.42705044 0.80834746 0.07963737845420837
21 0.2567129  0.30142596 0.62639654 0.97773117 0.07273147255182266
41 0.2182083  0.20118712 0.88287073 0.5191303  0.07118454575538635
32 0.24273317 0.24816936 0.7257201  0.5484597  0.0691925436258316
32 0.37135366 0.15423681 0.87426096 0.71957284 0.06678705662488937
18 0.11817048 0.05485967 0.8926121  0.94112    0.0667300745844841
5 0.09787437 0.         0.808201   0.40370673 0.06614194065332413
18 0.24745117 0.7079703  0.81368494 1.         0.06495591998100281
41 0.39145902 0.2661623  0.7544015  0.6845447  0.06139567121863365
41 0.1971633  0.43971303 0.9812558  0.7341858  0.059925489127635956
27 0.0491005  0.19457495 1.         0.72807664 0.059808067977428436
10 0.04979869 0.2755991  0.58883774 0.56790286 0.0587635263800621
5 0.         0.08502508 0.9194746  0.92397237 0.057156212627887726
4 0.        0.1862699 0.4887315 1.        0.05472932383418083
34 0.05952998 0.1693669  1.         0.81183046 0.054085664451122284
27 0.18708797 0.07291123 1.         0.5850754  0.05405149236321449
21 0.21800014 0.59214294 0.6614814  0.9902399  0.05378680303692818
7 0.12771292 0.16538651 1.         0.9963829  0.05275820195674896
18 0.12871073 0.3804706  0.9130466  1.         0.05272950604557991
41 0.11379619 0.4012698  0.9770919  0.9179313  0.05232422053813934
38 0.7571788 0.0584917 0.9945071 0.529977  0.051405955106019974
41 0.18041387 0.33106422 0.61511457 0.7102752  0.05112931504845619
10 0.19413689 0.78702307 0.86511284 1.         0.05058027058839798
27 0.04551717 0.22037603 1.         0.9006403  0.05040613189339638
21 0.13467711 0.17239979 0.38302675 0.5606691  0.05006682872772217
41 0.05717814 0.33482894 0.7416605  0.8748565  0.046714503318071365
2 0.         0.         0.68885225 0.8210143  0.046540748327970505
24 0.04556157 0.35229617 0.3039089  0.7365152  0.046427398920059204
18 0.15040497 0.32628974 0.6687145  0.65942055 0.04629399627447128
7 0.22179602 0.32750136 0.9675808  0.9018222  0.04509112611413002
21 0.18451664 0.1941593  0.52974683 0.5633957  0.04496065154671669
7 0.1679802 0.7182422 1.        1.        0.044957321137189865
5 0.05943898 0.05812493 0.7523392  0.61583334 0.043724361807107925
24 0.         0.36451927 0.33953282 0.89523906 0.04124177247285843
18 0.09530582 0.2451237  0.50957686 0.55633736 0.040966521948575974
41 0.3691987  0.37024844 0.8860123  0.68373436 0.03974293917417526
40 0.         0.01067851 1.         1.         0.039446622133255005
34 0.36907187 0.36411068 0.8964685  0.74020135 0.03868211805820465
18 0.07351382 0.03948207 0.5222682  0.6103072  0.038635388016700745
21 0.19236115 0.329437   0.56813014 0.7080171  0.03712591528892517
32 0.2853999  0.13979487 0.5759041  0.67880046 0.03679225966334343
10 0.01412242 0.4411524  0.8828294  0.89116377 0.03499232605099678
21 0.15142573 0.02940613 0.3259348  0.7111674  0.03491261601448059
7 0.09204707 0.37460506 0.7742968  1.         0.03485623747110367
41 0.32004288 0.4808608  1.         0.8645559  0.03414617478847504
34 0.38473463 0.2034727  0.9377707  0.6445981  0.03410801291465759
32 0.49125254 0.1723567  0.9559326  0.8213983  0.03408427536487579
18 0.        0.5690538 0.8798412 1.        0.033366184681653976
5 0.22558871 0.         0.7430542  0.5598457  0.0329965241253376
22 0.73818415 0.07904137 1.         0.5239911  0.032923366874456406
4 0.03117806 0.5316675  0.81133986 0.9509764  0.03265223279595375
1 0.38730648 0.23684353 0.8777039  0.6324361  0.03234008699655533
20 0.79908437 0.2198731  1.         0.53132653 0.03231343254446983
4 0.         0.14624879 0.7489196  0.76796085 0.03198452293872833
18 0.25451216 0.46536952 0.7900752  0.86911386 0.03140907734632492
27 0.35555825 0.19719915 0.9238415  0.76409656 0.030729137361049652
2 0.        0.        0.3563188 0.7978583 0.03061787784099579
5 0.         0.6705709  1.         0.98608685 0.03042132593691349
21 0.19758908 0.27247408 0.36832672 0.5238724  0.030093494802713394
21 0.36266828 0.23734318 0.63593537 0.6694169  0.029932960867881775
21 0.17804635 0.21449329 0.8537289  0.543624   0.029628466814756393
10 0.0758281  0.37775478 0.6292991  0.91157186 0.02925649844110012
4 0.         0.25714633 0.5920245  0.9209478  0.029140597209334373
18 0.30183142 0.         0.8565894  0.7897016  0.028878238052129745
24 0.00727277 0.5208691  0.66056085 0.91914564 0.028852103278040886
27 0.41597125 0.08818011 1.         0.69216424 0.02854437753558159
27 0.24464992 0.27521944 1.         0.6744388  0.02840234339237213
41 0.3202103 0.2406045 0.9509523 0.4788934 0.028200967237353325
7 0.10380532 0.1827048  0.6614629  0.8903271  0.028028136119246483
5 0.         0.03384763 0.4455554  0.7016098  0.027817225083708763
1 0.48663363 0.37295794 0.9947584  0.74971396 0.02764790877699852
27 0.77313155 0.2177211  1.         0.52225614 0.027393942698836327
1 0.19806346 0.46799898 0.91710764 0.83640355 0.027292495593428612
18 0.12448064 0.17225723 0.6937423  0.524328   0.026510171592235565
32 0.2967073  0.15072705 0.8980353  0.5298781  0.026393430307507515
2 0.         0.         0.49092245 0.6506155  0.025805434212088585
19 0.         0.06619504 1.         0.7941694  0.025783849880099297
1 0.37661615 0.23531324 1.         0.72679204 0.02571330964565277
1 0.31580594 0.1630271  0.84312505 0.5614625  0.02559509500861168
10 0.         0.32565084 0.76051515 0.8198058  0.02515072375535965
22 0.         0.         1.         0.32607636 0.025126416236162186
24 0.07356143 0.5840258  0.38312906 0.9378512  0.02483886294066906
7 0.11136683 0.19990021 0.4221061  1.         0.023993341252207756
32 0.39190486 0.26761207 0.8542147  0.56567997 0.02386613003909588
34 0.03645996 0.07801768 1.         0.35745728 0.02379940077662468
10 0.         0.19156736 1.         0.7308757  0.02379935048520565
38 0.8035243  0.10127404 1.         0.73717695 0.023788491263985634
41 0.11181511 0.24530482 0.5666139  0.90246683 0.023769360035657883
5 0.         0.16879989 0.67519593 0.5112575  0.02369529940187931
1 0.44869354 0.27346468 1.         0.59181553 0.02358347550034523
19 0.01330755 0.         0.9421169  0.6595141  0.02337079495191574
38 0.01882014 0.04687677 0.940601   0.30290148 0.022931821644306183
34 0.06469961 0.15309362 1.         0.47715563 0.022851863875985146
40 0.14582978 0.04784078 1.         0.9086901  0.02282421663403511
21 0.24045004 0.52374274 0.58869797 0.9257743  0.022665582597255707
18 0.22339316 0.2556894  0.51245874 0.816151   0.02149471454322338
41 0.4078258  0.63458997 1.         0.88773084 0.02069675549864769
34 0.16669226 0.50349426 0.77190894 0.78981674 0.02069191262125969
4 0.03838142 0.6793989  0.87219584 1.         0.02064741589128971
18 0.2505903  0.20381707 0.7066679  0.7906763  0.0203561931848526
41 0.2633824  0.38440222 0.6549292  0.7441015  0.020351678133010864
25 0.78885347 0.225138   0.99344355 0.48906317 0.020193763077259064
7 0.14399913 0.34673426 0.5968616  0.85047954 0.019923903048038483
27 0.3434025  0.18696499 1.         0.58794004 0.019808346405625343
18 0.21815158 0.3405203  0.80530286 0.73515755 0.019631778821349144
19 0.         0.01514923 0.8579055  0.45819247 0.019484756514430046
41 0.1261688  0.16454537 0.6606307  0.62522554 0.01886378973722458
34 0.14933592 0.43398097 0.9703595  0.85864186 0.018812771886587143
24 0.         0.33934724 0.33679968 0.63484406 0.018540823832154274
18 0.2787284 0.5161455 0.7078854 1.        0.018485628068447113
18 0.0882984  0.55410916 0.63980556 0.976839   0.018479062244296074
7 0.22891213 0.7940406  0.80359274 1.         0.018125561997294426
2 0.06162824 0.35662192 0.66246086 0.9882476  0.01811210811138153
16 0.33609474 0.43732962 0.8669963  0.7865056  0.017955759540200233
5 0.         0.25513917 0.7259951  0.5769188  0.01771407574415207
32 0.2885161  0.24768148 0.55861694 0.5818224  0.017495358362793922
5 0.         0.08210337 0.5767473  0.9375231  0.01746625266969204
27 0.03283956 0.09463622 0.9288874  0.30919755 0.017456557601690292
22 0.7432925  0.18105888 1.         0.6328725  0.01743064820766449
34 0.26532066 0.19165185 0.95240563 0.49792254 0.017344949766993523
4 0.         0.31022814 0.70622945 0.7086709  0.017317235469818115
2 0.         0.1543526  0.38685882 0.6501712  0.017117245122790337
41 0.4297825  0.65024364 0.8015781  0.95044386 0.017018726095557213
24 0.         0.41469693 0.35618633 0.717482   0.016989244148135185
5 0.        0.5853922 0.8346206 1.        0.016751177608966827
24 0.         0.6677527  0.47411674 0.8895842  0.01651657000184059
27 0.01440478 0.28694996 0.8502453  0.66734654 0.016510186716914177
5 0.         0.44569063 0.93422365 0.97762483 0.01629655621945858
1 0.4407782  0.19966955 0.7674166  0.80317825 0.016179654747247696
5 0.         0.17612521 0.46198848 0.58811677 0.015985922887921333
2 0.03666527 0.         0.37801564 0.6659543  0.015928536653518677
24 0.         0.78448254 0.3696503  0.9485418  0.01567867584526539
33 0.78244275 0.22453596 1.         0.7216955  0.01566632091999054
27 0.18268879 0.069518   1.         0.3796004  0.015188945457339287
2 0.06936385 0.03872101 0.33792558 0.61670697 0.01515858992934227
27 0.7642613 0.2962493 1.        0.6103727 0.015118234790861607
41 0.18357076 0.16597755 0.5091277  0.6585831  0.015104849822819233
33 0.7442873  0.16263393 1.         0.5659871  0.014911969192326069
32 0.46998718 0.2807102  0.8840926  0.6560031  0.014547870494425297
41 0.3308691  0.8140496  0.99924064 0.97141045 0.014476379379630089
6 0.7284685 0.0346523 0.9973159 0.6033956 0.014469540677964687
18 0.18163383 0.3039322  0.43405896 0.51629794 0.014431995339691639
18 0.14581896 0.         0.84493715 0.5212474  0.014392666518688202
21 0.28334427 0.25907427 0.5039885  0.7297858  0.014353216625750065
5 0.42109025 0.         0.92276716 0.85569376 0.014320616610348225
34 0.4777767  0.33056912 0.8376925  0.8938076  0.014206765219569206
21 0.3323026  0.33043224 0.7010643  0.7215192  0.014198601245880127
1 0.02825714 0.6826523  0.26503852 1.         0.013794280588626862
5 0.77398926 0.00539869 0.94396996 0.61262685 0.013277915306389332
38 0.747546  0.3001312 1.        0.8009964 0.013156620785593987
5 0.18420939 0.11422463 0.8725296  0.5344926  0.01312935259193182
1 0.44297737 0.44020805 1.         0.8155916  0.013007616624236107
1 0.010149   0.82492095 0.25478125 1.         0.012910292483866215
27 0.10014928 0.10815206 0.99758    0.513861   0.012886942364275455
1 0.         0.72184235 0.33852702 1.         0.012829836457967758
41 0.13543852 0.23741531 0.45605725 0.7885033  0.012785673141479492
24 0.02326075 0.41006383 0.6924761  0.6610104  0.012730589136481285
24 0.         0.6981367  0.73812145 0.9426754  0.01254215370863676
7 0.14478017 0.37467673 0.70987165 0.72189546 0.012469151988625526
24 0.         0.39303187 0.5034664  0.63649374 0.012443303130567074
34 0.1702259 0.5837166 0.9923202 0.9463125 0.012364049442112446
1 0.14122261 0.38251975 0.8973557  0.9565837  0.01234370470046997
40 0.         0.39194268 0.89908427 1.         0.012340504676103592
21 0.21526988 0.41362068 0.5510833  0.83019817 0.012244793586432934
27 0.81993276 0.23284361 1.         0.6730787  0.012191804125905037
20 0.8052709  0.3223508  0.99908763 0.62375885 0.01193163637071848
34 0.22573657 0.60818845 0.8373802  0.87456524 0.011918069794774055
41 0.20259441 0.34395075 0.61260104 0.5813854  0.011867539025843143
5 0.11480881 0.12558502 0.39573365 0.62234104 0.011793953366577625
18 0.3376521  0.21247396 0.7954707  0.71079737 0.011773347854614258
10 0.10098597 0.81024265 1.         0.99349886 0.011502387002110481
32 0.3167584  0.18881823 0.75489134 0.4728974  0.01149604469537735
25 0.80592203 0.24062605 1.         0.6021759  0.011480946093797684
25 0.77909154 0.3598911  0.98680454 0.62137705 0.011090734042227268
18 0.16287905 0.47277528 0.4737317  1.         0.010941557586193085
7 0.13199104 0.6358834  0.75268406 1.         0.010901226662099361
7 0.14180972 0.51008123 0.68707895 1.         0.010804816149175167
41 0.41561648 0.23698492 0.9354747  0.7622776  0.010738073848187923
34 0.12427885 0.44065076 0.7837969  0.72267526 0.01071132067590952
32 0.25099763 0.1124206  0.7886912  0.62299204 0.010708198882639408
16 0.16270475 0.36278895 0.46732637 0.69231606 0.010590335354208946
24 0.         0.2933349  0.49223024 0.8106021  0.010533778928220272
16 0.23373204 0.42692146 0.69200927 0.819336   0.01033767033368349
25 0.        0.5405136 0.6303998 0.897193  0.010223628021776676
5 0.07710777 0.04953217 0.55483246 0.5477846  0.01007918082177639
41 0.18761861 0.65310276 0.662454   0.8909825  0.010067358613014221
4 0.         0.20591246 1.         0.94518626 0.010054394602775574
1 0.1785175  0.29188412 1.         0.88320184 0.010053230449557304
21 0.25733897 0.7010573  0.54431385 0.95988    0.009967059828341007
1 0.23830953 0.04512357 1.         0.68268585 0.009954155422747135
24 0.         0.34859255 0.7494035  0.88615555 0.009858799166977406
5 0.23025444 0.         0.88764155 1.         0.00974776316434145
21 0.21715228 0.32174754 0.41932315 0.5130433  0.009743345901370049
19 0.         0.21528219 1.         0.6854529  0.009705986827611923
41 0.50011253 0.13910866 0.7671111  0.57702005 0.009653450921177864
1 0.25344354 0.36301115 0.9306489  0.73016256 0.009652945213019848
24 0.         0.7546195  0.29432634 0.92438954 0.00951426476240158
25 0.        0.3304542 0.8792576 0.5704346 0.009496546350419521
34 0.02832003 0.16826338 0.8250647  0.62877506 0.009496485814452171
1 0.19959204 0.08471145 1.         0.41161856 0.00948691088706255
40 0.07354955 0.6067222  1.         1.         0.009394161403179169
41 0.16123013 0.25694773 0.54671884 0.5646151  0.009328465908765793
7 0.24543531 0.33581054 0.878683   0.70190656 0.009307602420449257
2 0.20732394 0.         0.80862784 0.77634233 0.009236804209649563
25 0.         0.45131612 0.86078954 0.8219676  0.009214232675731182
2 0.13809012 0.0225237  0.8771795  0.52826947 0.009156688116490841
1 0.63108045 0.28164932 1.         0.8983907  0.009121035225689411
16 0.09894184 0.31363124 0.5062992  0.5820604  0.009057601913809776
7 0.08017273 0.1329303  1.         0.6076923  0.009004505351185799
41 0.14166173 0.0597111  0.7701173  0.43554738 0.008983016014099121
27 0.15229562 0.3327781  0.93058777 0.9696839  0.008933461271226406
34 0.32076895 0.27217445 0.91471785 0.5690433  0.00892008375376463
24 0.2610818  0.37781847 1.         0.68229276 0.008899263106286526
27 0.11793951 0.19787964 0.82217616 0.60600024 0.00886450707912445
5 0.80227095 0.         0.9613544  0.77310383 0.008802653290331364
2 0.         0.21757966 0.53169364 0.53122586 0.008759146556258202
7 0.11605182 0.28429168 0.5889912  0.65522695 0.008616340346634388
41 0.22014906 0.6322056  0.76845795 0.837756   0.008550564758479595
16 0.23301733 0.21107014 0.86582035 0.45351776 0.008549471385776997
10 0.08899216 0.34230947 0.5779579  0.667083   0.008487971499562263
18 0.10011752 0.3874041  0.62141776 0.8867025  0.008381051942706108
1 0.35309446 0.49139655 1.         0.8788226  0.008359132334589958
41 0.39258018 0.47067404 0.959433   0.7010021  0.008340653032064438
5 0.05035111 0.3287869  0.8514232  0.9105992  0.008328363299369812
17 0.33630723 0.17302395 0.7255041  0.50563765 0.008268801495432854
29 0.24035028 0.20199583 0.7770843  0.9295146  0.008133746683597565
10 0.23497954 0.6734778  0.788491   1.         0.008098446764051914
32 0.34184146 0.28112233 0.9119729  0.91418767 0.008039250038564205
34 0.39838368 0.35670277 0.97701603 0.94829977 0.008008620701730251
25 0.83300704 0.39641958 0.99841046 0.8009009  0.008005702868103981
24 0.         0.853662   0.40386972 0.96551853 0.007988927885890007
40 0.04543162 0.09054929 1.         0.57596934 0.007979204878211021
7 0.11647969 0.2790345  0.39342326 0.7776714  0.007955187931656837
41 0.49951687 0.31846493 0.79497486 0.80258626 0.007930693216621876
24 0.06741946 0.78132564 0.5177723  0.95196086 0.007927244529128075
24 0.11272156 0.29747197 1.         1.         0.007765119895339012
5 0.37191394 0.         0.8029117  0.45302162 0.007692116778343916
18 0.02035515 0.04283549 0.40715224 0.976071   0.0076773096807301044
36 0.16977572 0.03373759 1.         0.7515676  0.007675315253436565
34 0.30417854 0.5453599  1.         0.87262446 0.007636740803718567
25 0.7836676  0.44734347 0.99007934 0.7343957  0.007598334923386574
30 0.03888499 0.04033976 0.59165955 0.7594876  0.007594619877636433
25 0.         0.29554456 1.         0.53806925 0.007585002575069666
25 0.         0.47671896 0.61188346 0.6650773  0.007577866781502962
4 0.         0.20210291 0.6856718  0.614637   0.007536241784691811
16 0.30213028 0.2760253  0.8061226  0.57340336 0.007510424591600895
34 0.4361763  0.08050415 0.85441554 0.5652048  0.00743446359410882
6 0.         0.0090197  1.         0.34614852 0.007288153283298016
5 0.16165449 0.15517896 0.9701564  0.8922316  0.0072810766287148
32 0.24057934 0.19831775 0.71092725 0.77747655 0.00707146106287837
29 0.34598368 0.15435953 0.898737   0.80514395 0.007010661996901035
7 0.09578735 0.09750163 0.50340015 0.79132736 0.006995163857936859
27 0.5051826 0.2050913 0.9995339 0.9706163 0.006994133815169334
33 0.07211161 0.05015299 0.9308808  1.         0.006970847956836224
41 0.41894773 0.17987633 0.8388533  0.49004018 0.0069255824200809
16 0.15677775 0.36842185 0.35383275 0.5854141  0.006876202300190926
1 0.        0.8329938 0.3746285 1.        0.006855583284050226
3 0.35287526 0.13076422 0.9642257  0.9244786  0.006837807130068541
7 0.16572857 0.35623887 0.48991984 0.7609868  0.006779007147997618
25 0.22516567 0.30586055 0.85727197 0.54298913 0.006775020621716976
10 0.2696763  0.2675911  0.78104514 0.7285457  0.006728496868163347
2 0.09045333 0.36296737 0.3361871  0.9542147  0.006669576279819012
24 0.         0.51307315 0.42302546 0.9082708  0.006628685165196657
