29 0.09822294 0.22352453 0.46231407 1.         0.47573205828666687
10 0.00997866 0.14916183 0.4514329  0.48919842 0.3739405870437622
29 0.07134064 0.37625018 0.5730269  0.99439335 0.30908095836639404
29 0.04456772 0.74315155 0.6913611  0.98833364 0.2818881571292877
10 0.05209554 0.05484589 0.43968233 0.6195688  0.2769507169723511
29 0.11502884 0.4827228  0.4420689  1.         0.2656213045120239
27 0.10016137 0.06278589 0.7450384  0.47419614 0.2632571756839752
10 0.02356423 0.2315438  0.48689485 0.5537226  0.262408971786499
29 0.         0.28930596 0.8520096  0.9119628  0.2545991539955139
29 0.11024266 0.627544   0.574253   1.         0.22662197053432465
10 0.02086751 0.03362096 0.45384106 0.3768182  0.20877525210380554
31 0.50836253 0.03605775 0.8360457  0.4065057  0.20733514428138733
29 0.05954469 0.36653066 0.38265646 1.         0.20531301200389862
29 0.11108322 0.68925744 0.7693956  0.9590291  0.20512670278549194
32 0.34022534 0.6066866  0.9055297  0.94739944 0.18027088046073914
27 0.         0.         0.74546313 0.255006   0.1773810088634491
21 0.00715213 0.         0.42246732 0.3531441  0.172374427318573
27 0.17518295 0.         0.5636695  0.58138025 0.1698048710823059
29 0.11612038 0.51052046 0.87125766 0.96768606 0.1692773699760437
29 0.10174551 0.03142983 0.92630965 0.46644035 0.16784685850143433
21 0.         0.50024533 0.5402471  0.7689772  0.16600047051906586
21 0.13332175 0.02854754 0.46092728 0.46545675 0.1651141345500946
31 0.4792095  0.03078837 0.7951061  0.62194765 0.16160336136817932
29 0.         0.73113066 0.4984344  1.         0.14681227505207062
27 0.02131622 0.00205256 0.8104792  0.57553107 0.14678698778152466
34 0.01364522 0.55343115 0.5903306  0.82135534 0.13942094147205353
32 0.30370113 0.2918828  0.9678701  0.99809796 0.13408932089805603
30 0.18610825 0.20263879 0.71184057 0.9717277  0.13172747194766998
27 0.04733027 0.01143636 0.76930416 0.1786014  0.1279616355895996
32 0.32877678 0.48684195 1.         0.91373587 0.12417241930961609
10 0.17149933 0.07500882 0.46510297 0.67719984 0.12138407677412033
34 0.06193776 0.62368697 0.6069445  0.9156721  0.12136109918355942
42 0.42009816 0.791339   1.         1.         0.12102589756250381
31 0.21200025 0.39443448 0.8055486  0.958184   0.11984658241271973
29 0.070861   0.         0.5207887  0.92623234 0.11244507879018784
11 0.01186557 0.6383759  0.4908016  1.         0.11238541454076767
31 0.2388098  0.27396214 0.8136356  0.6248495  0.11219612509012222
27 0.20188564 0.         0.6958687  0.31936243 0.11102819442749023
32 0.23631915 0.8146851  0.62631065 0.9641081  0.10910742729902267
29 0.08198232 0.00222992 0.5302859  0.4679178  0.10811390727758408
29 0.03170949 0.18904729 0.8749158  0.74965906 0.10803478211164474
32 0.21087319 0.71075946 0.7248417  0.9392612  0.10769655555486679
10 0.         0.02207227 0.42417452 0.25793073 0.10699412971735
29 0.04538101 0.49941742 0.49523225 0.867493   0.106132872402668
21 0.01926971 0.         0.49225426 0.57764775 0.10370489209890366
34 0.00729385 0.40350288 0.61878294 0.83859277 0.10300099849700928
41 0.08196938 0.1445071  0.5401764  0.4023878  0.09993313252925873
27 0.20201391 0.         0.8780359  0.38796428 0.0994756743311882
41 0.1027125  0.15180817 0.55835736 0.6244927  0.09842400252819061
34 0.00555026 0.21424778 0.69228476 0.89004165 0.09830785542726517
25 0.0535319  0.30952278 0.8903646  0.71351564 0.09663470089435577
2 0.04360031 0.         0.6369842  0.95439965 0.09566843509674072
30 0.17256354 0.7029072  0.71013314 0.98369265 0.09543682634830475
25 0.         0.48310822 0.9431125  0.7167479  0.09519147872924805
31 0.26937115 0.51838666 0.752019   1.         0.09499936550855637
2 0.18551537 0.         0.8140096  0.45487225 0.09496818482875824
31 0.28706396 0.20873591 0.8710452  0.51620114 0.09413696825504303
41 0.08594867 0.20343646 0.64474964 0.74983734 0.09307973086833954
10 0.0421756  0.5086056  0.64758706 0.82461584 0.09215229004621506
32 0.344467   0.6651669  0.64640987 0.9424284  0.08799494802951813
30 0.1564368  0.76420236 0.6237898  1.         0.08761975914239883
30 0.1691179  0.34622288 0.57221466 0.8300657  0.08756015449762344
21 0.00339856 0.01456343 0.58493036 0.31926516 0.0862903967499733
21 0.         0.00837135 0.7423784  0.7561241  0.08628430962562561
21 0.         0.         0.40004605 0.21588293 0.08594382554292679
41 0.08469933 0.07735454 0.40548196 0.5620305  0.08588951826095581
10 0.11371673 0.13920385 0.41018194 0.7062793  0.08541076630353928
32 0.25912008 0.4839578  0.8810707  0.81619596 0.08401208370923996
32 0.29710427 0.58921474 0.70325136 0.8935378  0.08400201052427292
32 0.22035605 0.         0.5176312  0.6150579  0.08264245837926865
41 0.01788689 0.0397884  0.5464791  0.30307072 0.08226604759693146
41 0.08903928 0.4014953  0.60902834 0.9139488  0.07718749344348907
2 0.        0.5351103 0.5360965 0.9253527 0.0769248977303505
32 0.11776141 0.13669972 0.72094727 0.5019044  0.07581868022680283
10 0.07504486 0.04790797 0.85301536 0.4239144  0.07507766038179398
5 0.        0.        0.6996802 0.7355283 0.07497245818376541
40 0.12208618 0.4847948  1.         0.9730017  0.07494449615478516
25 0.         0.06975201 0.792509   0.3878     0.07385630905628204
10 0.09474139 0.40619236 0.5719628  1.         0.072939433157444
33 0.44884792 0.01824025 0.77748835 0.56437874 0.07236902415752411
24 0.06235848 0.02550466 0.7390462  0.4258017  0.07176526635885239
10 0.16450058 0.07143238 0.45466995 0.42393184 0.07172166556119919
30 0.49221677 0.02981479 0.7954394  0.39486268 0.07169806957244873
33 0.20271084 0.06975746 0.6451314  0.53833526 0.07169611006975174
32 0.20608293 0.2195025  1.         0.7791385  0.07133746147155762
41 0.11624672 0.07143483 0.6572513  0.3436798  0.07101836800575256
30 0.2124659  0.5404023  0.577298   0.91546214 0.0710100531578064
5 0.         0.         0.6437333  0.42289823 0.0709918811917305
10 0.08209185 0.1991538  0.52400106 0.8745146  0.06974348425865173
29 0.1783218  0.21224879 0.4977088  0.8890991  0.06964509189128876
25 0.         0.04512858 1.         0.5145734  0.06865820288658142
2 0.06230677 0.6853655  0.63619095 0.99567986 0.06659434735774994
27 0.03113174 0.0238856  1.         0.37834427 0.06651621311903
24 0.02096545 0.01061354 0.72571105 0.23413657 0.0660819262266159
11 0.         0.68194866 0.38451773 0.99495864 0.06546694785356522
21 0.00159215 0.06276634 0.560427   0.4312145  0.06535814702510834
31 0.2920946  0.20516802 0.8245149  0.9081802  0.06495749950408936
11 0.         0.81280714 0.5270514  0.999271   0.06421229243278503
29 0.13121788 0.07093219 0.70294446 0.36885604 0.0639934241771698
41 0.08360812 0.13305882 0.7117569  0.5287553  0.0633544921875
18 0.8973521  0.16746804 1.         0.46867087 0.06319539994001389
2 0.04914564 0.59733444 0.4860007  0.9809543  0.0631871148943901
30 0.47186902 0.02095846 0.75622356 0.554586   0.06301609426736832
21 0.03385081 0.4292837  0.6999326  0.77288014 0.06256520003080368
41 0.         0.08232352 0.7628247  0.29606223 0.062470871955156326
27 0.         0.07181972 0.5827255  0.6787473  0.061523184180259705
2 0.05418785 0.805838   0.6485539  1.         0.06137526035308838
41 0.06467466 0.10975873 0.3962624  0.39386436 0.06096199154853821
24 0.0226519  0.         0.45492452 0.33094305 0.06020812317728996
21 0.09052198 0.01387372 0.86815256 0.381702   0.06013154610991478
31 0.20642167 0.7448771  0.7423362  1.         0.059590306133031845
21 0.         0.30739957 0.68820876 0.8448385  0.058166567236185074
29 0.12599269 0.16758937 0.6585655  0.46561712 0.05754973366856575
5 0.         0.09441368 0.80710727 0.84930277 0.05725397542119026
2 0.         0.25643834 0.49364355 0.9983539  0.05687088146805763
33 0.09729207 0.0257238  0.67603517 0.3402463  0.05647087097167969
24 0.         0.04045705 0.8475699  0.5975992  0.056330420076847076
41 0.11966851 0.17593746 0.48330608 0.51141906 0.056188829243183136
34 0.04577253 0.13306484 0.8582913  0.59387773 0.05597486346960068
24 0.         0.03423316 0.96694195 0.3238438  0.05537237972021103
27 0.07086153 0.01572477 0.4946039  0.50908315 0.05453205481171608
42 0.51376873 0.53557384 1.         1.         0.05451793596148491
31 0.2909854  0.31098622 0.5777573  0.8571475  0.05372271686792374
16 0.10740024 0.15236728 0.76504815 0.36529696 0.05327622964978218
29 0.07251079 0.2547236  0.6321915  0.5223626  0.052189119160175323
10 0.1957058  0.28185073 0.513254   0.92255414 0.05209280177950859
21 0.         0.         0.7044617  0.47562563 0.051895394921302795
40 0.01518084 0.46679354 0.6215783  0.9030709  0.05187655985355377
21 0.         0.01224689 0.5824393  0.20255148 0.0518326573073864
29 0.08818492 0.12834041 0.6391904  0.6386452  0.051546432077884674
24 0.13550454 0.         0.43350053 0.49752453 0.05150146409869194
32 0.17468208 0.06051215 0.7304239  0.4266014  0.05141165480017662
30 0.20272262 0.28959218 0.75301653 0.63137984 0.05114425718784332
32 0.25607604 0.3690454  0.594386   0.8222873  0.050529200583696365
24 0.18197261 0.         0.5173315  0.5584385  0.05002397298812866
27 0.09035004 0.         1.         0.65611637 0.049672964960336685
2 0.04688524 0.05144964 0.46086636 1.         0.04953187704086304
30 0.16298486 0.63654935 0.5203682  0.89236003 0.04916983097791672
2 0.08502708 0.         0.74081004 0.6141074  0.04847387224435806
27 0.27270442 0.         0.76953226 0.5438451  0.048280589282512665
10 0.12139944 0.09379611 0.6125571  0.5376132  0.04825243726372719
30 0.15240428 0.80763626 0.45548233 0.9798926  0.04777102544903755
21 0.04454888 0.05325193 0.50039905 0.8343267  0.04731663689017296
16 0.1331429 0.789822  0.4073618 1.        0.04705484211444855
33 0.45780367 0.04456199 0.82194144 0.38222423 0.046862054616212845
25 0.18143675 0.5548477  0.6098935  0.77700555 0.046673789620399475
29 0.0331459  0.02699012 0.8923566  0.31694585 0.04663655906915665
11 0.12829506 0.2883895  0.8209752  0.96234906 0.04653447866439819
2 0.03150739 0.4502787  0.6340831  0.8193721  0.04525480419397354
41 0.17701079 0.650908   0.64053226 0.9770975  0.04483720660209656
30 0.19826803 0.55708164 0.74128634 0.95221364 0.04466934874653816
10 0.01566689 0.39202774 0.7578647  0.92205304 0.04466891288757324
16 0.09294785 0.20579536 0.7438221  0.51368034 0.044646698981523514
25 0.         0.16275507 0.86612976 0.36446148 0.044610753655433655
25 0.         0.22346869 0.87656325 0.41615483 0.04458334296941757
41 0.13913985 0.5855668  0.5554071  0.87101036 0.044484589248895645
41 0.         0.01593193 0.37001872 0.31669387 0.04430991783738136
41 0.24488074 0.23258945 0.6263871  0.5095498  0.044248923659324646
21 0.16912113 0.1815026  0.50144637 0.76822025 0.044160544872283936
25 0.         0.43645635 0.74817395 0.6946596  0.04393560811877251
29 0.0828892  0.43835324 0.59938735 0.7162744  0.043789274990558624
30 0.41037956 0.1526778  0.94824374 0.46618563 0.04376954212784767
32 0.1867864  0.16162705 0.8041541  0.8084022  0.04373184219002724
41 0.22089382 0.2772728  0.43358207 0.7894342  0.0437062531709671
31 0.30424246 0.05756202 0.85664785 0.3689005  0.04331947863101959
40 0.09950672 0.326114   0.514875   0.9503934  0.04318377748131752
31 0.28321156 0.11599139 0.73079205 0.4898224  0.04309925436973572
19 0.41002545 0.         0.7723563  0.55676174 0.04307657107710838
32 0.31954938 0.08676823 0.7484109  0.4903147  0.04306817054748535
21 0.12161436 0.10343148 0.7346014  0.46171826 0.04303307086229324
10 0.03809214 0.05357181 0.9637723  0.6513667  0.04300903156399727
25 0.1727228 0.2561248 0.6767801 0.8300292 0.04285706579685211
10 0.1661048  0.54938513 0.6055449  0.7754478  0.042838603258132935
33 0.06836945 0.         0.933476   0.40638155 0.04272262379527092
40 0.11771251 0.6285522  0.5544357  0.93701917 0.04252980649471283
24 0.21857573 0.         0.7035869  0.2950193  0.04235111176967621
41 0.18680826 0.5829183  0.44873652 1.         0.04224363714456558
32 0.49283704 0.07877688 0.92447734 0.5864181  0.04177020490169525
30 0.17623785 0.2087122  0.74293894 0.53102344 0.041609056293964386
32 0.291025   0.39557594 0.75070363 0.7969391  0.041102662682533264
25 0.         0.51541626 1.         0.79648656 0.04046972095966339
16 0.13502705 0.75047404 0.50060284 0.977427   0.04018168896436691
16 0.12020249 0.097454   0.8142273  0.2782353  0.04016794636845589
29 0.14185625 0.23099057 0.43335268 0.7722496  0.03960348293185234
32 0.3890026  0.62043303 0.8115158  0.86560786 0.03947262465953827
19 0.06324532 0.         0.6992187  0.33279482 0.039283689111471176
11 0.01880277 0.3624548  0.534074   1.         0.03928082063794136
18 0.00127894 0.04757528 0.54688644 0.5231675  0.03914972022175789
5 0.         0.08245897 0.77800846 0.4940782  0.0390143096446991
10 0.16814569 0.04298149 0.69821715 0.32738337 0.03895571082830429
41 0.20159511 0.09464046 0.428786   0.3928026  0.03893960639834404
31 0.24711892 0.02035487 0.920093   0.5977028  0.03880922496318817
24 0.19303378 0.03207815 0.68326133 0.57839406 0.038786835968494415
32 0.250429   0.8481646  0.77144235 0.9786496  0.03875553980469704
39 0.05314648 0.741659   0.39809158 0.96207744 0.03870852291584015
21 0.         0.510919   0.6649417  0.82830614 0.0384456068277359
11 0.04748581 0.4821028  0.96997803 0.9742865  0.038275375962257385
25 0.25758046 0.06800845 0.91690177 0.41928256 0.037918511778116226
31 0.24535152 0.01979869 0.5035952  0.5923336  0.037835508584976196
5 0.10646087 0.         0.46466503 0.45695344 0.03777813911437988
32 0.44710797 0.1273     0.99199575 0.47517565 0.037743885070085526
1 0.4708773  0.14944878 1.         0.5590522  0.03772595524787903
30 0.1961877  0.18191163 0.5801336  0.6336899  0.03769268840551376
31 0.24799436 0.58372325 0.73931265 0.8919348  0.03766818344593048
10 0.01430936 0.01971125 0.6061574  0.22428015 0.037415195256471634
29 0.39124748 0.05620514 1.         0.3346828  0.03620385006070137
32 0.2760204 0.7345265 0.6067601 0.9531771 0.03613167256116867
21 0.         0.41628507 0.52355075 0.87056744 0.03604584559798241
10 0.02306112 0.355215   0.4723894  0.6506813  0.03563988208770752
25 0.        0.216837  0.9208453 0.6778087 0.03559555858373642
30 0.1970415  0.03892919 0.7686608  0.78338194 0.0355558842420578
2 0.47045898 0.01722626 0.95599985 0.48721915 0.03544187545776367
40 0.07537244 0.5401475  0.49125    0.984659   0.03541970252990723
42 0.50825894 0.74052614 1.         1.         0.03525722771883011
32 0.22000082 0.27949414 0.835705   0.59780073 0.03508424386382103
24 0.         0.04914337 0.5117123  0.57326406 0.0350693054497242
33 0.34427047 0.21331947 0.9512552  0.5086878  0.034490324556827545
19 0.         0.07532238 0.84365577 0.442936   0.0344654805958271
16 0.07796336 0.25081518 0.5121921  0.51293176 0.03411081060767174
29 0.05906809 0.29804927 0.50487953 0.7202682  0.03410625830292702
32 0.2342495  0.01129514 1.         0.55519336 0.03389124944806099
27 0.         0.02163509 0.5658712  0.40822735 0.03387263044714928
27 0.42701945 0.02726781 0.7785175  0.47966507 0.03353291377425194
30 0.16940923 0.01008253 0.40869534 0.62754184 0.03314086049795151
1 0.18979849 0.         1.         0.6417124  0.033067457377910614
25 0.04430272 0.07643687 0.5544825  0.36648092 0.03294215351343155
2 0.13983047 0.58051294 0.41196448 1.         0.032739073038101196
41 0.22909613 0.13522059 0.63572365 0.3832496  0.03266703337430954
24 0.18075061 0.         0.8699382  0.39152092 0.03242265433073044
41 0.09188233 0.02495007 0.5699203  0.2324497  0.032370924949645996
41 0.16747507 0.5000331  0.70125294 1.         0.032114915549755096
24 0.         0.         0.38603052 0.23374784 0.03189736232161522
25 0.         0.45010856 0.72919905 0.8013354  0.03182385116815567
2 0.14825496 0.11435872 0.43376863 0.9331221  0.031740281730890274
10 0.38579556 0.         0.85118604 0.4566849  0.031691160053014755
19 0.00244286 0.         0.63357943 0.24275269 0.03165315464138985
41 0.13515437 0.5115862  0.5542996  0.7556882  0.03162962943315506
5 0.12309792 0.         0.65906537 0.27589178 0.03159074857831001
16 0.07335129 0.21060713 0.3529992  0.5332876  0.03138966113328934
19 0.14066555 0.00303037 0.5476259  0.4975284  0.030817881226539612
16 0.15806189 0.8344066  0.48575267 1.         0.030787605792284012
25 0.03094071 0.36313978 1.         0.81213087 0.030784552916884422
29 0.3809644  0.0489172  0.882955   0.43282092 0.03073747269809246
25 0.2656021  0.23011088 1.         0.4496742  0.030736157670617104
40 0.09830226 0.29141393 1.         0.8614463  0.030715640634298325
34 0.13174471 0.02719789 0.6469143  0.39293596 0.030695714056491852
25 0.         0.5227591  0.6497135  0.74498177 0.03063434362411499
16 0.08395413 0.7580532  0.28754938 1.         0.030619753524661064
18 0.12896116 0.09455243 0.44174632 0.48013347 0.030444005504250526
34 0.07883743 0.7461434  0.6596288  0.94955856 0.030305562540888786
30 0.19969198 0.44850588 0.6896808  0.7334483  0.030282417312264442
16 0.10799008 0.5743257  0.41222605 0.95602936 0.03022860363125801
21 0.04249396 0.17532088 0.4273585  0.55286366 0.03019791841506958
10 0.05089279 0.18313895 0.7820235  0.54607177 0.030141038820147514
41 0.41884872 0.05499083 0.7444527  0.41293016 0.030031010508537292
29 0.11795195 0.0271667  0.37281978 0.42652926 0.029816552996635437
32 0.23526122 0.         0.48243144 0.37291658 0.029814111068844795
34 0.03454348 0.21936376 0.65841603 0.6480788  0.029706142842769623
40 0.07773127 0.6523235  1.         0.98892295 0.0295991413295269
42 0.62693727 0.81962043 1.         1.         0.02956795133650303
1 0.33595318 0.5002476  0.9614134  0.9163031  0.02949417568743229
42 0.5012185  0.35774732 1.         1.         0.02927800640463829
5 0.         0.         0.57411766 0.580773   0.029202822595834732
2 0.         0.41727602 0.41628775 0.82330525 0.029101889580488205
32 0.15913966 0.00359578 0.6546781  0.5587326  0.029056699946522713
33 0.0560437 0.5019965 0.6903236 0.7474498 0.028951453045010567
16 0.04199505 0.23855914 0.32419044 0.43933383 0.028631633147597313
18 0.         0.00701499 0.54775715 0.35309687 0.028408221900463104
41 0.13674633 0.38798246 0.44378805 0.9338073  0.028367189690470695
24 0.14441887 0.46409816 0.76576215 1.         0.028347870334982872
25 0.         0.24175604 0.57598615 0.63752115 0.02817695401608944
11 0.00540045 0.5921055  0.41084617 0.9501167  0.028154628351330757
32 0.510995   0.03586479 0.824728   0.43017793 0.02812928892672062
10 0.         0.0132753  0.34562284 0.34378517 0.028028402477502823
10 0.        0.2980636 0.625719  0.6364921 0.027997663244605064
32 0.30422482 0.04625402 0.8064891  0.37144014 0.027887700125575066
41 0.15522629 0.64584106 0.38616684 1.         0.027706418186426163
41 0.24241985 0.11538984 0.5564261  0.45609093 0.027585314586758614
30 0.09092943 0.09529757 0.5093142  0.74593896 0.0275280699133873
25 0.         0.00314192 1.         0.3171312  0.027469735592603683
41 0.10756487 0.42457917 0.44698253 0.7467775  0.027432069182395935
41 0.11412399 0.6211975  0.41702443 0.93628794 0.027153676375746727
2 0.0363352  0.5019891  0.39140058 0.8691652  0.027135752141475677
5 0.         0.39521945 0.8073588  0.9164677  0.027088019996881485
10 0.06845215 0.5247812  0.8803876  0.880659   0.026988040655851364
39 0.01519187 0.6049113  0.291339   0.9709845  0.026984764263033867
34 0.02082873 0.03426827 0.53928924 0.31564537 0.02697419747710228
34 0.07130992 0.0667486  0.77073926 0.34412223 0.02695486880838871
25 0.         0.04995458 0.90996706 0.2764994  0.026891198009252548
41 0.13072261 0.3472405  0.53053725 0.7723283  0.026746638119220734
14 0.44110078 0.         0.79878336 0.450956   0.026712222024798393
31 0.2793156  0.45844406 0.7123218  0.8008019  0.026705792173743248
30 0.2354014  0.08666285 0.6386716  0.49862957 0.026454642415046692
41 0.22872618 0.3834478  0.70299715 0.84967065 0.026234909892082214
24 0.06133141 0.16974965 0.74911183 0.544129   0.026207350194454193
30 0.20588294 0.49502194 0.5103152  0.8416584  0.02595948986709118
32 0.36500737 0.47089362 0.7093955  0.8748564  0.025918440893292427
10 0.12653534 0.0214308  0.66744226 0.1673454  0.025815585628151894
41 0.19841726 0.20002912 0.50934595 0.5782594  0.02570292353630066
25 0.23332271 0.17874527 1.         0.3953306  0.02563515678048134
