38 0.41523448 0.         1.         1.         0.39304107427597046
38 0.21122316 0.32052633 0.9514774  0.94774336 0.34336650371551514
38 0.13725922 0.19654852 1.         0.81340474 0.29699355363845825
38 0.5658059  0.         1.         0.74031734 0.26639053225517273
38 0.31067804 0.         1.         0.6977396  0.2662888467311859
34 0.32475394 0.10312064 0.9754707  0.47074118 0.15341059863567352
38 0.5660664  0.13590643 1.         0.9708419  0.14799626171588898
38 0.46334434 0.04207189 1.         0.56586367 0.13504987955093384
14 0.3152932  0.16779378 0.92519933 0.6771825  0.11731424182653427
38 0.41043377 0.01730599 1.         0.37810093 0.11069466173648834
6 0.39827463 0.03160952 1.         0.64205295 0.10628145188093185
14 0.34163192 0.05006152 0.9573324  0.5453351  0.1028718575835228
14 0.41022697 0.08388726 0.89404696 0.46095043 0.10227861255407333
6 0.24481736 0.00497304 1.         0.9359665  0.09924811869859695
27 0.34187934 0.10263812 0.91303146 0.5112647  0.08779505640268326
38 0.41296336 0.660855   0.78732395 0.9982085  0.08243045955896378
20 0.27062532 0.11799402 0.94070435 0.50122726 0.08060964196920395
31 0.844039   0.90263695 1.         0.99250144 0.0675804391503334
6 0.584316  0.        1.        0.6927382 0.0674072653055191
27 0.21514809 0.16695724 0.9724334  0.8028669  0.06722787767648697
13 0.00125074 0.14614716 0.78414565 0.77554375 0.06458239257335663
20 0.43963873 0.23652044 0.9124003  0.7109748  0.06277718394994736
6 0.38118812 0.17803314 1.         1.         0.060502808541059494
27 0.32855168 0.21759306 0.95031905 0.6645745  0.059419140219688416
24 0.22753413 0.00355231 0.30630282 0.07446732 0.05847860872745514
14 0.17044625 0.04922857 0.9817744  0.6900255  0.05752185732126236
31 0.8841885 0.8688379 1.        0.989409  0.057464078068733215
24 0.20067772 0.00337649 0.2796685  0.07467771 0.05675426870584488
31 0.88255006 0.9265617  0.9963086  0.993265   0.05645623803138733
24 0.1644778  0.00199024 0.31808883 0.03634455 0.05539312958717346
24 0.18196218 0.00337942 0.2991697  0.05132207 0.055200833827257156
28 0.         0.19927222 0.853302   0.69799984 0.052269451320171356
24 0.11010542 0.00203793 0.264475   0.0364853  0.05193255841732025
38 0.3560085  0.029102   0.92447084 0.46518353 0.05076024681329727
14 0.24581513 0.26439494 0.9551401  0.87904096 0.050174400210380554
33 0.32181945 0.09219335 0.895041   0.5248363  0.04994058609008789
24 0.12780222 0.0035016  0.2463541  0.05137652 0.04967954382300377
31 0.8332212  0.92486197 0.94812036 0.99323255 0.04900560528039932
24 0.1350437  0.00577078 0.29697815 0.14505811 0.048350267112255096
14 0.83804923 0.90884626 0.99868095 1.         0.048296090215444565
6 0.20840035 0.07422356 0.9498142  0.643896   0.04716901108622551
31 0.9132988 0.9432126 1.        0.9956003 0.04648347944021225
14 0.9310514  0.93470126 0.9992789  1.         0.04638426750898361
14 0.8794888  0.9337407  0.9903429  0.99953675 0.04633427783846855
31 0.78008395 0.86850077 1.         0.99118084 0.04633030667901039
31 0.914497   0.82149225 1.         0.9862829  0.04569808766245842
20 0.3460876  0.2822796  0.83433175 0.82071716 0.04520055279135704
24 0.23601924 0.00404212 0.3514841  0.05117035 0.044796500355005264
34 0.28864637 0.13564153 1.         0.6303115  0.04456919804215431
14 0.8419105  0.8473872  0.99468446 1.         0.043549515306949615
28 0.         0.37578017 0.8489444  0.84345484 0.043353501707315445
24 0.05689027 0.00253268 0.21146913 0.03633675 0.043201591819524765
24 0.18833531 0.00687485 0.34919623 0.1437984  0.043063580989837646
33 0.05094808 0.08586068 1.         0.8572822  0.04303470253944397
14 0.9115137  0.8942679  0.99257797 0.9770444  0.042945779860019684
6 0.3228834  0.64618963 0.6891472  1.         0.04294215887784958
31 0.81635946 0.8213911  0.97753114 0.9856737  0.042759932577610016
14 0.88067913 0.8754508  0.99627095 1.         0.04256756603717804
24 0.0737398  0.00407792 0.19411784 0.05118721 0.04162405803799629
24 0.21899967 0.0025251  0.36908954 0.03611483 0.04116946831345558
24 0.09848557 0.00549515 0.33131248 0.10531829 0.040568165481090546
31 0.9113471  0.8900202  1.         0.96700054 0.040138475596904755
14 0.93170196 0.88101035 0.9958784  0.9919609  0.03985949978232384
25 0.82857084 0.7609028  1.         0.9006175  0.03980957344174385
14 0.777448   0.8717963  0.9904369  0.99957055 0.03978037089109421
24 0.08060792 0.00614971 0.24428928 0.14540482 0.03965973109006882
22 0.         0.         0.03922574 0.07770716 0.03950897231698036
14 0.94814456 0.9105288  0.9984453  1.         0.03926044702529907
14 0.8286637  0.93210286 0.9391095  0.9973157  0.03913839906454086
22 0.         0.         0.07533757 0.14765912 0.039017993956804276
22 0.         0.         0.10571463 0.10516144 0.03863877058029175
24 0.9147103 0.9477527 0.9921436 1.        0.038373913615942
31 0.9486137 0.9029523 1.        0.9949083 0.0383414626121521
31 0.8870799  0.78237563 1.         0.9840214  0.03834012150764465
20 0.9112429 0.738631  0.994115  0.8108817 0.03829023241996765
20 0.9329534  0.75275457 0.99584323 0.85039866 0.03816474229097366
20 0.9121426 0.7645324 0.9945488 0.8375218 0.03800716623663902
22 0.         0.         0.14718944 0.07097626 0.037823379039764404
14 0.91337883 0.8257804  0.9947511  1.         0.03767550364136696
20 0.37386402 0.10581136 0.82624567 0.44524124 0.03745637089014053
22 0.16202217 0.26537207 0.97899914 0.82718027 0.03736846148967743
14 0.9138612  0.86527276 0.9912593  0.9500677  0.03735608607530594
20 0.9322236 0.7266471 0.9955535 0.823728  0.0372207947075367
20 0.4504832  0.3517101  0.9157667  0.91674125 0.037012118846178055
19 0.1030325  0.         0.20551522 0.05600164 0.03697778657078743
22 0.34557894 0.16026314 1.         0.7345896  0.036828234791755676
19 0.12974416 0.         0.23233417 0.05603657 0.036568090319633484
22 0.20266195 0.         0.2781596  0.07154328 0.036463361233472824
19 0.08574702 0.         0.2192064  0.04112495 0.036432038992643356
28 0.00281936 0.00173568 0.07981724 0.1450744  0.03640421852469444
28 0.13560311 0.00487082 0.30097204 0.14600578 0.0363716259598732
20 0.9335822  0.7789915  0.99583966 0.87732506 0.03629862144589424
31 0.7885856 0.9416128 0.9498322 0.9952094 0.03613551706075668
24 0.934951  0.9334771 0.9948511 1.        0.03611753135919571
28 0.         0.14685936 0.08004968 0.22537486 0.035947900265455246
19 0.07612706 0.         0.17844789 0.05593299 0.03581119328737259
20 0.91057366 0.7129544  0.9936179  0.7844997  0.03579585626721382
22 0.         0.         0.10689512 0.21285886 0.03563534468412399
20 0.913209   0.79105836 0.9950004  0.8645627  0.03542691469192505
19 0.15669437 0.         0.25918487 0.05606884 0.03538865968585014
28 0.00806983 0.00553693 0.15328276 0.12451205 0.035107698291540146
19 0.13904707 0.         0.27317935 0.0410543  0.03506182134151459
22 0.         0.         0.05576228 0.0530304  0.03505896404385567
22 0.22995934 0.         0.30500752 0.07169828 0.035037342458963394
25 0.9079988  0.73796403 0.9979013  0.8124462  0.034998148679733276
10 0.82679516 0.91076946 0.99596816 1.         0.03498376905918121
25 0.83233297 0.81704724 1.         0.94984853 0.03497982770204544
14 0.7847697  0.9473842  0.93509704 0.9979809  0.0349767729640007
10 0.9283588 0.9362004 0.9986536 1.        0.03490135818719864
14 0.93311983 0.8532674  0.9942842  0.96513087 0.03478908911347389
28 0.         0.17365716 0.08009795 0.25209552 0.034632839262485504
22 0.10193105 0.         0.21679306 0.04875527 0.034628257155418396
14 0.8486759  0.79109067 0.98869    0.9591319  0.034494705498218536
6 0.36498553 0.02412965 1.         0.394813   0.034423135221004486
28 0.00400635 0.00378039 0.11283401 0.10319798 0.0341927707195282
24 0.8824588  0.93388504 0.98012954 1.         0.03405696153640747
20 0.93162876 0.7006802  0.9951631  0.79695076 0.0340389646589756
25 0.8725767  0.70359486 1.         0.90438783 0.03393413498997688
22 0.15588951 0.         0.27022213 0.04900405 0.03379090875387192
28 0.00354395 0.02704684 0.15580669 0.1828254  0.03373754024505615
28 0.00265891 0.00195069 0.1145298  0.21238585 0.03373381495475769
25 0.8238278 0.7148319 1.        0.9917032 0.033721670508384705
22 0.        0.        0.0760778 0.0367391 0.0336986742913723
14 0.75015754 0.93157643 0.8551743  0.9986281  0.03367602825164795
14 0.88394696 0.7845682  0.9932294  1.         0.0336410254240036
28 0.00138981 0.08019991 0.15735133 0.23577765 0.03359668701887131
28 0.22722319 0.0041056  0.30732527 0.07433454 0.03352624550461769
28 0.20078996 0.00435364 0.28074694 0.07421599 0.03337278217077255
19 0.18376826 0.         0.28598794 0.05605354 0.033355604857206345
31 0.9130747  0.8641114  1.         0.94113886 0.03322213143110275
24 0.9516087 0.9085319 0.9961725 1.        0.033174026757478714
25 0.9290665  0.7247612  0.99997205 0.8248     0.03304024785757065
14 0.9154274  0.83629    0.99191135 0.921892   0.03303701803088188
28 0.08238964 0.00468276 0.24790166 0.14513518 0.033031072467565536
13 0.1674706  0.3469848  0.82673615 0.9573572  0.03302909806370735
28 0.00092046 0.00375368 0.03853343 0.07337019 0.03292302414774895
19 0.20170888 0.         0.27117056 0.08009991 0.03282063826918602
25 0.9290147 0.7526756 0.9999296 0.8503998 0.032747071236371994
22 0.         0.14444982 0.07405121 0.22286685 0.03269258141517639
25 0.9084534  0.7653824  0.99797326 0.8387333  0.032667770981788635
25 0.87571156 0.7615063  1.         0.95195    0.032667726278305054
13 0.20715989 0.17978926 0.8911715  0.7239688  0.03265943005681038
22 0.0812562  0.         0.23423879 0.0349231  0.032594431191682816
14 0.93457055 0.82407457 0.9947901  0.93684703 0.03258265182375908
14 0.77805376 0.9309731  0.8830523  0.9977403  0.03256578743457794
14 0.7655316  0.9071727  0.8382379  0.99925476 0.03255845233798027
25 0.9081816  0.71067935 0.9981948  0.78606904 0.03243716061115265
22 0.14240764 0.         0.29434246 0.14008829 0.03225633129477501
14 0.814579   0.8225385  0.96331525 0.99909955 0.03216269984841347
28 0.8374185  0.9095109  1.         0.99794906 0.032116279006004333
22 0.37744954 0.23695631 0.9906607  0.9816495  0.032113075256347656
22 0.         0.1709488  0.07381387 0.2493777  0.03205791860818863
10 0.94609517 0.9130699  0.99868774 1.         0.032049600034952164
14 0.7222883  0.93263453 0.8284018  0.9994715  0.03195076435804367
25 0.8360388  0.87227696 1.         0.9912249  0.03191542997956276
10 0.9068104  0.9224791  0.99658114 1.         0.03179297223687172
25 0.9086234  0.7927881  0.9988262  0.86443514 0.03179190307855606
24 0.         0.03956949 0.14666495 0.17606457 0.031725477427244186
6 0.19341615 0.2595711  0.8863599  1.         0.031698618084192276
24 0.85590917 0.9349306  0.952138   0.99858177 0.031581223011016846
24 0.0040458  0.00500025 0.3176373  0.07299445 0.0315544493496418
25 0.7997488 0.8541687 0.9713005 0.9940161 0.03151790052652359
22 0.         0.         0.07775704 0.2844862  0.031471624970436096
34 0.26135138 0.07373561 0.8432982  0.37330893 0.03133147582411766
22 0.08869125 0.         0.24062859 0.13963804 0.03131569176912308
10 0.87189794 0.933741   0.9880104  1.         0.031304843723773956
24 0.         0.00732749 0.15282217 0.0725937  0.031154438853263855
14 0.79324794 0.9056451  0.86592203 0.998258   0.031135106459259987
22 0.00374167 0.01774422 0.14624505 0.18060593 0.03112679161131382
22 0.13513331 0.         0.28795582 0.03497399 0.03111952543258667
20 0.93450177 0.8055566  0.9953697  0.9046193  0.03108981065452099
28 0.00687731 0.00612347 0.15555838 0.07132346 0.03108416311442852
22 0.         0.         0.21561359 0.10351884 0.030876319855451584
24 0.8439796 0.9125695 0.9865691 1.        0.03073113039135933
28 0.10180221 0.40621808 0.9750409  0.9072513  0.03066171333193779
28 0.         0.20059311 0.08027072 0.2789965  0.030645890161395073
19 0.03258152 0.         0.16476797 0.04090721 0.03060770593583584
24 0.         0.01012133 0.30541608 0.14789872 0.030537724494934082
33 0.20960048 0.06515457 0.9704454  0.61153173 0.030450252816081047
28 0.850535  0.9313134 0.963872  0.9980704 0.030450057238340378
28 0.87936443 0.93257296 0.99104756 0.99797356 0.030423004180192947
14 0.93464655 0.7965715  0.996089   0.9080121  0.0303184911608696
27 0.39136332 0.34383297 0.9635946  0.92000574 0.030232001096010208
20 0.91418684 0.8178489  0.9947799  0.8918183  0.030150532722473145
19 0.22871476 0.         0.29787502 0.08021088 0.03004997968673706
19 0.         0.         0.13682452 0.0788316  0.030018946155905724
24 0.         0.0116784  0.14937156 0.12551783 0.029986780136823654
14 0.43893272 0.04091014 0.9174676  0.79144055 0.02998249977827072
38 0.12783422 0.00338917 0.30186483 0.14560828 0.029960699379444122
14 0.7046744  0.94776106 0.85222274 0.9993439  0.02990897372364998
27 0.49590445 0.12288348 0.95958364 0.57398105 0.029873481020331383
38 0.19581352 0.00309832 0.2813892  0.0758846  0.029818780720233917
19 0.21140315 0.         0.3127172  0.05612539 0.029747476801276207
24 0.8281427  0.9354526  0.92458314 0.9987955  0.029715972021222115
28 0.00824518 0.00734746 0.22715698 0.10465738 0.029619650915265083
20 0.9169606  0.7580879  0.992671   0.99017936 0.029580343514680862
28 0.00123659 0.         0.0826074  0.28423956 0.029547013342380524
14 0.9158187 0.8093407 0.9936294 0.8940619 0.029492078348994255
25 0.8783576  0.81829286 1.         0.98873174 0.029455717653036118
20 0.84254694 0.75656956 0.99667287 0.8994778  0.029412291944026947
22 0.21054041 0.         0.32410702 0.04925241 0.029315439984202385
38 0.22285695 0.0029432  0.30857256 0.07573135 0.02930569089949131
27 0.8536722  0.93559676 0.9559069  0.99443746 0.029304947704076767
28 0.00809272 0.00713442 0.31019938 0.1472368  0.029160108417272568
10 0.92457056 0.7759403  0.99503136 0.88752747 0.029127182438969612
25 0.90920675 0.81998533 0.9999424  0.88970065 0.029125124216079712
24 0.         0.00901703 0.2235874  0.10588636 0.029104748740792274
28 0.10076443 0.00537494 0.33418605 0.10433803 0.028951743617653847
10 0.8169797 0.9314925 0.9383052 1.        0.028925038874149323
20 0.8373742  0.6771619  0.99546117 0.81550324 0.028908396139740944
22 0.         0.19743375 0.07370488 0.27577767 0.028898540884256363
20 0.91017735 0.68595964 0.99241406 0.7573739  0.028886957094073296
10 0.8732538  0.8812447  0.99559736 1.         0.02886367030441761
24 0.78088474 0.94994694 0.91456413 0.9997339  0.02879386954009533
31 0.79008406 0.755905   1.         0.984941   0.02875412255525589
27 0.82717705 0.9351387  0.92786044 0.9950131  0.02874469757080078
14 0.7383627  0.9086371  0.81184685 1.         0.028543982654809952
22 0.02604923 0.         0.17993455 0.03537371 0.028541328385472298
28 0.91245294 0.9475683  1.         0.99955416 0.02853841334581375
27 0.926248   0.7133844  1.         0.82063633 0.02851211279630661
38 0.07297394 0.00426826 0.24816746 0.14566268 0.02835397981107235
10 0.90449035 0.7568847  0.99544275 1.         0.02826620824635029
25 0.76307964 0.792875   1.         0.99080753 0.028230424970388412
27 0.9034354  0.72780347 0.9985449  0.80964786 0.028179530054330826
24 0.         0.09193651 0.14612658 0.22748677 0.028087042272090912
24 0.         0.00444338 0.07500912 0.03553596 0.0280450526624918
28 0.18625277 0.00576826 0.35311562 0.14546344 0.028024157509207726
25 0.84563977 0.94273907 0.96494395 0.99655396 0.027989203110337257
38 0.         0.38061196 0.8472404  0.93332064 0.027871787548065186
19 0.01063297 0.         0.28481537 0.07956782 0.027799859642982483
28 0.18207954 0.00448288 0.29933244 0.05060941 0.02777225337922573
14 0.78572494 0.7537842  0.991897   0.99852175 0.027747351676225662
25 0.92946935 0.6965356  0.99999547 0.79938054 0.02770322933793068
28 0.         0.04497663 0.11666936 0.272638   0.027687884867191315
6 0.36121157 0.03684647 0.9025237  0.49563625 0.027646224945783615
19 0.04993172 0.         0.2511107  0.11178704 0.02763531357049942
28 0.00623945 0.00833966 0.22285572 0.20766938 0.027616506442427635
38 0.         0.00743695 0.15423177 0.12145264 0.027575867250561714
20 0.8826772 0.7032685 0.9961064 0.9017957 0.027533363550901413
14 0.52878886 0.01093971 0.9424925  0.6049873  0.02732725441455841
22 0.11031464 0.         0.32599357 0.10028934 0.0272548608481884
31 0.9336854  0.8219337  1.         0.92618835 0.027161138132214546
14 0.93421865 0.77010167 0.99679637 0.8802216  0.027156444266438484
24 0.8853912  0.88053375 0.9894335  1.         0.02713736705482006
27 0.9028411  0.7014864  0.998575   0.78338724 0.02712923288345337
33 0.31612393 0.15300474 1.         0.8040482  0.027106057852506638
25 0.8281264  0.67644787 0.99734634 0.8255529  0.027105899527668953
27 0.880376   0.93474805 0.98491174 0.99378204 0.02705216407775879
24 0.         0.15484807 0.07020464 0.2190591  0.027011215686798096
22 0.01247304 0.         0.30635837 0.07062482 0.0270028505474329
27 0.83651686 0.912994   0.992538   0.99227315 0.027002740651369095
22 0.05245911 0.         0.26957178 0.10102445 0.026974594220519066
19 0.10680612 0.         0.30478582 0.11306491 0.026950374245643616
10 0.8239371 0.7457025 0.998093  0.915022  0.026889991015195847
25 0.83271176 0.9209603  1.         0.99423444 0.026845354586839676
38 0.9086154 0.947189  1.        0.9982619 0.0268438458442688
10 0.900842   0.760657   0.9945393  0.84531164 0.026834942400455475
22 0.00220053 0.07432369 0.14516628 0.23131648 0.02679327130317688
19 0.         0.         0.19947259 0.11242715 0.026737872511148453
10 0.8998675 0.7348839 0.9948744 0.8179625 0.026706891134381294
25 0.9124249 0.8489844 1.        0.9881352 0.026692109182476997
25 0.91040003 0.9539733  1.         0.99765515 0.026596542447805405
19 0.08435322 0.         0.22705305 0.15295461 0.026593077927827835
24 0.         0.18153536 0.07002585 0.24590869 0.02658682130277157
27 0.13651231 0.37417775 0.94116783 0.83172965 0.02657095156610012
24 0.         0.01250368 0.10888512 0.1046563  0.026569802314043045
31 0.93535954 0.79534304 0.99918175 0.89957714 0.0264273714274168
28 0.00125971 0.13808945 0.15837269 0.29119447 0.02642432413995266
33 0.4791061  0.09886228 1.         0.55095387 0.026423992589116096
24 0.02707939 0.01040214 0.19049963 0.14351773 0.026423536241054535
19 0.         0.         0.07008549 0.04073168 0.026421865448355675
28 0.12888321 0.00492659 0.24614401 0.05044987 0.026404568925499916
38 0.         0.00718687 0.22817923 0.1028826  0.026403632014989853
27 0.9270393  0.74105775 1.         0.84593385 0.026313520967960358
22 0.00245862 0.         0.21227108 0.20500779 0.026197027415037155
20 0.9316871  0.6736361  0.9945448  0.76971394 0.026194540783762932
19 0.13791741 0.         0.28086847 0.15390323 0.026174914091825485
28 0.00149973 0.0043057  0.05444586 0.04965446 0.026146577671170235
38 0.08702676 0.00398692 0.33572695 0.10573203 0.02614261768758297
28 0.         0.30325663 0.15926728 0.45171463 0.02610255405306816
24 0.         0.01391026 0.21755113 0.2061458  0.025881614536046982
10 0.8163836 0.6874784 0.9986545 1.        0.0258666779845953
24 0.1149826  0.00501643 0.4195288  0.07263448 0.0258300993591547
24 0.         0.02242874 0.10829084 0.20880209 0.025823907926678658
10 0.76470697 0.94703186 0.93439555 1.         0.02580111101269722
10 0.9255142  0.80339617 0.9952791  0.9149804  0.02579006366431713
14 0.36993298 0.04429493 0.94661564 0.36252713 0.025728050619363785
22 0.00367678 0.         0.29726908 0.14545447 0.025720393285155296
32 0.83332175 0.90539676 0.9973523  0.99736047 0.025668567046523094
19 0.         0.         0.13448042 0.13234541 0.02566109038889408
25 0.9092442  0.68207246 1.         0.96819836 0.025604957714676857
24 0.93112886 0.7183709  1.         0.8351051  0.025588639080524445
28 0.03331129 0.00237115 0.19596167 0.1445873  0.025557439774274826
16 0.85249317 0.9398573  0.95471275 0.9989019  0.02554655820131302
24 0.9346742  0.8791921  0.9946862  0.99707687 0.025534966960549355
22 0.03143106 0.         0.18587537 0.14114638 0.02552037127315998
20 0.93541443 0.83241546 0.99461263 0.93198407 0.02551223151385784
28 0.         0.29738766 1.         0.7750843  0.025484010577201843
25 0.91135675 0.9291026  1.         0.99424785 0.025390630587935448
25 0.76622784 0.95420665 0.93082756 0.99819875 0.02533167041838169
