1 0.34341115 0.32749823 0.83033055 0.8660313  0.2916702628135681
1 0.19714138 0.09852799 0.91473716 0.9622404  0.18990972638130188
1 0.4390918  0.23728672 0.7706517  0.9498953  0.15396857261657715
1 0.2319972  0.3857574  0.83000004 0.7522596  0.10788711160421371
24 0.37967467 0.5105881  0.8070481  0.8237565  0.09159356355667114
1 0.2967086  0.32256645 0.9334073  0.70210826 0.08785535395145416
1 0.45567197 0.04626221 0.96840394 0.9378263  0.08722350001335144
24 0.4269943  0.43847987 0.7243807  0.83316696 0.08586230129003525
1 0.23711938 0.5007114  0.823153   0.9032849  0.08193054050207138
41 0.45339388 0.3372564  0.7770452  0.92519176 0.07490746676921844
18 0.33678368 0.3994084  0.817896   0.884863   0.07366616278886795
41 0.42781496 0.44255742 0.8732508  0.865943   0.07321199774742126
1 0.34524536 0.22896358 0.94487226 0.6010267  0.07252172380685806
24 0.2742514  0.48092824 0.7094095  0.7999393  0.07210178673267365
18 0.43802735 0.30193838 0.7648222  0.8426222  0.07124371081590652
18 0.15458034 0.08460681 1.         0.89499056 0.06774231791496277
1 0.13417788 0.00995845 0.8543586  0.6155974  0.06579695641994476
24 0.27214578 0.50620705 0.85677713 0.74022424 0.06566383689641953
24 0.2659074  0.35216102 0.8540324  0.866449   0.06557687371969223
18 0.28186357 0.01018766 1.         0.46459922 0.06420576572418213
41 0.43140444 0.3358535  1.         1.         0.05796382948756218
18 0.8837253  0.         0.9988386  0.09162368 0.05769571289420128
24 0.17342062 0.54595804 0.77990204 0.77341014 0.056670594960451126
1 0.23853615 0.29015422 0.68264526 0.830529   0.05508776009082794
1 0.04849429 0.14472932 0.83308923 0.8090213  0.05391324684023857
1 0.3259188  0.38988665 1.         0.939743   0.05354106426239014
18 0.14709635 0.         0.8247923  0.69314015 0.053323522210121155
18 0.35941938 0.46573567 1.         0.83804476 0.05252714827656746
18 0.35954413 0.19618475 1.         0.9910777  0.050783101469278336
41 0.18075018 0.1267715  0.8874211  0.94260544 0.05049193650484085
4 0.06726939 0.31651136 0.98014903 1.         0.04956987500190735
4 0.2007637  0.41217262 0.79424477 0.9838902  0.04951896518468857
18 0.01249998 0.00553791 0.04022012 0.07547758 0.04934026673436165
18 0.20084259 0.4501875  0.8514086  0.79519373 0.04790597781538963
18 0.08457326 0.14522007 0.7435115  0.48353124 0.04664597287774086
24 0.24681152 0.5931095  0.8053649  0.8132322  0.04646116495132446
41 0.24396269 0.36875895 0.75419325 0.8645388  0.045767657458782196
10 0.39482957 0.32471243 0.7900619  0.8643106  0.04568779096007347
18 0.40825072 0.01419866 1.         0.78214735 0.04509442672133446
21 0.3219865  0.41782382 0.81657565 0.85705966 0.04504883289337158
18 9.0688497e-01 4.5372010e-04 9.9504358e-01 1.3119178e-01 0.0449686124920845
18 0.21936153 0.33571473 0.7205706  0.82281595 0.04432785511016846
24 0.16009745 0.45056117 0.76723576 0.8788088  0.04278438165783882
21 0.1398668  0.08494429 0.8439251  0.8422108  0.04274774342775345
41 0.32191545 0.42819652 0.96847475 0.9436946  0.04214070737361908
41 0.34291247 0.50789565 0.8225056  0.92146933 0.042119961231946945
41 0.53962797 0.50980437 0.8247073  0.9861768  0.04048985242843628
24 0.12919915 0.2236187  0.75564295 0.84424    0.039485055953264236
1 0.00331256 0.32672665 0.8313314  0.9554433  0.03933050483465195
18 0.01760068 0.00616061 0.05816424 0.07553248 0.03776763007044792
10 0.3036935  0.47568768 0.8568724  0.87936586 0.03699216619133949
41 0.29867035 0.48789206 0.90180737 0.7933195  0.03690894693136215
10 0.07655734 0.08400958 0.9126434  0.89377403 0.036760635673999786
41 0.37247622 0.60424227 0.94037896 0.88394666 0.03651805594563484
18 0.12409692 0.37807587 0.94125813 0.9326094  0.035769328474998474
24 0.29660463 0.6430192  0.7972884  0.8738892  0.03571523725986481
24 0.25167483 0.16895215 0.87113535 0.5983895  0.03536246716976166
18 0.02564896 0.00139166 0.08017634 0.06488323 0.03512084111571312
18 0.09916087 0.         0.657092   0.42908886 0.034727223217487335
4 0.3125671  0.19423798 1.         1.         0.033762089908123016
18 0.06993663 0.         0.5048818  0.6008682  0.033061377704143524
18 0.0921402  0.25068164 0.6950544  0.5791912  0.03239899501204491
10 0.1465271  0.34564686 0.7979854  0.8395272  0.03204062581062317
24 0.02286372 0.2429702  0.9389376  0.68546736 0.0318644754588604
18 0.05967784 0.         0.69843656 0.8627757  0.03183551877737045
21 0.4123044  0.30213526 0.7640654  0.83102554 0.03144064173102379
1 0.1786921  0.08241182 0.81827855 0.45811754 0.031070029363036156
1 0.535781   0.04938469 0.91453063 0.64192677 0.030095409601926804
24 0.38510758 0.3016361  0.9486133  0.51785475 0.02990695647895336
18 0.14717954 0.01263733 0.57795423 0.5199002  0.029871376231312752
24 0.32704836 0.41589016 0.9171076  0.6218366  0.02986290492117405
18 0.08664738 0.         0.4450997  0.42370135 0.02984648197889328
10 0.11905884 0.48463437 0.9189158  0.79015285 0.029117073863744736
10 0.0791421  0.48549837 1.         0.93774986 0.0290989950299263
24 0.41149044 0.593052   0.81973875 0.90069103 0.02885754406452179
18 0.43857205 0.20013063 1.         0.5740499  0.028851240873336792
24 0.35829967 0.4669031  0.9412624  0.68983835 0.02820955216884613
41 0.2518974 0.3822214 0.9014262 0.6975957 0.028060879558324814
24 0.34757337 0.3571471  0.910711   0.5672456  0.028029529377818108
18 0.02691638 0.00203437 0.07919843 0.03972369 0.02788449265062809
4 0.40645844 0.3249104  0.823882   0.9873974  0.027523653581738472
18 0.37499082 0.3153329  1.         0.66867286 0.02701377496123314
18 0.16712306 0.         1.         0.33060312 0.02699791081249714
21 0.17734091 0.4645253  0.846638   0.78740793 0.02691062167286873
18 0.5485364 0.        1.        0.2600993 0.02671820856630802
10 0.         0.07903791 0.7942661  0.68233204 0.026160845533013344
41 0.48161298 0.5177199  0.9435884  0.94435763 0.026020590215921402
21 0.0225767  0.01989553 0.6791749  0.5901447  0.02562539651989937
10 0.12947342 0.06072523 0.95076543 0.5954624  0.02541237697005272
18 0.01070698 0.91708314 0.04153662 0.9893858  0.02513374760746956
24 0.18248071 0.4370664  0.79585236 0.6762473  0.024933619424700737
21 0.23869488 0.36109957 0.69898695 0.8108205  0.024649115279316902
18 0.33065462 0.5033771  1.         0.990841   0.024582261219620705
18 0.0211335  0.00204933 0.08074188 0.14652862 0.02442074567079544
41 0.20855187 0.08341701 0.93850964 0.5844854  0.024157825857400894
7 0.35561368 0.24698152 0.90733004 1.         0.024093231186270714
41 0.4335733 0.6184228 1.        1.        0.023967983201146126
41 0.12592642 0.52023965 0.8661116  0.96000946 0.023654429242014885
41 0.43424022 0.36509064 1.         0.68809694 0.023581285029649734
1 0.22053847 0.06240275 0.5208831  0.7207069  0.02332284487783909
18 0.22764967 0.32404622 0.87937546 0.67673075 0.023094044998288155
18 0.38897252 0.         0.48837093 0.05491509 0.02309240587055683
21 0.07805143 0.23584418 0.7036964  0.795068   0.023009678348898888
18 0.1931872  0.03175079 0.7755209  0.39567313 0.022734420374035835
18 0.4537182  0.41854566 0.96924245 0.94684196 0.022718382999300957
10 0.         0.14919148 0.7356169  0.4451555  0.022643953561782837
10 0.         0.29210728 0.7420286  0.62140733 0.022640932351350784
7 0.04434804 0.12944263 0.8894223  0.802971   0.022428661584854126
1 0.        0.        0.6745383 0.6497864 0.02238631248474121
4 0.         0.20870021 0.80273724 0.96634847 0.02214488945901394
18 0.0310217  0.         0.11786855 0.10850359 0.021859917789697647
41 0.5913859 0.7231671 0.8775112 0.9745043 0.021846072748303413
10 0.86008525 0.00546035 1.         0.08555475 0.021827824413776398
18 0.04655956 0.         0.15991074 0.07841484 0.021820805966854095
10 0.23213057 0.26747227 0.9925027  0.93541545 0.02179478481411934
4 0.32083553 0.31629726 0.95057476 0.90355146 0.021538961678743362
41 0.56419384 0.1457369  0.99961364 1.         0.02149474248290062
21 0.11552598 0.04113157 0.8670998  0.4970456  0.0214752946048975
7 0.14396772 0.06918655 0.7024346  0.761023   0.021341858431696892
21 0.03305573 0.08815791 1.         0.6748867  0.021153582260012627
18 0.20280272 0.19507612 0.60477346 0.67023593 0.02107710763812065
4 0.10142993 0.479327   0.90348595 0.8693976  0.020871477201581
42 0.2666794 0.242815  0.9475159 0.9806334 0.020796669647097588
41 0.13633464 0.48737997 0.75712997 0.80857325 0.020685909315943718
24 0.49645865 0.44930562 0.9264155  0.84427065 0.0205638837069273
41 0.28890708 0.09034477 1.         0.73779744 0.02055673860013485
1 0.         0.08193264 0.6420685  0.4565328  0.020518125966191292
18 0.24613638 0.07066437 0.54244673 0.65358764 0.020426832139492035
18 0.35857424 0.         0.46188578 0.05521975 0.020275767892599106
4 0.08344142 0.03316879 1.         0.9014899  0.020150404423475266
4 0.         0.03581001 0.7403401  0.77636355 0.019915668293833733
18 0.5057849  0.37219623 0.8308475  0.9452009  0.019835518673062325
10 0.00345296 0.01323817 0.04601707 0.08341632 0.019815074279904366
18 0.1600065  0.         0.6928843  0.22242668 0.019761143252253532
7 0.24368711 0.37744936 0.5949702  0.8969467  0.01964658871293068
1 0.08553879 0.         0.5499451  0.55995864 0.019325988367199898
21 0.8541146  0.         0.9871344  0.06425474 0.01928296685218811
1 0.5469329  0.34795582 0.94854116 0.95089215 0.0192481130361557
10 6.734149e-04 9.250283e-01 4.765287e-02 1.000000e+00 0.01914876326918602
1 0.18476748 0.15668806 0.63281924 0.65782565 0.019127175211906433
18 0.01485993 0.9481015  0.08745911 0.99221206 0.019034305587410927
21 0.02703481 0.15928137 0.6685153  0.45865327 0.018913844600319862
18 0.06184275 0.         0.39812368 0.7629475  0.01888543739914894
10 0.         0.9499726  0.10444934 0.9954056  0.01864965818822384
18 0.90187067 0.         0.9994545  0.27503484 0.01838931068778038
24 0.5109606 0.2797591 0.9203002 0.795072  0.018293388187885284
21 0.23303841 0.35372022 0.9642521  0.89816195 0.01806626282632351
1 0.16898692 0.         0.881304   0.32834587 0.017354795709252357
18 0.02006962 0.83033794 0.08517303 0.9866732  0.01731053553521633
10 0.19297399 0.62936705 1.         0.9750261  0.01729387231171131
10 0.         0.2590879  0.63512623 0.92229044 0.016937868669629097
42 0.15082201 0.37421504 0.8165427  0.96656823 0.01686549372971058
10 0.20075017 0.55391926 0.99060243 0.8513673  0.01667899452149868
18 0.01257819 0.9371545  0.06102194 0.98994684 0.016626529395580292
41 0.10288839 0.13653693 0.7138048  0.46936408 0.01656308025121689
41 0.4159112  0.66997266 0.9772442  0.93764293 0.016378428786993027
41 0.47916153 0.25094223 1.         0.5931846  0.016132360324263573
16 0.3154353  0.39083105 0.59531224 0.75492376 0.016121193766593933
4 0.13790807 0.3579705  1.         0.7625996  0.015799494460225105
10 0.00497566 0.00791472 0.06616358 0.05661775 0.015586411580443382
10 0.00908148 0.00463703 0.09374762 0.04152928 0.015477455221116543
21 0.24631038 0.56469804 0.9477462  0.8609393  0.015458405017852783
1 0.2877427  0.         0.43337384 0.0436548  0.015302704647183418
1 0.         0.1685347  0.66018444 0.57023335 0.015167713165283203
7 0.101751  0.2308266 0.7121236 1.        0.015030442737042904
41 0.5718946  0.5375074  1.         0.89751536 0.014969288371503353
24 0.20355497 0.10294115 0.9215878  0.4007872  0.014914417639374733
24 0.35114288 0.127594   0.9370986  0.50363183 0.014871273189783096
10 0.05855062 0.11578981 0.62699986 0.53202397 0.014846696518361568
41 0.1049841  0.08039284 0.75896555 0.72223747 0.014831092208623886
7 0.00350109 0.         0.03780844 0.08628885 0.014817137271165848
18 0.06849127 0.18694611 0.566062   0.90920556 0.014759043231606483
41 0.3470847  0.05196533 1.         0.4838112  0.014722195453941822
10 0.         0.94066155 0.07228468 0.99562085 0.014526001177728176
1 0.4916415  0.64247173 0.8263816  0.99523056 0.014458755031228065
10 0.45589525 0.49596196 0.86559206 0.9574117  0.014431135728955269
10 0.        0.0136175 0.5333386 0.4448428 0.014378487132489681
21 0.21202835 0.20898627 0.64840025 0.59544015 0.014361531473696232
7 0.36075452 0.4414978  0.7100592  0.9598721  0.014334263280034065
25 0.275472   0.31674612 0.8076196  0.81189483 0.014260262250900269
21 0.00388495 0.         0.04037445 0.07768562 0.014252956956624985
21 0.01523987 0.         0.8116028  0.39157867 0.014246278442442417
10 0.00847613 0.00887722 0.0933763  0.06838261 0.014241601340472698
41 0.20058452 0.91435367 0.48603603 1.         0.014039907604455948
21 0.         0.         0.45830813 0.39953387 0.014015504159033298
24 0.31529233 0.6611562  0.9089382  0.9362297  0.013940065167844296
10 0.14331234 0.0598497  1.         0.40332454 0.013894452713429928
18 0.32554266 0.         0.43273872 0.05751063 0.01389328297227621
18 0.0635549  0.         0.21436517 0.08254395 0.013876622542738914
1 0.        0.        0.6976799 0.3675639 0.013876007869839668
42 0.48348096 0.45012727 0.7618743  0.95797336 0.013835093937814236
2 0.32001507 0.403131   0.7246875  0.81754357 0.013763428665697575
18 0.02479939 0.87381744 0.11745782 0.98629856 0.013676379807293415
10 0.8883482  0.00807411 1.         0.1265373  0.013661626726388931
1 0.20348896 0.         0.505416   0.3321533  0.013624717481434345
2 0.4304423 0.2590944 0.7007633 0.8185756 0.013605262152850628
21 0.03328305 0.27621278 0.63395274 0.5705998  0.013561121188104153
1 0.3286843  0.         0.4464682  0.05631341 0.01346656959503889
18 0.39868385 0.         0.63987    0.08235636 0.013446534983813763
21 0.16672273 0.13615856 0.4815139  0.62681276 0.013445894233882427
16 0.40129802 0.42699605 0.65187174 0.76997334 0.013428607024252415
10 0.37001568 0.00423129 0.5107897  0.05476911 0.013413227163255215
41 0.09709493 0.2967614  0.7515123  0.62966037 0.013363448902964592
18 0.5899029 0.        1.        0.4579438 0.013266229070723057
18 0.05280913 0.1525362  0.3355576  0.49405375 0.013264230452477932
18 0.6366066  0.         0.87682307 0.0883612  0.013248654082417488
21 0.00569012 0.         0.05511658 0.05182902 0.01324550062417984
10 0.         0.9120296  0.20756839 0.99424255 0.013213531114161015
1 0.2511755 0.        0.5376596 0.0841822 0.013187067583203316
10 0.13356443 0.13913946 0.56295735 0.7231712  0.013167914934456348
2 0.27019474 0.5227049  0.80387145 0.8544613  0.013144005089998245
21 0.00907189 0.         0.07855666 0.06146858 0.013061520643532276
21 0.36112788 0.11266627 1.         0.83900315 0.013057997450232506
24 9.6079508e-05 2.4537025e-01 5.8054000e-01 4.7013012e-01 0.013046439737081528
25 0.00283541 0.45147446 0.8100054  0.8074497  0.013020834885537624
10 0.         0.01862941 0.88107413 0.35389882 0.012868468649685383
18 0.6288593  0.13158493 1.         0.96626407 0.012697103433310986
41 0.2070457  0.09973002 0.82893467 0.4021317  0.012491866014897823
18 0.13557614 0.61799276 0.92691004 0.99420476 0.012392908334732056
18 0.04138165 0.         0.16128398 0.13093537 0.012333097867667675
1 0.33106348 0.         0.9394442  0.44270253 0.012290348298847675
21 0.01006734 0.         0.07736762 0.03735831 0.012239495292305946
10 0.15026665 0.20463227 0.7333198  0.6592309  0.01221770141273737
41 0.22912799 0.2690963  0.68362236 0.7467791  0.012053570710122585
4 0.         0.26706687 0.746466   0.6791976  0.012042132206261158
18 0.08252998 0.         0.42387846 0.1800025  0.012020517140626907
41 0.66578937 0.44260147 0.9986936  0.9938648  0.012016466818749905
18 0.22729456 0.         0.46562898 0.08971144 0.012006125412881374
1 0.6322031  0.2757457  0.96334344 0.6427971  0.01192845031619072
4 0.22954707 0.5685756  1.         0.9695449  0.011910822242498398
10 0.15193312 0.38819194 0.947112   0.7033197  0.011904642917215824
24 0.53614575 0.756255   0.79208356 0.9392556  0.011890305206179619
16 0.47790042 0.34643283 0.6592563  0.76823175 0.011854373849928379
10 0.02599604 0.00955245 0.8053796  0.21518949 0.01183396764099598
10 0.3291342  0.00240723 0.5043424  0.04041    0.011817792430520058
41 0.078412   0.26185596 0.6267966  0.97526413 0.01181542407721281
24 0.1942435  0.16904703 0.7618808  0.4183155  0.011777780950069427
2 0.36417013 0.33354986 0.7673627  0.7513457  0.011699443683028221
18 0.27672094 0.         0.52400184 0.08517445 0.011606033891439438
2 0.22343372 0.34263116 0.8466277  0.8335016  0.011571482755243778
7 0.2937908  0.36729786 0.7733476  1.         0.011552090756595135
10 0.         0.8858549  0.14959611 0.9957567  0.01143400464206934
18 0.6064123  0.         0.8017997  0.13224123 0.01141203660517931
7 0.4524513  0.2846097  0.691843   0.99610484 0.011409824714064598
24 0.5093371  0.18577361 0.9423751  0.5939674  0.011395486071705818
24 0.01810153 0.17656627 0.5758235  0.6102128  0.011388301849365234
16 0.34307608 0.3186969  0.66701204 0.7912897  0.011360395699739456
18 0.9272403  0.9183013  1.         0.99470836 0.01123895775526762
1 0.6978549  0.         0.81631356 0.05961858 0.011221705935895443
10 0.01528493 0.00936381 0.18666947 0.08123809 0.011221147142350674
42 0.29077628 0.5780385  0.8724697  0.93866277 0.011177354492247105
10 0.0268692 0.7146398 0.9884483 0.9737951 0.011173303239047527
41 0.20282002 0.1596918  0.5318596  0.7016214  0.011020997539162636
18 0.03041548 0.90558046 0.166009   0.9882632  0.011020413599908352
41 0.07279264 0.05656634 0.60977966 0.58141726 0.01099523063749075
1 0.01384923 0.44007346 0.64551216 0.7876651  0.010992035269737244
18 0.05112989 0.23632948 0.34531444 0.60143524 0.010977163910865784
18 0.6137553 0.5207528 1.        0.9877182 0.01087153609842062
24 0.05111552 0.3352357  0.63514876 0.79197675 0.01085295993834734
18 0.55121654 0.6559424  0.86886233 0.95421946 0.010793756693601608
10 0.4591325  0.01750203 1.         0.14782013 0.0107471514493227
18 0.03086539 0.6733931  0.16685452 0.9674315  0.010684812441468239
4 0.17335527 0.61451477 1.         1.         0.010682704858481884
7 0.04802506 0.06674037 0.4565213  0.79470253 0.010674566961824894
18 0.7498754  0.         0.9945196  0.08746629 0.01065170019865036
1 0.27544597 0.         0.39042836 0.06035631 0.010602804832160473
16 0.25626186 0.27094334 0.61647063 0.7775051  0.01059700921177864
41 0.5283301  0.77949595 0.9342156  0.9867356  0.010595902800559998
18 0.7318766  0.         1.         0.16846299 0.010594540275633335
21 0.21699667 0.3645332  0.8557178  0.6616778  0.010550636798143387
4 0.         0.18054375 0.78823715 0.57061696 0.010535254143178463
24 0.3196517  0.24890953 0.90022    0.49161133 0.010421470738947392
18 0.8088037  0.         0.9985095  0.22860761 0.010409821756184101
18 0.76099634 0.         0.86401016 0.05583384 0.01039719395339489
7 0.04016624 0.02931918 0.60638314 0.60187125 0.010298039764165878
42 0.5124111  0.6730698  0.83029795 1.         0.0102496687322855
1 0.        0.5392871 0.9456061 0.9961676 0.010249416343867779
21 0.10156889 0.07206841 0.74581635 0.34303725 0.010210534557700157
33 0.29881158 0.3429432  0.9995235  1.         0.010178355500102043
10 0.         0.8477739  0.10680018 0.9986364  0.010022936388850212
24 0.         0.00360151 0.03463267 0.07344695 0.010009546764194965
41 0.08107439 0.01707937 0.49589393 0.470339   0.009975846856832504
41 0.21857199 0.71064776 0.9559618  0.96666545 0.009916243143379688
42 0.36490074 0.48894846 0.7834563  0.9053674  0.009802192449569702
1 0.16790192 0.         0.609788   0.24037933 0.009798979386687279
18 0.37669998 0.         0.5754179  0.11580452 0.009755781851708889
7 0.37690523 0.30860364 0.77751976 0.90216434 0.009730566293001175
18 0.71032155 0.         0.8599653  0.15922028 0.009711143560707569
16 0.34556866 0.4763967  0.6078767  0.8225479  0.009627954103052616
7 0.40455177 0.2071935  0.9594307  0.6219171  0.009611997753381729
10 0.42076886 0.01957666 1.         0.2182805  0.00960599072277546
21 0.8839354  0.         0.98651224 0.09165354 0.009602149948477745
18 0.04242561 0.8167445  0.33143678 0.9887383  0.00957617349922657
42 0.1565857  0.10117129 0.880517   0.5439326  0.009572944603860378
42 0.1926988  0.13286363 0.9435296  0.7175236  0.009548687376081944
7 0.00546821 0.         0.05562916 0.05745042 0.009531963616609573
42 0.40404147 0.421503   0.8404919  0.81779593 0.00951900240033865
18 0.20357807 0.         0.46872428 0.32342318 0.009507615119218826
33 0.17451376 0.10151965 0.8938886  0.81137943 0.009487149305641651
21 0.3718581  0.00245031 0.48814434 0.04774873 0.009481226094067097
