24 0.0957733  0.1039326  0.45928818 0.49115545 0.2059858739376068
24 0.04184582 0.18690927 0.35847607 0.52891046 0.20142582058906555
24 0.00219236 0.18660234 0.20466492 0.5234597  0.16800065338611603
21 0.         0.01375727 0.3535576  0.62320095 0.15230940282344818
24 0.         0.24245733 0.49172416 0.5053265  0.15010350942611694
1 0.         0.02628512 0.49436465 0.6578946  0.14558769762516022
10 0.00268822 0.         0.44185132 0.7681902  0.1426917165517807
10 0.0057972  0.04381188 0.24998938 0.7029059  0.1336638629436493
21 0.         0.1143394  0.20501825 0.6428197  0.12646137177944183
41 0.         0.20192887 0.33925915 0.6474914  0.09067891538143158
1 0.03667267 0.10678698 0.38106775 0.61007255 0.08696264028549194
1 0.09234383 0.10543528 0.62559277 0.6828573  0.08644238859415054
21 0.        0.        0.6119114 0.620078  0.08292346447706223
24 0.10566857 0.13151507 0.79990065 0.5026885  0.07324699312448502
1 0.         0.02711245 0.9791317  0.6885592  0.0698365792632103
24 0.         0.2908153  0.3191327  0.57227343 0.06442254781723022
10 0.02635846 0.         0.7003316  0.75691545 0.06242157891392708
1 0.02354252 0.05177854 0.24577713 0.69594556 0.061846524477005005
24 0.11395811 0.22749057 0.64635265 0.5012204  0.05813435837626457
1 0.03604047 0.17495218 0.71138376 0.57284933 0.05263707786798477
24 0.02711978 0.35049766 0.5320902  0.5873937  0.052177514880895615
41 0.         0.17463231 0.23060222 0.66762257 0.039302051067352295
24 0.7167379  0.28602144 1.         0.47930402 0.03919348120689392
24 0.         0.28287196 0.6693977  0.52105266 0.038887571543455124
10 0.         0.27512679 0.37001455 0.70895815 0.03443280979990959
1 8.2384748e-04 0.0000000e+00 4.5232964e-01 9.4164592e-01 0.03225036710500717
24 0.         0.19010529 0.27948105 0.44907904 0.03158937394618988
24 0.67136306 0.23751424 0.9782815  0.41279703 0.031139951199293137
1 0.00236679 0.0434549  1.         1.         0.03060290776193142
1 0.         0.15946598 0.49092102 0.5117641  0.029627380892634392
6 0.         0.73201853 0.07725237 0.809898   0.028079712763428688
10 4.4794718e-04 0.0000000e+00 1.0000000e+00 7.4202251e-01 0.026120906695723534
41 0.         0.1439443  0.45989117 0.6937781  0.02367229573428631
33 0.02347079 0.1665585  0.6615087  0.7553701  0.022799450904130936
10 0.         0.17162456 0.35206375 0.6125051  0.02197546884417534
33 0.         0.19842564 0.4381554  0.7064855  0.021807892248034477
20 0.        0.7317382 0.077951  0.8063619 0.020856255665421486
22 0.         0.7293054  0.08068811 0.81298417 0.019369419664144516
6 0.         0.71719384 0.05583003 0.82221186 0.019059866666793823
24 0.04167806 0.23629335 1.         0.57422626 0.019012637436389923
24 0.7171648  0.1599899  0.93747723 0.401428   0.018928635865449905
20 0.0030818  0.75921696 0.07798321 0.8349439  0.0187819916754961
24 0.11096022 0.25695655 0.7821551  0.42951035 0.01852976530790329
24 0.2338616  0.16650413 0.9957098  0.4880794  0.018039420247077942
21 0.         0.19918013 0.29849634 0.6601354  0.01772439107298851
24 0.         0.31225148 0.45267224 0.5516849  0.016213146969676018
1 0.59207124 0.19155839 1.         0.6018075  0.016168981790542603
14 0.00773973 0.7563768  0.07231301 0.83830744 0.01609296165406704
40 0.         0.         0.75917536 0.9837292  0.015953846275806427
6 0.         0.70561856 0.07518156 0.7818293  0.015923503786325455
1 0.        0.        0.6590069 0.9013789 0.01583225652575493
14 0.00678846 0.7277467  0.07423613 0.8085052  0.015674637630581856
25 0.         0.7391681  0.06787486 0.8095677  0.015274399891495705
10 0.01895582 0.07959689 0.52457947 0.6279591  0.014968860894441605
6 1.4089585e-04 7.5990558e-01 7.8497402e-02 8.3783334e-01 0.014835110865533352
21 0.         0.         0.9593564  0.57450074 0.014734398573637009
22 0.         0.7121314  0.05781755 0.82578737 0.014526160433888435
22 0.         0.75810313 0.08178385 0.84076124 0.014460819773375988
24 0.         0.22632676 0.46913534 0.41708884 0.014056766405701637
20 5.0169625e-04 7.1714920e-01 5.5817071e-02 8.1645304e-01 0.01376036275178194
24 0.1340933  0.17707954 0.92538345 0.73562235 0.013720058836042881
14 0.00546942 0.7113403  0.05391    0.8210038  0.013337699696421623
1 0.         0.12002259 0.8621039  0.5617987  0.012901494279503822
7 0.02751948 0.13676392 0.28660023 0.8227897  0.012617855332791805
24 0.08471631 0.2978756  0.48307914 0.785163   0.012521006166934967
24 0.90063053 0.40510854 1.         0.58795166 0.012099065817892551
24 0.06776761 0.19906324 0.52810496 0.68965495 0.01196918822824955
24 0.5287884  0.22561763 0.912383   0.43375626 0.011919352225959301
10 0.05797096 0.         0.7632183  0.38138592 0.011789188720285892
25 0.         0.7254086  0.04894668 0.8226621  0.01170735340565443
21 0.         0.14867106 0.42167577 0.570647   0.011354135349392891
25 0.         0.         0.73107594 0.6413927  0.010684624314308167
6 0.         0.691807   0.05429604 0.79325676 0.010506093502044678
24 0.7862082  0.21200898 0.99659353 0.43333727 0.010482328943908215
14 0.00592891 0.740275   0.05231209 0.8538454  0.010477494448423386
1 0.00720518 0.7248233  0.07560167 0.8152077  0.010336353443562984
20 0.00287525 0.7451646  0.05662566 0.8464231  0.010334134101867676
22 2.6744208e-05 6.9846284e-01 8.0724537e-02 7.8346527e-01 0.010194250382483006
25 0.         0.7112911  0.06818325 0.7816946  0.010011520236730576
41 0.         0.26527742 0.5138278  0.58709013 0.009988340549170971
24 0.00194227 0.7378915  0.07215278 0.80617106 0.009977242909371853
24 0.02064198 0.3165628  0.2790222  0.65650624 0.009785325266420841
41 0.         0.1598696  0.84807307 0.739568   0.009481496177613735
25 0.         0.7656407  0.07039519 0.8371634  0.00928026344627142
6 0.         0.74499387 0.05718797 0.85243374 0.009119158610701561
22 0.         0.7407262  0.05942068 0.85497355 0.00911249965429306
41 0.68853843 0.24477725 1.         0.57947624 0.009071435779333115
25 0.         0.04326424 0.7088319  0.6622009  0.009048841893672943
14 0.00561956 0.70005506 0.07538643 0.78099924 0.008853101171553135
24 0.01907234 0.19837126 0.7341756  0.42029464 0.00882458034902811
33 0.02994492 0.1432674  1.         0.65421885 0.00868888571858406
24 0.79118025 0.18100415 0.95863265 0.39338925 0.008672701194882393
24 0.04511279 0.39870846 0.4264826  0.62725216 0.00844632275402546
41 0.00314064 0.73184586 0.07943216 0.8140001  0.008416296914219856
1 0.00526194 0.705657   0.0548228  0.83047837 0.008406932465732098
25 0.         0.6978691  0.04886849 0.7968291  0.008376279845833778
24 0.00166949 0.72512984 0.05222673 0.81737596 0.008325638249516487
41 0.47602218 0.1404985  1.         0.5742189  0.008297293446958065
24 0.34258604 0.19273168 0.95228374 0.4308142  0.008256877772510052
22 0.         0.6811485  0.05757881 0.795437   0.008217668160796165
1 0.38582385 0.12317371 0.98662174 0.642446   0.0080990856513381
24 0.00372599 0.7107887  0.07481752 0.7771942  0.0079525550827384
10 0.         0.7344677  0.07685398 0.808895   0.007916007190942764
14 0.00472252 0.68408805 0.05455213 0.7917795  0.007782832719385624
24 0.00236855 0.69927466 0.05356414 0.78806096 0.0077466415241360664
20 0.         0.70712537 0.07807172 0.7770754  0.007739638444036245
1 0.00808393 0.69459814 0.07576621 0.78821945 0.007593894377350807
24 0.5566423 0.1751537 1.        0.4673687 0.007323947735130787
1 0.33707285 0.01793304 1.         1.         0.006795050576329231
27 0.0029785  0.7358087  0.07339379 0.8066697  0.0067579844035208225
25 0.         0.         0.34447256 0.59369236 0.006722500082105398
10 0.         0.72031534 0.05514031 0.82303494 0.00669443653896451
40 0.         0.         0.27062866 0.8498463  0.006462761200964451
10 0.1328058  0.         1.         0.40421185 0.006425300147384405
16 0.00371625 0.73729426 0.06492581 0.8102933  0.006059574894607067
10 0.         0.7061909  0.07824658 0.77999634 0.005962553434073925
25 0.         0.75215524 0.05129112 0.8508727  0.0059046573005616665
24 0.00117212 0.76494026 0.06961302 0.83426696 0.005890700966119766
25 0.         0.10648458 0.35847458 0.71709985 0.005884411744773388
10 0.         0.6921604  0.055964   0.79468787 0.005872637033462524
40 2.4991354e-04 7.2415257e-01 7.7483460e-02 8.1017590e-01 0.005853514187037945
4 0.         0.1579349  0.46506116 0.85202426 0.005643788725137711
41 0.0029393  0.7162951  0.05750562 0.82918626 0.005632339511066675
20 5.4128969e-04 6.9362909e-01 5.5546697e-02 7.8629518e-01 0.0056216055527329445
24 0.42783144 0.23931555 0.9869524  0.71918046 0.005548391956835985
28 0.00378534 0.72953284 0.07772254 0.8065543  0.005524457897990942
25 0.         0.6759103  0.03467344 0.83071387 0.005501171108335257
1 0.00580453 0.7546879  0.07411575 0.8413193  0.00549841346219182
41 0.04214846 0.23806082 0.67350394 0.6572048  0.0054063755087554455
41 0.00514503 0.70396465 0.08186938 0.78570485 0.005385776050388813
41 0.         0.7577883  0.07782783 0.8446325  0.005351172294467688
10 0.         0.76376957 0.07691822 0.83953583 0.0053026797249913216
14 0.00407439 0.6614148  0.03744613 0.8123101  0.005300236865878105
24 0.08542059 0.36266914 0.68366593 0.76492256 0.005199579522013664
1 0.23096518 0.16473539 0.9282743  0.5353598  0.005173609126359224
4 0.         0.13234124 0.25541383 0.7448025  0.005132978316396475
27 0.00270561 0.7621339  0.06930225 0.8337962  0.005045500583946705
14 0.00811478 0.7838651  0.07034208 0.8733919  0.005021396558731794
16 0.00302655 0.70819193 0.06330103 0.78590864 0.0050054881721735
41 0.         0.3291107  0.6064538  0.68203694 0.004913628567010164
34 0.         0.7287039  0.07013726 0.80311584 0.004852775484323502
27 0.00256295 0.7217689  0.05278412 0.81857085 0.004844695795327425
16 0.00210907 0.7248829  0.04603823 0.8251096  0.004828819073736668
1 0.71540374 0.14004402 0.9839785  0.64904815 0.0048274509608745575
24 0.00229239 0.68340695 0.03775891 0.80542094 0.004819290712475777
27 0.         0.07654712 0.61360705 0.8472462  0.004746907856315374
35 6.1628345e-04 7.2864234e-01 7.7761307e-02 8.1473327e-01 0.004729613661766052
7 0.01897057 0.08530625 0.18151282 0.778352   0.0047151572071015835
10 0.         0.29948318 0.5457832  0.6862415  0.004707490559667349
7 0.02393222 0.1285183  0.48307914 0.7677032  0.004697798751294613
21 0.         0.2757249  0.52475953 0.6524869  0.004695873241871595
10 0.6637104  0.         1.         0.57505584 0.0046692038886249065
40 4.6667102e-04 7.0584399e-01 5.5541307e-02 8.2313210e-01 0.004618482664227486
40 0.        0.        1.        0.9149168 0.004615336656570435
6 0.08686692 0.6749054  0.7658278  1.         0.004524899180978537
38 0.00092356 0.73036724 0.07729339 0.80587274 0.004459204617887735
28 0.00264203 0.7139528  0.05600016 0.81836617 0.004427922423928976
1 0.0038134  0.64520234 0.03887024 0.832721   0.004427826963365078
10 0.47422588 0.03067828 1.         0.51738507 0.0044104913249611855
5 0.00143054 0.7289022  0.08121155 0.8116176  0.004400466103106737
1 0.04825872 0.23733765 0.49023572 0.6922999  0.004387045744806528
16 0.00199325 0.6960474  0.04438588 0.80179787 0.0043703350238502026
29 0.         0.73188955 0.08205953 0.8215217  0.004358832258731127
18 0.         0.73043364 0.07542922 0.8153342  0.0043383268639445305
7 0.00352752 0.725665   0.07712433 0.81085867 0.004315651953220367
17 0.         0.7360173  0.07208491 0.80407655 0.004304793663322926
40 0.0031422  0.75568146 0.07609824 0.8356283  0.004297901876270771
30 0.00993467 0.7418623  0.075491   0.81364596 0.004267610609531403
6 0.02282172 0.8166802  0.31667307 1.         0.00424776878207922
10 0.7331173  0.         1.         0.18282261 0.004152845591306686
36 0.00166212 0.7321932  0.07884742 0.82134897 0.0041181789711117744
10 0.        0.6721515 0.0391093 0.8235482 0.0040984852239489555
22 0.3579702  0.65874857 1.         0.9757696  0.004071909934282303
24 5.5064360e-04 7.5241297e-01 5.0379805e-02 8.4550709e-01 0.004069458227604628
22 0.7745966  0.6319351  1.         0.97596765 0.004018816631287336
38 0.02336731 0.7151427  1.         0.9778419  0.003988650627434254
1 0.6445397  0.04019114 1.         1.         0.00398785388097167
22 1.6434828e-04 6.5604466e-01 4.0035006e-02 8.1687337e-01 0.003982297610491514
1 0.00411571 0.73761714 0.0537797  0.85601586 0.0039803641848266125
28 0.00404375 0.700805   0.0780907  0.77857715 0.003915874287486076
10 0.         0.18008289 0.51533186 0.8757327  0.003911956213414669
6 0.3866814 0.6457246 0.9957691 1.        0.003897767048329115
41 0.00410168 0.6889771  0.0589005  0.80048347 0.003892953507602215
10 0.         0.7507671  0.05500263 0.85439956 0.003860626369714737
20 0.00834768 0.78942144 0.07955567 0.8609675  0.0038453300949186087
30 0.00949681 0.7705352  0.07311473 0.8392116  0.0038223378360271454
21 0.         0.04757111 0.9316465  0.44368225 0.003799254074692726
33 0.0093668  0.22682394 0.24798055 0.6347927  0.0037806418258696795
27 0.00309209 0.70811003 0.07499958 0.7809467  0.003774114418774843
17 6.7458791e-04 7.6458019e-01 7.2748668e-02 8.3015037e-01 0.0037520891055464745
2 0.         0.72242767 0.08317693 0.81330425 0.0037276442162692547
35 3.1171483e-04 7.1355307e-01 5.5832904e-02 8.2672668e-01 0.003651378443464637
29 0.         0.71753544 0.05919227 0.83964247 0.0036179344169795513
25 0.        0.        1.        0.6593284 0.003607971128076315
24 0.00585042 0.68612206 0.07708392 0.74886364 0.003570836503058672
24 0.7476524  0.3485366  1.         0.55804664 0.0035476810298860073
41 0.22707693 0.16261889 1.         0.6289676  0.003498284611850977
30 0.00725585 0.730682   0.05408295 0.82842445 0.003491778625175357
14 0.00486919 0.71493775 0.03589771 0.8864846  0.0034808136988431215
7 0.00386234 0.75130445 0.0791133  0.83869886 0.0034792080987244844
35 0.00108674 0.7026369  0.07823227 0.7856384  0.0034531380515545607
24 0.9403948  0.49119264 0.9984138  0.5797388  0.003439097199589014
29 0.1081261 0.3091793 0.5562872 0.7996089 0.0034237492363899946
29 0.07691855 0.32451168 0.36797035 0.76180935 0.003423113841563463
18 0.         0.7129523  0.05533018 0.83207685 0.0034183685202151537
1 0.7554012  0.19458029 1.         0.75473046 0.0034122136421501637
33 0.00416464 0.7302941  0.07678515 0.8102407  0.0033803589176386595
34 0.         0.7126433  0.04987615 0.8136943  0.0033784997649490833
34 0.         0.7551378  0.07099074 0.8321539  0.0033730342984199524
6 0.77865624 0.5822751  1.         1.         0.0033506194595247507
5 3.4391723e-04 7.5645602e-01 8.2689174e-02 8.3838624e-01 0.0033374240156263113
6 0.91025573 0.93572503 0.995339   1.         0.003308029379695654
38 0.         0.8627045  0.34175354 0.99745524 0.003272242844104767
35 0.00150371 0.75709736 0.07645011 0.84381074 0.003230459988117218
40 0.         0.69352615 0.07895242 0.78429216 0.0032242743764072657
6 0.         0.6704442  0.03846569 0.8141604  0.00319521757774055
18 0.         0.7002799  0.08031885 0.7910867  0.0031682017724961042
41 0.         0.7418357  0.05634368 0.861638   0.0031678001396358013
38 0.00109801 0.71550316 0.05636158 0.8173413  0.0031576277688145638
26 0.00464939 0.73809725 0.06812367 0.80970573 0.00315097626298666
27 0.00223927 0.7472386  0.04959973 0.84527826 0.003124728100374341
17 0.         0.7214036  0.05112366 0.81510484 0.003122223075479269
29 2.5224686e-04 7.0261788e-01 8.4075712e-02 7.9646641e-01 0.0030807580333203077
18 0.         0.7584043  0.07314915 0.8415865  0.0030761142261326313
28 0.00241751 0.683692   0.05634959 0.7899857  0.0030720510985702276
28 0.00336593 0.75637484 0.0764472  0.8332138  0.003071337705478072
7 0.00285171 0.70990485 0.05502712 0.8239829  0.0030701246578246355
42 0.00114259 0.7307255  0.07844096 0.80852234 0.0030561198946088552
16 0.00322609 0.76774347 0.06558593 0.83768356 0.003053220920264721
4 0.00141105 0.7322698  0.07511964 0.80963755 0.003046807600185275
4 0.00161178 0.7592884  0.07464573 0.836934   0.00303451344370842
24 0.00502038 0.6765126  0.05563983 0.7564983  0.0030155014246702194
24 0.02469181 0.26296088 0.21104397 0.7172275  0.0030103670433163643
2 0.         0.7041622  0.06013629 0.82623804 0.002996685216203332
22 0.90533817 0.9461898  1.         0.9949744  0.0029956321232020855
28 0.7668306  0.6781345  0.99717224 0.99313855 0.002991019980981946
36 0.00101849 0.7178933  0.05667272 0.83688664 0.002971680834889412
38 0.         0.7596495  0.07981943 0.83229995 0.002942116232588887
24 0.04244065 0.33194092 0.3769413  0.7361391  0.0029366910457611084
5 0.001072   0.71290493 0.05830953 0.82545817 0.0029237684793770313
25 0.         0.6833979  0.06991876 0.7581701  0.0029217468108981848
25 0.         0.07378016 0.5020745  0.8833313  0.0028846499044448137
2 0.         0.69412404 0.0840354  0.78466636 0.002831216435879469
14 0.00562079 0.76685464 0.05051222 0.89281905 0.0028070700354874134
1 0.00689356 0.6645892  0.07431299 0.76334095 0.002800840651616454
36 0.00227343 0.70553875 0.08241527 0.7953305  0.0027874738443642855
22 0.92653453 0.9328377  1.         0.991744   0.002774916822090745
23 0.00700223 0.05185659 0.33931887 0.67455894 0.0027612093836069107
41 0.89019686 0.37761357 1.         0.572885   0.002753713633865118
40 0.         0.6743519  0.05670403 0.79715014 0.002738537034019828
32 0.00391534 0.73072726 0.07943287 0.8080116  0.002717934548854828
22 0.03596911 0.6418935  0.7665915  0.9731177  0.0027111812960356474
28 0.05543086 0.7456721  1.         0.99064934 0.002707329113036394
1 0.5302796 0.        1.        1.        0.002704581478610635
19 0.00477584 0.7348558  0.073732   0.8172794  0.00268357852473855
40 0.00298008 0.7395948  0.05443541 0.84764427 0.0026787747628986835
30 0.00689704 0.7611387  0.05283603 0.85380137 0.0026769679971039295
24 0.15630427 0.42293337 1.         0.84285706 0.0026750878896564245
27 0.00265616 0.69439447 0.05329905 0.7943264  0.0026529361493885517
1 0.04143324 0.14863057 0.29197994 0.80045676 0.002644891384989023
6 0.5535402  0.5417667  0.98016846 1.         0.002642663661390543
27 0.         0.28044137 0.36814064 0.7061622  0.0026358438190072775
22 8.0013278e-06 7.1441954e-01 4.2627331e-02 8.7895030e-01 0.0026338130701333284
4 0.         0.18757284 0.84607154 0.7403845  0.002600675215944648
18 0.         0.6826954  0.05940512 0.80696774 0.002591694938018918
19 0.93157095 0.93066    0.9921024  1.         0.002586686983704567
17 0.        0.7084546 0.0707072 0.7770505 0.002579499501734972
11 0.         0.7354939  0.07925976 0.8116337  0.0025521349161863327
22 4.1338604e-05 7.8471124e-01 8.3885424e-02 8.6558843e-01 0.0025397134013473988
24 0.93199444 0.93885946 0.99238795 0.99370646 0.002534595550969243
25 0.        0.2577022 0.5521281 0.6937557 0.0025236266665160656
14 0.0052262  0.6731146  0.07503473 0.75322396 0.002517601940780878
28 0.50773126 0.62235534 1.         0.98972285 0.0025082137435674667
35 6.4027472e-04 6.8752390e-01 5.5429168e-02 7.9772109e-01 0.002505647484213114
33 0.00139612 0.7614908  0.07687299 0.83939904 0.0025050295516848564
24 0.706124   0.23669775 0.9925918  0.6543365  0.0024929256178438663
24 0.26880315 0.22946778 0.8007354  0.36961314 0.00249160616658628
24 0.3338569  0.49582016 0.74927586 0.8191046  0.002487837104126811
23 0.        0.7369552 0.0632152 0.8103044 0.00248730112798512
34 0.         0.6990907  0.06991225 0.7747988  0.0024852303322404623
1 0.0053412 0.6451462 0.0540196 0.7796153 0.0024824694264680147
10 0.         0.67879283 0.081338   0.75141287 0.0024782721884548664
21 0.         0.27084833 0.22335872 0.73790556 0.002475528046488762
36 0.         0.7573896  0.07593788 0.8487803  0.002466378500685096
27 0.         0.1722425  0.27085075 0.73823804 0.0024476326070725918
40 0.         0.         0.3832464  0.72726333 0.0024265553802251816
16 0.00182264 0.6787543  0.030008   0.8284266  0.002404717728495598
14 0.93888867 0.9321389  1.         1.         0.0024030390195548534
8 0.00109605 0.7393589  0.07410974 0.8061157  0.002402145881205797
31 0.00853857 0.7304534  0.08289972 0.8089998  0.0023787161335349083
25 0.         0.6676614  0.05026798 0.7750475  0.00236898404546082
17 1.06773376e-04 7.50241280e-01 5.22858426e-02 8.40778887e-01 0.0023590195924043655
33 0.00681583 0.7019528  0.07665009 0.7818255  0.0023551802150905132
30 0.0111999  0.7141244  0.07662217 0.7876401  0.0023542032577097416
21 0.28322437 0.00561173 1.         0.43958318 0.0023537338711321354
33 0.00406239 0.7141491  0.05537722 0.8233741  0.0023404627572745085
33 0.         0.24477997 1.         0.9524022  0.0023395856842398643
28 0.9317893  0.93330973 0.9991849  0.9942778  0.0023366117384284735
4 0.00106601 0.7193428  0.05474489 0.82327765 0.002320557599887252
26 0.00309232 0.72550094 0.04848311 0.8226859  0.002310647862032056
