34 0.22591123 0.03533777 0.9545226  0.2860419  0.371910035610199
34 0.19587545 0.02730113 1.         0.42004237 0.27099040150642395
27 0.31505764 0.08970673 1.         0.90062684 0.24980933964252472
29 0.34615967 0.11746165 0.8362088  1.         0.19467318058013916
34 0.1884324  0.0097879  0.817393   0.21859111 0.19038832187652588
27 0.21410917 0.05895936 0.70257634 0.2925443  0.17818814516067505
29 0.39416042 0.4881491  0.8939612  1.         0.17604872584342957
27 0.2562536  0.02825808 0.73149294 0.23663282 0.16875749826431274
29 0.2575246  0.         0.71574056 1.         0.160607248544693
27 0.34733126 0.4739438  1.         1.         0.16016194224357605
33 0.6710177  0.13798243 0.96237427 0.59970516 0.15858879685401917
10 0.08782586 0.88162404 0.43313926 0.9902829  0.15561845898628235
34 0.22531179 0.27131483 1.         0.9187245  0.13576582074165344
34 0.17575559 0.5100205  0.98772657 0.9155183  0.13272982835769653
10 0.11172247 0.         0.41761526 0.23340659 0.12303908914327621
33 0.08414515 0.         0.6555594  0.28008938 0.11822608858346939
29 0.2770117  0.31816596 0.8823934  0.9302718  0.10978330671787262
34 0.3357325  0.17479548 1.         0.7476606  0.10780182480812073
29 0.6825419 0.        0.9379462 1.        0.10599876940250397
40 0.02048284 0.3302279  0.91397464 0.93973553 0.0961199402809143
27 0.2189417  0.30045584 1.         0.81518334 0.09516234695911407
41 0.41311494 0.3390879  0.9951177  0.7222907  0.09421183168888092
33 0.36638924 0.31402978 1.         0.8845029  0.092872254550457
27 0.16636078 0.04843732 0.89869255 0.34942785 0.09257154166698456
18 0.1029983  0.89033574 0.39130667 1.         0.0883384421467781
34 0.03665919 0.74678934 0.8392431  0.95659417 0.08175661414861679
29 0.14789747 0.         0.80528486 0.49449295 0.0781848281621933
41 0.3966838  0.22225937 0.99761397 0.59123516 0.0775868147611618
33 0.28811   0.        0.9910671 0.644038  0.0771934986114502
2 0.3313169  0.         0.9886243  0.37075144 0.07689864188432693
20 0.05947149 0.04411241 0.9089903  0.2763391  0.07520174235105515
5 0.04110219 0.         0.89030886 1.         0.0746917650103569
29 0.7197054  0.19812305 0.9409647  1.         0.07185499370098114
34 0.7287409  0.18325466 1.         0.7403669  0.07161886245012283
27 0.14967464 0.23612468 1.         1.         0.07160458713769913
27 0.33555806 0.5956029  0.9554034  0.89249486 0.07087023556232452
41 0.34702304 0.21443608 0.9185815  0.81262344 0.0683288425207138
34 0.1230349  0.         0.6955939  0.26119253 0.06762699037790298
33 0.6179208  0.09536611 1.         0.79227096 0.06702926754951477
20 0.1254248  0.03381612 0.6926117  0.24206308 0.0651797503232956
5 0.68545884 0.         0.9502779  0.88013077 0.06317740678787231
5 0.         0.12702769 0.977815   0.9606605  0.06298237293958664
41 0.3248029  0.48496765 0.9038503  0.8635998  0.06295617669820786
34 0.23466024 0.0040261  0.75770855 0.33850318 0.05841902270913124
41 0.18117096 0.00236183 0.5306465  0.26642084 0.057419974356889725
33 0.1223493  0.01096247 0.40597272 0.2582433  0.056320469826459885
29 0.4819978 0.3091789 0.8822035 1.        0.055339496582746506
34 0.2190493  0.14264825 1.         0.60597384 0.05512021481990814
29 0.21900223 0.         0.6094452  0.42989627 0.05507371574640274
5 0.        0.        0.9248284 0.7318065 0.05503097176551819
41 0.30951664 0.6236196  0.87061423 0.88313603 0.05235052481293678
38 0.49140108 0.8182328  1.         1.         0.05181904137134552
33 0.72453386 0.16107552 0.9830839  0.75572646 0.051150862127542496
33 0.5535319  0.09283282 1.         0.5488579  0.050121158361434937
5 0.6481659 0.        0.9182186 1.        0.04905274510383606
40 0.21816461 0.2562062  0.98693424 0.7893638  0.04790348559617996
2 0.6677272  0.01813273 0.97123384 0.98108166 0.04776657000184059
27 0.04095454 0.         0.91973674 0.47297668 0.04653428867459297
5 0.517765  0.        0.9475464 1.        0.04644312709569931
10 0.         0.         0.5946355  0.24129182 0.0458395816385746
7 0.         0.14286499 0.96682864 1.         0.045780401676893234
40 0.         0.19017963 0.9669517  0.8404395  0.045731060206890106
27 0.05817861 0.2213288  0.6315265  1.         0.045505281537771225
29 0.28035283 0.01636854 0.83424556 0.7258135  0.045006781816482544
34 0.4266091  0.05865855 0.98037475 0.4424702  0.04450463131070137
34 0.02271078 0.6875312  0.98633397 0.92215264 0.04383707791566849
40 0.         0.46534282 1.         1.         0.04351990297436714
34 0.54399276 0.07358317 0.98774517 0.8424786  0.04284299910068512
21 0.09736511 0.8427868  0.28905553 0.9980857  0.04215896874666214
7 0.        0.        0.7428148 0.9032227 0.042138345539569855
33 4.0914129e-02 7.6077780e-04 8.9342147e-01 3.1599683e-01 0.04152017459273338
16 0.695873   0.36965603 0.9307494  0.74137664 0.04080445319414139
41 0.286301   0.39427927 0.8076782  0.77828485 0.040432173758745193
29 0.34486952 0.66780627 1.         1.         0.04001946374773979
7 0.01075287 0.2634837  0.9621405  0.9396522  0.03969230130314827
41 0.06019015 0.         0.4722864  0.2325732  0.03953411430120468
33 0.43021217 0.82219553 1.         0.97047216 0.03697352856397629
4 0.19311862 0.46074343 0.97229594 0.9071797  0.036616791039705276
27 0.5237136  0.19363075 1.         0.9600101  0.03605961799621582
41 0.33131987 0.06688172 0.8835591  0.49785092 0.0360388308763504
34 0.6404193  0.32156405 0.99168724 0.911513   0.034856222569942474
29 0.7020318  0.4617649  0.91934013 1.         0.03449558839201927
27 0.20641719 0.04161324 0.9917631  0.64655954 0.03282295539975166
24 0.17947765 0.29681268 0.8975824  0.8841744  0.032506659626960754
32 0.76764166 0.29084918 1.         0.7258893  0.03211696073412895
27 0.08580058 0.09016292 0.88010544 0.7887047  0.032080065459012985
2 0.28007764 0.         0.9883788  0.9250311  0.03145213425159454
27 0.30092    0.40491608 0.6220147  0.95707077 0.030490510165691376
34 0.2304306  0.60959655 0.85609317 0.8351844  0.030397659167647362
38 0.39535967 0.27742267 1.         0.7854533  0.029940275475382805
41 0.17723353 0.07629504 0.8140823  0.5640973  0.02963736094534397
27 0.26499608 0.36135906 0.9139089  0.94954216 0.029602618888020515
27 0.05957171 0.35540515 0.8161451  0.8888485  0.029593851417303085
41 0.0601517  0.10132976 0.5345139  0.44418713 0.029413027688860893
34 0.6823764  0.25675458 0.964053   0.63753164 0.02932838164269924
40 0.        0.6234983 0.8426093 1.        0.028522765263915062
10 0.6626579  0.57003784 0.9391476  0.8485603  0.028456207364797592
34 0.5153404  0.78641677 0.9600818  0.9718399  0.028399424627423286
34 0.26364067 0.37278432 1.         0.7697393  0.028260042890906334
29 0.7669777  0.31234115 0.9774636  1.         0.027694206684827805
40 0.       0.740622 1.       1.       0.02753545343875885
29 0.63820225 0.49885836 0.976686   1.         0.027278030291199684
40 0.        0.4312288 0.6132212 1.        0.027238519862294197
6 0.01541079 0.         0.42078105 0.2882206  0.027229715138673782
38 0.31526336 0.4143454  1.         0.9184092  0.026395585387945175
20 0.15816317 0.05922788 0.61957276 0.19990182 0.026145750656723976
5 0.15553403 0.         0.69985646 0.21003878 0.02613452449440956
41 0.707304   0.23808831 0.9833051  0.75312775 0.026121148839592934
30 0.7545465  0.20897491 0.9698222  0.69991904 0.025753630325198174
34 0.0525469  0.6207961  0.5851204  0.96859926 0.025585511699318886
25 0.         0.36546487 0.965312   0.77558964 0.025585351511836052
7 0.14580838 0.3208616  0.74452853 0.6571992  0.025516996160149574
25 0.        0.722477  1.        0.9369727 0.025453178212046623
41 0.7122195  0.57274723 0.9338387  0.7980145  0.025380754843354225
33 0.13691275 0.0859786  1.         1.         0.025037650018930435
6 0.6752208  0.23114449 0.9703171  0.65535665 0.02491065114736557
33 0.6680357  0.34044152 1.         1.         0.02487350068986416
27 0.10128222 0.57190615 0.8992427  0.97034955 0.024866482242941856
40 0.04856794 0.30586904 0.7221502  0.80924195 0.02468740940093994
1 0.13440017 0.25170973 1.         0.7685543  0.024504920467734337
34 0.37369683 0.83989465 1.         0.9731934  0.02331075258553028
38 0.85536665 0.01079783 0.99817854 0.11933655 0.02310451678931713
29 0.46205312 0.17521206 0.9679279  0.8107792  0.023044424131512642
34 0.6421146  0.12914002 1.         0.465114   0.023011423647403717
41 0.33242086 0.58197117 0.76362014 0.84596    0.022763509303331375
41 0.18292698 0.         0.41692877 0.2413912  0.022755704820156097
5 0.08824994 0.         0.8320125  0.4079677  0.022734953090548515
34 0.55942804 0.66437316 0.97480613 0.9481631  0.022631514817476273
2 0.07838483 0.66233563 0.8016386  1.         0.022567205131053925
10 0.2467262  0.26270336 0.9318182  0.6959017  0.022164056077599525
41 0.6717581  0.4877772  0.9183417  0.96175754 0.022082705050706863
14 0.6997521  0.10989536 0.96639174 0.5249422  0.02190968580543995
29 0.31379247 0.5656241  0.8433026  0.92504233 0.02170981653034687
34 0.59406793 0.8273614  0.99556845 0.9769009  0.02168652042746544
38 0.20737381 0.01879064 0.74309576 0.27304763 0.021574195474386215
27 0.65790933 0.25776398 0.9819985  0.9044137  0.021535994485020638
33 0.26383933 0.5441762  0.9543297  0.92163324 0.021469883620738983
33 0.7116148  0.06344335 0.96709454 0.509396   0.02140939235687256
29 0.21385951 0.6133268  0.8008963  1.         0.021274656057357788
41 0.2536272  0.18521549 0.77556884 0.6603816  0.02123090624809265
41 0.2500376  0.00268815 0.90217197 0.39336395 0.020732998847961426
41 0.23711315 0.48628205 0.7102769  0.87775314 0.020678654313087463
34 0.18218684 0.24101807 0.9235222  0.68299645 0.02052675560116768
41 0.11765953 0.6252163  0.69108236 0.9059346  0.020462414249777794
6 0.5843075  0.06190834 0.8939206  0.6697763  0.02021474577486515
6 0.54476553 0.         0.95147943 0.77979016 0.020101631060242653
33 0.46694845 0.1565732  0.96986073 0.42095762 0.020041391253471375
38 0.13586731 0.02477085 1.         0.28944713 0.019954178482294083
3 0.03582784 0.         0.8928182  0.72061986 0.019875498488545418
21 0.23722608 0.39122978 0.8497464  0.8683823  0.019778117537498474
16 0.6916417  0.28936923 0.9732201  0.58658177 0.019413525238633156
29 0.22504766 0.         0.5583177  0.2915299  0.019359765574336052
27 0.50026244 0.07801563 0.9664963  0.48605418 0.019311456009745598
29 0.6022228  0.10526241 0.96437085 1.         0.019080927595496178
38 0.8035104  0.00831621 1.         0.08681139 0.018995212391018867
7 0.5966145  0.02839757 1.         0.9635832  0.018916672095656395
32 0.7872686  0.40425882 1.         0.6437552  0.01883934810757637
24 0.25300708 0.36518964 0.8363785  0.7482405  0.018800608813762665
27 0.6567091  0.51203036 0.97136587 1.         0.01866726204752922
41 0.28171134 0.35953608 0.7390794  0.59820205 0.018357962369918823
1 0.23011354 0.14443332 1.         0.6212953  0.018323402851819992
36 0.4677997  0.04934525 0.90495265 0.9142194  0.0181504487991333
32 0.8086156  0.18165699 1.         0.7866323  0.018134064972400665
13 0.08896355 0.0602588  0.70160913 0.29524094 0.01810484379529953
1 0.05010681 0.39418095 1.         0.8857545  0.01798795908689499
16 0.259791   0.31083152 0.793754   0.6605125  0.017951376736164093
10 0.28427148 0.345321   1.         0.7668525  0.017927732318639755
1 0.         0.29007736 1.         0.9145696  0.017819222062826157
41 0.10275549 0.         0.772714   0.3097729  0.017741287127137184
24 0.28225896 0.49335513 0.8652653  0.95224196 0.017689626663923264
33 0.5934828  0.21528809 1.         0.64006126 0.01761673577129841
4 0.04416056 0.4294612  0.75164247 0.84364307 0.01761486753821373
34 0.05770503 0.4944327  0.6531774  0.9156897  0.01755988970398903
27 0.45569918 0.8162229  0.98778945 0.99367905 0.01749103143811226
34 0.05078502 0.4565267  0.9201657  0.82052577 0.017291754484176636
19 0.2564437  0.40841195 0.965589   1.         0.017093388363718987
2 0.15529564 0.46156952 0.9480029  1.         0.01708446815609932
21 0.1691431  0.05388441 0.80820215 0.7324653  0.017080018296837807
25 0.06115929 0.07060041 0.69329876 0.21288562 0.016940956935286522
27 0.06605049 0.63928264 0.72755736 0.9997869  0.01686774753034115
25 0.         0.11042023 0.61425865 0.2589122  0.016729507595300674
28 0.         0.18126504 0.39877453 0.7391779  0.01672195829451084
5 0.61221343 0.13767904 0.96106803 1.         0.016705263406038284
13 0.14188449 0.11599144 0.73905915 0.74727774 0.01660447008907795
41 0.15390612 0.00369361 0.6089695  0.1872789  0.016464589163661003
27 0.29125038 0.51372117 0.795583   0.8863074  0.016376717016100883
25 0.6043365 0.5540828 0.9678704 0.7900001 0.01637049950659275
16 0.17300087 0.23378123 0.82094294 0.49553904 0.01632435992360115
29 0.32455495 0.         0.889114   0.479863   0.016254011541604996
41 0.63448864 0.39190382 0.9421447  0.8976641  0.016150575131177902
5 0.         0.46800336 0.69026446 1.         0.016093650832772255
20 0.16057995 0.04076998 0.39440563 0.19602764 0.016012748703360558
3 0.11902677 0.02663054 0.6181654  0.27024725 0.015928559005260468
34 0.         0.66869193 0.7089334  0.97293735 0.01591087132692337
5 0.05867561 0.         0.63044405 0.35322168 0.01579991541802883
27 0.0335406  0.31770146 0.86209005 0.6440674  0.015798816457390785
18 0.17610617 0.03573041 0.9939887  0.700555   0.015440905466675758
6 0.         0.0054587  0.2837078  0.31569123 0.015430259518325329
27 0.09465755 0.7006074  1.         1.         0.015386785380542278
34 0.67060804 0.02741    0.98345035 0.5424455  0.015338972210884094
29 0.32768953 0.34721273 0.8383705  0.6590423  0.015315841883420944
22 0.5492633  0.01037214 0.9818397  0.6573524  0.015255562961101532
29 0.7545808  0.41463572 0.97556347 0.8616796  0.015218215994536877
30 0.3767214  0.35969332 1.         0.8048782  0.015129189006984234
5 0.         0.5811044  0.97694176 1.         0.01507701724767685
25 0.         0.77822816 1.         0.9926233  0.015020250342786312
27 0.24130778 0.         0.7256241  0.3660292  0.014921924099326134
7 0.01988645 0.3092538  0.65321106 1.         0.014891497790813446
27 0.6390804  0.60712945 0.92165864 0.8305303  0.014850271865725517
34 0.436822  0.5725616 1.        0.9262996 0.014843303710222244
25 0.02794355 0.38299718 0.85991    0.66005176 0.014771386049687862
36 0.233526   0.07468542 0.7843308  0.9381718  0.014750266447663307
25 0.         0.60484385 1.         0.8685793  0.014651614241302013
24 0.26200315 0.6207333  0.75845134 0.839978   0.014644142240285873
31 0.82482773 0.32113427 1.         0.7689552  0.014610756188631058
20 0.17785464 0.05814955 0.72965264 0.15985085 0.01456425804644823
5 0.13296153 0.42363867 0.8287267  0.9638918  0.01453661359846592
31 0.8247437  0.36839947 1.         0.6178877  0.014386841095983982
5 0.1340009  0.         0.39492315 0.22254108 0.014081541448831558
5 0.        0.3536277 0.8480348 1.        0.01405674684792757
16 0.10275615 0.08262567 0.64847994 0.25676712 0.014036820270121098
1 0.12830445 0.53186613 1.         0.8476939  0.013818896375596523
6 0.5073575  0.21210149 0.9573518  0.6462983  0.013744743540883064
14 0.6177009  0.05381567 0.97398186 0.5863757  0.01371330302208662
41 0.10847028 0.16561525 0.49299014 0.5304451  0.0137013616040349
25 0.13894145 0.4769287  1.         0.79947245 0.013606935739517212
7 0.         0.         0.90336305 0.6074917  0.013591780327260494
19 0.14091031 0.         0.89999413 0.8494893  0.01355759333819151
30 0.73980004 0.42600664 0.99714845 0.7617131  0.013541064225137234
25 0.07778565 0.67840683 0.97961396 0.84760666 0.013485081493854523
34 0.7628454  0.04892552 0.98992646 0.31088614 0.013369699940085411
2 0.14404552 0.         0.8750069  0.40182826 0.013356341049075127
27 0.13911092 0.05188297 0.5492333  0.24401523 0.013273284770548344
25 0.5024701  0.70694166 0.93313915 0.9366691  0.013230142183601856
29 0.13913126 0.00937846 0.59432834 0.8797968  0.013193025253713131
1 0.10371557 0.         1.         0.5608535  0.013144655153155327
16 0.         0.11303446 0.9232314  0.2517053  0.013048765249550343
22 0.         0.         1.         0.74425703 0.012918761931359768
38 0.0328789  0.02481198 0.52762014 0.21553236 0.012523415498435497
40 0.18621959 0.2951567  0.7791411  0.61581576 0.012485199607908726
25 0.         0.1339222  0.93422395 0.26515684 0.01244449894875288
29 0.10975701 0.3976135  0.7386859  0.90831167 0.012415328994393349
33 0.42193165 0.27468625 1.         0.6004263  0.012403950095176697
2 0.5596271 0.        0.9988082 1.        0.012381846085190773
36 0.37064847 0.3976147  0.9112508  0.88791275 0.012359417043626308
34 0.34736058 0.02241449 0.6769659  0.37186602 0.012284099124372005
15 0.         0.03540128 1.         0.3270776  0.012213381938636303
6 0.72944295 0.16071585 0.98024374 0.7651112  0.012205224484205246
27 0.2624083  0.29256898 0.6324607  0.8333592  0.012202292680740356
10 0.25770667 0.46478355 0.9770913  0.85995406 0.012200075201690197
27 0.27918234 0.01603123 0.81883305 0.17675126 0.01213895995169878
14 0.5472994  0.10282806 1.         0.46783102 0.012077500112354755
26 0.73473674 0.40371114 0.91429657 0.66632223 0.012009271420538425
1 0.19402634 0.65330523 1.         0.94254965 0.012009220197796822
33 0.5210787  0.7682663  0.98090637 0.9884948  0.011998987756669521
24 0.56662494 0.23081562 0.9225628  0.8412562  0.011979947797954082
1 0.         0.01763456 1.         0.78429556 0.011917480267584324
5 0.25879222 0.18893161 0.9387269  1.         0.011912882328033447
16 0.16719747 0.16116272 0.8206657  0.42021868 0.011896749027073383
2 0.4126508  0.         1.         0.57940733 0.011853477917611599
40 0.2498735  0.4065751  0.5607174  0.89170533 0.011836116202175617
41 0.26975933 0.7542579  0.90557444 0.9190039  0.011805218644440174
19 0.18563406 0.24752559 0.95193446 0.8714651  0.011663892306387424
38 0.23020196 0.02274471 0.8004025  0.13634454 0.011625859886407852
28 0.         0.31998572 0.38515696 0.86944664 0.011545442044734955
41 0.0860663  0.24776493 0.5117389  0.6450391  0.011442639864981174
38 0.2876235  0.02005597 0.83686584 0.2034781  0.011415713466703892
27 0.6668931  0.16139401 0.95182693 0.46341085 0.011397456750273705
10 0.10179858 0.01554451 0.6031958  0.3241222  0.011234629899263382
32 0.20599572 0.00169013 0.38812345 0.17391214 0.011179095134139061
25 0.5156267  0.3488542  0.95069224 0.7559062  0.011143683455884457
14 0.06270248 0.         1.         0.3515309  0.01112763024866581
24 0.3375124  0.03890902 0.8704334  0.2942865  0.011075513437390327
25 0.         0.21690153 1.         0.49738383 0.011024466715753078
24 0.         0.4249367  0.5029385  0.90936965 0.010955414734780788
30 0.7280297  0.13464423 1.         0.8027027  0.010879412293434143
16 0.74487543 0.5186704  0.9512353  0.8601536  0.010858608409762383
41 0.28816783 0.34900782 0.6366262  0.702568   0.010856452398002148
6 0.13900906 0.         0.35693538 0.24198289 0.010796738788485527
25 0.         0.4443097  0.62866783 0.8206248  0.010751127265393734
30 0.77769536 0.44550687 0.9905669  0.65922606 0.01074179820716381
10 0.02453668 0.8714221  0.42697546 1.         0.010741719044744968
3 0.12026665 0.43675    0.8846386  1.         0.010733244009315968
31 0.8226473  0.15679093 1.         0.70927244 0.01066882349550724
40 0.06314794 0.06309383 0.81691325 0.6935129  0.010646614246070385
34 0.6661968 0.5533195 0.9914738 0.9400688 0.010642369277775288
27 0.6928295  0.19765848 0.9831936  0.6123659  0.010634275153279305
25 0.         0.31485105 0.8904     0.63740396 0.010622481815516949
24 0.        0.5302057 0.8107161 1.        0.01045835018157959
5 0.        0.        0.5788138 0.9611383 0.01045626774430275
13 0.04755979 0.02884229 0.5848676  0.2368169  0.010433218441903591
20 0.71011406 0.24007595 0.9530111  0.6961568  0.010396412573754787
5 0.         0.75517064 0.58528167 1.         0.010361295193433762
34 0.10039993 0.01181821 0.5579311  0.19963886 0.01035709585994482
1 0.08327327 0.         0.5690174  0.68817914 0.010354878380894661
40 0.2648651  0.24058698 0.57729065 0.80834293 0.010291061364114285
3 0.30709052 0.32949162 0.83228636 0.93314254 0.010187889449298382
1 0.099502   0.00372284 0.7318231  0.48742157 0.010100736282765865
30 0.42434984 0.21969405 1.         0.6505579  0.010095788165926933
2 0.15486115 0.         0.7726469  0.7241315  0.010073062032461166
