1 0.479535 0.       1.       0.520734 0.08693598210811615
18 0.93654007 0.25360224 0.999708   0.376852   0.06532280892133713
1 0.0219371  0.16465287 0.50911975 0.60073495 0.06251933425664902
18 0.8592381  0.29187074 1.         0.48412427 0.057846784591674805
1 0.51993114 0.08832886 1.         0.4241613  0.05672887712717056
18 0.8518509  0.24800019 1.         0.42946956 0.05638553947210312
18 0.0055784  0.17647637 0.05874375 0.2948875  0.05578324943780899
1 0.02756355 0.06478623 0.39841533 0.66168433 0.052522461861371994
41 0.9193027  0.03980806 1.         0.12544723 0.051409997045993805
24 0.05739754 0.2944443  0.43214133 0.5700388  0.05121086537837982
41 0.9193801  0.20094015 1.         0.28298151 0.049010246992111206
41 0.9195442  0.06540845 1.         0.15121666 0.04896494746208191
18 0.915282   0.24603824 0.99867535 0.3353106  0.04882347583770752
1 0.95607823 0.         1.         0.08482777 0.048811815679073334
1 0.9370966  0.19970572 0.9990082  0.33235613 0.048431672155857086
41 0.9195097  0.22801232 1.         0.3097587  0.04838511347770691
41 0.93874943 0.15985574 1.         0.27169862 0.04835617169737816
18 0.89222425 0.2003628  1.         0.46767518 0.04786673188209534
18 0.00476328 0.12379115 0.05648668 0.24306339 0.04738183319568634
41 0.85903686 0.04186786 1.         0.28216916 0.04717526212334633
41 0.93847895 0.07855652 1.         0.19306824 0.047032810747623444
41 0.9201916 0.2551737 1.        0.336757  0.04683547094464302
1 0.9395501  0.01281257 1.         0.14357112 0.0467476025223732
41 0.9197397  0.14639775 1.         0.23021205 0.046451274305582047
18 0.9345268  0.20161803 0.99900126 0.32428    0.046321284025907516
41 0.9187734  0.01461115 1.         0.09932155 0.04597131162881851
41 0.91978395 0.11921646 1.         0.20382793 0.045889634639024734
1 0.9380597  0.14785734 0.99950683 0.2768259  0.044980838894844055
41 0.9399228  0.26707464 1.         0.3789174  0.0429941862821579
41 0.9211007  0.0718025  1.         0.40825117 0.04267396032810211
1 0.9176468  0.21821028 0.99659723 0.31472206 0.04265817627310753
1 0.9168427  0.24376217 0.9959263  0.34308478 0.042167454957962036
1 0.93469423 0.24905269 0.99720603 0.3903871  0.04197179898619652
18 0.9178953  0.02895883 0.9996359  0.40391886 0.04190715774893761
18 0.9145502  0.21931839 0.9986491  0.30861837 0.04164139926433563
17 0.3869223  0.01420784 0.59518117 0.11343557 0.04158256947994232
18 0.8463937  0.19797473 0.9995088  0.3744089  0.04152127355337143
26 0.00194884 0.13451082 0.05494045 0.24945557 0.04139891639351845
41 0.8509239  0.16224198 1.         0.32383078 0.040957823395729065
41 0.9185777  0.         1.         0.15977329 0.04049210622906685
41 0.88847435 0.00237853 1.         0.11752627 0.04021834209561348
1 0.91795766 0.19198926 0.99725413 0.2869087  0.04018035903573036
17 0.93189794 0.00914709 0.99215204 0.11179011 0.04008154571056366
18 0.00691424 0.13929497 0.07852702 0.22760059 0.03989619389176369
41 0.9379239  0.00105652 1.         0.11544436 0.03964467719197273
1 0.9389661  0.06778599 0.9995724  0.1966172  0.039444755762815475
18 0.9341853  0.14731371 0.9989558  0.2705674  0.039441753178834915
26 0.00156981 0.08194194 0.05306336 0.19411871 0.039429716765880585
26 0.00276343 0.14794551 0.07603426 0.23299548 0.039375849068164825
17 0.29985327 0.01162618 0.571932   0.08080684 0.03929746150970459
17 0.91155756 0.01196341 0.9894026  0.15322813 0.03918606787919998
26 0.00225021 0.12151662 0.07464699 0.20583308 0.03917548805475235
18 0.88603485 0.10319238 1.         0.35422027 0.03913296386599541
41 0.4001995  0.00090626 0.6433951  0.1179596  0.03910306468605995
18 0.00529501 0.07087918 0.05575082 0.1890618  0.038966089487075806
41 0.8896451  0.13103049 1.         0.36026123 0.038953520357608795
41 0.00047751 0.02961442 0.16358356 0.19405836 0.03872952237725258
17 0.88028157 0.01364852 0.98762006 0.1114108  0.03868947923183441
17 0.14532903 0.01107768 0.41072756 0.08085177 0.03861865773797035
18 0.0074453  0.03509874 0.078703   0.12018405 0.038399964570999146
17 0.33613527 0.01368284 0.5418374  0.11388161 0.03838968276977539
41 0.745699   0.00182892 0.9859508  0.11845698 0.03820250183343887
18 0.00709254 0.11343946 0.07779034 0.20045643 0.03816062584519386
17 0.9490768  0.0041538  0.9942023  0.08256824 0.03811127319931984
1 0.6141546  0.         0.8226384  0.11754625 0.03798292577266693
41 0.8887489  0.         1.         0.20084378 0.037772513926029205
18 0.91443664 0.19176254 0.9986833  0.28170633 0.037758663296699524
26 0.00218515 0.09527914 0.07376596 0.17866702 0.03774305805563927
18 0.00608571 0.01943056 0.0561622  0.1359347  0.03725714609026909
26 0.00222769 0.06957851 0.07325111 0.15174301 0.03718559816479683
17 0.91244847 0.02239029 0.9902231  0.09552921 0.03712441399693489
17 0.17913364 0.01421917 0.38003346 0.1135124  0.03709886968135834
17 0.8243848  0.01297046 0.9788784  0.11219605 0.03703349083662033
17 0.12705974 0.01543679 0.3272903  0.11309276 0.03673022985458374
18 0.94850886 0.         0.9967624  0.08526795 0.03672511503100395
41 0.23097873 0.00421262 0.91078657 0.159392   0.03658658266067505
18 0.00871737 0.         0.08093582 0.349891   0.03655034676194191
18 0.93413126 0.09178825 0.9988243  0.21762106 0.03648919612169266
18 0.00714421 0.08698724 0.07752976 0.17340268 0.036484576761722565
18 0.93276715 0.0385141  0.9984526  0.16435856 0.03638787940144539
41 0.18522142 0.00087329 0.4293891  0.12078524 0.03631838038563728
41 0.00100357 0.08071939 0.16724564 0.24909791 0.03623431548476219
17 0.43628037 0.01494079 0.6479195  0.11227827 0.03620763123035431
26 0.00179209 0.03160008 0.05301972 0.14120291 0.03616466000676155
18 0.0085855  0.02226667 0.11079987 0.27628013 0.03604011610150337
1 0.9182664  0.16528857 0.9975853  0.25994262 0.03598479926586151
18 0.0071395  0.06059606 0.07766757 0.14654496 0.03598141670227051
41 0.         0.15920869 0.06040527 0.2715354  0.03573983907699585
17 0.23168343 0.01329437 0.43263653 0.11358236 0.03569246083498001
17 0.2839172  0.01325023 0.48740414 0.11378782 0.03556842729449272
26 0.00211767 0.04451157 0.0737224  0.12523504 0.0354606993496418
18 0.93188125 0.         0.99669933 0.11459548 0.03540733456611633
17 0.83861285 0.00925421 0.980691   0.07944949 0.03530816361308098
18 0.8443269  0.14426732 1.         0.3193016  0.035198770463466644
1 0.91625386 0.03173684 0.9982658  0.4402778  0.03502877056598663
1 0.91983414 0.03080211 0.99869883 0.12650113 0.03500676155090332
41 0.07855579 0.0023921  0.31898743 0.11916288 0.03487476333975792
26 0.92731714 0.00978965 0.99800175 0.11186665 0.03478236123919487
1 0.8428913  0.19329017 0.9887364  0.39064813 0.034566886723041534
41 0.29199335 0.         0.53761303 0.12211319 0.0344914048910141
1 0.84203523 0.23401526 0.98084503 0.45915696 0.034164268523454666
41 0.0004214  0.04718263 0.11905313 0.28232244 0.03415192663669586
18 0.00851265 0.00873758 0.07931657 0.09500863 0.034059569239616394
17 0.88092005 0.01794072 0.9858873  0.18836075 0.03399677947163582
18 0.9148444  0.13655505 0.99852645 0.22845832 0.03398215398192406
17 0.9125039  0.00588003 0.9892961  0.06915463 0.033865828067064285
17 0.2188307  0.01863693 0.7775575  0.16025756 0.033829741179943085
17 0.07458168 0.01605122 0.27597964 0.11364294 0.033632777631282806
41 0.         0.13190189 0.1695543  0.30065072 0.033520329743623734
17 0.         0.15144971 0.06851538 0.228776   0.03340848162770271
17 0.9332464  0.03524221 0.9920192  0.13770393 0.0334043987095356
18 0.91246796 0.02950621 0.99789196 0.12224661 0.03336511179804802
17 0.8418002  0.017628   0.9803324  0.15767255 0.033301226794719696
1 0.5858358  0.         0.85976785 0.08342914 0.033288028091192245
17 0.18230137 0.0097583  0.2853203  0.05603909 0.033209703862667084
18 0.91152376 0.         0.9967366  0.15914181 0.033200643956661224
1 0.92175776 0.00337929 1.         0.10069213 0.03314352035522461
18 0.01167623 0.01556307 0.15336378 0.18740593 0.033123355358839035
18 0.82580566 0.         0.99763775 0.11318028 0.03311608359217644
41 0.         0.14576249 0.08515561 0.22985439 0.03308387100696564
26 0.00360759 0.043734   0.14791884 0.19861189 0.033005241304636
18 0.83770466 0.         0.9957765  0.31778234 0.03291454166173935
17 0.4001227  0.01170852 0.67478275 0.07962148 0.032912012189626694
26 0.00319536 0.01834864 0.07605599 0.25830185 0.03290959447622299
1 0.88313335 0.14947586 0.9920146  0.44355413 0.03289484605193138
17 0.         0.02249189 0.06986319 0.244314   0.03284914046525955
26 0.00361734 0.18657261 0.0579768  0.30426544 0.03265681862831116
1 0.92209244 0.         1.         0.15964475 0.032632023096084595
1 0.0105525  0.01340206 0.14603205 0.19061038 0.03261281177401543
17 0.         0.13976046 0.04808057 0.2448952  0.03260883688926697
41 0.00117692 0.02502757 0.08367378 0.35623017 0.03258189186453819
41 0.7864275  0.00492341 1.         0.2233751  0.0325474813580513
26 0.00462823 0.06302422 0.1072546  0.2957493  0.03254248946905136
41 9.4846095e-05 1.1955023e-01 8.4467642e-02 2.0328209e-01 0.03246930614113808
1 0.9185536  0.13837698 0.9976452  0.23340745 0.03246266394853592
1 0.03731465 0.         0.1835346  0.1577324  0.032391082495450974
18 0.91142166 0.00484908 0.9967386  0.0967804  0.032354600727558136
41 0.         0.00309312 0.32778046 0.16498673 0.03217229247093201
17 0.15607858 0.00985933 0.25887573 0.0560022  0.0320727676153183
18 0.78539246 0.         0.99393046 0.42609078 0.03191205486655235
41 0.16015853 0.00089312 0.47269776 0.08578919 0.031755492091178894
41 0.         0.00342114 0.20092504 0.11582398 0.03175120800733566
26 0.94626856 0.00554642 0.9976534  0.08069703 0.03174799308180809
41 0.00049882 0.00250676 0.16573037 0.31474963 0.03155016899108887
18 0.7667613 0.        1.        0.0794997 0.03151246905326843
17 0.03674804 0.01175681 0.30716762 0.08148305 0.03145650774240494
26 0.0017123  0.01212757 0.07404293 0.16375916 0.03142128139734268
18 0.88097423 0.         0.9969964  0.19762401 0.031379327178001404
1 0.91950816 0.05803912 0.9978063  0.15330905 0.031369682401418686
18 0.9150792  0.08164165 0.9987323  0.1753097  0.03136793151497841
41 0.8530118  0.21658905 1.         0.37728792 0.03135308250784874
1 0.0094143  0.         0.29309514 0.15733002 0.031329285353422165
1 0.01244237 0.         0.20828006 0.22213726 0.03132458031177521
26 0.9053055  0.00945054 0.9978008  0.15610626 0.03123811073601246
41 0.37449926 0.00118623 0.68779385 0.0837339  0.031148722395300865
17 0.01572695 0.02165911 0.5661176  0.16277641 0.031102243810892105
17 0.932258   0.00463017 0.99273205 0.05731383 0.03104228898882866
18 0.00781144 0.         0.07813957 0.15631157 0.030987698584794998
41 0.02756836 0.00249851 0.69511914 0.16875546 0.0309497881680727
41 0.         0.105685   0.05978751 0.21832052 0.030918274074792862
41 8.5151684e-01 6.7017878e-05 1.0000000e+00 8.4344879e-02 0.03089279681444168
17 0.         0.16763173 0.04712637 0.27250737 0.030774297192692757
18 0.8450569  0.08528588 1.         0.2672563  0.030739890411496162
17 0.9135299  0.047347   0.9894782  0.12142947 0.03070126101374626
1 0.07794078 0.         0.28930688 0.11458389 0.03070089966058731
18 0.02254845 0.         0.23628594 0.07897114 0.03061051294207573
17 0.         0.12398183 0.06947282 0.20120443 0.0306100994348526
1 0.         0.         0.36654735 0.753102   0.030570339411497116
18 0.01315746 0.         0.1965993  0.11086123 0.03055141493678093
18 0.0098308  0.         0.11136681 0.11069546 0.03047540783882141
1 0.8454953  0.14342444 0.99317235 0.33069932 0.0304157342761755
18 0.6903619  0.         1.         0.15527731 0.03039594180881977
17 0.7639591  0.01012729 0.96865726 0.07944524 0.030360683798789978
1 0.94083226 0.         1.         0.05893848 0.030337583273649216
41 0.00057237 0.09324172 0.08356535 0.17641975 0.03028944879770279
17 0.         0.02011241 0.27263287 0.15750992 0.030253177508711815
17 0.01671399 0.01484885 0.22625764 0.11253247 0.030237959697842598
41 0.         0.         0.23544516 0.22941503 0.03022322990000248
17 0.39416552 0.01948522 0.91675967 0.15793517 0.030162572860717773
26 0.87293446 0.01012449 0.9987015  0.11500682 0.02994900569319725
17 0.         0.11153314 0.04910712 0.21664803 0.029887277632951736
18 0.11166737 0.         0.3963132  0.07894595 0.02988721802830696
1 0.918921   0.11153221 0.9974448  0.20689331 0.029855290427803993
17 0.         0.01013546 0.21075195 0.07929032 0.029696235433220863
17 0.         0.01403789 0.07056361 0.15501575 0.029614601284265518
17 0.12971936 0.00990501 0.23266114 0.0557897  0.029611319303512573
18 0.84369516 0.03108163 1.         0.21417268 0.02945990115404129
41 0.266491   0.00058889 0.58188885 0.08669506 0.029428765177726746
17 0.         0.02113511 0.07210519 0.09304868 0.029393358156085014
17 0.83968353 0.03365    0.97633517 0.30272967 0.029388509690761566
17 0.         0.0461698  0.07183105 0.11983477 0.02937469817698002
18 0.01253911 0.06459418 0.15279117 0.24434057 0.029210124164819717
1 0.01065859 0.06449802 0.1409006  0.24702291 0.0291572418063879
17 0.9338527  0.06066988 0.99179333 0.16388059 0.029017847031354904
1 0.00551183 0.0233766  0.10087775 0.28114158 0.028914954513311386
1 0.9194608  0.08477484 0.9972853  0.18014468 0.02872266247868538
17 0.00172641 0.04377068 0.1403788  0.1888698  0.028617138043045998
18 0.01514869 0.         0.15477507 0.07961868 0.028497105464339256
18 0.74622303 0.         0.9688493  0.10990788 0.02847806178033352
17 0.00089527 0.06912416 0.09611851 0.28604886 0.02842562459409237
18 0.1364288  0.         0.3556036  0.11138034 0.028413010761141777
18 0.77499217 0.         0.99928075 0.21913286 0.028401648625731468
18 0.08215093 0.         0.30280736 0.11098015 0.028330715373158455
41 0.05202416 0.00178463 0.35907334 0.08494931 0.028295647352933884
17 0.         0.03340168 0.05124051 0.13372697 0.028289422392845154
41 0.6642693  0.00194549 0.9014008  0.11410635 0.028269359841942787
17 0.         0.09711546 0.07033226 0.1739039  0.028178157284855843
26 0.00104097 0.01963337 0.07445373 0.09734748 0.028115689754486084
1 0.43637046 0.         0.99687725 0.16215236 0.028094112873077393
41 0.00702151 0.00264187 0.24129388 0.08267516 0.028047874569892883
18 0.9318081  0.         0.99596417 0.05849537 0.027951253578066826
17 0.02991671 0.02046717 0.1739292  0.15622866 0.027930106967687607
17 0.         0.011946   0.09935734 0.10977603 0.027921603992581367
17 0.9353457  0.13932234 0.9912954  0.24168359 0.027881737798452377
26 0.90786856 0.0062798  0.9958355  0.07020851 0.02782779559493065
1 0.0083453  0.         0.18819864 0.11197627 0.02780349738895893
17 0.9354536  0.16640812 0.9909714  0.26838818 0.02778834104537964
17 0.74451435 0.0152183  0.9358479  0.11129413 0.02771923877298832
32 0.93384343 0.         0.997368   0.11832361 0.02771269716322422
41 0.91982037 0.         1.         0.07226785 0.027609607204794884
18 0.01747821 0.         0.3068144  0.15628238 0.02747444435954094
17 0.         0.08446106 0.04992202 0.18845485 0.027382897213101387
41 0.9539921  0.         1.         0.08422288 0.02737419866025448
26 0.00689576 0.09058888 0.14824142 0.25393194 0.027315320447087288
41 0.5036874  0.00313801 0.7449194  0.11032031 0.027296174317598343
17 0.         0.07113543 0.07097273 0.1468432  0.027237897738814354
17 0.93485457 0.08628352 0.99162704 0.18960902 0.02713819406926632
18 0.01657885 0.11096884 0.15877616 0.29690325 0.02712860517203808
17 0.93531334 0.11251343 0.99143416 0.21550801 0.027126064524054527
41 0.00141808 0.04159289 0.08224227 0.12220991 0.027105232700705528
17 0.4868629  0.014439   0.7013898  0.11029752 0.027075285091996193
17 0.91263705 0.00370305 0.98989636 0.04153392 0.027070827782154083
17 0.9356297  0.193529   0.99030256 0.29565609 0.02702372707426548
41 0.00108792 0.06730943 0.08263067 0.14943074 0.02702290005981922
17 0.00500678 0.09441783 0.13548218 0.24802458 0.027022521942853928
1 0.88830966 0.05168175 0.9975829  0.3148762  0.026885928586125374
17 0.00183144 0.02581855 0.19387923 0.22243759 0.026772741228342056
26 0.8736306  0.01010719 0.99847496 0.19687076 0.026752684265375137
17 0.         0.05832332 0.05063964 0.16106871 0.026733404025435448
18 0.19079885 0.         0.4074884  0.112447   0.02667323499917984
41 0.8558001  0.26755363 1.         0.42894694 0.026621971279382706
32 0.9355416  0.12384346 1.         0.24896505 0.026596760377287865
1 0.89256257 0.         1.         0.11664124 0.02653067372739315
32 0.934643   0.06981898 1.         0.19665988 0.026519140228629112
1 0.8471201 0.        0.9976983 0.3208182 0.026511043310165405
18 0.0068598  0.         0.05635567 0.08368158 0.026457075029611588
26 0.92872775 0.00548729 0.99722016 0.05689882 0.02634993940591812
17 0.91597027 0.20648348 0.98715556 0.27948773 0.026306133717298508
1 0.00591473 0.03433459 0.07524931 0.12059548 0.02613585628569126
41 0.00121368 0.00354662 0.11307534 0.11252925 0.02609899267554283
26 0.8330157  0.00688119 0.9971258  0.0837534  0.026077570393681526
32 0.9137373 0.        0.9997881 0.1662848 0.026054982095956802
18 0.01331406 0.         0.1557693  0.31460002 0.025970229879021645
1 0.00738874 0.         0.1070554  0.21757777 0.025956282392144203
17 0.         0.01494436 0.13762787 0.13409133 0.025940701365470886
26 0.39389008 0.01003513 0.61870444 0.11633067 0.02593655325472355
18 0.21860932 0.         0.49862972 0.0799098  0.025934429839253426
17 0.9160368  0.17935738 0.98768294 0.2525304  0.025794290006160736
17 0.7797053  0.02218494 0.9676889  0.21131344 0.02575201913714409
1 0.74889725 0.         0.96004236 0.11595991 0.025739450007677078
17 0.91481906 0.07269395 0.9884966  0.14774662 0.02573792077600956
41 0.78436273 0.00540999 1.         0.42828086 0.025706510990858078
17 0.10291203 0.01004397 0.20613372 0.05545365 0.025695443153381348
41 0.69645804 0.0017006  0.9990084  0.08438506 0.025681184604763985
26 0.         0.01261846 0.10526627 0.11457646 0.025582237169146538
26 0.90759134 0.04370683 0.9973875  0.12286004 0.02555735595524311
1 0.1337077  0.         0.3413592  0.11433342 0.02550884522497654
18 0.13656518 0.         0.24501066 0.05477199 0.025472518056631088
1 0.0063901  0.06089593 0.07408843 0.14659336 0.025265762582421303
18 0.00944638 0.         0.08386429 0.0562023  0.025240207090973854
32 0.94988805 0.         0.99606335 0.08544798 0.02523903176188469
41 0.         0.00072352 0.333271   0.3043282  0.025178927928209305
26 0.00205963 0.01643025 0.1477165  0.14002636 0.025140736252069473
17 0.9160015  0.15225461 0.98779535 0.22581157 0.025137515738606453
18 0.01536318 0.         0.21870598 0.22190575 0.02498786337673664
41 0.70516276 0.00514153 1.         0.16127045 0.024861155077815056
32 0.93684167 0.17835091 1.         0.30110112 0.02484365925192833
41 0.00019354 0.05373982 0.05845979 0.1642577  0.024826494976878166
18 0.10975456 0.         0.21808675 0.05467608 0.024814089760184288
1 0.6972942 0.        0.9971601 0.1606848 0.024749768897891045
1 0.00470118 0.12442043 0.05016034 0.24073014 0.024692080914974213
32 0.83112   0.        1.        0.1208358 0.0246567465364933
32 0.772087   0.         1.         0.08504938 0.024647003039717674
1 0.00658792 0.08690317 0.07322783 0.17317255 0.0246229637414217
17 0.13222511 0.02312311 0.68876773 0.19323426 0.02452651970088482
18 0.24453242 0.         0.4588846  0.11360315 0.024514609947800636
17 0.91631806 0.23366262 0.9861075  0.3069077  0.024484436959028244
17 0.9159681  0.12516017 0.987777   0.19955076 0.02446519024670124
26 0.92905915 0.05603352 0.99796116 0.16348067 0.024451225996017456
1 0.8522929  0.         1.         0.08088996 0.02440512925386429
1 0.00659969 0.11302341 0.07256017 0.19989899 0.024376243352890015
17 0.93573844 0.22089672 0.9892848  0.3235367  0.02436637692153454
18 0.18998146 0.         0.29762688 0.05502421 0.024354634806513786
26 0.38125175 0.01868247 0.9888767  0.15600644 0.024327825754880905
32 0.00363508 0.02159877 0.16309799 0.19761837 0.02422315441071987
1 0.7741977  0.         0.983305   0.44248542 0.024164332076907158
41 0.00124461 0.01583404 0.08100734 0.09477073 0.02412453666329384
1 0.6902914  0.         0.970932   0.08235753 0.024077432230114937
18 0.91362053 0.         0.99530613 0.04167206 0.02407044917345047
17 0.         0.19545414 0.04597862 0.2990027  0.024049676954746246
