24 0.3412466  0.44263184 0.6996612  0.6959745  0.26638469099998474
40 0.3763367  0.17039953 1.         1.         0.2571045458316803
24 0.43047467 0.48893392 0.6849951  0.7828124  0.23378124833106995
2 0.3685779  0.28938675 0.7835533  0.773982   0.1826319545507431
27 0.2074996 0.        1.        0.688712  0.1579524278640747
27 0.4950438  0.         0.87434584 0.36388496 0.15710709989070892
24 0.3742544  0.38582945 0.6344831  0.6707791  0.14595100283622742
24 0.27534288 0.4876251  0.8427772  0.81678736 0.14574232697486877
4 0.28370535 0.3593904  0.9546906  0.94900626 0.13003776967525482
27 0.28608727 0.00872228 0.9399189  0.5952539  0.12341248244047165
24 0.46713075 0.5589519  0.71117777 0.84141576 0.09816695749759674
24 0.27359185 0.42731208 0.76985824 0.6409609  0.09764781594276428
24 0.4021894  0.46079704 0.696862   0.6228765  0.09487159550189972
2 0.47848597 0.27052566 0.727896   0.8023488  0.09269766509532928
21 0.54535633 0.38989845 0.9842192  0.7575723  0.08721841126680374
21 0.49696285 0.3309757  0.9230066  0.70921606 0.08492940664291382
24 0.5300117  0.00957336 0.93472445 0.24786513 0.0845634788274765
2 0.40723798 0.28226238 0.89349604 0.6401983  0.08302946388721466
2 0.41178733 0.04645956 0.8886524  0.8982899  0.08114027976989746
24 0.35685155 0.50497955 0.7247388  0.7433647  0.07985227555036545
24 0.30322087 0.24242473 0.8682271  0.62553763 0.07940501719713211
24 0.40103853 0.53949    0.8948701  0.8763039  0.07682480663061142
27 0.4375642  0.         0.9737428  0.22118162 0.07521671056747437
24 0.47022626 0.07298477 0.96652836 0.3770063  0.07413063198328018
27 0.31723106 0.18922424 1.         0.8184833  0.07095130532979965
24 0.57502717 0.00125797 0.995375   0.3198664  0.06759621202945709
1 0.41034496 0.24837507 0.69560266 0.95845217 0.0669197142124176
24 0.5875413  0.03764239 0.8720919  0.29136723 0.06684397161006927
1 0.43323538 0.20165764 0.75440145 0.77717865 0.06498508155345917
27 0.45548657 0.         0.96924585 0.56486124 0.06330845504999161
4 0.43295008 0.23337848 0.98083174 0.87280226 0.06280261278152466
24 0.39021236 0.15555216 0.8361039  0.41415447 0.06271692365407944
7 0.36484072 0.17948517 1.         1.         0.06238395348191261
24 0.7074183  0.01608198 0.9826825  0.46617657 0.061381272971630096
4 0.32388574 0.47433254 1.         1.         0.05956216901540756
41 0.3959767  0.41163498 0.8409851  0.7725258  0.058940064162015915
7 0.4829893  0.4579708  0.96083134 1.         0.05815526098012924
41 0.41759455 0.33234984 0.734893   0.8025947  0.058038245886564255
40 0.54460645 0.         1.         1.         0.056671347469091415
24 0.27895123 0.53193605 0.7867421  0.7087975  0.0562598779797554
27 0.35976157 0.         1.         0.3065475  0.05585086718201637
24 0.56404    0.08026538 0.8904302  0.4197842  0.055826932191848755
24 0.40214422 0.6162818  0.76156694 0.84045213 0.0550052747130394
25 0.         0.45774975 0.77565    0.64209497 0.05352245643734932
21 0.5324298  0.30110255 0.9579918  0.90538436 0.05239164084196091
24 0.3711393  0.11656029 0.95146304 0.46231487 0.0501311831176281
2 0.43829998 0.27485803 0.75738204 0.97379124 0.04942893981933594
21 0.44676897 0.2100101  0.9503099  0.781928   0.0482228547334671
2 0.4303767  0.38036084 0.8835137  0.8034365  0.04752250015735626
24 0.29446146 0.3741093  0.780571   0.58943063 0.04725564643740654
22 0.         0.32307717 0.8988561  0.5846279  0.04591941833496094
10 0.5890609 0.5047266 1.        0.9968495 0.04460090026259422
24 0.31921571 0.6449449  0.77547973 0.8006456  0.04363114759325981
24 0.22689143 0.3958985  0.6278632  0.6289014  0.04304447025060654
24 0.4813598  0.19754161 0.92406046 0.72846764 0.0413757748901844
18 0.7293981  0.644384   1.         0.99556786 0.0411328561604023
24 0.46205074 0.6762471  0.88443583 0.8436772  0.040345676243305206
27 0.31035355 0.289386   1.         0.67921    0.03930116817355156
5 0.08241943 0.         0.88620454 1.         0.03898364305496216
1 0.3055817  0.28216848 0.7529109  0.84329075 0.03885102644562721
2 0.33826217 0.18419653 0.6664612  0.7786071  0.03870340436697006
41 0.3711643  0.39025798 1.         0.67739606 0.038488615304231644
24 0.31853583 0.56718135 0.8248315  0.7678036  0.03789694979786873
24 0.7227338  0.00575053 0.9815096  0.26078546 0.03786721080541611
24 0.3964687  0.29808575 0.6791891  0.6069972  0.037246327847242355
1 0.19058998 0.33471197 0.8271972  0.7608649  0.03686002269387245
4 0.32488853 0.37849742 1.         0.7255707  0.03573404625058174
22 0.05999715 0.30706382 0.8302173  0.67829734 0.03538772836327553
24 0.60607225 0.03642793 0.8289274  0.22098537 0.034904494881629944
27 0.2588705 0.        1.        0.4523937 0.0347234308719635
4 0.24183172 0.26680064 0.9641044  0.68777007 0.03440716490149498
1 0.33700946 0.25434035 0.90751815 0.68342024 0.033636558800935745
24 0.2813143  0.649714   0.8477334  0.85766107 0.03295043110847473
10 0.6665378 0.5636976 1.        0.8653446 0.032896313816308975
24 0.28701708 0.2825352  0.7023073  0.54404104 0.032707974314689636
4 0.03758303 0.2948333  0.88331646 0.79599714 0.03149794042110443
2 0.58450925 0.46078533 0.92448914 0.91412467 0.03147383779287338
24 0.52285963 0.02157828 0.8032861  0.27768362 0.030465835705399513
1 0.43721193 0.36733577 0.6539623  0.6351748  0.030401982367038727
18 0.72470576 0.4726296  1.         1.         0.029732726514339447
10 0.5275257 0.4401701 1.        0.7032069 0.02898949198424816
4 0.22018795 0.5580111  1.         0.93615234 0.028667137026786804
27 0.6416432 0.        0.9858686 0.5806635 0.02851124107837677
10 0.6135543 0.4894515 1.        0.794791  0.028207123279571533
18 0.532996   0.27930605 1.         1.         0.028048187494277954
40 0.13999258 0.20649502 1.         1.         0.02777056209743023
40 0.42750633 0.03343236 1.         0.6854732  0.02738373354077339
24 0.4740561  0.37721476 0.9333876  0.87298554 0.027267878875136375
24 0.3782704  0.32860148 0.8640727  0.56234986 0.027127694338560104
41 0.5210659  0.29439524 1.         0.7605766  0.027018727734684944
41 0.47680974 0.49606335 1.         0.8505259  0.026679350063204765
27 0.53077805 0.14417496 1.         1.         0.026387961581349373
2 0.45195588 0.14125031 0.9637129  0.5774137  0.026129599660634995
24 0.2737587  0.35384253 0.91190267 0.7883834  0.02611156925559044
10 0.5533274 0.3776979 0.99442   0.9309695 0.025913691148161888
2 0.46638077 0.19475637 0.87384766 0.76546794 0.025815702974796295
34 0.48249036 0.11342932 1.         0.659907   0.02557670697569847
25 0.         0.40757504 0.79634595 0.58037615 0.025530513375997543
24 0.47482434 0.18959738 0.939778   0.5003037  0.025075692683458328
24 0.12849268 0.2163515  0.78500646 0.5312808  0.02505209855735302
10 0.5857643  0.7258133  1.         0.98197764 0.02487599290907383
1 0.31100076 0.40176213 0.8010962  0.9731043  0.024535533040761948
41 0.36233854 0.34396866 1.         0.62486845 0.024317845702171326
34 0.45797974 0.04224102 0.9911051  0.33299562 0.023870082572102547
4 0.59775484 0.26756245 1.         1.         0.023475926369428635
24 0.52924097 0.08989111 0.92605215 0.60321    0.022843115031719208
34 0.48901886 0.02290178 0.94559664 0.2392921  0.022480640560388565
21 0.58253056 0.46132103 0.9505985  0.8169152  0.02227945253252983
40 0.37659854 0.30151442 1.         0.84353876 0.021943209692835808
25 0.03561702 0.47021893 0.8687437  0.712095   0.021826447919011116
27 0.18075913 0.2257497  0.8360046  0.6463113  0.021726563572883606
22 0.         0.15260148 0.8143571  0.6268665  0.021140126511454582
1 0.36500543 0.09893852 0.7748718  0.63235027 0.0207513440400362
7 0.44530067 0.47363985 0.93025535 0.86093754 0.020397016778588295
24 0.30646303 0.18993406 0.7237065  0.46344006 0.02024792693555355
25 0.         0.26624522 1.         0.71138155 0.020211592316627502
24 0.412122   0.4492686  0.87926537 0.7601344  0.019757777452468872
4 0.4909401 0.3941204 1.        0.9669615 0.01957239769399166
18 0.397349  0.        1.        0.9665163 0.018951043486595154
2 0.49158478 0.44662985 0.8289422  0.9312369  0.018509214743971825
41 0.3517681  0.46842107 0.89684695 0.7042823  0.018174413591623306
1 0.27063498 0.27056843 1.         0.87951165 0.01796768791973591
2 0.23675688 0.20611873 0.77786756 0.67046005 0.017630819231271744
24 0.4493911  0.07504896 0.78523195 0.44170725 0.017530309036374092
41 0.2983283  0.4187526  0.72216296 0.7049715  0.01743890531361103
40 0.5120776  0.08164337 0.9756786  0.9451279  0.016921810805797577
40 0.2491708  0.2648124  0.90658635 0.95010906 0.016850218176841736
24 0.5705178  0.00842594 1.         0.15965165 0.016834095120429993
7 0.3692891 0.4106158 0.9634493 0.776382  0.01668510027229786
25 0.14381069 0.4650702  0.6942655  0.8008664  0.0166368056088686
24 0.63211226 0.20345867 0.9729424  0.80464756 0.016517871990799904
41 0.440542   0.18585385 1.         0.6195218  0.016490833833813667
1 0.07852809 0.         1.         0.7021335  0.016236625611782074
25 0.         0.4055114  1.         0.80320287 0.01616380549967289
21 0.45147914 0.21191643 0.726682   0.7380509  0.015896953642368317
40 0.36638218 0.20681061 0.83817476 1.         0.015605072490870953
24 0.09903287 0.04768284 0.9159111  0.2772547  0.015225754119455814
24 0.42546728 0.02090662 0.8733905  0.22423275 0.015112490393221378
24 0.17645803 0.34606567 0.805639   0.6442364  0.01490283478051424
10 0.6624569  0.44094777 0.9979531  0.8352675  0.014800399541854858
41 0.33714762 0.3726269  0.6231072  0.78088903 0.014618037268519402
22 0.         0.08361275 0.9581461  0.771024   0.014587054029107094
24 0.81394917 0.03658815 0.9861558  0.39156887 0.014425952918827534
10 0.6310688  0.63095623 1.         0.938967   0.014323373325169086
25 0.0401164  0.3072567  0.7705882  0.54783165 0.014086009003221989
41 0.61880916 0.56858516 1.         0.89877707 0.013796966522932053
4 0.         0.23621534 0.70707625 0.6796632  0.013757741078734398
1 0.26020804 0.25836346 1.         0.5589623  0.013641849160194397
1 0.23135135 0.1599727  0.977574   0.57595384 0.013558459468185902
4 0.23166192 0.39299586 0.7014267  0.7293218  0.013540995307266712
24 0.30224067 0.36755836 0.57753974 0.65088826 0.013430456630885601
18 0.3940877  0.33100063 1.         0.70177364 0.013401883654296398
41 0.42464408 0.1841305  0.7152815  0.69305587 0.013356061652302742
18 0.73483986 0.36222365 1.         0.95883524 0.013310274109244347
34 0.46644196 0.1599851  1.         0.49514452 0.013283096253871918
25 0.        0.4550119 0.8148972 0.8263116 0.013212881051003933
18 0.64544517 0.7654583  1.         1.         0.012943422421813011
41 0.48036906 0.34952667 0.81951034 0.8758237  0.01266519632190466
18 0.69242126 0.21601364 1.         1.         0.012509375810623169
1 0.2934701  0.06039663 1.         0.42114976 0.012494489550590515
24 0.11935    0.44382447 0.7207581  0.74903    0.01219366118311882
24 0.70454055 0.01219615 0.9796082  0.17185831 0.012186034582555294
1 0.06052551 0.19820239 0.77103174 1.         0.012107443064451218
25 0.         0.36424565 0.6535411  0.676554   0.012062338180840015
35 0.         0.06155874 1.         0.9601685  0.011990482918918133
4 0.17664917 0.3646192  0.9748093  0.63332385 0.011642605997622013
1 0.36770776 0.33267716 1.         0.65042007 0.011607424356043339
18 0.51887655 0.42812857 1.         0.7890741  0.011426467448472977
34 0.4882977  0.12017726 0.99431014 0.42676485 0.011254371143877506
34 0.24158026 0.1729867  1.         0.55369556 0.011135369539260864
41 0.3320466  0.3863898  0.81825775 0.5979691  0.011079473420977592
41 0.41940776 0.12379855 1.         0.47027212 0.010951239615678787
25 0.        0.556471  1.        0.9156356 0.010861021466553211
5 0.1536181  0.27623612 0.85597056 0.70582545 0.010825836099684238
24 0.41996697 0.70826584 0.8685399  0.8930229  0.010636715218424797
25 0.15450595 0.5351661  0.76732594 0.9059493  0.010568085126578808
2 0.39040348 0.01094289 0.97328055 0.6591917  0.010532625950872898
24 0.7791434  0.14786236 0.9966426  0.51210535 0.010462511330842972
4 0.47571605 0.6154965  1.         1.         0.010432431474328041
2 0.1750828  0.16707523 0.8986001  0.93714774 0.010397792793810368
7 0.10220281 0.07064494 0.981555   0.77954125 0.010346385650336742
24 0.16129875 0.09781013 0.8556334  0.41104132 0.010220437310636044
27 0.79060775 0.04528178 1.         0.92122185 0.01011524349451065
1 0.18799521 0.7942938  0.74767935 1.         0.010109099559485912
5 0.06628322 0.32864526 1.         0.96970266 0.010070208460092545
29 0.44788748 0.17600459 1.         1.         0.010044421069324017
24 0.13275045 0.336509   0.63912165 0.60807353 0.010039782151579857
7 0.574374   0.27019903 1.         1.         0.009720636531710625
40 0.30298936 0.05766124 0.93743306 0.57680684 0.009435761719942093
41 0.3951859 0.2619594 0.7955627 0.5838668 0.009398211725056171
1 0.54964703 0.         1.         0.63412136 0.009369862265884876
1 0.31131965 0.08522838 1.         0.613635   0.009000846184790134
24 0.3719241  0.78702533 0.8176391  0.9291504  0.008998006582260132
27 0.12574778 0.27074316 1.         0.99543256 0.00888628326356411
21 0.61352295 0.67643565 0.95918155 0.9460355  0.00884141493588686
25 0.         0.365186   0.9768014  0.55384576 0.00882202759385109
1 0.22732756 0.43809703 0.8705047  0.8569919  0.008762532845139503
1 0.13722265 0.28966647 0.9265312  0.6233655  0.008709981106221676
2 0.2115771 0.0881055 0.7445783 0.8401922 0.008576652966439724
1 0.2980076  0.49173424 1.         0.86648905 0.008542481809854507
27 0.7269647  0.26253083 1.         0.88882756 0.00842499453574419
5 0.00943568 0.22946958 0.69335973 0.6572388  0.008407632820308208
28 0.14306898 0.14267573 0.85072184 0.5723384  0.008346029557287693
24 0.46220937 0.34015977 0.74460715 0.7194424  0.008325029164552689
29 0.49095085 0.11412453 0.92847097 0.86736697 0.008287645876407623
27 0.6104853  0.17151494 1.         0.77493864 0.008279508911073208
2 0.5317267  0.34275544 0.8554726  0.72620404 0.008097649551928043
21 0.5886864  0.10046219 0.908458   0.82396555 0.008085804060101509
1 0.15911072 0.33495542 1.         1.         0.007924359291791916
21 0.39718622 0.22560713 0.6478526  0.68277806 0.007881306111812592
5 0.18239942 0.0450736  0.6386664  0.73179364 0.007871600799262524
25 0.18624097 0.26440236 0.73464906 0.6156989  0.007795129902660847
40 0.0647377  0.15562572 1.         0.94065714 0.007673436310142279
10 0.5059231  0.46775982 0.8526497  0.86863285 0.007670115679502487
27 0.51788473 0.32037836 1.         0.81455195 0.007646741811186075
7 0.58060235 0.56145984 0.9597657  0.996615   0.007640650030225515
40 0.48769075 0.00285994 0.92477167 0.26255083 0.007609961554408073
25 0.09319697 0.20598811 0.7978572  0.50579345 0.007387305609881878
21 0.36891887 0.28946275 0.8139235  0.6629607  0.0073652490973472595
21 0.63529927 0.39719075 0.9084611  0.8932293  0.007267824839800596
22 0.07072566 0.28757173 0.97354025 0.8574021  0.007234766148030758
25 0.         0.52167606 1.         0.70635706 0.007051060441881418
18 0.7044243 0.6494594 0.9755115 0.9498967 0.007001567631959915
41 0.46260673 0.38199288 0.7811064  0.69551617 0.007000364363193512
4 0.5500089  0.56911784 1.         0.92013824 0.006970803253352642
2 0.5631765  0.09657855 0.930789   0.77788985 0.006968922913074493
41 0.42528856 0.46298626 1.         0.74197155 0.006883936934173107
2 0.30176285 0.06788689 0.59479713 0.8415789  0.006865828763693571
10 0.81816643 0.53365237 0.9876625  1.         0.006775411311537027
10 0.70449036 0.28691322 0.97050405 1.         0.006763559300452471
25 0.17942083 0.42603502 0.66175824 0.71343505 0.006761564873158932
41 0.33952653 0.35119495 0.71744424 0.6497931  0.006717828568071127
2 0.39081776 0.29067966 0.95325136 1.         0.0066759358160197735
40 0.32333508 0.18083082 0.7177137  0.8992635  0.006633042357861996
22 0.13966171 0.01106519 0.9032705  0.56546664 0.006603883113712072
33 0.45815542 0.00143632 0.92646056 0.30605784 0.00655488483607769
5 0.        0.        0.8030561 0.8211628 0.006534960586577654
2 0.42197546 0.31851843 0.6730861  0.64754575 0.006520815659314394
28 0.05664625 0.06039644 0.8518125  0.30045924 0.006443289574235678
24 0.8179673  0.15190199 0.9876441  0.70098054 0.006391466595232487
1 0.28813946 0.6987902  0.67756104 1.         0.006354187615215778
18 0.79329723 0.52904695 1.         0.84243256 0.006261908914893866
41 0.7410718 0.5659253 1.        0.7755056 0.006247496698051691
10 0.7514033  0.50852364 0.9790941  0.7913752  0.006217835936695337
4 0.36630845 0.3223171  0.77642584 0.8230992  0.006213311105966568
41 0.41042665 0.52764297 0.92410016 0.74199605 0.006179915741086006
24 0.7098689  0.2214103  0.9926879  0.60562116 0.006172575987875462
7 0.46490988 0.5679664  0.88422704 0.93066084 0.006053966004401445
24 0.46770114 0.036973   0.7643519  0.23352326 0.006035118829458952
25 0.15481505 0.34852514 0.6100537  0.6484994  0.006030444987118244
41 0.63334364 0.16717662 1.         0.6597768  0.0060218991711735725
10 0.42355236 0.40882793 0.75948113 0.63926274 0.005917590111494064
40 0.5978568  0.06522509 0.9604218  0.6355635  0.00590681005269289
22 0.23509622 0.29159722 0.79865897 0.80247337 0.0058409241028130054
27 0.7389038  0.04618266 0.9825395  0.6758343  0.005835609044879675
16 0.466456   0.33375493 0.79145104 0.6334443  0.005822677165269852
41 0.66184765 0.42219386 1.         0.7332436  0.005774061195552349
4 0.19560024 0.3099664  0.7416116  0.6476156  0.0056682792492210865
1 0.47767437 0.01808272 0.92520154 0.4413896  0.005643530748784542
9 0.23084089 0.3831502  0.6608944  0.70226276 0.005629023537039757
1 0.17106532 0.16401206 1.         0.45122707 0.00561907421797514
24 0.4019561  0.8804616  0.8798752  0.94826365 0.005597828421741724
40 0.19645733 0.30501246 0.9054585  0.67468786 0.005564508959650993
27 0.33108586 0.21928002 0.72641945 0.74821955 0.005480742081999779
1 0.43084127 0.42895016 1.         0.73246306 0.005432117730379105
24 0.5326897  0.81756365 0.88623667 0.92697126 0.005355292931199074
25 0.10823232 0.06892721 1.         0.27860987 0.005318099167197943
19 0.46173736 0.         0.8754432  0.32396924 0.005284322891384363
2 0.5858802  0.36296093 0.91006714 0.78911763 0.005280259996652603
40 0.46676648 0.07301473 0.8627662  0.55283654 0.005270033143460751
10 0.37907955 0.4135636  0.9387368  0.7110738  0.005259157624095678
21 0.5464922  0.53962994 0.9682643  0.90019673 0.005222382489591837
10 0.7433735  0.517845   1.         0.96852946 0.005209848750382662
21 0.7244818  0.50149906 0.91387993 0.7759428  0.005200949031859636
41 0.49217418 0.5262478  0.77458704 0.867837   0.00509876711294055
40 0.15607537 0.35973608 0.9571454  0.82686675 0.005087393335998058
24 0.21628185 0.2666645  0.5841098  0.51443267 0.005060302559286356
25 0.02106809 0.2233372  0.5820498  0.7308162  0.00500983651727438
33 0.4881889 0.1463533 1.        0.9945903 0.004962722305208445
28 0.        0.3147037 0.6044998 0.8848383 0.004943203181028366
18 0.2915859  0.20841558 1.         1.         0.0049336920492351055
27 0.21727626 0.34787843 0.85620934 0.7471912  0.004917049780488014
18 0.6559179  0.5828857  0.90501994 0.971198   0.0048124217428267
6 0.         0.         0.32507017 0.97237736 0.004790888167917728
21 0.45542634 0.367467   0.68858755 0.613444   0.0047798799350857735
24 0.54464775 0.2518421  0.93824375 0.5579744  0.004735308699309826
41 0.7366332 0.4729129 1.        0.839979  0.004682858940213919
24 0.36887735 0.02898474 0.9552803  0.16202417 0.004667724948376417
25 0.         0.44930458 1.         0.6652072  0.004645570646971464
10 0.33641368 0.35393184 0.76091146 0.7340006  0.004623785149306059
1 0.06942398 0.         1.         0.4963959  0.004613051190972328
21 0.3692975  0.11546064 1.         0.7451415  0.004603060428053141
27 0.10881368 0.33886704 0.9697664  0.6491553  0.004587026312947273
28 0.         0.16913106 0.53840905 0.5539192  0.004576699808239937
6 0.         0.8047905  0.48995814 1.         0.004522066097706556
13 0.2528539  0.16840188 0.8427422  0.7311738  0.004494037479162216
41 0.6304012  0.40669817 1.         0.939798   0.0044913748279213905
29 0.29180062 0.03705259 0.94658583 0.7487928  0.004490488208830357
27 0.6375303  0.         0.9451537  0.28052115 0.004478394985198975
7 0.4308371  0.         0.9484083  0.23816654 0.004474659916013479
