24 0.2681427  0.18165089 0.67444307 0.4974085  0.08441843837499619
24 0.18458556 0.1658476  0.76934654 0.39562327 0.0843706801533699
24 0.28576717 0.11356262 0.70986134 0.43681234 0.07219667732715607
1 0.1786261  0.         0.7184739  0.58440524 0.06364863365888596
24 0.1916362  0.51223433 0.69647837 0.72689223 0.06362415850162506
7 0.19238594 0.         0.7186257  0.79395396 0.057391658425331116
41 0.34973183 0.20701386 0.623748   0.5558783  0.05722640082240105
41 0.4005604  0.15758847 0.6916685  0.5561374  0.05466029420495033
1 0.10378803 0.438265   0.7818397  0.7835196  0.054470244795084
24 0.1545268  0.12403903 0.98425204 0.45977163 0.05345339700579643
24 0.18102796 0.15751302 0.8194993  0.63236475 0.053409792482852936
41 0.34471247 0.22785103 0.70884246 0.45836955 0.051450107246637344
24 0.15982987 0.40732566 0.7348498  0.8377999  0.045600272715091705
28 0.         0.13319014 0.52118516 0.45112586 0.04386459290981293
7 0.25279978 0.09865738 0.5932384  0.5234582  0.043260663747787476
24 0.2771861 0.1877766 0.9473826 0.7382238 0.04261704161763191
24 0.185118   0.22378378 0.62211204 0.52901953 0.04192609339952469
1 0.07278074 0.04533936 0.77740145 0.47427237 0.04153231158852577
7 0.2704209  0.03207438 0.980283   0.8556842  0.0404510460793972
24 0.23891884 0.17576759 0.5488554  0.56458247 0.040100935846567154
28 0.         0.02774325 0.4712673  0.6782988  0.03912065550684929
24 0.08060127 0.27085963 0.7066886  0.6973503  0.03747398033738136
24 0.3099722  0.20529963 0.84215254 0.42988038 0.0362916998565197
24 0.13495553 0.08879078 0.91722363 0.36717725 0.0341249480843544
41 0.36825487 0.09461571 0.63545436 0.67310375 0.03222795948386192
42 0.3101783  0.11608836 0.6920506  0.4915549  0.03181334584951401
7 0.20542811 0.4703829  0.67526233 0.84396446 0.030827587470412254
4 0.19666012 0.20304273 1.         0.8421634  0.03040342591702938
1 0.12942803 0.50708926 0.7661249  0.8957617  0.030024096369743347
21 0.2764926  0.34181634 0.7220575  0.77587914 0.02896849997341633
7 0.16865312 0.19267456 0.6462434  0.7302191  0.028916504234075546
24 0.18258339 0.61997646 0.7076452  0.82943803 0.028528468683362007
25 0.0068159 0.        0.5462841 0.3282181 0.02825368195772171
28 0.06127579 0.05739969 0.4840955  0.477196   0.02749064937233925
25 0.         0.         0.6596386  0.42738363 0.02719692885875702
42 0.28189415 0.04861177 0.7686236  0.40866476 0.026882044970989227
41 0.47744906 0.08487577 1.         0.7894075  0.026813259348273277
25 0.         0.06690212 0.5446534  0.42377976 0.026673298329114914
1 0.13776469 0.         0.8892275  0.70178497 0.026168672367930412
25 0.         0.14734995 0.5849268  0.4064847  0.026019226759672165
24 0.05273768 0.567485   0.65663236 0.76134104 0.025884773582220078
41 0.34170952 0.17307231 0.5623464  0.65338594 0.024966426193714142
41 0.3274692  0.28940305 0.69722086 0.49589244 0.024811552837491035
18 0.9264784  0.9208692  0.99991083 0.9939901  0.024628888815641403
18 0.36953485 0.176046   1.         0.94537985 0.024332888424396515
1 0.12988849 0.22079802 0.8364196  0.89806765 0.02417207881808281
7 0.22186947 0.30843747 0.7449885  1.         0.02410271018743515
18 0.29872537 0.3581646  0.7744477  0.8693568  0.023821989074349403
18 0.31469652 0.         0.56796426 0.08726479 0.02376382052898407
24 0.24063274 0.24332093 0.57048446 0.6801878  0.02349967323243618
41 0.34208027 0.30705914 0.6275804  0.6231231  0.02337975613772869
7 0.20312974 0.0248716  0.69795114 0.46786317 0.023136921226978302
4 0.13623227 0.47919714 0.7918568  0.8230008  0.022992080077528954
41 0.2991213 0.3435101 0.7499576 0.6987997 0.022749390453100204
41 0.26899308 0.5368542  0.82531387 0.79933244 0.0227128304541111
4 0.02078883 0.26361552 0.63294584 0.81428987 0.022480273619294167
1 0.         0.         0.63173616 0.6238265  0.022257428616285324
24 0.09047715 0.2718192  0.7097885  0.4742407  0.021940836682915688
7 0.25232795 0.2129097  0.5674126  0.64001846 0.02178078517317772
10 0.33064783 0.406474   0.66813356 0.949072   0.021593738347291946
18 0.3346619  0.0130901  1.         0.35527664 0.021042395383119583
18 0.94223887 0.         0.9927276  0.06831538 0.020774491131305695
2 0.29516897 0.23718275 0.86119896 0.79280245 0.020595688372850418
24 0.21568772 0.33418775 0.74551266 0.58069104 0.020515037700533867
29 0.25282794 0.15123522 0.7275924  0.48493683 0.020466409623622894
19 0.0548437  0.10935252 1.         0.67697346 0.020411333069205284
18 0.2994091  0.         0.69490707 0.23653919 0.02014436200261116
24 0.23290037 0.08396132 0.95731133 0.2818327  0.020080270245671272
41 0.43246537 0.22998688 0.82182276 0.4817599  0.019965514540672302
24 0.29815853 0.26090464 0.67759347 0.5785157  0.01989133656024933
2 0.26951325 0.12353387 0.6226649  0.5296527  0.01985224522650242
25 0.         0.09353306 0.67164886 0.3265622  0.019848762080073357
10 0.19523357 0.12144936 1.         0.81559765 0.019061170518398285
7 0.14985372 0.19565387 0.6211178  0.49924988 0.018956022337079048
41 0.4721229  0.13986433 1.         0.5448032  0.0186189953237772
24 0.15520562 0.9223563  0.41825795 0.9823522  0.018587429076433182
21 0.23013891 0.         0.9387777  0.6820657  0.018582966178655624
24 0.16373979 0.8940975  0.3850875  0.9815007  0.01842791587114334
4 0.01541372 0.50854033 0.5723356  0.8359811  0.01840849593281746
39 0.22582503 0.05520134 0.69044006 0.57537836 0.018399326130747795
21 0.34093627 0.32015002 0.6501298  0.9041432  0.018362348899245262
24 0.03263756 0.47775754 0.6357908  0.8660295  0.018352380022406578
15 0.2891193  0.11494784 0.62656844 0.4750872  0.01834654062986374
10 0.24118683 0.4326767  0.78789747 0.88524556 0.018099423497915268
24 0.15289342 0.5703881  0.84627855 0.8475688  0.01809450425207615
41 0.42086214 0.15305595 0.90033287 0.6812258  0.01793435588479042
40 0.18943067 0.05792343 0.7291798  0.5511156  0.017705421894788742
28 0.01672677 0.         0.44250804 0.38801518 0.01769934967160225
18 0.8755028  0.         0.9972926  0.09637917 0.017692439258098602
1 0.2731975  0.37747365 0.8151456  0.8167543  0.017443200573325157
40 0.10128388 0.15798256 0.85021436 0.46207216 0.01730663701891899
7 0.13197047 0.03760424 0.61164606 0.62024385 0.017278172075748444
41 0.35751823 0.38100073 0.71700674 0.94121    0.016909213736653328
18 0.24899662 0.         0.4677419  0.12670232 0.01670716144144535
25 0.         0.47934282 0.90052015 0.7428987  0.016616467386484146
10 0.13673025 0.50388074 0.8641442  0.802093   0.016611261293292046
40 0.02256276 0.         1.         1.         0.016598455607891083
24 0.2346828  0.29259288 0.7909309  0.5246969  0.016588862985372543
1 0.         0.         0.5443354  0.34592733 0.01653876155614853
18 0.25927055 0.81411326 0.4179803  1.         0.016280243173241615
24 0.19241613 0.0431864  0.58599514 0.19266899 0.016228368505835533
24 0.06970591 0.1050187  0.65855193 0.29828727 0.016176026314496994
18 0.89997417 0.         0.9950328  0.13655731 0.01603405922651291
10 0.17531103 0.07849006 0.7009931  0.44958064 0.016003785654902458
24 0.03707426 0.21041894 0.6987434  0.40873742 0.015879258513450623
25 0.         0.18326534 0.7455529  0.5893512  0.015800707042217255
7 0.13506036 0.12553714 0.60380924 0.9344337  0.01570759154856205
42 0.3138793  0.05457515 1.         0.74440444 0.015689844265580177
41 0.36667854 0.32588792 0.78165746 0.55687606 0.01567654125392437
41 0.34382182 0.24127373 0.8369328  0.8296723  0.015408609993755817
41 0.2990944  0.11972715 0.74244475 0.3741606  0.015270642936229706
40 0.06836621 0.07789432 0.789431   0.7714495  0.015229865908622742
41 0.35453674 0.43951184 0.8785547  0.9024036  0.01509685255587101
10 0.16313574 0.02971102 1.         0.31402266 0.015082966536283493
1 0.39040625 0.25766402 0.70184606 0.8737813  0.01498498860746622
18 0.3699286  0.30371732 0.6791455  0.9177582  0.014977182261645794
41 0.34647453 0.0599745  0.56233776 0.374357   0.014939672313630581
24 0.13467911 0.10904814 0.6143372  0.39148358 0.014915327541530132
39 0.15518962 0.1490121  0.7770164  0.44312128 0.01486261934041977
10 0.20567477 0.01378868 0.76305014 0.2297288  0.014853071421384811
18 0.21298315 0.34044367 1.         1.         0.014770506881177425
25 0.         0.         0.6995891  0.28654552 0.014674149453639984
41 0.28494033 0.62547606 0.8768748  0.8936086  0.01461972575634718
4 0.         0.38216534 0.5739104  0.92529136 0.014560975134372711
18 0.17748073 0.43629944 0.8054976  0.8152015  0.014525540173053741
24 0.21932378 0.06951305 0.51382625 0.3010893  0.01451626606285572
41 0.23105401 0.5844197  1.         0.9565568  0.014469359070062637
24 0.22846358 0.5426576  0.78771555 0.77093273 0.014223855920135975
25 0.         0.14094925 0.7286279  0.7747265  0.014117364771664143
2 0.23675399 0.29969782 0.7139327  0.91398203 0.013957234099507332
2 0.26754323 0.19495758 0.5589394  0.6929072  0.013641808182001114
25 0.09490653 0.919453   0.44401708 0.99616367 0.013573143631219864
7 0.28009441 0.37765172 0.6530331  0.91271895 0.013208243064582348
24 0.3071597 0.5151587 0.7096655 0.8105412 0.013175633735954762
28 0.00195343 0.1530155  0.6152089  0.6343004  0.01308969035744667
1 0.12236359 0.         0.61906224 0.22796418 0.013068458996713161
42 0.14886546 0.0779994  0.6984579  0.6757946  0.01303799171000719
18 0.28195545 0.86281025 0.49922833 0.994078   0.012997548095881939
18 0.26908985 0.89772403 0.5548981  0.99316794 0.012948822230100632
41 0.30173227 0.08561727 0.50625604 0.35488832 0.012876314111053944
2 0.29300788 0.11603038 0.76681894 0.6738121  0.01279676053673029
10 9.2330122e-01 4.6304704e-04 1.0000000e+00 6.1900154e-02 0.012760298326611519
24 0.3400126  0.13364373 1.         0.39686897 0.012679332867264748
19 0.3275868  0.15257604 0.7947239  0.49872068 0.012677331455051899
1 0.17568243 0.13630326 1.         0.76015407 0.012618928216397762
41 0.4307947  0.09920307 0.84693635 0.411386   0.012466492131352425
2 0.30871108 0.1850374  0.7491864  0.50750846 0.012422244064509869
42 0.29369894 0.15462206 0.5681613  0.6083286  0.012348656542599201
1 0.1157294 0.901724  0.4042692 1.        0.01232030801475048
24 0.04085269 0.65780455 0.64693046 0.84100187 0.012302721850574017
25 0.12795287 0.89689463 0.40178803 0.99138826 0.01228010281920433
25 0.        0.0939147 0.5623381 0.5539994 0.012011994607746601
33 0.24371614 0.03527514 0.9577335  0.7944068  0.011961826123297215
10 0.12883271 0.3893983  0.95190847 0.9785358  0.011961149983108044
1 0.1381621 0.8643993 0.3502396 1.        0.011948787607252598
24 0.06463412 0.48693153 0.6679545  0.6952198  0.011887891218066216
41 0.33678555 0.0317152  0.7053123  0.24798127 0.01186042558401823
41 0.31911588 0.91442627 0.55199695 1.         0.011846333742141724
1 0.1373582  0.39154804 1.         0.87428236 0.011841481551527977
40 6.0038251e-04 0.0000000e+00 1.0000000e+00 6.2975687e-01 0.011836818419396877
41 0.27165285 0.92198986 0.48921973 1.         0.011815568432211876
24 0.42459095 0.16445655 0.69565207 0.51549923 0.011809519492089748
2 0.24401231 0.17961232 0.667643   0.7797336  0.011752719059586525
24 0.36121786 0.49541852 0.5973335  0.860099   0.01173222903162241
2 0.31040332 0.20746501 0.6529345  0.5937693  0.011674067005515099
41 0.30483818 0.2106942  0.7296622  0.6273101  0.011662830598652363
29 0.18885195 0.17922567 0.8726886  0.44667146 0.011658063158392906
7 0.23937772 0.22098592 0.6876855  0.5550988  0.011644592508673668
1 2.6420493e-02 6.6172285e-04 9.4745243e-01 3.2784581e-01 0.011554589495062828
41 0.486922  0.0492503 1.        0.3760792 0.011509202420711517
42 0.20005988 0.00869926 0.5968124  0.34347183 0.011492660269141197
18 0.8836059  0.85133755 1.         1.         0.011454562656581402
18 0.22041756 0.86021495 0.43895113 1.         0.011328776367008686
7 0.22293673 0.         0.54459107 0.39326888 0.011063804849982262
41 0.93495995 0.9509779  1.         1.         0.010868390090763569
4 0.33483988 0.42773378 0.6739792  1.         0.01086741778999567
1 0.13435084 0.20717858 0.824072   0.62282413 0.010791359469294548
41 0.423134   0.3179065  0.8555728  0.61486155 0.0107902055606246
18 0.22217502 0.         0.80426884 0.181192   0.010781663469970226
10 0.2360815  0.14338137 0.63595515 0.6388145  0.01076863519847393
10 0.23779199 0.03469408 0.6012802  0.324646   0.010604104027152061
24 0.19496557 0.0128455  0.5136731  0.07117867 0.01048757042735815
40 0.10153934 0.19688363 0.81713414 0.5880832  0.01042108703404665
24 0.10254461 0.06637751 0.7006001  0.20985189 0.010327402502298355
4 0.12873012 0.44821757 1.         0.94518477 0.010288126766681671
25 0.        0.        0.8434031 0.5231704 0.010153504088521004
41 0.2635511  0.42478165 0.7740691  0.84135616 0.01010268647223711
7 0.32010582 0.         1.         0.34438562 0.01003730297088623
10 0.         0.14419793 0.703123   0.7181353  0.01002474781125784
24 0.28352156 0.4496898  0.83283925 0.70377886 0.010023706592619419
21 0.19700953 0.25585467 0.8019575  0.8040961  0.009991150349378586
2 0.23717664 0.5201261  0.7363059  0.81922543 0.009905763901770115
33 0.31957597 0.0161141  0.71080774 0.5027624  0.009870817884802818
41 0.381777   0.2985616  0.97802836 0.7392368  0.009823178872466087
7 0.30871552 0.04437869 0.59929717 0.6595355  0.009804719127714634
1 0.03119159 0.         0.7501835  0.89513147 0.009795403108000755
18 0.19933926 0.89503103 0.4867927  1.         0.009754861705005169
7 0.20024456 0.301174   0.60326064 0.6075812  0.00975183118134737
39 0.1487219  0.12456408 0.9106816  0.5575223  0.009690326638519764
41 0.32692865 0.8559367  0.825865   1.         0.009619251824915409
2 0.16716589 0.05516645 0.59501934 0.8676373  0.00960799865424633
28 0.         0.15719958 0.41232282 0.5914417  0.009561222977936268
24 0.07134072 0.41461235 0.6634528  0.62309015 0.009510593488812447
24 0.22043835 0.02066105 0.4651412  0.10098401 0.009492614306509495
27 0.11014285 0.47838053 0.8620057  0.8265326  0.009461956098675728
7 0.35054854 0.36767763 0.5888968  1.         0.00943543016910553
21 0.26611134 0.47462124 0.7526806  0.8877511  0.009428190067410469
10 0.1334696  0.9126666  0.58798355 0.990907   0.009387964382767677
42 0.17578314 0.04216129 0.80710477 0.30354977 0.00938703864812851
1 0.1542405  0.         0.47896633 0.32441118 0.009359320625662804
41 0.39338022 0.33343863 1.         0.9124799  0.009326194413006306
18 0.84653765 0.8909598  1.         0.9963897  0.009311123751103878
21 0.9191513  0.00425432 0.98903495 0.04525035 0.009269964881241322
41 0.37975788 0.12700893 0.9543953  0.45783627 0.00925495382398367
19 0.09010877 0.08168747 0.84940106 0.78146493 0.009216894395649433
4 0.07047696 0.47523266 0.6967684  0.9765001  0.00920655857771635
18 0.39730412 0.3476032  0.9336575  0.76090026 0.009098418988287449
16 0.3046749  0.03129346 0.8098038  0.56643945 0.009078782983124256
41 0.25689408 0.12154526 0.61605406 0.3404615  0.00903791468590498
2 0.26688224 0.38861462 0.6908134  0.78251356 0.009027667343616486
18 0.25590467 0.7341447  0.8479732  0.99895686 0.009023183956742287
7 0.15010826 0.54957783 0.7075163  1.         0.009016846306622028
28 0.0064829  0.         0.47295392 0.24352896 0.008888651616871357
1 0.25309646 0.42995968 0.95457214 0.74166214 0.008867569267749786
19 0.2922656  0.1835168  0.665846   0.63122576 0.008834820240736008
21 0.24394226 0.45296326 0.88526076 0.78401387 0.008802967146039009
18 0.14935517 0.         1.         0.7532768  0.008761554956436157
41 0.27107316 0.8896269  0.441376   1.         0.00872296467423439
4 0.10616066 0.34932187 0.76528037 0.7368797  0.00856978353112936
2 0.22797263 0.09578267 0.69659376 0.42658255 0.008503057062625885
41 0.31663796 0.88078034 0.50397044 1.         0.008222576230764389
42 0.13297051 0.10835209 0.65504897 0.38176927 0.008217616006731987
42 0.2933522 0.0266865 1.        0.4921603 0.008134615607559681
24 0.28298262 0.42327756 0.88832647 0.8590731  0.008066116832196712
18 0.27625123 0.48338252 0.90355146 0.8964188  0.008016323670744896
42 0.23648028 0.02068565 1.         0.30828807 0.007955922745168209
25 0.         0.17602682 0.5694527  0.5015585  0.007939810864627361
40 0.15045382 0.02325356 0.90944856 0.44999522 0.0078934570774436
4 0.23510587 0.49458995 0.8303952  0.98349136 0.007793969474732876
42 0.30064046 0.12346591 0.90827507 0.4370983  0.007786644157022238
41 0.2801676  0.1263896  0.56648064 0.43290794 0.007776934653520584
10 0.8428064 0.        1.        0.0905283 0.007694907486438751
7 0.187267   0.25204667 0.5512346  0.84112614 0.007652904372662306
40 0.04312823 0.18692455 0.88171786 1.         0.007639943156391382
28 0.         0.28698987 0.49743918 0.8420254  0.0076292152516543865
25 0.         0.28962246 0.6393219  0.5219212  0.0076047684997320175
41 0.294528   0.79800445 0.64330804 1.         0.007556809112429619
15 0.29125133 0.13438362 0.5412154  0.59624857 0.007555773481726646
41 0.29128313 0.83849406 0.41636097 1.         0.007547860033810139
10 0.14681877 0.60657334 0.9272354  0.9217637  0.007510457653552294
24 0.25177568 0.8548928  0.3945239  0.976275   0.00745789147913456
4 0.00583361 0.4380932  0.5854515  0.7546071  0.007332677952945232
18 0.29859072 0.04229472 0.7322051  0.5057982  0.007309130858629942
2 0.25944376 0.1051532  0.5178123  0.60183305 0.007306808605790138
24 0.03977313 0.64113474 0.53427064 0.9126277  0.007283492479473352
21 0.8311533  0.00222829 0.9846191  0.06452256 0.007251886650919914
19 0.27270287 0.17808832 0.96457106 0.4545655  0.007225444540381432
28 0.11888564 0.13529016 0.51196885 0.53766453 0.007203235290944576
41 0.30723807 0.3748819  0.7161921  0.5775505  0.007196442224085331
41 0.45881867 0.06588018 0.7157883  0.63928914 0.007172138895839453
10 0.16280533 0.8818496  0.5184102  0.9915326  0.007140773348510265
25 0.         0.223066   0.64013773 0.4557599  0.007127180229872465
25 0.02881449 0.01205312 0.61503863 0.18748093 0.007113207131624222
25 0.         0.60144114 0.92911845 0.86929077 0.007077648304402828
4 0.14857274 0.14163499 1.         0.6592849  0.007072546519339085
24 0.34268257 0.11905141 0.8808413  0.33160952 0.007065668236464262
25 0.         0.36301208 0.70295817 0.8384542  0.007028533611446619
18 0.19794828 0.7267777  0.6135826  1.         0.00701804319396615
22 0.         0.07205966 0.57563287 0.55401164 0.007016856223344803
41 0.19982235 0.9267853  0.42689306 0.99374515 0.0070069883950054646
7 0.22293223 0.         0.54029655 0.234051   0.006975907366722822
10 0.19511679 0.00183603 0.5679763  0.07884613 0.006975209340453148
24 0.05604533 0.575403   0.51553017 0.839814   0.006969766691327095
1 0.06320687 0.39594805 0.6209649  0.7353689  0.006969484966248274
29 0.224109   0.24054246 0.886442   0.5275794  0.006938952952623367
7 0.29750422 0.29573125 0.74094766 0.66276425 0.006932898890227079
24 0.1563409 0.7453309 0.43236   0.9432137 0.006917345337569714
25 0.         0.02196576 1.         0.4779656  0.0068977270275354385
1 0.04036016 0.45958742 0.5016128  1.         0.006867615506052971
7 0.11928333 0.10243697 0.58799875 0.43044278 0.006817555986344814
10 0.09614673 0.16934869 0.63824344 0.545337   0.006816077046096325
29 0.13505587 0.19169778 0.79009634 0.6891773  0.006795372813940048
18 0.8950441  0.         0.9994795  0.28816664 0.006794261746108532
4 0.1368409  0.5811026  0.91181666 0.8956366  0.006778113078325987
4 0.04940137 0.18132357 0.6292739  0.58239084 0.0067166672088205814
41 0.25431722 0.05270416 0.583891   0.23161866 0.006659276783466339
41 0.16237128 0.57252645 0.73021835 0.81577873 0.0066452245227992535
16 0.32391348 0.20784211 0.8251786  0.6659299  0.00655506644397974
15 0.23754853 0.11558242 0.52752674 0.4579647  0.006537734996527433
1 0.21700671 0.12845436 0.94475824 0.5211955  0.006532478146255016
18 0.2891896  0.22461477 0.8828666  0.6249431  0.006523189600557089
42 0.31855512 0.18812984 0.70737976 0.61059535 0.0065153613686561584
24 0.08907046 0.3023012  0.6034022  0.59596586 0.0064511229284107685
10 0.03135025 0.05200509 0.81129175 0.41808173 0.006423769984394312
19 0.17711337 0.8754289  0.41151252 0.9950576  0.006384347565472126
18 0.03971235 0.8055027  0.66351604 1.         0.006334983743727207
25 0.         0.26965725 0.6030987  0.69320744 0.00631733238697052
1 0.05319817 0.         0.7177841  0.1598553  0.00624893419444561
42 0.30197912 0.2296095  1.         0.8779894  0.006246813572943211
19 0.0899407  0.35443044 0.9939679  0.83404654 0.006215760018676519
