41 0.07366572 0.01677567 0.5661582  0.5135556  0.3057461380958557
27 0.01347448 0.4176107  0.22071747 0.96327966 0.25509175658226013
41 0.00701719 0.09865255 0.71912825 0.5865159  0.23672185838222504
41 0.02197528 0.25264528 0.5184139  0.5373439  0.2297378033399582
27 0.02143083 0.48274833 0.30770522 0.8371745  0.20968343317508698
40 0.08561832 0.10508281 0.8249586  0.8918068  0.19783954322338104
24 0.00822212 0.46985027 0.33833683 0.8234319  0.18450672924518585
41 0.25278285 0.03098396 0.5761021  0.60554636 0.16906370222568512
27 0.06713613 0.2704801  1.         1.         0.15552867949008942
28 0.03423994 0.3495463  0.60160565 0.9278353  0.1465146392583847
41 0.01496218 0.17966174 0.5821106  0.46200502 0.14270056784152985
41 0.15167196 0.0212657  0.46270004 0.38881114 0.13812439143657684
41 0.         0.19953252 0.7172362  0.7922817  0.1339881420135498
41 0.06000343 0.         0.5893465  0.15167087 0.13295717537403107
28 0.         0.61082166 0.5592972  0.9585892  0.13123326003551483
24 0.01403041 0.44985577 0.4887883  0.8763     0.12364339083433151
40 0.30545318 0.2571274  1.         1.         0.12193015217781067
41 0.06493457 0.00138488 0.58142    0.3217043  0.11905514448881149
24 0.028067   0.46375358 0.25724584 0.9215951  0.11243510246276855
24 0.0189299  0.1759927  0.48112693 0.7982077  0.10893334448337555
24 0.37631923 0.33154085 1.         0.84068525 0.10859346389770508
41 0.01369868 0.0687645  0.746067   0.41194704 0.10834489017724991
24 0.01825312 0.24901113 0.33492005 0.88975435 0.10258236527442932
24 0.06353988 0.05903872 0.6253166  0.63672876 0.10204879939556122
21 0.07388509 0.         0.43961295 0.44786033 0.10152292996644974
24 0.         0.00499353 0.40379456 0.39517412 0.10055503249168396
27 0.         0.42882738 0.43085724 0.76039314 0.09923440963029861
27 0.43736604 0.35361406 0.99824464 1.         0.09923253208398819
24 0.40890157 0.04290553 1.         0.92880374 0.09663187712430954
41 0.14656872 0.18288708 0.62091124 0.5992855  0.09428149461746216
40 0.07642871 0.         0.7656211  0.71379447 0.0885712280869484
24 0.34073943 0.52289665 1.         0.9243204  0.0860459953546524
24 0.20259085 0.42776215 1.         0.96069133 0.08602635562419891
41 0.33072785 0.19508483 0.81514907 0.86555165 0.08576074242591858
24 0.00940604 0.5991948  0.29115778 0.9646648  0.0833895206451416
40 0.04960111 0.4038849  0.83906794 0.85852367 0.08106035739183426
1 0.4493442  0.41512302 1.         0.8833827  0.07622389495372772
4 0.02692362 0.29360682 0.7968248  0.8113833  0.0740709900856018
27 0.22299108 0.09193807 1.         0.8826357  0.07341741770505905
21 0.01720634 0.         0.4748934  0.23860855 0.06752891838550568
24 0.5509147  0.45893282 0.99594676 1.         0.067506343126297
27 0.06259349 0.02146566 0.93367445 0.9655939  0.06689324229955673
27 0.02667675 0.5771944  0.29082316 0.97592014 0.06656952947378159
24 0.         0.2679324  0.45821702 0.53558654 0.0650162473320961
24 0.0361252  0.05576348 0.39831835 0.5444965  0.06462500244379044
41 0.02531563 0.12354528 0.47760123 0.653531   0.06389648467302322
24 0.04075782 0.54026204 0.43903407 0.98032707 0.060791630297899246
24 0.11408964 0.12075529 0.9034963  0.75779086 0.05883907899260521
1 0.21379003 0.         1.         0.8238529  0.05790700390934944
28 0.         0.40875906 0.753334   1.         0.054367709904909134
1 0.2754746  0.         1.         0.50702566 0.05373045802116394
28 0.01534607 0.6794506  0.7206238  0.9853869  0.0526735857129097
27 0.         0.23892576 0.2226683  0.81469995 0.05252338573336601
28 0.17565273 0.32037994 0.78968805 0.9545989  0.05204029381275177
24 0.         0.4351048  0.414622   0.69229084 0.051736436784267426
40 0.24304734 0.57148814 1.         1.         0.051446691155433655
10 0.04367928 0.06711423 0.54308546 0.5184725  0.05137445777654648
4 0.02442469 0.01806323 0.5687007  0.6999743  0.051193639636039734
41 0.16586281 0.0669122  0.8510064  0.4752249  0.049944918602705
21 0.07996325 0.0443677  0.5100669  0.50089663 0.04937070608139038
34 0.4614588  0.53467506 0.9459548  0.9600879  0.04926001653075218
32 0.20181176 0.         0.7416     0.60724944 0.04909498617053032
41 0.0995782  0.04360429 0.3938648  0.416765   0.04906371235847473
40 0.         0.34608495 0.46279237 0.88638246 0.047593820840120316
27 0.         0.36469764 0.52666783 0.84149635 0.0467211976647377
41 0.14611654 0.34054536 0.6555434  0.85174096 0.04665447026491165
24 0.0126946  0.02257955 0.91203696 0.44830823 0.046477437019348145
41 0.0514514  0.2530501  0.39169914 0.799295   0.04529803246259689
34 0.0386172  0.06972707 0.6665901  0.47020423 0.044699642807245255
4 0.01539463 0.28868338 0.24647722 0.7670786  0.04438187554478645
41 0.92197776 0.87551963 1.         0.9910547  0.044036511331796646
24 0.14540687 0.2084621  0.8333261  0.9470341  0.043641798198223114
41 0.16224425 0.28064048 0.71480703 0.5591726  0.04204045236110687
41 0.25051242 0.12073268 0.83288157 0.66167694 0.04122307524085045
24 0.09883118 0.3745528  0.60710144 0.85988164 0.04122215136885643
18 0.01748324 0.03051783 0.600966   0.4765353  0.041198477149009705
24 0.39229223 0.59018934 0.98347336 0.85802877 0.04041844606399536
24 0.         0.01104618 0.3872715  0.23119822 0.039325911551713943
18 0.07763956 0.05045364 0.46372783 0.41756633 0.038859203457832336
40 0.48690918 0.49154755 1.         1.         0.03859693929553032
34 0.21160477 0.23860408 0.97215945 0.88529825 0.03834161162376404
21 0.05868652 0.         0.49962708 0.611026   0.03803413361310959
38 0.0413456  0.6637982  0.44778576 1.         0.038005124777555466
41 0.02693816 0.3762663  0.44594294 0.65128684 0.037929922342300415
40 0.         0.40328875 0.42814577 0.75726104 0.03683256357908249
40 0.01318192 0.02802739 0.5824974  0.91885823 0.036244332790374756
27 0.48955557 0.3633994  0.79107577 1.         0.03621806204319
21 0.         0.         0.6363608  0.48659685 0.03598545119166374
10 0.         0.02130542 0.5427814  0.1830568  0.035613611340522766
1 0.07611776 0.20627488 0.51864696 0.5867423  0.035323016345500946
25 0.         0.4295805  0.4792553  0.82561105 0.0337451696395874
40 0.00704361 0.         0.6094148  0.69250166 0.03361549973487854
41 0.42412674 0.57948315 0.8725761  0.921472   0.033602334558963776
34 0.27560169 0.5455371  1.         0.8868137  0.03350771963596344
32 0.22109343 0.         0.79959923 0.41288748 0.031923808157444
24 0.05925568 0.15941717 0.66673785 0.5201065  0.03060508705675602
24 0.00763373 0.01237171 0.32698646 0.16228795 0.030086103826761246
34 0.05408707 0.22629133 0.79385644 0.6983294  0.029867075383663177
24 0.08430047 0.66567457 0.86075026 0.9682568  0.029217496514320374
24 0.14672633 0.0773024  0.45053408 0.54214746 0.029038939625024796
27 0.01148499 0.433071   0.4353678  0.9638663  0.02901792898774147
10 0.17380477 0.0843599  0.49390396 0.59454614 0.02891029603779316
41 0.07018346 0.00804423 0.4170134  0.24868177 0.02831682562828064
41 0.91790783 0.7657205  1.         0.96762055 0.028298664838075638
24 0.39312717 0.69753164 1.         0.9391088  0.027815617620944977
24 0.         0.08485101 0.50144047 0.4634107  0.027705339714884758
24 0.15417221 0.5813175  0.9772091  0.98870486 0.027685347944498062
28 0.26047567 0.5973478  0.7434671  0.9560899  0.027420271188020706
4 0.         0.40317896 0.22422679 0.84666294 0.027278035879135132
18 0.8815765 0.2958809 1.        0.5496876 0.027116086333990097
34 0.38262382 0.5856947  1.         0.83150005 0.026578953489661217
24 0.         0.35836244 0.469545   0.60808647 0.02632082812488079
1 0.10988791 0.         0.3995782  0.6077808  0.02616298384964466
19 0.16050756 0.22807337 1.         0.8859666  0.02575516700744629
34 0.         0.45656216 0.3244842  0.72642034 0.02557501010596752
18 0.9250206  0.25947058 0.9977332  0.3859242  0.025448201224207878
24 0.15931834 0.00883069 1.         0.65073353 0.024965409189462662
18 0.8755663 0.8782648 0.999992  0.9895231 0.024566596373915672
24 0.01208756 0.7024561  0.13077587 0.9441446  0.02443457581102848
24 0.11692955 0.21402927 0.55227757 0.96545994 0.02427786774933338
4 0.05034902 0.09189125 0.92060816 0.54828703 0.023993736132979393
28 0.        0.6336065 0.3706552 1.        0.023891257122159004
19 0.01370834 0.20541398 1.         0.63062084 0.023733071982860565
24 0.48296285 0.72364974 0.8722319  0.92985904 0.023612013086676598
5 0.         0.3564216  0.25276786 0.9600126  0.023214679211378098
24 0.23796931 0.05456444 0.5758313  0.5507032  0.02314317785203457
19 0.85740346 0.16015045 1.         0.31302348 0.023139622062444687
4 0.01477905 0.11375018 0.3355744  0.7948633  0.023127853870391846
41 0.06752363 0.37595695 0.5676088  0.60006744 0.0229648444801569
4 0.         0.4737875  0.35503337 0.8170086  0.02267046459019184
27 0.         0.07268893 0.5291266  0.80430716 0.022455010563135147
19 0.07015897 0.24707022 0.7285484  0.5372664  0.022449856624007225
19 0.8529836  0.21391828 1.         0.36393264 0.022385327145457268
19 0.         0.13638084 1.         0.42281684 0.022287961095571518
40 0.2190683  0.18598573 1.         0.8094479  0.021807096898555756
7 0.         0.06351392 0.6902382  0.73884624 0.021527403965592384
24 0.44289103 0.48185304 0.92180353 0.84620994 0.02131728082895279
40 0.45955384 0.55602294 0.9376454  0.8935106  0.02094724215567112
41 0.04695669 0.09217072 0.34760118 0.51806813 0.02023506909608841
10 0.03322739 0.2456074  0.5641685  0.51030725 0.019978461787104607
5 0.34786698 0.33899966 0.9503156  1.         0.019915999844670296
25 0.24719906 0.43306783 1.         0.8760698  0.01977914571762085
27 0.0092691  0.30911526 0.67430145 0.91405845 0.01960798352956772
1 0.03112473 0.32116747 0.50500983 0.66735786 0.01951911672949791
24 0.00942388 0.05074392 0.3090459  0.40280098 0.019406123086810112
10 0.0399071  0.16164324 0.58866274 0.4471298  0.01910974085330963
38 0.04309819 0.59115714 0.35074744 0.94220227 0.018935535103082657
24 0.         0.04760447 0.65963686 0.3699376  0.018733548000454903
1 0.3530315  0.14523903 0.7698693  0.6069874  0.01861988939344883
24 0.5773025  0.80426925 1.         0.98470056 0.018533028662204742
41 0.21230686 0.00511253 0.7258905  0.1923793  0.018414968624711037
18 0.01669103 0.         0.57018965 0.21175121 0.01837776042521
34 0.44669965 0.40472066 0.98797476 0.9021533  0.01799578219652176
1 0.09822793 0.         0.52341115 0.40556762 0.01787683367729187
40 0.        0.        0.358503  0.9676932 0.01786070130765438
16 0.         0.55137724 0.19096044 0.9301795  0.017823051661252975
5 0.         0.39489597 0.34358522 0.80443776 0.01777016930282116
28 0.00612662 0.43388113 0.3347247  0.86816436 0.01737656258046627
1 0.         0.46762615 0.49434215 0.77672845 0.017079101875424385
10 0.0367954  0.32008252 0.22404976 0.87367564 0.016682064160704613
4 0.04291173 0.5154878  0.7387193  0.868555   0.016567956656217575
41 0.00971476 0.51804566 0.34025905 0.75506413 0.016462432220578194
19 0.         0.2612233  0.21087652 1.         0.01642954722046852
41 0.0290172  0.00289316 0.37408698 0.15096685 0.016414053738117218
41 0.8966215 0.9102049 1.        0.9898574 0.016396287828683853
20 0.03487922 0.342818   0.21388003 0.8337077  0.016389956697821617
23 0.         0.02740494 0.40406138 0.898042   0.016271322965621948
1 0.         0.37333292 0.61126107 0.87961644 0.01620730571448803
4 0.         0.5356374  0.25357667 0.8999845  0.016180500388145447
4 0.02395582 0.01400227 0.5579532  0.4057953  0.016178378835320473
41 0.01119125 0.31897742 0.553191   0.7453606  0.01604808308184147
27 0.26455998 0.16794431 0.8259527  0.7719374  0.01603160984814167
21 0.08346147 0.19663012 0.47974738 0.5329365  0.015967780724167824
28 0.22462825 0.7243628  0.6387517  0.973733   0.015963993966579437
40 0.16491494 0.14262804 0.67870253 0.62719494 0.015948902815580368
27 0.00786727 0.6762571  0.1361197  0.94085026 0.01592295616865158
19 0.8927767  0.11221293 1.         0.3202384  0.015887562185525894
40 0.02747981 0.22684342 0.60008377 0.70412076 0.015856701880693436
18 0.05742602 0.00330523 0.5401916  0.33234644 0.01575271226465702
1 0.17083624 0.24825408 1.         0.8686703  0.01568898744881153
18 0.8841502  0.74579364 0.99648076 0.96748316 0.015600815415382385
27 0.33056453 0.3945021  0.8260405  0.98401666 0.015574273653328419
34 0.         0.04433912 0.8106907  0.3845768  0.015539326705038548
32 0.09741972 0.01946668 0.5447855  0.65019196 0.015509317629039288
24 0.2573934  0.19016199 0.6691481  0.61213905 0.01542882714420557
24 0.4098549  0.65576583 0.9327159  0.8925559  0.015396051108837128
16 0.01893107 0.48807186 0.21230805 0.7866301  0.01538125704973936
1 0.74057734 0.38451743 0.99718934 0.92086905 0.0153391994535923
16 0.3828035  0.25919944 0.77311325 0.823166   0.01524958573281765
41 0.04850091 0.17849998 0.3587347  0.43082038 0.015222016721963882
18 0.9235604  0.20480311 0.9940633  0.3342919  0.015172644518315792
19 0.         0.44779253 0.35323146 0.8058161  0.015020235441625118
1 0.13481665 0.1779927  0.57793766 0.48855063 0.015002756379544735
1 0.1293336  0.10039696 1.         0.67611766 0.014902105554938316
2 0.0476771  0.00668742 0.6975534  0.92413914 0.01480601355433464
23 0.03962252 0.44209647 0.8714072  0.92607516 0.014717934653162956
18 0.19216925 0.         0.531441   0.6401164  0.01466001383960247
7 0.         0.10946432 0.61937815 1.         0.014574511907994747
1 0.         0.0962038  0.48280203 0.8324527  0.014562966302037239
41 0.52332735 0.6273406  0.8559849  0.95841545 0.014509870670735836
29 0.2814455  0.48486125 0.99486953 1.         0.014444554224610329
32 0.03247932 0.1660276  0.6709648  0.8844339  0.01436819601804018
1 0.81740016 0.26882946 1.         1.         0.014346611686050892
19 0.         0.4656233  0.25564983 1.         0.014222927391529083
34 0.08822454 0.21090966 0.6536829  0.48473758 0.014208449050784111
34 0.         0.53061664 0.30273348 0.8007451  0.014195948839187622
4 0.24078599 0.36517608 1.         0.933766   0.014195271767675877
4 0.12720002 0.22911946 0.8933351  0.645384   0.014147576875984669
27 0.        0.        0.9637481 0.6377648 0.014073356054723263
24 0.5486431 0.745925  1.        0.9709885 0.01403902843594551
21 0.13678569 0.05089933 0.7489894  0.77886254 0.013925831764936447
25 0.         0.5282443  0.41539052 0.8104074  0.013898839242756367
19 0.         0.08942647 0.72105277 0.5891426  0.013763234950602055
24 0.5114056  0.57346195 0.77603674 0.9372748  0.013559219427406788
18 0.         0.15289393 0.50383216 0.49083224 0.013508778065443039
24 0.75042367 0.4422988  1.         0.7890603  0.013416945934295654
25 0.         0.05558375 0.49217632 0.750174   0.013390828855335712
21 0.04496697 0.         0.5847635  0.19889283 0.013363238424062729
24 0.13857344 0.         0.68120396 0.46248674 0.013345083221793175
19 0.         0.08028926 1.         0.52424645 0.013244368135929108
24 0.6144979  0.6472161  0.93412256 1.         0.013233887031674385
32 0.18909515 0.         0.5425081  0.42455983 0.013195309787988663
27 0.         0.10607804 0.3219848  0.8409518  0.013150135986506939
40 0.20425309 0.09580498 0.92270327 0.65465814 0.013149463571608067
32 0.00166471 0.11153618 0.51996696 0.78317386 0.013075322844088078
4 0.         0.5568109  0.98573387 0.92839366 0.013037390075623989
34 0.01217094 0.03707749 0.53710645 0.28020197 0.012953908182680607
21 0.26160592 0.16506498 0.8412546  0.85448253 0.012940922752022743
41 0.02846968 0.2397082  0.35173413 0.5876187  0.01288574654608965
4 0.03307518 0.14228792 0.53763306 0.5418747  0.012755859643220901
27 0.01464946 0.2936603  0.3253691  0.7599453  0.01266057975590229
25 0.91954005 0.22584292 1.         0.30997288 0.012657521292567253
18 0.         0.         0.57617265 0.91515243 0.01260729506611824
25 0.         0.65499103 0.9739099  0.9409709  0.012584325857460499
18 0.8384198  0.9041156  1.         0.99262065 0.01255570724606514
1 0.5511608  0.6159494  0.88423496 0.9373695  0.012555627152323723
41 0.04054977 0.46460888 0.5781624  0.846371   0.012551904655992985
24 0.7629761  0.50874186 1.         0.8576231  0.012525545433163643
40 0.4063434  0.50652754 1.         0.7960868  0.012469695881009102
5 0.         0.47716382 0.3163866  0.8858389  0.012416793964803219
32 0.15184665 0.13608856 0.7489858  0.72344595 0.01224939152598381
19 0.8406862 0.272064  1.        0.4170641 0.012129555456340313
24 0.         0.22190543 0.37573016 0.62697595 0.01212527509778738
18 0.00446309 0.         0.50170237 0.7185585  0.01212521456182003
25 0.         0.41393358 1.         0.8616933  0.012064552865922451
16 0.1931252  0.15686873 0.55518395 0.56416523 0.012052401900291443
25 0.9208245  0.20051284 1.         0.28475603 0.011922493577003479
24 0.14091024 0.28066492 0.6107127  0.6106064  0.011850250884890556
28 0.         0.5487279  0.44645122 0.90460086 0.011839277110993862
32 0.41241485 0.11278768 0.86393285 0.7092343  0.01174221746623516
24 0.06041453 0.00838087 0.7379392  0.18043932 0.011731109581887722
10 0.00331029 0.02854019 0.55899787 0.2781166  0.011639159172773361
34 0.         0.09170202 0.85697144 0.6443267  0.011604491621255875
41 0.8710705  0.5642265  1.         0.96369445 0.011531163938343525
41 0.20629303 0.4962075  0.6783879  0.82039565 0.011499812826514244
27 0.38306364 0.         1.         1.         0.011482641100883484
10 0.         0.05405132 0.6414645  0.4321977  0.011382087133824825
5 0.1298335  0.06377406 0.9002636  1.         0.011340448632836342
32 0.1913866  0.23232712 0.6404592  0.5836944  0.011272937059402466
41 0.02694169 0.32296094 0.29895535 0.85563785 0.011254173703491688
19 0.79850316 0.41257274 1.         0.9331171  0.011185307055711746
7 0.         0.02805812 0.40692556 0.9304688  0.011183623224496841
10 0.07568397 0.19572118 0.62563306 0.7406682  0.011140833608806133
24 0.82158214 0.4163071  1.         0.93002117 0.011121942661702633
24 0.         0.17099425 0.3686793  0.4726059  0.01111326552927494
19 0.8591333  0.10894983 0.99451375 0.2620016  0.011102012358605862
5 0.         0.0624352  0.82122326 0.40467048 0.011016393080353737
2 0.48374382 0.52804565 0.9295772  1.         0.010974274016916752
34 0.08862867 0.09789124 0.53652936 0.6385773  0.010955572128295898
19 0.         0.         0.7149224  0.16226462 0.010934830643236637
1 0.08442932 0.         0.5201534  0.669944   0.01087659690529108
32 0.91692567 0.84668225 1.         0.99081004 0.010820983909070492
19 0.8417989  0.03059209 1.         0.50794053 0.010789847932755947
18 0.81574756 0.31660423 0.99613947 1.         0.010676342062652111
19 0.8880061  0.         0.984063   0.22304693 0.010636995546519756
34 0.         0.01096125 0.7801845  0.18766809 0.010593242943286896
41 0.         0.49636126 0.27119702 0.81862545 0.01058886107057333
19 0.84677863 0.         0.98961264 0.30196705 0.010585659183561802
27 0.80815583 0.35787985 1.         1.         0.010562400333583355
41 0.4671218 0.6554315 0.8651    0.8766695 0.01055082492530346
41 0.25688207 0.20806928 0.55083174 0.711963   0.010529833845794201
25 0.14940262 0.65444165 0.9640452  0.86336887 0.010529105551540852
16 0.         0.5891435  0.22736008 0.82415825 0.010513919405639172
27 0.16548198 0.5656314  0.9440916  1.         0.01045515201985836
19 0.95090926 0.         0.98695964 0.09218941 0.010434072464704514
19 0.         0.23320875 0.9694342  0.99824333 0.010343153961002827
5 0.         0.14242925 0.7523888  1.         0.010333715006709099
32 0.12139295 0.16412033 0.58553684 0.50843924 0.01030330453068018
3 0.         0.37513807 0.2186036  0.8574218  0.010274249128997326
16 0.3887589  0.1274171  0.7542943  0.50922585 0.010256716050207615
19 0.         0.03244077 0.80275893 0.3719149  0.01025550626218319
4 0.         0.43334824 0.5593557  0.8556468  0.010229122824966908
25 0.92149436 0.1747663  1.         0.25861242 0.010186701081693172
18 0.         0.         0.7810571  0.68216467 0.010180178098380566
27 0.19665577 0.14024533 0.69470775 0.61801386 0.010168299078941345
1 0.931007   0.21842204 0.99451977 0.37788427 0.010167896747589111
27 0.29398757 0.3270424  1.         0.86838526 0.010164693929255009
25 0.91829926 0.25296292 1.         0.33571407 0.010078811086714268
28 0.4124428  0.44315055 0.876355   0.9200826  0.010068034753203392
23 0.23184037 0.5496954  0.9656187  0.9035522  0.010026737116277218
