24 0.26737112 0.19214669 0.89281845 0.41978917 0.4034470319747925
1 0.39963883 0.         1.         0.7253291  0.3211454451084137
24 0.09268136 0.13515224 0.8607435  0.39954612 0.278639018535614
24 0.37734175 0.17746828 0.77563506 0.4648803  0.278258740901947
41 0.4301203  0.15989996 0.8013263  0.5368332  0.2528304159641266
1 0.1454739  0.         1.         0.61965495 0.21481069922447205
38 0.         0.04980726 0.32492936 0.66514987 0.21387732028961182
1 0.51383513 0.01601914 0.9308804  0.60467124 0.20641876757144928
1 0.39754066 0.08512011 1.         0.54934317 0.18784873187541962
41 0.38761798 0.26336226 0.6592154  0.64586216 0.17800918221473694
38 0.         0.35296342 0.28571072 0.6722777  0.1754227876663208
38 0.01525    0.3406189  0.22936986 0.7768693  0.16539926826953888
38 0.         0.14358328 0.3275479  0.46152285 0.14625553786754608
24 0.20209822 0.1792928  0.80571467 0.55697274 0.1453547477722168
24 0.54517806 0.13856478 0.825113   0.46524528 0.14227934181690216
41 0.46839297 0.25924703 0.80523896 0.47142646 0.12963436543941498
2 0.32922587 0.09374034 0.806183   0.73640555 0.12305185943841934
24 0.18121369 0.22508876 0.80197847 0.44792432 0.11685032397508621
24 0.30030587 0.25374234 0.866291   0.48040122 0.11647520214319229
28 0.         0.         0.5264558  0.41465318 0.10723622143268585
1 0.         0.00519114 1.         0.42602658 0.10274240374565125
38 0.         0.01019587 0.4212152  0.16457614 0.1017570048570633
7 0.29032108 0.05523061 0.9573329  0.8658433  0.09910080581903458
41 0.47514609 0.18048975 0.92968994 0.44981778 0.09768226742744446
4 0.        0.3225672 0.6565013 0.8967324 0.09632490575313568
28 0.        0.0800557 0.3405278 0.6161436 0.09392237663269043
41 0.4576145  0.11992503 0.97889775 0.60718614 0.09280727058649063
7 0.15530643 0.14927949 0.80531454 0.70853823 0.08897525072097778
6 0.01813953 0.27908716 0.23815033 0.8210957  0.08798593282699585
6 0.00362261 0.         0.31858683 0.71990746 0.08758651465177536
2 0.50682896 0.11643483 0.9282539  0.50868356 0.08161868900060654
1 0.49376526 0.         0.8435474  0.7673832  0.07111401110887527
24 0.3772881  0.16467918 0.8858482  0.376133   0.0710233524441719
29 0.31326056 0.12024208 0.86208963 0.86300486 0.06768791377544403
6 0.00120349 0.08896437 0.31018552 0.5042429  0.06745079159736633
38 0.         0.03076355 0.3383369  0.3449011  0.06590583920478821
2 0.44044918 0.15125787 0.80994433 0.5544386  0.06546211987733841
10 0.10051092 0.3114747  0.6899252  0.8656482  0.06195574253797531
41 0.40323094 0.23445582 0.89299256 0.49412832 0.06188036501407623
10 0.22009186 0.34993327 0.7105712  0.7065137  0.06180762127041817
41 0.5439508  0.08906805 0.84961206 0.59659296 0.061760157346725464
7 0.17272106 0.05982516 0.67054474 0.5627784  0.06016410142183304
28 0.        0.086234  0.4957551 0.7162721 0.0581672266125679
6 0.         0.65878356 0.15409803 0.8346152  0.05776951462030411
41 0.33503017 0.2415561  0.69185054 0.53440785 0.057191092520952225
1 0.01375975 0.37199977 0.3492617  0.6834822  0.056912705302238464
4 0.02869008 0.23379318 0.69507825 0.6490833  0.05650791525840759
1 0.         0.04394251 0.40205762 0.75356835 0.056395724415779114
28 0.         0.05989609 0.5699352  0.52488756 0.055997107177972794
24 0.1785117  0.15363994 0.9499373  0.72820973 0.053593892604112625
24 0.32118583 0.29716614 0.82379824 0.6132559  0.05319160223007202
1 0.05783854 0.         0.8681647  0.5225895  0.05201933905482292
28 0.         0.36929655 0.34314027 0.6449338  0.05121477693319321
10 0.2965523  0.2129292  0.69117385 0.74798363 0.0495619960129261
6 0.00198157 0.3449047  0.2942741  0.69443715 0.0494270846247673
25 0.         0.         0.7912894  0.27465168 0.0479758158326149
6 0.00179194 0.6911498  0.05908395 0.80182195 0.044986024498939514
4 0.06357524 0.3135922  0.9299867  0.799908   0.044449932873249054
4 0.08180359 0.28422135 1.         0.9489972  0.044110607355833054
28 0.         0.13784134 0.33406374 0.42480618 0.04380064457654953
6 0.00231133 0.72915214 0.07912213 0.8125738  0.04329168424010277
22 0.00900431 0.         0.28547266 0.60002923 0.04313681274652481
2 0.4389721  0.2068268  0.93646944 0.7036268  0.0423760712146759
41 0.46973994 0.24478956 0.8436778  0.5911507  0.041952624917030334
35 0.        0.1145533 0.9557821 0.6283458 0.0409017875790596
29 0.39535412 0.17545749 0.93496084 0.6120237  0.03992047533392906
25 0.         0.05995096 0.78815514 0.34256923 0.0396675281226635
10 0.42248225 0.14205518 0.88426495 0.5164962  0.0391559936106205
4 0.03326808 0.35425487 0.718428   0.7141487  0.03901829198002815
41 0.31211624 0.28709218 0.7481673  0.5901489  0.03859921544790268
10 0.32648012 0.08935903 0.68902385 0.5854793  0.038109250366687775
7 0.22359897 0.22238114 0.78587496 0.88022405 0.03758224844932556
1 0.00591446 0.         0.57384807 0.35563606 0.03705466538667679
10 0.3072587  0.27341595 1.         0.52343804 0.03701033070683479
10 0.07725579 0.1736906  0.65056926 0.69047713 0.036778178066015244
41 0.28249082 0.36175177 0.7072222  0.65330565 0.03662741556763649
10 0.30376908 0.184415   0.8007446  0.49916545 0.03550468012690544
28 0.00194242 0.02468383 0.43498415 0.14581169 0.03518243879079819
22 0.         0.06327789 0.2812824  0.40707383 0.0347650982439518
38 5.5671058e-04 6.7433280e-01 1.4953703e-01 8.2291120e-01 0.03464331850409508
6 0.00494003 0.62161994 0.11893743 0.86133516 0.03424571081995964
1 0.32210857 0.27766272 0.98330975 0.6719007  0.03386026993393898
15 0.406967   0.14533135 0.78582984 0.47172242 0.03355451673269272
10 0.30035084 0.3661576  0.6447552  0.9267009  0.03353707119822502
24 0.41414043 0.27884984 0.86414665 0.53388095 0.03221450746059418
42 0.17760909 0.10001866 0.7685748  0.45624405 0.03217673301696777
4 0.1546864  0.41222537 0.86197555 0.8910018  0.031923066824674606
2 0.25721833 0.05486588 0.7157575  0.630628   0.03114740550518036
2 0.30843866 0.         0.7480829  0.49730703 0.030795417726039886
7 0.26411277 0.1822663  0.74889225 0.5604588  0.03077755495905876
2 0.27224207 0.35755992 0.8425284  0.6899608  0.030078621581196785
22 0.01870364 0.29562113 0.28779852 0.66131896 0.03000001236796379
2 0.19176552 0.21084638 0.6406801  1.         0.029405958950519562
38 0.         0.01104685 0.4513017  0.4013785  0.028443757444620132
40 0.27238926 0.0236481  0.859721   0.57870066 0.028390420600771904
40 0.00877823 0.         1.         0.9604352  0.027933163568377495
28 0.         0.         0.60609865 0.3135549  0.027572814375162125
40 0.17899977 0.08193901 1.         0.73568565 0.027489710599184036
1 0.         0.4953097  0.29509625 0.8623684  0.027136951684951782
22 0.00577072 0.26551604 0.20456135 0.7663498  0.026286635547876358
1 0.         0.30487317 0.33988655 1.         0.02604730986058712
10 0.09289793 0.08274424 0.76140004 0.483151   0.0259554423391819
24 0.49072918 0.14991061 0.89536744 0.65437967 0.025702165439724922
2 0.37996846 0.16676684 0.70820874 0.6210661  0.0255429707467556
21 0.20194988 0.         1.         0.41272318 0.025476405397057533
22 0.         0.72384155 0.07597148 0.813097   0.025389788672327995
41 0.40618306 0.335045   0.883712   0.58017045 0.025239858776330948
10 0.26797965 0.25706363 0.87732553 0.62184685 0.025066757574677467
40 0.01511693 0.06682279 1.         0.5803205  0.025007614865899086
1 0.23643719 0.12547155 0.9876969  0.79278105 0.02496269717812538
40 0.14495064 0.16298187 0.9404387  0.5419776  0.024952013045549393
41 0.39926487 0.21499172 0.9672373  0.8089346  0.02477853000164032
22 0.        0.6490608 0.1468503 0.8217315 0.02443910576403141
10 0.22877808 0.3590856  0.98092675 0.60431165 0.024108363315463066
22 0.         0.70557046 0.05601211 0.82777053 0.024002939462661743
6 0.00246568 0.         0.32504827 0.3825653  0.02385040558874607
28 0.         0.16960263 0.37374517 0.839263   0.0234075840562582
1 0.         0.         0.44030517 0.4732593  0.023305868729948997
24 0.00830999 0.137861   0.3041643  0.8158316  0.02291690558195114
6 0.00277862 0.7385154  0.05878748 0.8525128  0.0227203369140625
35 0.         0.11488468 0.81288546 0.4883265  0.022599004209041595
28 0.         0.31828985 0.24788722 0.74322283 0.022511795163154602
1 0.01822213 0.11216576 0.35763633 0.62760377 0.02209048718214035
24 0.07676315 0.24615906 0.71578074 0.73896545 0.021842436864972115
24 0.05107971 0.08192066 0.7463814  0.25464904 0.0218217633664608
24 0.0901208  0.0683661  0.62770796 0.32160035 0.021733468398451805
4 0.18305588 0.19963662 1.         0.6194648  0.021731656044721603
6 0.00357043 0.75356495 0.08063221 0.83875126 0.02165837585926056
28 0.         0.03562998 0.32355765 0.32184568 0.02162216603755951
25 0.        0.        1.        0.3717381 0.021554991602897644
15 0.33206782 0.04869428 0.80132    0.5631948  0.021554410457611084
1 0.         0.01763185 0.95436853 0.3230624  0.021395746618509293
15 0.33438897 0.20730908 0.8727539  0.49460238 0.02122974954545498
2 0.3594025  0.28903395 0.6715075  0.7672986  0.021162215620279312
24 0.01440023 0.40405515 0.28883928 0.6233821  0.02056853659451008
1 0.05391385 0.         0.49431846 0.24067688 0.020341865718364716
1 0.         0.5983579  0.28668404 0.948655   0.019989220425486565
25 0.         0.37927338 0.3172896  0.6449916  0.019818712025880814
6 1.0096232e-04 7.1401972e-01 1.5263562e-01 8.8153565e-01 0.019492223858833313
38 0.         0.02470355 0.25316453 0.21910043 0.019460752606391907
25 0.         0.         1.         0.43675295 0.019196689128875732
25 0.00078954 0.3637782  0.21595058 0.7569383  0.018909450620412827
2 0.607038   0.08319011 0.84893614 0.5783573  0.01889803446829319
28 0.01109609 0.13594522 0.6280124  0.7874115  0.018885888159275055
25 0.         0.         0.8626638  0.46180522 0.018882742151618004
10 0.12223834 0.45071808 0.8226106  0.94008875 0.018881015479564667
4 0.15557511 0.22219905 1.         0.8115705  0.018579579889774323
7 0.19395226 0.05498767 0.96943563 0.5541544  0.018537545576691628
29 0.33280233 0.21386905 1.         0.72967947 0.01841769553720951
6 0.00563797 0.         0.38898796 0.24056214 0.018375346437096596
14 0.05003488 0.91816145 0.2700401  1.         0.01832522451877594
38 0.         0.70216197 0.0589921  0.7950099  0.018272895365953445
27 0.02043961 0.40576905 0.19489461 0.7598236  0.018070142716169357
25 0.         0.08772863 0.30925697 0.5734745  0.017959514632821083
25 0.         0.16359775 0.30506116 0.4103262  0.01781688630580902
35 0.08244573 0.15737852 0.9325637  0.42587382 0.017471469938755035
22 0.03577583 0.         0.41855672 0.39436796 0.017273234203457832
42 0.29280224 0.09713738 0.971197   0.36400324 0.017273027449846268
29 0.33715686 0.13267198 1.         0.43304962 0.017244279384613037
24 0.43699098 0.38895932 0.7107132  0.76304257 0.017244014889001846
24 0.02109802 0.14422573 0.39069363 0.5021748  0.01718786545097828
2 0.513878   0.07021385 0.74006736 0.5935188  0.017173420637845993
1 0.36613044 0.01722963 0.9425582  0.4376505  0.01716383919119835
6 0.01204439 0.48549047 0.16654176 0.65922433 0.017154201865196228
24 0.15139535 0.09871186 0.96583796 0.23189397 0.01709763891994953
22 0.         0.73548144 0.05670408 0.8559539  0.017025534063577652
21 0.18639502 0.01850507 0.8896853  0.567116   0.016910512000322342
22 0.         0.         0.28597665 0.30422115 0.016851970925927162
35 0.02646257 0.09060204 0.31434855 0.37568042 0.016780870035290718
24 0.         0.111421   0.29668736 0.5535438  0.016764381900429726
7 0.12324036 0.36492714 0.73684514 0.9464978  0.01674518547952175
29 0.40390047 0.23280317 0.7602268  0.5963949  0.016740933060646057
34 0.22942895 0.15724337 0.9110486  0.36546308 0.016541436314582825
1 0.39719087 0.03661413 0.7762363  0.5710742  0.01636972464621067
27 0.00886064 0.16407943 0.2604139  0.38235947 0.01630467362701893
24 0.17958942 0.4361054  0.76954824 0.70310277 0.016181649640202522
21 0.09698044 0.         1.         0.55358946 0.016176842153072357
6 0.00392413 0.6010897  0.16255835 0.7742299  0.01604013331234455
35 0.02303042 0.06290655 0.31423542 0.6204998  0.015969133004546165
25 0.         0.6832263  0.14275746 0.8132561  0.01596197672188282
38 0.         0.73412883 0.07836255 0.8068631  0.015936505049467087
19 0.27296793 0.01551437 0.9935524  0.6192979  0.015900537371635437
24 0.11169489 0.30531287 0.96083945 0.820142   0.015822486951947212
24 0.38901687 0.3136344  0.7090982  0.6788752  0.01580214314162731
42 0.3690765  0.13621253 0.9001921  0.43890193 0.015658074989914894
22 0.01514495 0.         0.39997482 0.13602504 0.01561866607517004
22 0.         0.753563   0.07722484 0.84057504 0.015572824515402317
2 0.54102445 0.21488068 0.84471095 0.6043294  0.015541293658316135
4 0.20285533 0.2788779  1.         0.7234921  0.015474682673811913
41 0.3392224  0.36008018 0.6245831  0.58859247 0.015466999262571335
41 0.18535657 0.33576182 0.7431419  0.8093086  0.015463350340723991
14 0.         0.14558545 0.29997057 0.3952309  0.015436749905347824
22 0.         0.60531956 0.10826132 0.8608361  0.015401119366288185
41 0.29712573 0.34880576 0.81327444 0.7359285  0.0153907286003232
20 0.01678031 0.68950826 0.15926307 0.8087449  0.015263168141245842
42 0.2721739  0.12941946 0.8278896  0.5324945  0.015001424588263035
20 0.03618736 0.393093   0.23960912 0.71593446 0.01495929341763258
29 0.4815835  0.18440181 1.         0.5423219  0.014906142838299274
42 0.39486194 0.17480692 0.79174227 0.40655777 0.014863962307572365
42 0.09070285 0.16178937 0.73916304 0.6616923  0.014831488952040672
10 0.14778914 0.28360122 0.69788736 0.6381214  0.014770731329917908
22 0.         0.65003127 0.05625829 0.7760315  0.014640762470662594
10 0.16214356 0.13762261 0.88330436 0.80497235 0.014385219663381577
29 0.5465251  0.22575542 0.87749445 0.5206348  0.014365347102284431
38 0.         0.16810349 0.34938952 0.843253   0.01430768147110939
24 0.02308979 0.47997975 0.27915365 0.69948804 0.014154031872749329
4 0.12204956 0.15902466 0.90176904 0.485061   0.014092912897467613
24 0.12784435 0.02240213 0.5525203  0.17193966 0.01387052983045578
27 0.02013769 0.09199878 0.286782   0.54118055 0.013807239942252636
6 0.00828374 0.55932575 0.1213394  0.8001046  0.013582048937678337
34 0.17050011 0.20726795 0.92024386 0.4048448  0.0135659696534276
38 0.         0.04608246 0.18574421 0.32459983 0.013453451916575432
21 0.31032848 0.02641991 0.80125004 0.38234293 0.013219181448221207
6 0.00847881 0.5324335  0.08841715 0.8599931  0.013218177482485771
10 0.23958789 0.39380053 0.6181658  0.6360473  0.01320696622133255
27 0.01085181 0.11093004 0.2646644  0.3237647  0.013184846378862858
27 0.01104935 0.6813253  0.13443494 0.8045026  0.013107982464134693
35 0.18224615 0.16793482 0.76850754 0.534433   0.012963720597326756
6 0.00287728 0.73874104 0.04033954 0.9050576  0.012931084260344505
20 0.01925266 0.65968996 0.15989779 0.77969944 0.012869412079453468
33 0.         0.17124824 0.3455448  0.42519104 0.012805926613509655
14 0.00471069 0.3518309  0.2238082  0.76020646 0.01280016079545021
10 0.15248413 0.39771968 0.827267   0.64774805 0.012775213457643986
33 0.         0.67865604 0.15697584 0.81730545 0.01273414958268404
35 0.02615668 0.17795706 0.31116572 0.49276507 0.012564417906105518
20 0.00299799 0.7061993  0.06190059 0.79379606 0.012554848566651344
1 0.45389247 0.08023695 0.76811165 0.8395454  0.012446788139641285
6 0.00475259 0.7815988  0.08139571 0.8646175  0.012326526455581188
10 0.32104552 0.13391373 1.         0.5746216  0.012241785414516926
29 0.25368607 0.19383134 0.8288166  0.5789942  0.012227375991642475
29 0.17766304 0.17382927 0.7188543  0.9800484  0.012197294272482395
15 0.34777874 0.27926463 0.7152606  0.61420006 0.012146062217652798
41 0.2766871  0.42345825 0.8442404  0.61265963 0.012128795497119427
24 0.00542884 0.14899746 0.29235733 0.3885875  0.012088160961866379
24 0.         0.01158249 0.15370919 0.07293697 0.011705994606018066
28 0.         0.01467314 0.16251163 0.30065742 0.011696189641952515
27 0.00445425 0.6986914  0.04843707 0.7867591  0.011675635352730751
22 0.00802374 0.70706373 0.148857   0.87215436 0.011622575111687183
16 0.33833408 0.37339756 0.62079847 0.60770375 0.011609915643930435
20 0.00490586 0.6818905  0.0614438  0.7663332  0.011399989947676659
16 0.42294273 0.2607715  0.6535956  0.574522   0.011325735598802567
38 0.         0.67921865 0.05934561 0.77089125 0.011325194500386715
25 0.         0.70230836 0.05500516 0.7893669  0.011322702281177044
35 0.00675927 0.66564494 0.15091619 0.8281402  0.011315330862998962
15 0.2323319  0.08391757 0.7096253  0.60015374 0.011311186477541924
27 0.06938273 0.1803226  0.96337914 0.7566078  0.011226258240640163
35 0.         0.23497635 0.71908945 0.6034994  0.01118706725537777
43 0.2009489  0.         1.         0.59822214 0.011152012273669243
29 0.48013756 0.24344519 0.86463505 0.62000364 0.011151250451803207
40 0.01222715 0.1325184  0.8076161  0.75564843 0.011149192228913307
24 0.02988781 0.58347327 0.28222743 0.79962134 0.011123484000563622
25 0.         0.04942645 0.93638694 0.6441685  0.011083332821726799
25 0.         0.72782826 0.05313843 0.8180058  0.01107355672866106
14 0.00815905 0.66796345 0.13947661 0.8216005  0.0110241724178195
1 0.02234884 0.68042034 0.15699084 0.82757425 0.01097885798662901
25 0.0542508 0.        0.5920646 0.2655789 0.010880881920456886
10 0.         0.69240546 0.05447606 0.79372656 0.010871385224163532
24 0.28920197 0.11667516 0.93705916 0.28228137 0.01084564533084631
25 0.         0.74107915 0.07132483 0.8075594  0.010843338444828987
41 0.66764516 0.06120926 1.         0.66972935 0.010831490159034729
24 0.3918667  0.23913148 0.880317   0.8036519  0.010824971832334995
24 0.23597284 0.03633226 0.612139   0.17836353 0.010773744434118271
4 0.         0.49577272 0.74486583 0.95280075 0.010761510580778122
7 0.38696167 0.02520658 1.         0.6638778  0.010723189450800419
20 0.00108126 0.72870827 0.06250785 0.8211116  0.01057838462293148
21 0.27855057 0.29407194 0.5993925  0.7336712  0.010570408776402473
28 0.         0.14302334 0.65406334 0.4057039  0.010552475228905678
24 0.08097931 0.3705935  0.6397965  0.8719964  0.010543485172092915
28 0.         0.01083511 0.23248956 0.19007064 0.01051053125411272
19 0.01770792 0.2884159  0.19833738 0.8150813  0.01049535907804966
6 0.00606801 0.6616717  0.08519812 0.95877975 0.01046113669872284
14 0.05507638 0.8934352  0.20509702 1.         0.010443314909934998
33 0.         0.39879233 0.27671117 0.7335312  0.010425424203276634
1 0.21248549 0.         0.54835916 0.3120202  0.010424759238958359
35 0.         0.         1.         0.36388353 0.010410446673631668
14 0.         0.06447983 0.31338724 0.5695065  0.010396434925496578
38 0.00928354 0.38261706 0.16641979 0.8846415  0.010372507385909557
24 0.015498   0.06632772 0.44274008 0.36751333 0.01036938838660717
20 0.00167784 0.7401914  0.08447464 0.8081015  0.010343608446419239
7 0.2636179  0.2742584  0.6740999  0.66710585 0.010272611863911152
20 0.07469129 0.18780386 0.30884185 0.38148943 0.010222840122878551
22 4.6397687e-04 7.3811072e-01 3.9527368e-02 9.1387695e-01 0.010219614021480083
1 0.03030267 0.3870634  0.260692   0.78442895 0.010163113474845886
19 0.00567465 0.         0.2658186  0.5968697  0.010133360512554646
24 0.         0.02119158 0.41982296 0.14827067 0.010128602385520935
24 0.02642464 0.02467738 0.5689955  0.12843762 0.010017764754593372
20 0.00971167 0.65598726 0.12120186 0.8385414  0.009838632307946682
24 0.01236364 0.4385935  0.32649887 0.91555053 0.009818363934755325
41 0.23587614 0.2527967  0.67309034 0.6861863  0.009779442101716995
22 0.00421968 0.66942596 0.10884461 0.90770113 0.009676465764641762
24 0.02115583 0.37691042 0.2092817  0.7242323  0.009656843729317188
10 0.04570287 0.3719721  0.9163241  0.7983973  0.009655160829424858
32 0.31792182 0.25538754 0.7216648  0.7364831  0.009649221785366535
1 0.        0.        0.5354469 0.7843475 0.00962034985423088
35 0.0056146  0.04762478 0.63724095 0.39841604 0.009618553332984447
35 0.02213836 0.32849425 0.22987598 0.79892457 0.009614601731300354
33 0.         0.42343146 0.38559872 0.6578734  0.009536716155707836
40 0.         0.0321669  0.28374186 0.50178474 0.009470246732234955
24 0.28345042 0.05560258 0.5644405  0.27972662 0.00944695994257927
28 0.00819655 0.67003554 0.15462172 0.81649464 0.009442059323191643
