18 0.85809255 0.9075695  1.         1.         0.10962865501642227
18 0.8591559  0.68435013 1.         1.         0.08600617200136185
1 0.52232385 0.3880556  1.         0.7030562  0.08371233195066452
1 0.5643013  0.08110446 1.         0.9135775  0.07953334599733353
2 0.89209586 0.3969082  0.9861228  0.6812322  0.06738995760679245
18 0.88640636 0.8713302  1.         1.         0.06561242043972015
18 0.89688694 0.4767479  1.         0.7473426  0.06470593065023422
18 0.8949758 0.6333274 1.        0.8997612 0.0631919726729393
18 0.89315766 0.7331418  0.9990138  1.         0.05750935152173042
2 0.8167942  0.27106264 0.98906547 0.81175256 0.0571155846118927
1 0.61477804 0.3577565  0.9793137  0.9752818  0.05655422806739807
41 0.35255963 0.6946153  1.         1.         0.056044332683086395
24 0.8700461  0.4015964  0.99432164 0.59930474 0.055873773992061615
24 0.8716861  0.45607567 0.99429435 0.65248585 0.052460309118032455
41 0.5968786  0.20131162 0.97285557 0.98943913 0.05167083069682121
41 0.5703015  0.38992026 0.98999614 0.7230574  0.050692055374383926
1 0.57043856 0.16865179 1.         0.6233044  0.050331685692071915
24 0.7635291  0.36392862 0.9961166  0.74544203 0.048407189548015594
2 0.8189021  0.45804226 0.978176   0.98419905 0.047177720814943314
10 0.8355182  0.90536773 1.         0.9992537  0.047136273235082626
2 0.8981271  0.2984581  0.99350363 0.58117175 0.04698861390352249
18 0.81090117 0.7575502  1.         1.         0.04681864008307457
24 0.870559   0.35028714 0.99510694 0.5447732  0.044565439224243164
18 0.9288285  0.92054087 1.         1.         0.04411819204688072
1 0.5255386  0.68121123 1.         1.         0.04234875738620758
41 0.3121431  0.41864842 1.         1.         0.04158594831824303
41 0.29018137 0.21743    1.         0.83650446 0.039797503501176834
10 0.         0.36208177 0.39341426 0.91378504 0.03915123641490936
41 0.41108194 0.33277228 1.         0.6901594  0.03898182511329651
18 0.24030754 0.3237158  1.         0.97660404 0.03769279643893242
18 0.89296937 0.38657817 1.         0.63987905 0.03744654729962349
34 0.53830826 0.04734268 0.97028995 0.71222574 0.03735379874706268
24 0.87011456 0.50547    0.9960557  0.7080877  0.03628356754779816
24 0.8703476 0.2966034 0.9960432 0.4898354 0.033914513885974884
41 0.59106064 0.69178796 0.96504354 1.         0.0337272509932518
2 0.8993684  0.18693592 1.         0.46730408 0.03368695452809334
18 0.29151773 0.567619   1.         1.         0.03353726118803024
18 0.24650037 0.         0.95244986 0.8153735  0.03278616815805435
41 0.53928477 0.50641555 1.         0.792421   0.03243521973490715
18 0.89520246 0.21677002 0.99949855 0.44998586 0.032373543828725815
34 0.5547671  0.42283514 0.9873209  0.9368667  0.0320880301296711
24 0.8713892  0.24260643 0.99843466 0.43867218 0.03167123720049858
1 0.5210839  0.46968198 1.         0.91995996 0.031215079128742218
18 0.8963436  0.27923614 0.99960166 0.51218474 0.031122874468564987
10 0.92904615 0.00245204 0.9987951  0.05972225 0.029546253383159637
41 0.43089122 0.77509683 1.         1.         0.02887685038149357
2 0.795095   0.74442995 0.9751398  1.         0.028311124071478844
1 0.65328944 0.2895925  0.97516596 0.6958703  0.028309548273682594
24 0.77484715 0.7980966  0.9910429  0.9760059  0.02803030051290989
41 0.5544459  0.31463867 0.9908093  0.63119465 0.027781423181295395
24 0.8399597  0.92163557 0.99026775 0.9866052  0.02727111615240574
41 0.06038391 0.29766703 1.         1.         0.027239976450800896
1 0.61796135 0.         0.9762622  0.6697702  0.026739830151200294
2 0.893689   0.50489175 0.9893299  0.7632301  0.0264244694262743
21 0.83770233 0.890891   0.98629266 0.9827636  0.02595362812280655
10 0.8408355 0.6874103 1.        1.        0.025771480053663254
41 0.566427   0.49882382 0.9473114  0.9438593  0.025609418749809265
18 0.8941796  0.15553945 1.         0.3960368  0.025514496490359306
1 0.5838907  0.90826625 0.9104399  0.9953756  0.025437820702791214
34 0.49964923 0.19002888 0.94955    0.58753276 0.025234835222363472
24 0.8297114  0.73885477 0.9891321  0.9710005  0.024960771203041077
1 0.         0.         0.29528257 0.8147675  0.02492588758468628
40 0.73240757 0.71850264 1.         1.         0.024568043649196625
24 0.9075807  0.01536582 0.99855196 0.16410746 0.024105152115225792
24 0.8717554  0.18887973 1.         0.3925063  0.02392418123781681
34 0.60018253 0.37512362 0.99227417 0.6719527  0.023611590266227722
18 0.05976183 0.2486835  0.35077795 0.9372396  0.02306467853486538
1 0.4547402 0.84089   1.        1.        0.022617246955633163
10 0.00579208 0.30058947 0.88663554 0.9557601  0.022096820175647736
24 0.9295139  0.00626701 0.999486   0.06001482 0.021594658493995667
2 0.25254053 0.01608688 0.9845624  0.3500801  0.02153576724231243
41 0.92878664 0.9504862  1.         1.         0.021255552768707275
24 0.6642063 0.402933  1.        0.7067532 0.02088947594165802
22 0.86598694 0.         1.         0.10126936 0.020814262330532074
34 0.8681004  0.36805376 0.97961694 0.58273613 0.0207827128469944
2 0.84229493 0.6599576  0.97948384 0.9950802  0.020587334409356117
41 0.5530364 0.8382106 1.        1.        0.020538827404379845
34 0.86455375 0.42054504 0.97836906 0.6365978  0.020460722967982292
10 0.7880403 0.7691485 1.        1.        0.020340098068118095
34 0.63229084 0.47609803 0.9949362  0.76954347 0.020055463537573814
24 0.7601516 0.5755001 0.9866718 0.9507197 0.02003839612007141
41 0.89180005 0.91001374 1.         1.         0.019735343754291534
40 0.7973695  0.89376885 1.         1.         0.019725216552615166
7 0.         0.01758542 0.93473023 0.6099738  0.019462894648313522
18 0.20664096 0.45616877 0.9401346  1.         0.01943335495889187
34 0.7603503  0.3021893  0.97339654 0.6817623  0.019305845722556114
41 0.37141487 0.20071273 1.         0.57583576 0.01930406130850315
1 0.        0.        0.3450024 0.5156427 0.019247060641646385
24 0.83780605 0.00699981 1.         0.08359765 0.01917409710586071
21 0.8391496  0.6326352  0.98277324 0.96406764 0.019166812300682068
1 0.65540695 0.3998927  0.9671645  0.8012096  0.01879744417965412
21 0.04421644 0.15357153 0.36600143 0.82222766 0.01864197850227356
24 0.8771594  0.01473454 0.9986176  0.11859492 0.0184297077357769
34 0.8754812  0.31414348 0.9820982  0.5307181  0.018004532903432846
24 0.8256985  0.10825959 1.         0.5926359  0.017781227827072144
34 0.8638489 0.4751974 0.9773688 0.698905  0.01772439293563366
1 0.76239413 0.2264957  0.9888895  0.74505323 0.01758785918354988
24 0.8744691  0.6166073  0.99487054 0.80357367 0.01754409819841385
6 0.86477906 0.00507147 0.9938501  0.11215515 0.01733989082276821
41 0.3177367  0.04332235 1.         0.65154225 0.01725451461970806
24 0.8755919  0.6732664  0.994138   0.85293806 0.017025265842676163
18 0.91481537 0.         1.         0.15994263 0.017022263258695602
34 0.755276   0.7678464  0.96430403 0.98200613 0.016788726672530174
34 0.52811736 0.00367147 0.9548499  0.20865686 0.016749486327171326
6 0.8949648  0.00530019 0.99411035 0.15344857 0.016748012974858284
24 0.6711403 0.5124493 1.        0.8035992 0.01649106852710247
24 0.8721997  0.07787851 1.         0.29607764 0.016448935493826866
34 0.8120399 0.9087677 0.9718566 0.9985763 0.01639409177005291
1 0.8814719  0.39105177 0.990241   0.6694464  0.016341913491487503
24 0.50279266 0.38368222 1.         0.93351483 0.01626494899392128
41 0.17278336 0.59160036 1.         1.         0.01623813807964325
25 0.7831777 0.9212511 0.9958365 0.9954233 0.016168838366866112
10 0.9098313  0.00804569 1.         0.16468437 0.016164422035217285
10 0.0756692  0.47101817 0.9961975  0.9152017  0.016104767099022865
41 0.47798464 0.6404121  1.         0.99254847 0.016054905951023102
1 0.63093656 0.7381771  0.9618874  1.         0.0159612987190485
25 0.89921194 0.02346711 1.         0.13296609 0.01592772826552391
10 0.01552358 0.68295676 0.8460208  1.         0.01591171696782112
1 0.27742603 0.21917468 1.         0.7682443  0.015889659523963928
1 0.00225252 0.7464277  0.19542316 1.         0.015725675970315933
10 0.88089925 0.00619735 1.         0.12197355 0.015716271474957466
2 0.1602444  0.05669212 0.8638908  0.74617106 0.015543192625045776
41 0.07045451 0.6858048  0.9191199  1.         0.015506427735090256
40 0.80483246 0.62566084 1.         1.         0.01539563573896885
14 0.8946697  0.         0.98997635 0.11862989 0.015322075225412846
41 0.56041574 0.60983276 1.         0.9107895  0.01528714969754219
10 0.         0.77867895 0.4227286  0.9818541  0.015275068581104279
10 0.869568   0.81387115 1.         1.         0.015214384533464909
22 0.86414695 0.02278211 1.         0.27439812 0.015146822668612003
24 0.87766767 0.8960295  0.9944155  0.98804975 0.015003586187958717
34 0.8790733  0.26028326 0.986802   0.4721133  0.014965569600462914
1 0.         0.26257613 0.28048542 0.9929997  0.014953539706766605
22 0.81689864 0.         1.         0.3059726  0.014949885196983814
18 0.81283605 0.48369905 1.         1.         0.014687137678265572
2 0.896342   0.07239955 1.         0.35910344 0.01465897262096405
41 0.91954887 0.4261946  1.         0.68939894 0.014628627337515354
34 0.81660736 0.6888735  0.9714609  0.9849007  0.014450705610215664
14 0.9370723  0.         0.99066705 0.06072143 0.01444757916033268
7 0.         0.4608445  0.7406324  0.95742923 0.014432915486395359
24 0.55268973 0.20074509 1.         0.663758   0.014226785860955715
24 0.87687075 0.7273455  0.99336857 0.9062772  0.014206334948539734
21 0.7859531  0.71676075 0.9957573  0.9820719  0.014201882295310497
25 0.9226323  0.00743798 1.         0.04545289 0.014196152798831463
7 0.         0.2577558  0.86944246 0.9599701  0.014188307337462902
18 0.52135855 0.78583336 1.         1.         0.01411524135619402
10 0.839786   0.         1.         0.08430996 0.01405669841915369
34 0.88046134 0.20588146 0.98954785 0.41210726 0.014055116102099419
1 0.01403243 0.         0.26361817 0.19189359 0.013827136717736721
24 0.9125626  0.00336523 0.9988032  0.04244466 0.013746624812483788
40 0.7503757  0.42812145 1.         1.         0.013536504469811916
41 0.9236352  0.22404699 1.         0.46264243 0.013460072688758373
22 0.8216711  0.         1.         0.07106695 0.013432894833385944
1 0.39505392 0.31666118 1.         0.6714581  0.013419602997601032
18 0.8906363  0.04556049 1.         0.28694525 0.01341627724468708
34 0.7648679  0.51650995 0.9628405  0.9088221  0.0131699088960886
24 0.82997173 0.03657747 1.         0.33070597 0.013149929232895374
22 0.8609826  0.11936198 1.         0.37896892 0.013131157495081425
33 0.9288899  0.00421709 0.99788076 0.05540685 0.013058195821940899
21 0.8705885  0.8025987  0.98302805 0.9660781  0.01297480147331953
2 0.86358696 0.         1.         0.6780329  0.01296958513557911
14 0.9200848  0.         0.99165845 0.15712337 0.012913455255329609
41 0.05299616 0.76060003 0.24357262 0.9880527  0.01283218152821064
18 0.20530236 0.         0.96471244 0.39520305 0.012764262035489082
18 0.9357154  0.00225732 1.         0.05674712 0.01276232860982418
21 0.86908233 0.8615712  0.9841111  0.97468233 0.01274347398430109
20 0.8903158  0.02030605 1.         0.10860296 0.012637143023312092
2 0.19681504 0.00837853 0.77285886 0.5543361  0.012554258108139038
24 0.569745   0.09022563 1.         0.8499859  0.012517339549958706
1 0.8866562 0.2903846 0.9906636 0.5636924 0.012516791000962257
41 0.92271525 0.17003275 1.         0.40202078 0.012410313822329044
41 0.8969633  0.70990115 1.         1.         0.012299253605306149
41 0.8349456  0.34411424 0.9990081  0.8165459  0.012296427972614765
20 0.9143731 0.0218491 1.        0.1526864 0.012290007434785366
1 0.8910177  0.18930715 1.         0.44669938 0.012192410416901112
1 0.84925914 0.9082523  1.         1.         0.012174312956631184
24 0.6748317  0.65076965 1.         0.9283997  0.012077116407454014
25 0.89181376 0.95329857 0.98804647 0.9977155  0.012006578966975212
1 0.14890966 0.30397332 1.         0.9141218  0.01196097768843174
21 0.         0.15375084 0.7900281  0.8154999  0.011953639797866344
24 0.87552106 0.77977437 0.99447733 0.9627098  0.011952487751841545
18 0.53404045 0.6532471  1.         1.         0.011791136115789413
27 0.9123185  0.00691966 0.9968588  0.14717603 0.01178092323243618
4 0.00514954 0.22820497 1.         1.         0.011764606460928917
2 0.8369695  0.8997443  0.9722766  0.99312055 0.011710372753441334
1 0.         0.8194102  0.27425587 1.         0.01170842070132494
1 0.08001964 0.68263817 1.         0.9989313  0.011680635623633862
34 0.45829296 0.66987187 0.8936881  0.98056746 0.011630559340119362
25 0.8699041  0.01970193 0.99983877 0.09830178 0.011508027091622353
24 0.         0.03652366 0.2976554  0.12901066 0.011460126377642155
2 0.8869271  0.60376394 0.98669803 0.8557687  0.011394195258617401
18 0.06203957 0.         0.44690177 0.9092401  0.011340398341417313
34 0.8807276  0.15175661 0.99151003 0.35375032 0.011278784833848476
40 0.7587356  0.28597826 1.         0.857687   0.011264374479651451
2 0.6856835  0.34564552 0.99720705 1.         0.011245873756706715
6 8.2729197e-01 1.6750654e-04 9.9789989e-01 7.9771020e-02 0.011186240240931511
18 0.81210506 0.32698506 1.         0.85643506 0.011165249161422253
24 0.63703877 0.2763583  1.         0.99415386 0.011143805459141731
1 0.         0.02491821 1.         0.6890642  0.0110206613317132
25 0.8480503  0.26439506 1.         0.43139914 0.011005154810845852
25 0.851836   0.21147452 1.         0.37569612 0.010956638492643833
34 0.41751635 0.31968766 0.9553288  0.59055763 0.010950770229101181
25 0.8435367  0.8925028  0.99276817 0.9897977  0.010799337178468704
41 0.9228475  0.32070145 1.         0.5874987  0.010770137421786785
34 0.9118439  0.00463099 0.98809123 0.05575736 0.010764185339212418
18 0.09159244 0.30156547 0.46053723 0.9705229  0.010720958933234215
6 0.8257365  0.00864666 0.99218917 0.29175654 0.010708064772188663
1 0.49904582 0.         1.         0.6472934  0.010683783330023289
41 0.85889417 0.5579724  1.         1.         0.010681552812457085
25 0.83071727 0.00824287 1.         0.06785436 0.010627003386616707
14 0.85686696 0.         0.9874916  0.08575767 0.010623862035572529
10 0.32110164 0.82457215 1.         0.9821739  0.010495399124920368
34 0.3163834  0.83739674 0.9080852  0.98343843 0.010471545159816742
20 0.8553112  0.01375291 1.         0.07512776 0.010423455387353897
24 0.75771713 0.21496491 1.         0.63045293 0.010416259989142418
18 0.3719893 0.097046  1.        1.        0.010390951298177242
16 0.91186696 0.02335131 0.99090487 0.1561382  0.010353399440646172
1 0.66219324 0.5568901  0.96015483 0.94270843 0.010300553403794765
25 0.8659135  0.0334396  1.         0.15149523 0.010266938246786594
22 0.9153602  0.         1.         0.04698144 0.01026360597461462
21 0.88708967 0.43226203 0.98484194 0.6914634  0.010260318405926228
10 0.34073427 0.721312   1.         0.9797059  0.010245567187666893
24 0.90589684 0.955228   0.99783224 0.9935477  0.010240538977086544
41 0.9179703  0.11507466 1.         0.34815612 0.010232777334749699
34 0.64177173 0.66612065 0.96797466 0.9615017  0.01019323244690895
20 0.88901246 0.07890963 1.         0.27859384 0.010076108388602734
41 0.91775334 0.52925915 1.         0.7958297  0.010026276111602783
24 0.49758592 0.79642624 0.9862901  0.9912608  0.010018175467848778
27 0.8854171  0.0092235  0.9923356  0.11148032 0.01000482402741909
24 0.0097339  0.86131257 0.24031205 0.95201755 0.010000952519476414
41 0.6255293  0.92025375 0.892793   1.         0.009889258071780205
34 0.5037665  0.0054701  0.95783997 0.4035738  0.009858169592916965
25 0.8568161  0.15959272 1.         0.32037437 0.009836070239543915
24 0.6635897  0.92082846 0.9822199  0.9981397  0.009809882380068302
25 0.84091425 0.46306327 1.         0.63054883 0.009804458357393742
1 0.59437025 0.         1.         0.3984876  0.009736945852637291
2 0.91565746 0.         1.         0.1613439  0.009695678018033504
41 0.75430727 0.5192488  0.99731284 0.8207235  0.009666542522609234
41 0.9291156  0.         0.99918824 0.16723788 0.009568546898663044
40 0.8651143  0.45017081 1.         0.7769335  0.009547984227538109
10 0.8933308 0.9428037 1.        0.9917516 0.00953166838735342
24 0.669746   0.851442   1.         0.99094534 0.00945820938795805
34 0.8963467  0.00615953 0.9905912  0.14354478 0.009422922506928444
21 0.07628558 0.39523673 0.8902824  0.8504296  0.00936501007527113
25 0.84224504 0.51953554 1.         0.6851635  0.0092952074483037
21 0.88061607 0.588117   0.98267156 0.84020245 0.009278657846152782
25 0.84373295 0.41600448 1.         0.5823184  0.009238594211637974
10 0.         0.693071   0.22004555 0.97996104 0.00922979973256588
34 0.4906364  0.90973765 0.8644214  0.99130607 0.009226201102137566
10 0.8762696  0.72554725 1.         0.98739    0.009113808162510395
18 0.20790578 0.04044133 0.8267881  0.97880596 0.009110020473599434
25 0.8156894  0.06647807 1.         0.29124033 0.009107985533773899
41 0.9171364 0.6412778 1.        0.9009301 0.009071297943592072
41 0.86855215 0.7902729  1.         1.         0.00905614998191595
1 0.84089553 0.6728045  0.9931312  1.         0.009000425226986408
10 0.89177674 0.488118   1.         0.7439147  0.008959759026765823
24 0.43456563 0.48191184 1.         0.7411659  0.008898179978132248
25 0.45626083 0.10190166 1.         0.76093477 0.008884011767804623
10 0.21843779 0.154351   0.9620564  0.8637371  0.008881626650691032
25 0.8610864  0.10401995 1.         0.26265725 0.008871275931596756
25 0.40657058 0.3523451  1.         0.82119155 0.008863513357937336
24 0.48388255 0.60739094 1.         0.97118056 0.008849448524415493
1 0.09950308 0.56409496 1.         0.95213413 0.008837522938847542
34 0.6298338  0.81993425 0.9639423  0.98938155 0.008822736330330372
5 0.8748274  0.16832675 1.         0.42387983 0.008759302087128162
6 0.8639068  0.06690294 0.99182165 0.26507184 0.008746934123337269
34 0.4056735 0.4486347 0.9717258 0.7001664 0.00874239206314087
1 0.34769285 0.43110153 1.         0.7754093  0.008740462362766266
9 0.75765884 0.3127129  0.9753643  0.7457556  0.008704143576323986
10 0.88182944 0.62312967 1.         0.8835262  0.008682245388627052
25 0.68772477 0.79911524 0.991921   0.9950871  0.008680883795022964
24 0.01638786 0.81189454 0.23614688 0.94372237 0.008627505041658878
34 0.4714092  0.47276592 0.9185025  0.85193807 0.008610955439507961
34 0.3236307  0.01170392 0.940627   0.1799018  0.008602501824498177
1 0.87782943 0.8705094  0.99588096 1.         0.008576234802603722
25 0.69356394 0.32262155 1.         0.7155633  0.008574520237743855
2 0.7570245 0.8204616 0.9000932 1.        0.008555629290640354
1 0.88190544 0.49868068 0.9846742  0.784423   0.008547293953597546
14 0.9216251  0.         0.9866556  0.04462975 0.008524914272129536
2 0.5979257  0.2902131  0.94615835 0.9222633  0.008518987335264683
27 0.8518047  0.00377564 0.987948   0.0795752  0.00851703342050314
2 0.74384385 0.4252756  0.9982179  0.85755527 0.008499105460941792
5 0.91052604 0.         1.         0.15893283 0.00848141498863697
20 0.89020705 0.13597533 1.         0.33652252 0.00842050090432167
4 0.05504349 0.05244774 1.         0.6435057  0.008378079161047935
25 0.35541695 0.7743735  1.         0.96976167 0.008358716033399105
24 0.02344958 0.49188137 0.26227003 0.84582585 0.008358597755432129
27 0.93289226 0.00581627 0.9937492  0.04993373 0.008337896317243576
25 0.8457042  0.31574285 1.         0.48431754 0.008317442610859871
1 0.669248  0.815689  0.9733816 1.        0.008313427679240704
34 0.301115   0.39410895 0.95579255 0.6624578  0.008307944051921368
1 0.90885156 0.94691867 0.997333   1.         0.008307146839797497
24 0.7398801  0.8586922  0.90396535 0.9923147  0.008291893638670444
41 0.6094702  0.05440911 0.96015424 0.643938   0.008257958106696606
1 0.7903067  0.76319134 0.98906994 1.         0.00823372695595026
1 0.6747055  0.8563952  0.89452213 0.9961932  0.008227314800024033
41 0.37490666 0.01472097 1.         0.38913712 0.008225317113101482
34 0.5968551  0.26979354 0.98723423 0.57327056 0.008175809867680073
25 0.7642274 0.7472056 1.        0.9778276 0.00813085027039051
34 0.39044875 0.25090533 0.97096664 0.8530171  0.008078477345407009
34 0.8807713  0.0986596  0.99214035 0.30030936 0.00804808083921671
