38 0.5527406  0.48872826 1.         0.9835883  0.25762975215911865
38 0.24487667 0.53694767 1.         0.97157025 0.09486455470323563
38 0.22690135 0.66956097 0.5262276  0.9857069  0.07880427688360214
38 0.15566203 0.3677484  0.9883759  0.9395203  0.07633095234632492
24 0.2886105  0.01067209 0.88913375 0.15055066 0.07553897053003311
24 0.34611353 0.01097115 0.771994   0.20321468 0.074832022190094
24 0.21226136 0.01044668 0.63959676 0.20389898 0.07435545325279236
6 0.23121944 0.63095325 0.5415713  1.         0.07252177596092224
24 0.10393878 0.0090681  0.70592356 0.14984123 0.07176072895526886
19 0.         0.1892571  0.41598493 1.         0.06795912981033325
27 0.5865741  0.60361516 0.9200117  1.         0.06782623380422592
24 0.24001354 0.02734145 0.95519185 0.28190294 0.06558181345462799
24 0.50371337 0.01409899 0.9271047  0.20463479 0.06010390818119049
24 0.         0.1575235  0.28897315 0.43231675 0.057192135602235794
24 0.         0.27717113 0.14296453 0.41618323 0.05487103387713432
24 0.0527389  0.01003232 0.48143578 0.20264614 0.054725244641304016
24 0.         0.2242307  0.1430468  0.36272752 0.054188620299100876
24 0.         0.32996175 0.14310059 0.46976075 0.0537431538105011
24 0.02724536 0.02324602 0.5851761  0.32732943 0.05066651105880737
24 0.         0.08006053 0.29099977 0.35126466 0.05061241239309311
38 0.03711352 0.2825637  0.49292827 0.9355647  0.04866484925150871
24 0.68504655 0.01161    0.9944957  0.1486096  0.04846813157200813
24 0.         0.38252276 0.14360408 0.523066   0.046347614377737045
24 0.12645419 0.02832223 0.92861104 0.40826946 0.045721426606178284
24 0.         0.01791255 0.29695436 0.27598694 0.04467228055000305
28 0.20148169 0.00770985 0.66262966 0.20939825 0.04453134536743164
24 0.8338597  0.00556915 0.9987506  0.07465845 0.04437553882598877
28 0.         0.43840322 1.         0.8736621  0.04399508610367775
24 0.         0.01121796 0.3022093  0.14817715 0.04364769160747528
24 0.6819291  0.02249757 0.98864484 0.305176   0.04345131292939186
24 0.00158544 0.04577873 0.21332741 0.43592185 0.042964350432157516
24 0.         0.00714959 0.15225312 0.07269689 0.0429178811609745
28 0.09558291 0.00867122 0.73085725 0.15352753 0.042734239250421524
24 0.76920056 0.01346943 0.9951206  0.20769915 0.04248775541782379
22 0.00161352 0.31765416 0.14798275 0.4698379  0.042238060384988785
24 0.         0.02907862 0.14825101 0.2889118  0.04220233112573624
38 0.5557872  0.65572834 0.9021088  1.         0.04195261746644974
19 0.         0.5392555  0.39440507 1.         0.041830748319625854
28 0.33144426 0.00834432 0.79720706 0.20933367 0.0417841337621212
28 0.00300414 0.0028875  0.08041888 0.14634186 0.04177141562104225
28 0.         0.21641861 0.15762472 0.37210694 0.041324324905872345
28 0.21709514 0.01136635 1.         0.2951081  0.041109804064035416
28 0.2766988  0.00931307 0.91930383 0.15377131 0.041103024035692215
22 0.00220077 0.2644887  0.14719236 0.41658154 0.04104853793978691
24 0.         0.23415609 0.28701326 0.5123689  0.0404781810939312
28 0.00428386 0.00482602 0.11362122 0.10447507 0.04046734794974327
24 0.8295593  0.01678522 0.99489665 0.29351422 0.040406543761491776
28 0.00078363 0.01232311 0.15988745 0.30025864 0.03943442180752754
24 0.68191147 0.10164461 0.9785881  0.3802182  0.038990579545497894
24 0.         0.01516511 0.21541286 0.20602691 0.038669511675834656
28 0.         0.2696765  0.15724814 0.42584342 0.038524869829416275
22 0.00262448 0.21055032 0.14615037 0.36272508 0.038223747164011
22 0.00098574 0.37035108 0.14789142 0.52173483 0.03780290484428406
38 0.19097562 0.00192529 0.66688824 0.20650563 0.037370774894952774
24 0.56580937 0.02633361 0.97659266 0.4051324  0.037070538848638535
38 0.06925499 0.00356155 0.7388039  0.15157951 0.03676038607954979
28 0.00693829 0.00705115 0.15562648 0.07217627 0.036496009677648544
28 0.         0.32344833 0.15705203 0.4790953  0.036322593688964844
19 0.         0.25536686 0.28412598 1.         0.03606879338622093
28 0.         0.14780653 0.31639323 0.44831136 0.03582441434264183
28 0.         0.01116531 0.3123864  0.28441045 0.03569449484348297
24 0.         0.01242612 0.10809144 0.10521793 0.035578105598688126
38 0.251022   0.00326711 0.9320821  0.15192229 0.035523395985364914
28 0.0062571  0.00875313 0.31130782 0.14905253 0.03538994863629341
28 0.         0.06697099 0.3171345  0.36824846 0.03481480851769447
28 0.49258322 0.00694513 0.956778   0.20865107 0.034814003854990005
22 0.         0.         0.07384992 0.14459567 0.03442353010177612
38 0.32206446 0.00164135 0.80271137 0.20627968 0.034211087971925735
22 0.         0.         0.14456508 0.06962937 0.03407427668571472
22 0.         0.         0.10404161 0.10328944 0.03404504433274269
28 0.00420429 0.00932451 0.2239834  0.20929553 0.03383604437112808
38 0.48743695 0.665265   0.8152044  0.9980385  0.03340117633342743
28 0.04468613 0.00754015 0.4994773  0.20974652 0.03333401307463646
28 0.0030895  0.0082682  0.49733847 0.42569736 0.03301381692290306
38 0.04010488 0.5051216  0.6519206  0.9496994  0.03288029134273529
28 3.7839895e-01 7.0503238e-04 1.0000000e+00 4.1626659e-01 0.032712336629629135
26 0.32084778 0.948656   0.47577247 0.9978247  0.03250309079885483
24 0.87648714 0.00907178 0.99743444 0.10628808 0.03240775316953659
28 0.         0.37734443 0.15675406 0.5317035  0.03227933868765831
24 0.         0.01818895 0.07414342 0.14539646 0.031947147101163864
27 0.11074336 0.53135306 0.7793254  1.         0.03179219365119934
28 6.7861646e-01 3.3002219e-04 1.0000000e+00 3.0985606e-01 0.03102286346256733
10 0.         0.68555653 0.16695008 0.999305   0.030971523374319077
28 0.69182515 0.00554843 1.         0.1475397  0.030788253992795944
28 0.00191102 0.02590797 0.23016846 0.45745048 0.03045983612537384
26 0.         0.9470502  0.12362012 0.99976665 0.03034418821334839
38 0.         0.00780174 0.11454116 0.10270712 0.030303457751870155
38 0.05544955 0.57093525 0.46862683 0.9616919  0.03026159107685089
22 0.00358592 0.         0.1477361  0.29229096 0.030213065445423126
25 0.         0.950612   0.07546257 1.         0.02990707941353321
27 0.03775487 0.21451406 0.43972987 1.         0.029779775068163872
27 0.5285079  0.7194274  0.8193611  0.98210144 0.029672734439373016
22 0.00244376 0.13806741 0.29606798 0.43206367 0.029519114643335342
38 0.         0.00619636 0.15729374 0.07286806 0.02944065071642399
10 0.         0.9456826  0.07907908 0.9999536  0.02896222285926342
27 0.02287689 0.24133454 0.288979   1.         0.02856183797121048
19 0.         0.         0.13376833 0.07884521 0.02848125621676445
28 0.8332716  0.00438686 1.         0.29180172 0.028135055676102638
38 0.03003065 0.00388427 0.5048952  0.2038319  0.028012344613671303
20 0.27077135 0.9479934  0.41345865 0.99815613 0.027998635545372963
28 0.6687009  0.06940667 1.         0.39184198 0.0279698446393013
19 0.06459389 0.47731262 0.5253815  1.         0.02794627845287323
38 0.         0.00752837 0.3145638  0.14462124 0.027897357940673828
32 0.3527763  0.94623893 0.51250273 0.9976324  0.02784791961312294
38 0.47679964 0.00229346 0.9662239  0.20633924 0.027791498228907585
28 0.77126616 0.00498873 1.         0.20640294 0.02777833119034767
38 0.20248805 0.01115046 1.         0.29057235 0.027710605412721634
26 0.         0.9472689  0.07190141 1.         0.027665777131915092
18 0.326615   0.94287175 0.47220704 1.         0.027627943083643913
26 0.02891057 0.94740176 0.17807667 0.99952966 0.027621909976005554
20 0.21498938 0.94712794 0.35974655 0.9974156  0.027445225045084953
25 0.         0.93537974 0.05335254 1.         0.02735322341322899
25 0.         0.9505903  0.12729123 0.99987054 0.027175864204764366
20 0.3269776  0.94869196 0.46832657 0.9989762  0.02715432085096836
10 0.         0.94602305 0.1361662  0.99935925 0.027083542197942734
26 0.268747  0.9486671 0.4205382 0.9971945 0.02694692462682724
17 0.35013437 0.94885176 0.49748048 0.9984424  0.026560761034488678
26 0.08456556 0.94754195 0.23179539 0.9995256  0.026420926675200462
38 0.01292163 0.0113685  0.63900584 0.32945547 0.026409108191728592
32 0.06609124 0.902007   0.15204214 0.99320304 0.026350868865847588
38 0.00079494 0.01992667 0.15933248 0.28033513 0.026144854724407196
38 0.         0.22097187 0.15952203 0.3608909  0.026000041514635086
22 0.2303863  0.         0.6298005  0.19398119 0.025732647627592087
10 0.         0.9294387  0.05612456 0.9999424  0.025729961693286896
22 0.0112297  0.00526451 0.21596365 0.44036043 0.025685923174023628
22 0.00373328 0.         0.20943484 0.20241855 0.025564581155776978
20 0.13533606 0.946968   0.28147626 0.9965025  0.025537455454468727
22 0.00445015 0.0576906  0.29212314 0.3531894  0.02547958679497242
32 3.9505007e-04 9.4581717e-01 1.3612467e-01 9.9769706e-01 0.02547501027584076
6 0.05448497 0.21302491 0.47845155 1.         0.025270069018006325
26 0.13925375 0.9480341  0.2836963  0.9989988  0.025264106690883636
26 0.21684733 0.9485056  0.3651623  0.9975866  0.025232069194316864
32 0.00129769 0.945593   0.07988991 0.9979072  0.025107799097895622
38 0.         0.00859421 0.22628862 0.1999105  0.025064297020435333
28 0.         0.2301532  0.31407243 0.5257853  0.025007214397192
38 0.         0.01092425 0.31531596 0.27024412 0.024935729801654816
38 0.        0.152957  0.3202259 0.432119  0.024930115789175034
32 0.05013485 0.92799735 0.16922072 0.99548024 0.024883588775992393
6 0.         0.9466851  0.07834096 1.         0.024870797991752625
27 0.15278113 0.41795856 0.95650065 0.99364954 0.02486257627606392
25 0.02661804 0.9517278  0.17781033 1.         0.02475198172032833
38 0.         0.00794076 0.08108182 0.13964517 0.02474375255405903
26 0.4002213 0.9482989 0.554378  0.9979756 0.02471785992383957
32 0.03003347 0.9450765  0.19318497 0.9970974  0.024543333798646927
38 0.         0.27442384 0.16037843 0.41395178 0.024311428889632225
26 0.05079869 0.9316642  0.1580193  0.99906987 0.02428719401359558
6 0.07145856 0.49464214 0.43365407 0.98869497 0.024261316284537315
17 0.4028959  0.94837016 0.5511578  0.9981578  0.0241447351872921
38 0.         0.07174335 0.3186957  0.3527662  0.02413831278681755
20 0.3485827  0.9336627  0.44963834 0.9978054  0.024103548377752304
25 0.40340233 0.95067984 0.5548568  1.         0.024075724184513092
27 0.01508117 0.31884763 0.13616277 0.47819576 0.024031946435570717
22 0.00117851 0.2179894  0.30126575 0.5084009  0.023998310789465904
20 0.32089335 0.93359745 0.42236266 0.99762595 0.023933446034789085
22 0.00482269 0.         0.29376888 0.27471635 0.02378075197339058
32 0.09278292 0.9023607  0.17733076 0.99401206 0.02376723848283291
28 0.84279203 0.00748765 0.9993142  0.07139085 0.023746885359287262
27 0.01509378 0.26527274 0.13575189 0.42552522 0.02371077425777912
22 0.12668966 0.         0.69115466 0.14102532 0.023698579519987106
25 0.35165378 0.9508183  0.49986094 1.         0.023630555719137192
26 0.02304224 0.9313143  0.13076209 0.99896306 0.023584378883242607
32 0.40480292 0.9465797  0.56446385 0.99742484 0.023560814559459686
19 0.         0.         0.09764066 0.11194565 0.023288017138838768
20 0.08357924 0.94758487 0.22955333 0.9970006  0.023245077580213547
25 0.07899891 0.95249045 0.22929572 1.         0.023233609274029732
26 0.07796079 0.9321112  0.18477379 0.9992922  0.023228459060192108
24 0.7669922  0.04156531 0.9890751  0.43594804 0.023200713098049164
10 0.01406942 0.9470321  0.1942502  0.9992717  0.023172782734036446
22 0.00319697 0.         0.2917594  0.14300385 0.023172670975327492
20 0.3754626  0.93351585 0.47732112 0.9976821  0.023148372769355774
24 0.00286806 0.9507173  0.07400687 1.         0.023074323311448097
27 0.01524656 0.21106572 0.13541794 0.37274355 0.023011578246951103
24 0.         0.0475115  0.14883184 0.5527862  0.022994723170995712
32 0.08238039 0.9442707  0.2472063  0.9965935  0.02294546738266945
22 0.3652042  0.         0.7631952  0.19246134 0.02293047308921814
18 0.4088319  0.94442946 0.5542622  1.         0.022907206788659096
38 0.00493228 0.03101644 0.23305194 0.4287021  0.022902533411979675
38 0.64815843 0.0011931  1.         0.14965215 0.02288796938955784
18 0.27151328 0.9421801  0.41748822 1.         0.022824594751000404
38 0.         0.32866123 0.161269   0.46761134 0.022744666785001755
6 0.        0.9461194 0.1324969 1.        0.022730566561222076
20 0.29247752 0.9331839  0.39539438 0.99698114 0.02242122031748295
22 0.03025617 0.         0.4674993  0.4053797  0.022341111674904823
31 0.00120245 0.9451682  0.0812415  0.99530286 0.022331254556775093
41 0.0982791  0.91277623 0.17556436 0.99718255 0.022329024970531464
41 0.35228068 0.9506591  0.50877273 1.         0.02225562371313572
26 0.36933917 0.93417007 0.47964916 0.99613905 0.022244736552238464
25 0.04869092 0.93689865 0.15647908 0.99999106 0.02223340794444084
26 0.         0.9319684  0.05017025 1.         0.022166503593325615
22 0.31399304 0.         0.8744329  0.14035818 0.022087663412094116
41 0.07295952 0.9132517  0.14883617 0.99852896 0.022023918107151985
25 0.         0.6991035  0.16220711 0.97337335 0.021953722462058067
27 0.02678345 0.13499933 0.2712468  0.4549387  0.021900475025177002
20 0.0329218  0.94790345 0.17682204 0.99766785 0.021835356950759888
27 0.01586046 0.3712     0.13632521 0.53173333 0.021813327446579933
25 0.13321355 0.9528824  0.28058776 1.         0.021790899336338043
41 0.00383273 0.9494862  0.13400908 0.9997554  0.02176699787378311
25 0.07444328 0.93791384 0.18326594 1.         0.021735383197665215
19 0.         0.7010484  0.26077586 1.         0.02166878618299961
26 0.         0.9095857  0.14588514 0.99899733 0.021621238440275192
30 0.40628433 0.94845635 0.5551095  0.9993224  0.021601906046271324
6 0.         0.93006307 0.0556259  0.9998159  0.02158353105187416
22 0.06575113 0.         0.47228944 0.19490252 0.0215752050280571
25 0.        0.9133711 0.1454916 1.        0.021493015810847282
20 0.26439798 0.93248254 0.36844674 0.99626225 0.021421004086732864
6 0.34414116 0.94555074 0.5008423  0.99736124 0.02139461040496826
6 0.08378039 0.43883973 0.5983085  1.         0.02132279984652996
41 0.4060621  0.95036227 0.56184906 1.         0.021315524354577065
1 0.09762816 0.9049115  0.16880271 0.99997157 0.021305518224835396
20 0.40203977 0.93328047 0.5051945  0.99774414 0.02129465714097023
10 0.        0.9072801 0.0395825 1.        0.021285085007548332
1 0.0843332  0.92931086 0.18297346 0.9994923  0.021266737952828407
7 0.18945338 0.35814527 1.         0.910991   0.021221738308668137
20 0.40715522 0.9483888  0.5538056  0.99911696 0.02121969498693943
24 0.00468833 0.9506817  0.12719022 1.         0.0211331807076931
1 0.09371708 0.94455343 0.22934672 0.999267   0.021104780957102776
1 0.4119403  0.94690645 0.55340546 1.         0.021048810333013535
14 0.4024728  0.9482412  0.55121344 0.99978316 0.021036509424448013
18 0.00380167 0.9449703  0.13061321 1.         0.021029697731137276
25 0.06599226 0.91364944 0.14199078 0.99995273 0.021027833223342896
18 0.37576404 0.9253698  0.4788584  1.         0.02101917378604412
20 0.23677257 0.93177515 0.34157598 0.99566305 0.02098461240530014
41 0.12471263 0.91217583 0.20251176 0.9955303  0.02095925435423851
28 0.0011563  0.02238085 0.1630187  0.58519775 0.02091406285762787
27 0.01558042 0.5677795  0.3805848  1.         0.02084316313266754
6 0.4010881 0.9459608 0.5557233 0.9978794 0.020822303369641304
1 0.04093701 0.9456299  0.1808214  1.         0.02080107480287552
24 0.00213378 0.93645793 0.05244874 0.9993156  0.020796408876776695
41 0.08195632 0.9353054  0.192105   0.9980326  0.020756294950842857
20 6.9805782e-04 9.4838667e-01 1.2574142e-01 9.9806011e-01 0.020684799179434776
38 0.7439292  0.00181225 1.         0.20893902 0.02065827138721943
10 0.06429898 0.94786143 0.24576569 0.99875194 0.020622270181775093
18 0.07264898 0.90304    0.14635518 1.         0.020576339215040207
20 0.07969671 0.93225384 0.18329836 0.9956997  0.020539021119475365
17 0.27189338 0.95007396 0.41619974 0.99815506 0.020532580092549324
38 0.08957861 0.00321898 1.         0.41661933 0.02053174376487732
10 0.06604263 0.9306479  0.19641627 0.99865836 0.020521163940429688
27 0.2483195  0.         0.6001759  0.21342357 0.02042890153825283
41 0.00222218 0.948612   0.07869646 0.99936557 0.020428434014320374
14 0.00100526 0.31948408 0.14642884 0.4821221  0.020418865606188774
25 0.         0.9138169  0.03739246 1.         0.02041422389447689
38 0.8144111 0.        1.        0.2979002 0.020331161096692085
6 0.07323788 0.9432426  0.24014919 0.99952865 0.02032008208334446
20 0.13034211 0.9311301  0.23695081 0.99457633 0.020319009199738503
1 0.00949895 0.9463688  0.12804805 1.         0.02030043862760067
26 0.06809767 0.9088019  0.14438523 0.998525   0.02029292844235897
32 0.03978102 0.90205    0.12630235 0.9930805  0.020290523767471313
1 0.05756319 0.92995006 0.15825194 1.         0.020286494866013527
31 0.0020655  0.94505453 0.13770632 0.9957939  0.02022620290517807
18 0.3485011  0.9247978  0.45168152 1.         0.02020285464823246
41 0.03543259 0.9501093  0.18878716 0.99922043 0.020164309069514275
20 0.10510023 0.9317576  0.2103167  0.9952297  0.020161617547273636
20 0.05412466 0.9323685  0.1557884  0.99626577 0.020120466127991676
27 0.15650314 0.         0.6455979  0.15586479 0.02010492980480194
18 0.08609571 0.94506574 0.23527627 1.         0.020064029842615128
20 3.4743309e-04 9.4814342e-01 7.4610963e-02 9.9856883e-01 0.020056722685694695
14 0.00149998 0.26583308 0.14665125 0.42879376 0.0200403593480587
32 5.2438420e-04 9.2876881e-01 5.6510519e-02 9.9699086e-01 0.02002560719847679
38 0.6540634  0.00219808 1.         0.3129645  0.02001076564192772
25 0.09184722 0.916219   0.1694772  0.99975944 0.019945858046412468
38 0.10916308 0.7306042  0.48669973 0.98449045 0.01994437351822853
1 0.12551408 0.9029073  0.1940472  0.9986188  0.019934041425585747
41 0.00713556 0.9138194  0.15795639 0.9977116  0.01992923952639103
7 0.02471461 0.24078792 0.5255994  0.9820372  0.01986139453947544
26 0.09447964 0.90984344 0.17084906 0.9987349  0.01985718496143818
32 0.27329978 0.9442127  0.4357586  0.9971123  0.019830385223031044
18 0.403313   0.9259663  0.50604177 1.         0.019813522696495056
20 0.15650702 0.93078077 0.26340848 0.99402416 0.019776588305830956
32 0.         0.9035591  0.16172941 0.9953279  0.01977057009935379
32 0.00450778 0.6786516  0.15356123 0.9844239  0.019762801006436348
10 0.         0.6911436  0.27802718 0.9939929  0.01973487064242363
20 0.2093975 0.9311553 0.3154045 0.9948956 0.01970437355339527
10 0.3914538 0.9478548 0.5595645 0.9982019 0.019695529714226723
31 0.00149404 0.92817515 0.05744625 0.9935729  0.019693998619914055
18 0.00151196 0.94553685 0.0762215  1.         0.01966509222984314
6 0.22031377 0.72017825 0.6240948  0.97583336 0.01963794231414795
26 0.10578772 0.9321454  0.21126589 0.9993626  0.0195884071290493
17 0.08152536 0.94846296 0.2339517  0.9975714  0.019551724195480347
18 0.05655093 0.928085   0.16126081 1.         0.019542144611477852
6 0.02203259 0.9447715  0.18780953 0.9990574  0.019497502595186234
18 0.03477772 0.9446522  0.18281165 1.         0.019495991989970207
38 0.32042715 0.26478186 1.         0.8960895  0.019490428268909454
38 0.81076    0.00376537 1.         0.07545948 0.0194498673081398
10 0.084972   0.90447724 0.18024209 0.9970428  0.019440900534391403
14 0.         0.9483763  0.07219167 0.9990487  0.019436977803707123
17 0.37145796 0.9340371  0.47736293 0.99810976 0.01943308860063553
25 0.12666126 0.93955386 0.23538381 1.         0.019400961697101593
41 0.04683432 0.9132271  0.12212057 0.9989841  0.01939854398369789
25 0.39889756 0.93565005 0.5050248  1.         0.019385088235139847
1 0.11165585 0.92805576 0.20799509 0.9988934  0.019354116171598434
14 0.34910715 0.9479699  0.4976878  0.9991285  0.019338926300406456
22 0.00492142 0.         0.15302023 0.564197   0.01931922882795334
25 0.18937205 0.9528185  0.33217618 1.         0.01930816099047661
1 0.07041112 0.904936   0.14364839 1.         0.01930077001452446
17 0.3978919  0.93370295 0.50406855 0.99787307 0.019250307232141495
24 0.09394928 0.49825156 0.82198995 0.8780244  0.019243184477090836
25 0.27294275 0.95195454 0.4155677  1.         0.019229741767048836
24 0.01233607 0.6944974  0.15052849 0.98478794 0.01920161023736
19 0.         0.6712489  0.15113597 1.         0.019168328493833542
27 0.01968003 0.         0.1348915  0.07432202 0.01916467770934105
