1 0.28783286 0.47351167 0.8075458  0.87651825 0.30765801668167114
1 0.2736635  0.19426475 1.         0.8072593  0.2244761437177658
29 0.4161668  0.22260407 0.91980135 0.7570105  0.19090116024017334
1 0.2064111  0.14249042 1.         0.6853645  0.16626021265983582
29 0.27421567 0.08125773 0.7513494  0.7140142  0.15064209699630737
1 0.34414205 0.40282652 0.75384057 0.96880984 0.14810723066329956
1 0.14889681 0.5093041  0.9938612  0.8811429  0.14520025253295898
31 0.44592148 0.22883601 1.         0.54420936 0.14109960198402405
10 0.0783772 0.7110707 0.888666  0.9829978 0.13307057321071625
1 0.16265185 0.36314556 0.8956517  0.7108851  0.12334567308425903
29 0.24468976 0.3217738  0.83172977 0.8240864  0.11716033518314362
30 0.38123733 0.21793    0.85158783 0.52516174 0.10114222764968872
29 0.2553423  0.11610889 0.8849216  0.5602267  0.09226524084806442
41 0.29183108 0.360412   0.8806742  0.6955424  0.09058106690645218
29 0.21175276 0.29290226 0.7325376  0.70821583 0.08800659328699112
1 0.14549103 0.         1.         0.7837123  0.08415789157152176
29 0.12176168 0.04546801 0.87562835 0.68150043 0.08261175453662872
1 0.2824908  0.59057057 0.73001164 0.9843597  0.0826108381152153
30 0.43874034 0.12119705 0.76574284 0.6269312  0.07725167274475098
33 0.3595426  0.05745458 0.8794493  0.55907136 0.07544665783643723
16 0.17133698 0.38707164 0.6842474  0.69967574 0.07408794015645981
30 0.17830631 0.06045909 0.7586631  0.65725666 0.07377694547176361
5 0.         0.1090653  1.         0.83394724 0.06843574345111847
24 0.9091497 0.3881651 0.9912725 0.4682784 0.06642899662256241
10 0.01676577 0.6107905  0.69822717 1.         0.06525038927793503
30 0.35700393 0.09907263 0.8980125  0.5568706  0.06505607813596725
24 0.9294252  0.37518692 0.99525666 0.48394772 0.06094774231314659
33 0.20007259 0.11183188 0.9663438  0.4891538  0.06066860631108284
24 0.9106122  0.3614643  0.9915823  0.44225618 0.059774868190288544
38 0.5079376  0.09120669 1.         0.5529943  0.059388261288404465
6 0.28946447 0.05195712 0.79251266 0.5217295  0.05629785358905792
24 0.93075603 0.3484145  0.9945874  0.4584727  0.05605190992355347
24 0.83901846 0.03374388 0.9892124  0.1816583  0.05555564537644386
10 0.03230238 0.42927378 0.5821857  0.9799057  0.053934428840875626
15 0.3276583  0.1487609  0.938884   0.48706508 0.05373089388012886
24 0.8347405  0.00776833 0.9951816  0.12991522 0.05168665945529938
1 0.47763786 0.         1.         0.6474464  0.05125020816922188
38 0.26434624 0.06162455 1.         0.52784294 0.04596690833568573
24 0.00262157 0.27497286 0.13436784 0.40959057 0.045479100197553635
24 0.9083658  0.41526067 0.99188226 0.49559128 0.0453784205019474
28 0.13366766 0.02185801 0.78002834 0.41856313 0.04484483227133751
38 0.3891611  0.12820673 0.90632063 0.51150525 0.04307527095079422
24 0.9285864  0.40211624 0.99616784 0.512516   0.042539793998003006
33 0.14634582 0.00417603 1.         0.62254536 0.042338836938142776
24 0.90989685 0.16830574 0.99345845 0.469823   0.042331624776124954
24 0.84171104 0.08717363 0.9891897  0.23480597 0.04207583889365196
31 0.37301287 0.11994243 1.         0.66767305 0.04185296222567558
40 0.         0.32562712 0.74959517 0.7616902  0.041700027883052826
24 0.93066376 0.18830022 0.9938952  0.29270524 0.04094647616147995
21 0.07532751 0.37471437 0.67838085 0.79587865 0.040727633982896805
5 0.07097384 0.         0.75603306 0.6662666  0.040690742433071136
1 0.28312233 0.70594555 0.8689657  1.         0.038426175713539124
16 0.25515342 0.20348614 0.86986506 0.56960595 0.03840479627251625
1 0.17434184 0.61042327 1.         0.96626526 0.0383961983025074
16 0.2728461  0.28954113 0.7863746  0.6611144  0.0372774675488472
10 0.12640074 0.8203857  0.8985241  0.9929591  0.03709103539586067
24 0.91169494 0.33517122 0.992686   0.41739428 0.03696729242801666
16 0.23656398 0.46194902 0.61834204 0.7692579  0.03662853688001633
24 0.93015057 0.21478817 0.99394614 0.3201176  0.03629116714000702
15 0.2522493  0.01940465 0.91327864 0.56568986 0.03603601083159447
24 0.9310547  0.16157031 0.99401104 0.26631418 0.03595003858208656
19 0.16000529 0.         0.80707276 0.6138882  0.03545990586280823
1 0.         0.         0.6118657  0.68091595 0.035444289445877075
6 0.13061452 0.         0.8351704  0.55356234 0.03521779179573059
24 0.83337075 0.00588744 0.99729365 0.07441071 0.034438587725162506
38 0.08291977 0.12747271 1.         0.5849801  0.03443266823887825
24 0.83855313 0.14114305 0.99198836 0.2870812  0.034335166215896606
29 0.43257296 0.07139931 0.785712   0.76610374 0.033900246024131775
29 0.43965688 0.18953913 0.95998496 0.56488055 0.032959502190351486
31 0.48481604 0.19012637 0.89744866 0.6349618  0.03295781835913658
21 0.02866913 0.62878895 0.72032934 0.9348042  0.0328243263065815
28 0.         0.07996507 0.27115154 0.4424428  0.03230282664299011
24 0.6799062  0.0102779  1.         0.15233992 0.03187529742717743
21 0.15810288 0.25551513 0.8391757  0.7251739  0.03181466460227966
19 0.35258132 0.02073069 0.8714024  0.527791   0.031812090426683426
41 0.16338651 0.42336342 0.7951044  0.7563081  0.031579695641994476
14 0.47891542 0.16283572 0.9040678  0.5189382  0.03148679807782173
38 0.49477682 0.21671616 1.         0.5008647  0.03109857626259327
38 0.26685354 0.0169447  1.         0.14824489 0.030762962996959686
24 0.7661957  0.0097175  0.9921401  0.21544872 0.030581260100007057
24 0.9114322  0.17495191 0.9919246  0.250603   0.030556391924619675
24 0.         0.04185953 0.13867515 0.2766718  0.030452746897935867
24 0.910916   0.20129578 0.9910482  0.27705726 0.03044648841023445
38 0.5047076  0.21913804 0.9387148  0.6206868  0.030397586524486542
16 0.3013096  0.26898038 0.8359252  0.47610465 0.0296663586050272
41 0.22358865 0.19216993 0.79644686 0.6481949  0.029236197471618652
10 0.04776568 0.32097378 0.7108046  0.8538194  0.02900509163737297
24 0.9080709  0.00522932 0.9957644  0.14618737 0.028861232101917267
24 0.87529624 0.00875994 0.9940086  0.10635056 0.028837446123361588
24 0.8757241  0.00696604 0.99544394 0.20968501 0.02862437255680561
38 0.40581378 0.10769777 1.         0.38142213 0.028516774997115135
27 0.3302791  0.10256884 1.         0.44641715 0.028184792026877403
24 0.9491911  0.00287882 0.9978561  0.08118802 0.028081519529223442
32 0.30008936 0.234422   0.88912195 0.5278333  0.027764800935983658
21 0.02632894 0.35525373 0.52047026 0.8894102  0.027355896309018135
24 0.93107426 0.13502401 0.9946676  0.23953272 0.027355210855603218
7 0.         0.26400036 0.88822603 0.784129   0.027198605239391327
27 0.41761568 0.04740652 1.         0.6266831  0.027155350893735886
4 0.        0.5656905 0.7861397 1.        0.02713804319500923
19 0.45011547 0.05187546 0.71532166 0.7173091  0.027078332379460335
14 0.30475792 0.1773888  0.95792687 0.542984   0.02694476768374443
24 0.72920185 0.03979095 0.98470545 0.46906957 0.02660391293466091
24 0.9320173  0.29469535 0.99457574 0.4080116  0.02644232101738453
10 0.         0.5186857  0.45990214 1.         0.02628031000494957
24 0.9115367  0.14814508 0.99297017 0.22430268 0.026229409500956535
24 0.910525   0.22774613 0.99036    0.30426347 0.026129791513085365
24 0.8783425  0.11465774 0.9919652  0.31187704 0.026110734790563583
38 0.23902202 0.04809631 1.         0.37852043 0.026013344526290894
24 0.8262766  0.02559387 0.9924756  0.29637134 0.0259158443659544
41 0.46013114 0.3401581  0.9011242  0.7698167  0.02587084285914898
24 0.93029886 0.24049048 0.9942214  0.3495905  0.025551047176122665
38 0.92323923 0.37039512 1.         0.47736198 0.025444891303777695
30 0.26214764 0.07502876 0.8483465  0.44270173 0.025408552959561348
28 0.04632192 0.02141459 0.87706333 0.2757639  0.024938641116023064
41 0.2871114  0.40324172 0.9163489  0.87876326 0.02493315376341343
24 0.91152364 0.2497523  0.99532944 0.5711831  0.02478170022368431
28 0.91045016 0.38651142 0.9990297  0.46218207 0.024629611521959305
19 0.28769425 0.06120545 0.7547503  0.5766564  0.024388236925005913
27 0.1364393  0.07157779 0.8342098  0.6323409  0.024187130853533745
24 0.9068488  0.00653205 0.99487185 0.3088496  0.024018490687012672
10 0.         0.4586419  0.51668733 0.824142   0.023783240467309952
14 0.9089715  0.38493514 0.99407077 0.47444123 0.023702742531895638
24 0.8812939  0.27238822 0.9905287  0.48426923 0.023612428456544876
24 0.8783376  0.0617218  0.99090904 0.259241   0.023154182359576225
31 0.5668358  0.20812106 0.985165   0.4875763  0.02302263118326664
1 0.27931106 0.3606928  0.7654083  0.7940084  0.022920818999409676
34 0.24839358 0.27279288 0.92476076 0.6452643  0.022865429520606995
5 0.         0.         0.80208874 0.9971867  0.02281687781214714
33 0.49215344 0.01535088 0.84436274 0.6486846  0.02263876609504223
10 0.03319364 0.37158    0.4253228  0.8629359  0.022600648924708366
7 0.03495982 0.42230278 0.83469665 0.94474775 0.022507593035697937
18 0.35271838 0.6194675  0.9475588  1.         0.02243083156645298
38 0.6375535  0.00631564 1.         0.14450526 0.02213379554450512
14 0.9291272 0.3725487 0.9964315 0.4906714 0.02205541729927063
29 0.3441767  0.04639227 1.         0.6651526  0.022042496129870415
30 0.40936205 0.08738314 0.7890286  0.4195011  0.02199208363890648
38 0.32222414 0.25419134 0.9808198  0.55085486 0.021944934502243996
14 0.9105755  0.4125494  0.9936183  0.50126684 0.021778007969260216
20 0.32359487 0.21120635 0.89900863 0.45809892 0.021592285484075546
31 0.52735204 0.1336884  0.8259446  0.7902906  0.021544199436903
13 0.3455051  0.16395383 0.7842667  0.51416415 0.02138236165046692
20 0.24536365 0.0813656  0.8410587  0.45880097 0.021361561492085457
41 0.32678762 0.32658297 0.76400006 0.65141886 0.021351400762796402
7 0.09854894 0.1765516  1.         0.9062028  0.020958183333277702
27 0.06363653 0.2142859  1.         0.88176274 0.02076132781803608
10 0.1701564  0.258231   0.9317491  0.62923354 0.02060841955244541
24 0.9119337  0.30797696 0.99260265 0.39157593 0.02050073817372322
10 0.16111816 0.2270403  0.8189192  0.7932879  0.020459525287151337
24 0.93055964 0.00443558 0.9997617  0.05165438 0.02044743485748768
14 0.9087847  0.35834363 0.99501497 0.4480618  0.020424537360668182
5 0.        0.3031271 0.8351522 0.771107  0.020404411479830742
41 0.08386073 0.45286977 0.65407765 0.67544234 0.02039325051009655
24 0.87775606 0.16554205 0.99251825 0.3669915  0.020187484100461006
24 0.90895045 0.08861601 0.99429977 0.3878267  0.020138567313551903
24 0.91071963 0.1215101  0.9934595  0.19852225 0.020106596872210503
41 0.23893619 0.708785   0.7435026  0.9521915  0.020085914060473442
40 0.         0.11626076 0.44854474 0.9537661  0.02006400190293789
20 0.36521378 0.15165998 0.85755944 0.3920819  0.020063646137714386
5 0.2004252  0.         0.91051275 0.49176225 0.01993698440492153
14 0.07339279 0.10782078 0.9410299  0.44393632 0.019822822883725166
36 0.21441206 0.08789167 0.7008487  0.7381419  0.019746053963899612
18 0.22932772 0.2993684  0.828672   1.         0.019702889025211334
21 0.02169284 0.5283705  0.8574931  0.89441824 0.019689830020070076
14 0.56928563 0.12086978 0.94244224 0.56953806 0.019369710236787796
16 0.2502661 0.5249036 0.5968929 0.704481  0.019206607714295387
34 0.5152237  0.10692475 0.92105085 0.72335535 0.019183803349733353
16 0.188105   0.49427268 0.530185   0.7523297  0.01906292699277401
10 0.12866952 0.43415132 0.39939645 1.         0.018956631422042847
15 0.4366324  0.03785319 0.9785594  0.5142578  0.01875888742506504
27 0.48388815 0.02922646 0.9929281  0.4499475  0.01857474260032177
24 0.9307059  0.10876334 0.9948602  0.21334274 0.01855853758752346
28 0.9107602  0.3620712  1.         0.43575424 0.01838933862745762
24 0.9100068  0.4409738  0.992896   0.52475214 0.018383778631687164
24 0.9106386  0.253942   0.99042004 0.33285066 0.018382824957370758
31 0.45123863 0.1346822  1.         0.7884998  0.018360624089837074
13 0.19111484 0.1118217  0.8606344  0.5469604  0.017804542556405067
29 0.14178208 0.00863688 1.         0.4992706  0.017780594527721405
5 0.2528905  0.10066795 0.85135144 0.55238646 0.017765626311302185
38 0.378803   0.02445256 0.92709965 0.19477357 0.01772106997668743
7 0.         0.16778423 0.46326753 0.9194562  0.01768379472196102
14 0.26519302 0.11100085 0.99306196 0.7244252  0.01766998879611492
28 0.         0.26475793 0.17003326 0.4130111  0.017662648111581802
10 0.9282     0.35236385 0.99414825 0.456123   0.017419248819351196
40 0.21144041 0.23256463 1.         0.96602315 0.017356164753437042
24 0.         0.03957145 0.259231   0.29630464 0.0171876959502697
38 0.9044265  0.4099863  1.         0.49047783 0.017066624015569687
31 0.33140883 0.12085544 0.96514374 0.61331064 0.017006561160087585
15 0.00157277 0.089266   1.         0.6162585  0.01699850894510746
38 0.9014263 0.3596385 1.        0.4402706 0.01697452925145626
27 0.5285498  0.14586073 1.         0.5405465  0.01692887954413891
10 0.38148442 0.23623519 0.776438   0.79681855 0.016909904778003693
10 0.9284994  0.37868878 0.9947569  0.48191917 0.016609802842140198
24 0.91028464 0.00320321 0.9997459  0.03646548 0.01656319946050644
30 0.31507844 0.27571112 0.8437498  0.6193069  0.0165573637932539
4 0.         0.37227213 0.9588371  1.         0.0165236908942461
24 0.92996734 0.42876044 0.9965966  0.543201   0.016456913203001022
32 0.40456218 0.12651154 0.80050826 0.48861325 0.016329361125826836
32 0.2852621  0.22519544 0.91969645 0.7167617  0.016280578449368477
10 0.04409811 0.5708614  0.9544634  1.         0.016111500561237335
16 0.3926432  0.25056228 0.77852196 0.53146774 0.015895046293735504
19 0.4601184  0.12601301 0.8682847  0.59584504 0.015879876911640167
29 0.45629865 0.32872224 0.98500735 0.86734724 0.015824345871806145
14 0.9295682  0.320662   0.9959846  0.43824124 0.015741465613245964
6 0.42984793 0.03201749 0.7247031  0.70405877 0.015560535714030266
14 0.9094028  0.3328521  0.9940313  0.42216402 0.01555941067636013
28 0.90846956 0.41081408 0.9988911  0.48693478 0.01550293993204832
5 0.         0.         0.4668097  0.86789453 0.015478672459721565
2 0.23654753 0.13471024 0.8155559  0.80577236 0.015444101765751839
19 0.04715698 0.14527    0.7497993  0.6294538  0.015284314751625061
28 0.90628636 0.15870653 1.         0.44796017 0.015278846956789494
21 0.01044233 0.5763105  0.47672305 0.9533688  0.01518948469310999
14 0.90914106 0.1678754  0.9966305  0.50231904 0.015162353403866291
24 0.         0.10986922 0.2580218  0.37752086 0.01516004465520382
16 0.1755378  0.23856843 0.66282856 0.5883556  0.01512166764587164
19 0.26587927 0.         0.8636599  0.7853877  0.01512020081281662
16 0.43788564 0.18512844 0.87801254 0.48308092 0.015034656971693039
24 0.91169274 0.28033963 0.9912069  0.36303842 0.015016586519777775
24 0.8368156 0.3780691 0.9946387 0.5363237 0.015015784651041031
1 0.33405057 0.19904076 0.8577535  0.7005704  0.014997031539678574
28 0.9278646  0.18881376 1.         0.28666425 0.014980378560721874
38 0.28967455 0.02557614 1.         0.26120526 0.014979896135628223
38 0.22888507 0.27774495 0.95380026 0.670602   0.014934279024600983
38 0.73882467 0.0074969  1.         0.2108135  0.014893055893480778
21 0.56723607 0.1644737  0.9150232  0.7092642  0.014830627478659153
24 0.93089765 0.08186058 0.9947581  0.18676919 0.014830446802079678
24 0.00637545 0.32876486 0.13744469 0.46262553 0.014734407886862755
28 0.3433718  0.07599622 0.74203604 0.40945467 0.014648196287453175
27 0.12951711 0.0942718  1.         0.7467462  0.014617379754781723
38 0.5448978  0.03702381 1.         0.4302293  0.014529571868479252
28 0.29532015 0.14191696 0.6997784  0.66491103 0.014503462240099907
24 0.87855685 0.34987453 0.9944728  0.5792306  0.01449559535831213
38 0.81189793 0.00333114 1.         0.11758769 0.014414923265576363
41 0.21969056 0.48040408 0.84533066 0.8254537  0.014252768829464912
28 0.5450397  0.01699447 1.         0.14308451 0.014249089173972607
25 0.         0.27629024 0.8172125  0.6220672  0.01417243666946888
24 0.879874   0.22013663 0.9907226  0.4254362  0.014159445650875568
10 0.0596046  0.13692999 0.9764429  0.72499883 0.01407046988606453
24 0.         0.02307917 0.20505524 0.1999554  0.014069952070713043
24 0.         0.01068434 0.14622533 0.07190391 0.013872471638023853
38 0.         0.27590296 0.18318677 0.40587938 0.013796181418001652
10 0.9286851  0.32615113 0.99359804 0.43094403 0.013765823096036911
10 0.0403716  0.4417009  0.37763172 0.76817065 0.01374917384237051
38 0.8197185  0.02720835 1.         0.17439477 0.013643447309732437
14 0.9309403  0.21739265 0.99631363 0.32976758 0.01357561070472002
5 0.         0.25605208 0.5461481  0.7398595  0.013567202724516392
25 0.         0.29611555 1.         0.7287013  0.013501256704330444
18 0.11565778 0.18916774 0.6233247  0.9080508  0.013434184715151787
38 0.92120975 0.20900153 1.         0.31466782 0.013258755207061768
38 0.9200468  0.18403734 1.         0.28838307 0.01323271170258522
5 0.35694948 0.         0.80492187 0.54069513 0.013164584524929523
41 0.0672215  0.44964895 0.6626028  0.85483766 0.013077075593173504
4 0.         0.59308505 1.         1.         0.013075821101665497
38 0.89852774 0.14560822 1.         0.44663498 0.012987948954105377
29 0.13947731 0.22670579 0.6903056  0.8189808  0.012943023815751076
28 0.9278695  0.21405704 1.         0.31084487 0.012905792333185673
41 0.21408904 0.622033   1.         0.93177766 0.012830675579607487
14 0.8768041 0.2673024 0.9942917 0.5033755 0.012829303741455078
28 0.         0.013178   0.24471937 0.3801161  0.012730946764349937
27 0.4070271  0.16079131 0.9517618  0.5839581  0.012670477852225304
24 0.8367643  0.19003043 0.99030703 0.3405093  0.012654053047299385
4 9.0440118e-04 1.7896327e-01 4.2119360e-01 9.7394878e-01 0.012446045875549316
21 0.01947504 0.399173   0.37734488 0.8091798  0.01241140253841877
38 0.92113423 0.31818143 1.         0.4252405  0.012268050573766232
28 0.84132415 0.0129048  0.9989971  0.12298513 0.012196741066873074
25 0.16251329 0.25967154 1.         0.6025268  0.012166710570454597
28 0.         0.02489239 0.32221386 0.3059782  0.012159558944404125
14 0.4812081  0.09248658 0.9279808  0.7145184  0.01212483923882246
28 0.92776734 0.16325611 1.         0.26182464 0.012074736878275871
27 0.92827326 0.3807831  0.9991556  0.4730061  0.011964240111410618
14 0.         0.26636153 0.14572932 0.4455329  0.011959508992731571
10 0.11377442 0.4220552  0.87063724 0.9716677  0.011877059936523438
27 0.90790325 0.39255232 0.994458   0.4612551  0.011873284354805946
16 0.35186708 0.22307402 0.7152711  0.47877494 0.011666479520499706
16 0.17389722 0.41209188 0.42491952 0.73885745 0.011594213545322418
28 0.36373731 0.02302383 0.9385772  0.15700287 0.01148731168359518
10 0.927863   0.40769368 0.9948749  0.50914687 0.011464809067547321
41 0.18041028 0.26748317 0.45893943 0.73914415 0.011439313180744648
34 0.07653097 0.34230286 0.7572974  0.67526066 0.0114232013002038
25 0.24862342 0.13065864 0.92684793 0.30912605 0.011415223591029644
27 0.90895915 0.3658445  0.99467814 0.4340225  0.011364739388227463
5 0.         0.3637618  0.84503967 1.         0.011323799379169941
10 0.28571323 0.6282317  1.         1.         0.01124628446996212
22 0.9098403  0.38609707 0.9989362  0.45733827 0.011204800568521023
41 0.04164281 0.6000126  0.84452826 0.9313382  0.01119820587337017
13 0.08468532 0.03714905 0.74448705 0.5715138  0.01118213776499033
18 0.1496416 0.4712559 0.5872556 1.        0.011176101863384247
6 0.4354946  0.03279831 0.9375217  0.47468242 0.011112424544990063
30 0.21932374 0.09235001 0.8848972  0.8404006  0.011093509383499622
27 0.9292484  0.3540525  0.99931735 0.44491786 0.011056470684707165
27 0.14454581 0.24424012 0.5398768  0.88157004 0.011034620925784111
13 0.31139925 0.12381235 0.7982408  0.40504956 0.011014907620847225
10 0.9095493  0.33629808 0.98963004 0.41782328 0.011003924533724785
16 0.4141046  0.35447052 0.76941735 0.6344209  0.01100348960608244
24 0.7850526  0.08301229 0.9804011  0.5724322  0.010996080003678799
24 0.57696944 0.         0.9468906  0.95793563 0.01098810788244009
10 0.31859994 0.10040123 0.8456458  0.6015249  0.010971483774483204
16 0.08105596 0.33342662 0.52524585 0.8127996  0.010956310667097569
28 0.        0.3155717 0.1656603 0.4590417 0.010911358520388603
19 0.94843364 0.         0.9851359  0.08538387 0.01085006445646286
29 0.620175   0.23310369 0.94552046 0.7866699  0.010831440798938274
