38 0.70991    0.15424559 1.         0.39997327 0.2387843281030655
24 0.8484687 0.4857506 0.9990089 0.6328497 0.11806607246398926
38 0.47248134 0.0303612  1.         0.7653122  0.11507339775562286
41 0.618938   0.8731311  0.83456624 1.         0.11482346057891846
24 0.84932464 0.43305448 0.9994538  0.57888854 0.11460847407579422
24 0.88616294 0.42996594 0.9984516  0.6387555  0.11396735906600952
41 0.21441606 0.26330522 0.66517186 0.5888834  0.11224951595067978
24 0.88568735 0.48190883 0.9979367  0.6920476  0.10874591767787933
41 0.5928929  0.90910554 0.8823851  1.         0.10848891735076904
41 0.67267746 0.8741977  0.88791406 1.         0.10779345035552979
24 0.8479012  0.53813475 0.99807924 0.6863933  0.1054699569940567
41 0.49136034 0.9100875  0.7748596  1.         0.10381216555833817
41 0.11045212 0.19953421 0.60136145 0.5152206  0.10192140191793442
41 0.5150976  0.8745373  0.72715205 1.         0.10182370990514755
41 0.00234001 0.05950746 0.57618064 0.30950063 0.09829691797494888
19 0.        0.1408738 0.7938674 0.8224719 0.09777165949344635
24 0.88548046 0.5339783  0.9977552  0.7454046  0.09630321711301804
41 0.7027223 0.9099001 0.9925808 1.        0.09582557529211044
32 0.0400193  0.08274534 0.5026983  0.688932   0.09520388394594193
41 0.38896358 0.9110476  0.6677513  1.         0.0949031338095665
41 0.46349972 0.8754668  0.67376155 1.         0.09342898428440094
41 0.26682046 0.8303057  0.8605882  1.         0.09292110800743103
41 0.41233662 0.8757485  0.6196593  1.         0.09244198352098465
41 0.72632736 0.8753974  0.9422286  1.         0.09124059230089188
41 0.3608183 0.8750629 0.5657606 1.        0.09083548188209534
24 0.9334515  0.5610932  0.9977044  0.67190343 0.09006709605455399
41 0.77824557 0.93261683 0.8889569  1.         0.0896359235048294
21 0.04634641 0.00140205 0.37704438 0.8050229  0.08960095047950745
24 0.88759565 0.37774178 0.9977869  0.58567226 0.08881926536560059
24 0.8476132 0.5910563 0.9978263 0.7391759 0.08703737705945969
41 0.30874604 0.87479645 0.51135117 1.         0.08467260748147964
24 0.8851698  0.5864509  0.99918956 0.79808456 0.08347498625516891
41 0.8315249  0.9326775  0.94421554 1.         0.0833549052476883
41 0.5745389 0.8338962 1.        1.        0.08017471432685852
41 0.25582165 0.87473565 0.45749944 1.         0.07850043475627899
43 0.         0.         0.6232085  0.76527643 0.07788699865341187
32 0.02128835 0.01286081 0.62525064 0.28088444 0.0763259083032608
24 0.7854381  0.38582933 1.         0.7873999  0.07528795301914215
24 0.93323237 0.61379445 0.9976452  0.7251052  0.07464557886123657
41 0.8873747 0.9326824 0.9971277 1.        0.07447455823421478
24 0.9342825 0.3758085 0.99822   0.4847628 0.0736485943198204
24 0.69940907 0.44475958 1.         0.73341256 0.0732889398932457
41 0.42856538 0.7711788  0.8522671  1.         0.07232403010129929
41 0.20318401 0.87513834 0.4042535  1.         0.07160952687263489
38 0.64186007 0.028644   1.         0.67461246 0.07108373194932938
24 0.9138547  0.6542205  0.9965089  0.73438257 0.06988309323787689
29 0.22582345 0.2572895  1.         0.67162776 0.06977777183055878
41 0.20327061 0.48873568 0.61984    0.6413832  0.0695183202624321
24 0.84694123 0.64461803 1.         0.79217947 0.06898864358663559
41 0.85136884 0.91109073 1.         1.         0.06822971254587173
18 0.07069048 0.         0.4942181  0.6792671  0.06808415055274963
19 0.         0.07100224 0.9336886  0.30715227 0.06689796596765518
24 0.9334155  0.6673519  0.99873245 0.77782017 0.06634688377380371
24 0.91428477 0.68110615 0.99746084 0.7607701  0.06378507614135742
41 0.10089131 0.22411494 0.48002982 0.59822303 0.062192052602767944
38 0.7722561  0.10168007 0.99599874 0.4613383  0.06209256872534752
41 0.92083466 0.9470215  1.         1.         0.0610821396112442
18 0.55356884 0.8109626  0.9882071  0.99444896 0.05998888984322548
19 0.45123857 0.08461167 0.9412651  0.9162553  0.059605278074741364
1 0.9543915 0.9029993 1.        1.        0.05950436741113663
18 0.9473288  0.90534204 0.99612296 1.         0.059324707835912704
24 0.8831473 0.6407596 1.        0.8510575 0.0587071031332016
1 0.9388494  0.87013316 1.         0.99966055 0.05845501273870468
14 0.844811   0.63685983 0.99496627 0.80323917 0.05841720104217529
24 0.91217947 0.5892208  1.         0.90141124 0.05815468356013298
24 0.8383518  0.52002996 1.         0.9782166  0.05793637037277222
24 0.9147052 0.7079938 0.9985551 0.7869422 0.05793634057044983
18 0.9293005  0.877527   0.99498814 0.9916534  0.05748286470770836
41 0.9157035  0.01504932 1.         0.09491228 0.057115454226732254
24 0.69140786 0.5215818  1.         0.8179996  0.056756701320409775
18 0.92954236 0.9303387  0.996867   1.         0.056553758680820465
19 0.28396887 0.0449817  0.96942794 0.43825218 0.056294023990631104
18 0.9092981  0.8920329  0.99306726 0.9752875  0.05611598491668701
14 0.8831201 0.5787874 0.9948834 0.8101369 0.05570131912827492
43 0.06758771 0.2901762  0.6172792  0.7327554  0.055478502064943314
19 0.06056285 0.34418017 0.639801   0.7047471  0.05523470416665077
18 0.8753794 0.8737191 0.9929754 1.        0.05486574396491051
1 0.9197929  0.88618034 1.         0.9823844  0.05463011562824249
14 0.843494  0.5829096 0.9927001 0.7501124 0.05460279434919357
41 0.28191036 0.76781744 0.6910942  1.         0.05456762760877609
14 0.7879441 0.3471681 0.9950354 0.815457  0.05396943539381027
32 0.920639   0.94726944 1.         0.997091   0.05379796400666237
18 0.8313381 0.9061525 0.9944609 1.        0.05373769626021385
1 0.93852836 0.9297091  1.         1.         0.053612422198057175
1 0.916445   0.63770825 1.         0.97285545 0.05322308838367462
1 0.9192569  0.77828944 1.         1.         0.05284680053591728
24 0.93315595 0.72107196 1.         0.8293973  0.052230726927518845
18 0.87362593 0.93029034 0.98712444 0.9989929  0.0521792434155941
32 0.13328499 0.36682552 0.6386884  0.6333475  0.05200735107064247
14 0.70014876 0.4237212  0.99864924 0.7564256  0.05181273818016052
10 0.         0.         0.7010654  0.33060676 0.05121108517050743
32 0.78443074 0.90769434 1.         0.9984076  0.051144663244485855
1 0.70733106 0.62334436 1.         0.9712435  0.051079995930194855
41 0.91687745 0.8954226  1.         0.9743046  0.050776947289705276
14 0.84324485 0.53002524 0.9928884  0.6974808  0.05046970397233963
32 0.88899845 0.9317614  0.9959577  0.99619174 0.050412312150001526
18 0.82844245 0.8239566  0.9827229  1.         0.050248049199581146
38 0.83474475 0.1838951  0.98888654 0.33789647 0.04958002641797066
14 0.8442076  0.42409444 0.99487513 0.59090835 0.04943355172872543
41 0.88412446 0.0017059  1.         0.1115372  0.04917021468281746
24 0.91435313 0.7349763  0.99974924 0.8130178  0.049156978726387024
14 0.9335359  0.6934304  0.99737054 0.80362904 0.04906551539897919
14 0.91455203 0.70593613 0.99589765 0.7886557  0.049063995480537415
14 0.8433489  0.47766933 0.99420524 0.64440835 0.049057960510253906
41 0.8899981 0.8809794 1.        1.        0.04878976196050644
1 0.9200616  0.85724276 1.         0.95566523 0.04836505278944969
18 0.67566746 0.9032388  0.97679406 0.9976321  0.048355404287576675
14 0.91372144 0.67911655 0.9949863  0.7621199  0.048149194568395615
41 0.91617477 0.04076456 1.         0.12213111 0.047700054943561554
38 0.705817   0.10404077 1.         0.3314273  0.04757576808333397
14 0.91588414 0.7329159  0.99681264 0.8150995  0.047557197511196136
14 0.91344595 0.6522903  0.99402314 0.73586756 0.04750432074069977
19 0.01671946 0.43873703 0.7003395  0.76402646 0.047303423285484314
1 0.939244   0.81454706 1.         0.94274265 0.04724792763590813
38 0.32269534 0.08031095 0.9707333  0.5005614  0.04718613624572754
32 0.836116   0.9302686  0.94613457 0.99686605 0.047087542712688446
18 0.90897644 0.86491287 0.99142885 0.95039886 0.04698993265628815
29 0.17254972 0.06058136 0.7178012  0.79722106 0.04676475375890732
32 0.8403717  0.875702   1.         0.99862665 0.04675571247935295
18 0.5307591 0.8980609 0.8286536 0.9939376 0.046404458582401276
14 0.93300974 0.6394344  0.9962194  0.75050366 0.046345338225364685
32 0.08670583 0.20559818 0.6916766  0.62395203 0.04584137722849846
14 0.88515687 0.635933   0.9968657  0.86316156 0.045623116195201874
24 0.9145434  0.36277723 0.99641734 0.44150662 0.04514696076512337
32 0.7832129  0.9299877  0.89322555 0.99739593 0.04483059421181679
41 0.8433057 0.8374296 0.9970769 0.9997398 0.04473414272069931
14 0.8846743  0.36256847 0.9944208  0.59672457 0.04444873332977295
14 0.8823165 0.4724036 0.9943764 0.7057072 0.04441431537270546
32 0.9536318  0.9105306  0.99830896 0.99634933 0.04436672106385231
10 0.        0.        1.        0.3032892 0.04434564709663391
1 0.786986 0.736234 1.       1.       0.04423460736870766
1 0.9210507 0.8310612 0.9994681 0.9263472 0.04423197731375694
41 0.05599114 0.8323501  0.58222944 1.         0.043981943279504776
18 0.71292514 0.86802983 0.92855656 0.99589336 0.043878279626369476
18 0.5622059  0.85892385 0.7789193  0.99252594 0.043857742100954056
18 0.9074436 0.7944719 0.9941271 1.        0.04381155967712402
25 0.         0.13038717 0.7802421  0.6108181  0.043754447251558304
18 0.8214909  0.9292887  0.93658143 0.99768895 0.04370255395770073
32 0.741204  0.8715848 0.9434666 0.9998707 0.043583791702985764
1 0.842698  0.6459988 1.        0.9945755 0.04329710453748703
1 0.8902395 0.8657837 1.        1.        0.04323193058371544
18 0.41822314 0.73586774 0.9886672  0.99411947 0.0427066944539547
1 0.92079175 0.8066144  0.9992242  0.8973731  0.04253741353750229
18 0.4288795  0.89399266 0.72668326 0.99372977 0.0422501303255558
1 0.8526018 0.7782322 1.        0.9641565 0.04221469163894653
29 0.2354182  0.18465286 0.7731016  0.711884   0.042152754962444305
27 0.75541115 0.41838747 0.98100954 0.8797151  0.04188600182533264
14 0.9329913 0.5860136 0.9957837 0.6983195 0.04162905365228653
18 0.7685584 0.9285563 0.8846224 0.9969521 0.04156751185655594
40 0.         0.11612897 0.83703405 0.8256248  0.041448116302490234
1 0.7844406 0.4810983 1.        0.9370036 0.041358646005392075
1 0.9372977  0.76862365 0.9996657  0.8836894  0.041302621364593506
1 0.85087717 0.7301506  0.9985712  0.9035903  0.04104713350534439
41 0.80269116 0.         1.         0.11393949 0.041027333587408066
35 0.68240833 0.42153895 1.         0.73728657 0.04077461361885071
18 0.9316924  0.         0.99811655 0.11349294 0.04057932645082474
41 0.93751884 0.8824067  1.         0.98914117 0.040386900305747986
38 0.8339842  0.06696168 0.9967678  0.40325782 0.0401398204267025
19 0.6375638  0.03550009 0.95351595 0.36477068 0.04007092863321304
1 0.84806687 0.90383863 1.         1.         0.03994671255350113
1 0.8869735  0.67319924 0.9996019  0.9051663  0.03993777185678482
18 0.9483413  0.         0.99795717 0.08376573 0.03979576751589775
1 0.88472646 0.929479   0.9937957  1.         0.039779797196388245
14 0.91663474 0.75998896 0.9963957  0.84089506 0.03975769504904747
32 0.91736424 0.89469373 0.9974438  0.97108006 0.039564505219459534
32 0.70786875 0.8283246  1.         1.         0.039227258414030075
32 0.691095   0.8699074  0.89083153 1.         0.039183035492897034
14 0.933557   0.37257704 0.9959817  0.4844947  0.03903374820947647
19 0.18995184 0.18854886 0.8425306  0.70818585 0.038888972252607346
41 0.95479923 0.90916973 1.         1.         0.0388844832777977
29 0.21762668 0.43898267 0.699933   0.75369376 0.03868801146745682
35 0.6831359 0.5000898 1.        0.8184233 0.038615379482507706
32 0.6689916  0.90519226 0.94767237 1.         0.038359757512807846
18 0.26777154 0.79461944 0.8606769  0.9880837  0.03829693794250488
18 0.45861298 0.85250616 0.6749725  0.99254936 0.038172848522663116
1 0.6959714  0.80926156 1.         1.         0.03797704353928566
41 0.09032144 0.17915766 0.3931417  0.4901387  0.03787539526820183
24 0.84270316 0.70069426 1.         0.8466819  0.03781227394938469
18 9.1116256e-01 7.7225370e-05 9.9865603e-01 9.5123902e-02 0.03764094039797783
41 0.16698562 0.44266415 0.58943063 0.59194964 0.037635091692209244
18 0.8444689  0.         1.         0.07792773 0.03762797638773918
41 0.65245426 0.7050351  0.9602172  0.9741101  0.037549156695604324
41 0.8455179  0.         1.         0.08012775 0.03742352873086929
32 0.0900295  0.04683232 0.8455823  0.2792773  0.037322379648685455
41 0.91483   0.8689143 1.        0.9469211 0.037251368165016174
24 0.84988827 0.35562092 0.996474   0.50108117 0.037210527807474136
41 0.69718665 0.75931615 1.         0.9840512  0.03714745491743088
41 0.12754324 0.7690964  0.53125304 1.         0.037021491676568985
1 0.72428507 0.86299443 0.9381607  1.         0.03679327294230461
24 0.9321551  0.74903864 1.         0.85484296 0.03661622479557991
28 0.7819697  0.45041013 1.         0.8698871  0.03653794899582863
38 0.92767185 0.7184695  1.         0.8213245  0.03651135414838791
14 0.846844   0.6921683  0.99767774 0.8555931  0.03645455837249756
35 0.77463454 0.4412293  1.         0.87997806 0.03623494878411293
18 0.3560866  0.85011154 0.5719118  0.9914308  0.036173783242702484
14 0.69628906 0.5085102  0.99873537 0.8374155  0.036008596420288086
19 0.92003715 0.9390739  1.         0.9967399  0.03600720688700676
21 0.         0.03433757 0.55371493 0.7722874  0.035966359078884125
38 0.8297899 0.6390977 1.        0.788239  0.03590394929051399
18 0.7632314  0.75596166 0.9892786  0.99914116 0.035800304263830185
41 9.1625386e-01 8.9010561e-04 1.0000000e+00 6.8334743e-02 0.03571638837456703
1 0.26736897 0.07781072 1.         0.6651919  0.03560653328895569
38 0.83441573 0.04343315 1.         0.64004374 0.035472322255373
28 0.91434574 0.58817554 1.         0.88094527 0.03538397327065468
28 0.6930222  0.50349486 1.         0.81618035 0.03524817153811455
38 0.87042075 0.5790673  1.         0.7901649  0.03524085879325867
38 0.87233067 0.6325269  1.         0.83858657 0.03523357957601547
14 0.91320986 0.59753084 0.99627423 0.9117781  0.03521852195262909
28 0.93020713 0.69288135 1.         0.79829955 0.035187482833862305
28 0.8741534  0.58129615 1.         0.7987998  0.03508179634809494
14 0.9148316  0.35824677 0.9936617  0.44113496 0.035063400864601135
18 0.9093272  0.8371177  0.9915102  0.92491317 0.03500339761376381
28 0.8318796 0.6387337 1.        0.7950978 0.034911226481199265
24 0.45890203 0.11504906 1.         0.75878114 0.03490716218948364
10 0.00855827 0.36252305 0.46566582 0.69852304 0.034604769200086594
18 0.8822829  0.         0.9991191  0.11165973 0.03453044593334198
41 9.5218009e-01 7.7559473e-04 1.0000000e+00 8.0159381e-02 0.03450613096356392
27 0.81744283 0.48278943 0.9905371  1.         0.03445138782262802
19 0.9403111  0.91671664 1.         0.9956414  0.03432956337928772
1 0.8565705 0.9304175 0.9667289 1.        0.034273866564035416
28 0.92937666 0.6660836  1.         0.772515   0.03421420603990555
27 0.90538913 0.5651693  0.994122   0.8891726  0.03411662578582764
35 0.84131634 0.6390184  1.         0.7966076  0.03411553055047989
1 0.8009513  0.93010205 0.9118377  1.         0.03409887105226517
32 0.6413743  0.8671809  0.83863896 1.         0.03409619256854057
27 0.6540209  0.4879058  0.9810641  0.81347394 0.034045834094285965
27 0.87136835 0.6234502  0.9920269  0.8456926  0.03399767354130745
38 0.9061252  0.58124155 1.         0.87501264 0.033848702907562256
28 0.8810095  0.63679427 1.         0.8460503  0.033831797540187836
1 0.8284646 0.9303561 0.9394286 1.        0.033830754458904266
38 0.9266284  0.69108355 1.         0.7953827  0.033730123192071915
24 0.9132949  0.7625226  1.         0.83916205 0.033576879650354385
7 0.        0.300296  0.6517322 0.805742  0.03353668749332428
18 0.9297413  0.82116544 0.994004   0.9414776  0.03341752663254738
28 0.93203115 0.72055304 1.         0.8234867  0.033321648836135864
38 0.7665082  0.44615734 1.         0.8522455  0.033229440450668335
24 0.6899433 0.6013199 1.        0.9013991 0.03304654732346535
18 0.93197185 0.         0.9976196  0.05767848 0.03294975310564041
28 0.92892927 0.6392416  1.         0.7462482  0.032789383083581924
32 0.88769126 0.8278831  0.99938214 0.9960417  0.03274425491690636
1 0.58510536 0.7398099  1.         1.         0.032630834728479385
38 0.8268825  0.58563447 1.         0.7387671  0.03259601816534996
19 0.6535495  0.11836195 0.93280977 0.47860506 0.0325281098484993
32 0.5679249 0.9031653 0.8436263 1.        0.03242094814777374
1 0.9544448  0.         1.         0.08494183 0.03240221366286278
28 0.6743076  0.4219453  1.         0.73835665 0.032383888959884644
18 0.91045403 0.0277673  0.99808484 0.12033658 0.03237622603774071
38 0.8265277  0.47828645 1.         0.63498485 0.032289449125528336
27 0.8276801  0.63660306 0.9890279  0.78922015 0.032258160412311554
1 0.6676115 0.8637902 0.8811881 1.        0.032191768288612366
35 0.8409788 0.5857157 1.        0.7428268 0.032132215797901154
27 0.9280067  0.71485704 0.9974021  0.82034576 0.032073505222797394
38 0.8263771  0.53187364 1.         0.6879497  0.031950969249010086
24 0.9115607  0.67239916 1.         0.980483   0.03188277781009674
27 0.90636164 0.730053   0.99528474 0.8084668  0.03163168206810951
18 0.02651185 0.         0.16285896 0.07160796 0.03150743991136551
27 0.82995903 0.58567095 0.9867193  0.73474395 0.03150342032313347
18 0.25156206 0.8469887  0.46953097 0.9909897  0.031433843076229095
42 0.84641534 0.90807956 0.99553645 0.99696034 0.03132336214184761
14 0.8488956  0.33605775 0.99084646 0.50711083 0.031291499733924866
18 0.806065   0.         1.         0.11079229 0.03128807246685028
24 0.88176036 0.69652754 1.         0.9056831  0.031123656779527664
28 0.8284634  0.58463144 1.         0.7435356  0.03111261874437332
14 0.93414634 0.34498608 0.996013   0.45568478 0.031001299619674683
25 0.9441112 0.9119042 1.        0.9939188 0.030986620113253593
27 0.8309464  0.4815354  0.9869976  0.62896746 0.03091866709291935
41 0.9362362 0.855978  1.        0.9609025 0.030900584533810616
32 0.9331832  0.         0.99852335 0.11337917 0.03076854720711708
1 0.6900871 0.9048441 0.9878044 1.        0.030725793913006783
19 0.85806316 0.9405761  0.9956348  0.9948311  0.03070683963596821
25 0.8343898 0.5977054 1.        0.7421537 0.030623121187090874
35 0.8400625 0.5325595 1.        0.6884773 0.030583012849092484
32 0.5886105  0.8644485  0.78658885 1.         0.030580908060073853
18 0.9128885  0.         0.99671847 0.04106054 0.030554767698049545
27 0.8305494  0.53313565 0.9863936  0.6818369  0.030539924278855324
18 0.3495183 0.7173747 0.7659315 0.9904769 0.030532877892255783
38 0.82636076 0.42518637 1.         0.5809965  0.030453475192189217
35 0.8396684  0.47914883 1.         0.6342516  0.030393989756703377
19 0.92086214 0.8909376  1.         0.98044384 0.030389195308089256
28 0.9288095  0.61254805 1.         0.71960706 0.030347656458616257
25 0.9096808  0.79017174 0.9922345  0.86302084 0.030336061492562294
42 0.8262072  0.9282812  0.93590546 0.99451226 0.03028715029358864
35 0.88204885 0.582606   1.         0.80033875 0.030215026810765266
35 0.8393473  0.42609197 1.         0.5806805  0.03020096756517887
36 0.59472835 0.0979657  0.89038473 0.9407653  0.03015797771513462
38 0.92592126 0.6638735  1.         0.769758   0.030100049450993538
42 0.853874   0.9288615  0.96153086 0.9956057  0.03004475124180317
27 0.83174455 0.42945963 0.9876441  0.5754606  0.03003787063062191
38 0.679608   0.42779806 1.         0.7266491  0.029922420158982277
18 0.04145757 0.24084616 0.6341287  0.64533865 0.029916144907474518
41 0.19376193 0.32571593 0.5690435  0.5179831  0.029888726770877838
25 0.83617425 0.64876753 1.         0.79369944 0.029849644750356674
38 0.92932844 0.7464667  1.         0.84758884 0.029835285618901253
25 0.92500144 0.9353995  1.         0.9964141  0.02978552132844925
25 0.8328025 0.5436841 1.        0.6895553 0.02977360412478447
27 0.9266322  0.7398039  0.99729323 0.84908074 0.02974792756140232
35 0.91146934 0.7305381  1.         0.8125632  0.029595162719488144
25 0.8775051 0.5931717 1.        0.7956976 0.029565993696451187
42 0.8830913  0.9296228  0.98616683 0.9968205  0.029525037854909897
27 0.82483727 0.6839461  0.98884505 0.84625953 0.029511135071516037
