21 0.3841136  0.44088325 0.8934879  0.83136916 0.4031316339969635
21 0.47282538 0.3316349  0.7867216  0.97424155 0.3761027157306671
21 0.26882052 0.35634255 0.9379937  0.96771353 0.36081889271736145
24 0.02871013 0.02231812 0.90711695 0.70014036 0.24833644926548004
24 0.7752675  0.05176417 1.         0.5075361  0.20798102021217346
24 0.2311836  0.06063497 1.         0.80096185 0.19261620938777924
21 0.21545431 0.47125804 0.8403768  0.80016613 0.1922266036272049
24 0.         0.11385208 0.63021773 0.7935681  0.18671290576457977
21 0.5468244  0.4166712  0.8483922  0.97063774 0.1848742812871933
41 0.6232937  0.46899298 0.96840876 0.9612765  0.1828608214855194
1 0.0057166  0.         0.6668557  0.74765533 0.16890771687030792
24 0.13956599 0.06924953 0.94185346 0.28799677 0.15222391486167908
24 0.08951991 0.17421214 1.         0.9101014  0.12980760633945465
9 0.         0.42655173 0.5006315  0.75582606 0.127895787358284
41 0.14565334 0.46558258 1.         0.901668   0.12263607233762741
41 0.5394186  0.41212383 0.8902983  0.973453   0.117939293384552
1 0.25850973 0.         1.         0.8067536  0.11682979762554169
34 0.5315891  0.39038795 0.9747852  0.94211    0.11540533602237701
34 0.2338444  0.04454214 0.9996574  0.6767076  0.11533001810312271
41 0.4747762  0.47188365 1.         0.90838593 0.11262308806180954
24 0.32985696 0.09648642 1.         0.30697042 0.11167698353528976
10 0.31968096 0.5076295  0.8931469  0.96600294 0.10828204452991486
34 0.30173713 0.4224964  1.         0.7927843  0.10059938579797745
41 0.31984043 0.5316359  0.94077545 0.84232396 0.09620346128940582
24 0.08916824 0.10185285 0.7480378  0.27846003 0.09602580219507217
24 0.         0.1803154  0.39764714 0.7976728  0.0948859229683876
10 0.47553036 0.45392823 0.8371637  1.         0.0900634229183197
24 0.08570755 0.06259315 0.54364115 0.24472085 0.09000485390424728
21 0.0313977  0.45876154 0.723246   0.7567404  0.08936256170272827
27 0.         0.36888993 0.52071524 0.73157406 0.0887257307767868
24 0.59807384 0.08630212 1.         0.4669015  0.08482282608747482
24 0.6618929  0.06406914 1.         0.37585157 0.08195916563272476
24 0.04706924 0.05677775 0.5421428  0.6322856  0.08141815662384033
21 0.4623117  0.5337894  0.90573883 0.9302698  0.08128760755062103
41 0.53795123 0.6335731  1.         0.9121495  0.08117162436246872
24 0.25108695 0.3919733  0.8526227  0.95758265 0.07923185080289841
24 0.04177129 0.07900658 0.77736    0.55462587 0.07745639234781265
1 0.5502188  0.06902367 1.         0.8374471  0.07606084644794464
1 0.6913313  0.33239588 1.         0.9456532  0.07575762271881104
10 0.18399645 0.5046013  0.8552218  0.8526849  0.07493028789758682
24 0.09270312 0.3940325  0.62409294 0.825077   0.07422299683094025
24 0.26100096 0.08594844 1.         0.5498138  0.0730498656630516
24 0.09313085 0.13083959 0.63792825 0.3119808  0.07237402349710464
9 0.02765244 0.4705442  0.7083157  0.8152014  0.07132960855960846
15 0.         0.4583283  0.66642183 0.7284185  0.07014985382556915
21 0.04524109 0.36908022 0.65366507 0.9104604  0.0698070079088211
41 0.25584254 0.41722235 0.8177956  0.8699011  0.06889624893665314
2 0.32385492 0.2221049  0.9423488  0.86156386 0.06733456999063492
24 0.         0.20228133 0.82690865 0.86354065 0.06699241697788239
24 0.02768445 0.36694852 0.51680505 0.7549428  0.06609277427196503
21 0.         0.39011493 0.51493245 0.7813552  0.0655917301774025
9 0.        0.        0.7676018 0.7853399 0.0628601536154747
24 0.01358742 0.49361014 0.7100716  0.85830945 0.0625811219215393
1 0.8159902 0.        1.        0.7114233 0.061441853642463684
24 0.46345675 0.45490348 0.8108239  1.         0.06079579517245293
24 0.16476072 0.0522356  0.6697883  0.2680017  0.05788039043545723
18 0.42785054 0.44964427 1.         0.8220381  0.057832833379507065
24 0.04633113 0.48879954 1.         1.         0.0567658506333828
10 0.4082392  0.52465636 0.98184735 0.8865964  0.05605311691761017
1 0.03590968 0.01100782 0.97094446 0.56450766 0.054039377719163895
1 0.02062937 0.         0.47302368 0.58520734 0.05380496755242348
24 0.38153824 0.4369093  1.         1.         0.05346841365098953
1 0.6329881 0.        1.        0.5883619 0.05282851681113243
18 0.43138728 0.29809067 1.         0.99327743 0.051848120987415314
41 0.         0.19969828 0.8043831  0.94105136 0.05171891301870346
2 0.36209562 0.         0.85766643 0.95692515 0.05027936026453972
24 0.0023016  0.32240707 0.303939   0.68405724 0.049951810389757156
16 0.01584976 0.48227733 0.44946966 0.74691266 0.04991918429732323
24 0.3846224  0.1071441  0.9315577  0.45594218 0.04902571067214012
16 0.13633418 0.54965615 0.84964263 0.93582094 0.04815102741122246
24 0.4254746  0.05635376 0.93273216 0.34091553 0.04808886721730232
41 0.06568728 0.42646015 0.69237995 0.92360556 0.04793903976678848
24 0.18264875 0.4794579  0.69482374 0.95807314 0.04727304354310036
27 0.29951862 0.3211195  1.         0.9937424  0.04717467352747917
41 0.         0.15016869 0.37528694 0.87558186 0.046348098665475845
5 0.16445875 0.4244227  0.8544199  0.7223227  0.046283017843961716
1 0.1675132  0.36324626 0.75011474 0.7365659  0.0460340641438961
2 0.14336781 0.         0.523564   0.86084455 0.04561086744070053
18 0.48725474 0.28821284 0.83703566 0.9270925  0.04474852979183197
9 0.        0.        0.4008655 0.7025062 0.04412226751446724
27 0.         0.43837404 0.6835095  0.7801725  0.043466851115226746
9 0.23442926 0.43202332 0.76117355 0.8672915  0.04331859573721886
21 0.34986493 0.36349612 0.6985498  0.90367067 0.043281957507133484
2 0.21688464 0.         0.7557541  0.8762842  0.04272911325097084
24 0.61861706 0.5108775  0.9900704  1.         0.04258092865347862
41 0.         0.3228168  0.1707464  0.93669903 0.04133990406990051
41 0.         0.33563074 0.48954174 0.8535553  0.041330158710479736
41 0.14749898 0.87692773 0.3612308  1.         0.04037204757332802
41 0.3110365  0.87562054 0.5190693  1.         0.040367305278778076
41 0.6984984  0.6650216  1.         0.93579155 0.03967878222465515
41 0.20090505 0.8761127  0.41493604 1.         0.03964311629533768
34 0.         0.3879746  0.54445595 0.6625061  0.039372049272060394
41 0.2569239  0.87614137 0.46818772 1.         0.03932711109519005
10 0.         0.48036876 0.3028223  0.7965832  0.039073508232831955
41 0.         0.40369245 0.31512365 0.7554546  0.03896024078130722
1 0.11180921 0.24798116 0.6169085  0.73276687 0.03869423270225525
2 0.42052636 0.         1.         0.92677474 0.03836878389120102
16 0.07980166 0.5321097  0.52235556 0.74326265 0.03835897892713547
1 0.48352998 0.0147349  0.93197614 0.5957215  0.03810497745871544
24 0.5212141  0.10881742 0.9094549  0.5716632  0.03804603964090347
16 0.50298566 0.5546536  0.9780794  0.889586   0.037381693720817566
18 0.2554907  0.46475902 0.9095008  0.7663411  0.0373760387301445
24 0.03676064 0.31011003 0.56504387 0.9247671  0.03730226680636406
41 0.02220985 0.6912089  0.17169984 0.99926424 0.03706251084804535
34 0.01213366 0.01668727 0.64769083 0.585467   0.0365477055311203
24 0.45903957 0.13909641 1.         0.37006348 0.03597867861390114
34 0.49261954 0.09336228 0.96814036 0.8362815  0.03574324771761894
10 0.07381846 0.5033497  0.96471745 1.         0.03558243066072464
4 0.08277939 0.42664292 0.9894214  1.         0.03556428104639053
41 0.38839728 0.8755788  0.6018412  1.         0.03545840457081795
10 0.03957179 0.467522   0.63927555 0.8018036  0.035231802612543106
35 0.         0.07478455 0.36395228 0.6069814  0.03478473052382469
27 0.         0.32277548 0.3950424  0.8251168  0.03478465974330902
2 0.15109824 0.006291   0.91835994 0.9044166  0.03457625210285187
21 0.01449595 0.4231971  0.31247273 0.75570697 0.03355469927191734
16 0.         0.34185302 0.20848323 0.7609898  0.03325860947370529
33 0.5548339 0.5175754 0.837988  0.9954231 0.03319892659783363
2 0.05007862 0.0665388  0.4181894  0.89474857 0.033165618777275085
2 0.10498233 0.         0.44278687 0.73916364 0.03269275277853012
1 0.23560347 0.04163124 0.90343446 0.37517944 0.032043565064668655
18 0.00982882 0.9312508  0.06240025 0.98941004 0.031972844153642654
33 0.02365316 0.18013273 0.37164122 0.86759055 0.031632304191589355
16 0.19658685 0.5549408  0.6629181  0.8044426  0.03073633834719658
16 0.00221743 0.4534019  0.30856466 0.73986983 0.030729003250598907
5 0.3059307  0.38404807 1.         0.73481905 0.030400985851883888
34 0.         0.35270035 0.41135025 0.63399917 0.0302138514816761
2 0.2708337  0.3714235  0.9034359  0.76497567 0.03018626756966114
2 0.04734834 0.19543247 0.32020992 0.7069384  0.030011139810085297
9 0.         0.0223892  0.69464123 0.5498948  0.029934339225292206
27 0.24293041 0.49455193 0.97866887 0.8516852  0.029915399849414825
41 0.05644364 0.48542985 0.72339547 0.79192877 0.029882658272981644
16 0.03385279 0.50613075 0.2735671  0.7060981  0.029880454763770103
24 2.5897345e-04 1.3242778e-01 1.7441180e-01 5.6483161e-01 0.029661694541573524
16 0.11211543 0.3388153  0.7845723  0.9065511  0.029590504243969917
41 0.35153258 0.1667528  1.         0.9245428  0.029522644355893135
15 0.         0.4459556  0.48301157 0.6492806  0.02921323850750923
41 0.02295173 0.91272044 0.16165218 1.         0.028666695579886436
34 0.3674556  0.50941426 1.         0.91026133 0.028629908338189125
41 0.04433917 0.8775345  0.2570293  1.         0.028615310788154602
9 0.         0.3044632  0.34004334 0.71734834 0.028498519212007523
34 0.23924737 0.24868025 1.         0.8669558  0.02834744192659855
10 0.36311337 0.34877113 1.         0.96571535 0.028247136622667313
34 0.07154261 0.4304723  1.         0.9379652  0.028183728456497192
33 0.01172548 0.38147563 0.3249785  0.761454   0.028046103194355965
24 0.4486436  0.15249912 1.         0.5186385  0.027801096439361572
18 0.0113707  0.9432636  0.09062191 0.99167705 0.027573686093091965
18 0.33328363 0.39275584 0.8807893  0.85088015 0.027512019500136375
29 0.24820572 0.4733667  0.81763077 0.97527885 0.02722601406276226
24 0.19070053 0.4817938  1.         0.9088434  0.027201225981116295
1 0.24105151 0.30073223 0.66233134 0.83305156 0.02715100161731243
27 0.        0.4211979 0.3416452 0.7374997 0.027070090174674988
24 0.02358246 0.09967633 1.         0.45105463 0.02700622007250786
1 0.34886816 0.         0.7238694  0.5389054  0.026887649670243263
36 0.223611   0.4635225  0.8071697  0.76708156 0.026854129508137703
1 0.22906281 0.25877813 1.         0.87517744 0.026677964255213737
34 0.         0.26712027 0.3289779  0.6598018  0.026608437299728394
10 0.3915875 0.5845806 0.9592625 1.        0.02644479274749756
21 0.31444407 0.         0.9445038  0.6281489  0.026421349495649338
24 0.016651   0.44605464 0.3199681  0.75415605 0.026390882208943367
41 0.8151351  0.08198713 1.         0.58844817 0.026101471856236458
1 0.04371458 0.0281534  0.7486493  0.3503296  0.02602786011993885
35 0.         0.28454092 0.30582592 0.71749663 0.025989798828959465
5 0.3222688  0.32644355 1.         0.89580506 0.025919059291481972
2 0.40377063 0.31501475 0.85013187 0.80724317 0.025813713669776917
24 0.17108582 0.3464416  0.50126356 0.83769983 0.025804486125707626
16 0.01443101 0.3782365  0.2572197  0.69181794 0.0257739145308733
36 0.21847624 0.31961346 0.8296269  0.95787215 0.025717949494719505
41 0.18123597 0.6049209  1.         0.9262545  0.02526557818055153
1 0.76991284 0.41623703 1.         0.8935755  0.024871475994586945
18 0.01425306 0.8115483  0.08679552 0.98515284 0.024851558730006218
16 0.24295096 0.5626603  0.7965923  0.75120044 0.024702388793230057
21 0.01639121 0.3156195  0.3481891  0.9560377  0.024623006582260132
20 0.         0.44592476 0.33741552 0.73539203 0.024544043466448784
10 0.         0.3821472  0.49658072 0.8467394  0.0245056115090847
16 0.32540518 0.5383045  0.74474806 0.82913023 0.024437250569462776
16 0.00369479 0.1531661  0.3139997  0.75686413 0.02443538047373295
36 0.08104225 0.40000513 0.5301249  0.7755639  0.024419160559773445
1 0.01378718 0.03726926 0.20532477 0.6026044  0.024225598201155663
24 0.365192   0.04989341 0.69318503 0.34724626 0.023837687447667122
24 0.43175533 0.07906685 0.8249731  0.5421004  0.023622004315257072
27 0.07547063 0.45786384 0.84168994 0.8360284  0.023582391440868378
21 0.39080086 0.37234104 0.9042144  0.7084349  0.023464001715183258
18 0.20232542 0.25983492 0.9475843  0.93368053 0.022974299266934395
4 0.         0.17264833 0.86667705 0.91276073 0.022920265793800354
27 0.5928755  0.37974432 1.         0.98628503 0.022729352116584778
24 0.3524513  0.06384183 0.7189649  0.5562891  0.022659381851553917
34 0.         0.44192517 0.711485   0.69615805 0.02261604741215706
18 0.5831527  0.33904794 0.88346416 0.97571504 0.022606918588280678
24 0.2741533  0.37819904 0.63167477 0.9861559  0.022488277405500412
35 0.         0.         0.75818074 0.5756647  0.022365957498550415
27 0.41486427 0.416743   0.9346496  0.9113746  0.02226441726088524
27 0.         0.40856218 0.5744526  0.89260256 0.02215590514242649
18 0.56758344 0.17397542 0.98089266 1.         0.022114651277661324
2 0.0294637  0.32903782 1.         0.94103163 0.022027166560292244
41 0.06021095 0.8382354  0.5263556  1.         0.021834222599864006
21 0.6104487  0.632852   0.95627934 0.97036135 0.021723570302128792
24 0.06990688 0.46086708 0.45667213 0.99039656 0.0215391144156456
41 0.01080822 0.70951205 0.12349898 0.94295096 0.021509481593966484
16 0.03692075 0.3262615  0.2558621  0.8421085  0.021440012380480766
16 0.363916   0.58116406 0.78550875 0.9054194  0.021435776725411415
2 0.04791973 0.31318644 0.38647756 0.65855694 0.02139810472726822
41 0.01366202 0.94657737 0.08627018 1.         0.021377790719270706
29 0.2743805  0.37498754 0.68942386 0.9443608  0.02129012532532215
1 0.38856697 0.45033053 0.8934933  0.83736515 0.021261727437376976
1 0.08984467 0.12572396 0.9790161  0.7539843  0.02122742496430874
18 0.01759781 0.8595657  0.12049342 0.9877238  0.021209219470620155
24 0.05075273 0.06056488 0.35091674 0.30001196 0.020497430115938187
16 0.07411748 0.4877112  0.5152525  0.9055413  0.020469486713409424
41 0.03952269 0.7711721  0.2360022  1.         0.02046944573521614
33 0.8179042  0.09088442 1.         0.52443755 0.020458543673157692
9 0.         0.22334272 0.919763   0.7648291  0.020416464656591415
10 0.8030811 0.7284783 0.9833785 1.        0.020328857004642487
18 0.0178721  0.6405877  0.17035146 0.950239   0.019904257729649544
1 0.5102275  0.0230564  1.         0.42557475 0.0198714230209589
5 0.40811002 0.32743225 0.96357274 0.78799146 0.019817812368273735
4 0.3800385  0.41717717 1.         1.         0.01979922130703926
41 0.03700935 0.8428788  0.32525706 1.         0.01969919167459011
41 0.85035753 0.68261343 1.         0.9532633  0.019592657685279846
25 0.01545489 0.5080865  0.7229257  0.73378026 0.019550256431102753
24 0.8433053 0.6872004 0.9988029 1.        0.019473090767860413
1 0.5658447  0.38045138 1.         0.8772162  0.019447168335318565
36 0.39579904 0.4716174  0.852683   0.92768234 0.019405348226428032
24 0.41572136 0.1258105  0.8781898  0.7109766  0.019341466948390007
2 0.06865302 0.19245519 0.47088867 0.7179092  0.01930117979645729
34 0.         0.06756257 0.45369202 0.66308504 0.019298264756798744
25 0.22634046 0.43690187 0.80803204 0.7214535  0.019295182079076767
2 0.00724688 0.23689823 0.6519948  0.86808157 0.01928933709859848
16 0.1822064  0.5180632  0.50978374 0.8245618  0.019199976697564125
36 0.3211453  0.37691677 0.7674401  0.82514226 0.019197814166545868
1 0.00767441 0.0265153  0.34405395 0.8086065  0.01869012974202633
41 0.0567289  0.77104765 0.4040337  1.         0.01867951825261116
18 0.02256796 0.89768463 0.17310774 0.98886526 0.018661167472600937
4 0.         0.42698568 0.72090864 1.         0.01836264319717884
41 0.49332938 0.8766947  0.7055163  1.         0.01827431470155716
9 0.2659292  0.552295   0.88383436 0.8980245  0.01817706972360611
16 0.14669785 0.18509717 0.970825   0.77797294 0.018004892393946648
35 0.         0.39506853 0.5454466  0.7638975  0.01792558655142784
42 0.         0.92900443 0.06102711 0.9982671  0.01786085218191147
21 0.09177992 0.         0.7148446  0.724262   0.017687469720840454
16 0.29391512 0.57845694 0.9175351  0.81566197 0.017521725967526436
35 0.         0.04893939 0.1563178  0.5798298  0.017515983432531357
24 0.44618675 0.20620775 1.         0.444166   0.017354313284158707
1 0.5982015  0.24010067 0.8866496  0.97889507 0.017331456765532494
16 0.3721204  0.22608475 0.9102688  0.86262715 0.017250200733542442
18 0.46989086 0.5396812  0.99056345 0.9354304  0.0171658992767334
25 0.00605881 0.45024854 0.8598515  0.8647622  0.017042141407728195
4 0.40929988 0.46786827 0.8308793  1.         0.01702161319553852
9 0.07197876 0.40868482 0.81736505 0.9748794  0.017012547701597214
24 0.13217835 0.09797403 0.6117375  0.3966815  0.017003551125526428
1 0.0280514  0.21821968 0.3496993  0.68366784 0.01697486825287342
36 0.29680505 0.54705286 0.8302075  0.8781053  0.01692391373217106
16 0.46103597 0.56354827 0.72838604 0.9595807  0.016837239265441895
24 0.5117046 0.5923845 1.        0.9941281 0.016717134043574333
9 0.         0.06075506 0.44551992 0.58076215 0.016691770404577255
41 0.00924994 0.9329755  0.05944281 1.         0.01661771722137928
9 0.         0.3590974  0.66439044 0.9272993  0.01661110855638981
1 0.21351339 0.12440112 0.53519267 0.82774353 0.01657109148800373
41 0.4757002  0.37013546 0.8070425  0.9624488  0.0165477953851223
24 0.3634765  0.4001424  0.72341466 1.         0.016509264707565308
9 0.         0.47209388 0.3793927  0.79847646 0.016484688967466354
34 0.         0.43661195 0.39286783 0.672203   0.016471806913614273
36 0.46732163 0.39151663 0.76642513 0.9823474  0.016471529379487038
1 0.20023741 0.         0.5353927  0.5715028  0.0164438858628273
16 0.05106917 0.4578578  0.34248653 0.8520539  0.016356240957975388
25 0.01080592 0.35799208 0.52798754 0.7143616  0.016247130930423737
4 0.2843176  0.5090873  0.91881835 1.         0.016196776181459427
2 0.05120382 0.         0.18168168 0.6952648  0.01614505611360073
24 0.19301091 0.07204977 0.5902232  0.5871806  0.015906939283013344
35 0.03793294 0.00368739 1.         0.6423838  0.015714511275291443
21 0.79505515 0.6855943  0.97083765 0.9676744  0.015566679649055004
16 0.04429794 0.1358402  0.49163225 0.7149919  0.01552333403378725
15 0.         0.38616577 0.40071276 0.68512505 0.01542211789637804
1 0.04540647 0.32627192 0.5652571  0.65114385 0.015412134118378162
4 0.01807757 0.19016485 0.5734546  0.8861007  0.015378612093627453
29 0.         0.36961403 0.3672492  0.8294391  0.015369975008070469
2 0.09203909 0.3937881  0.76589847 0.78022623 0.015285128727555275
2 0.59463114 0.26954317 0.97595745 0.9171007  0.015219067223370075
16 0.03273773 0.4417454  0.14256157 0.83417046 0.015071981586515903
2 0.01355499 0.26923186 0.16278435 0.897698   0.014937742613255978
42 0.00880202 0.68516165 0.1580349  1.         0.014917910099029541
5 0.13543198 0.307785   0.8984054  0.8990458  0.01489218045026064
10 0.03591087 0.42441985 0.6747357  1.         0.014882151037454605
10 0.14463244 0.49019262 0.6593332  0.918583   0.014863263815641403
27 0.472623  0.5266813 1.        0.9409542 0.014852416701614857
24 0.01413076 0.3118737  0.32125017 0.87563163 0.014821525663137436
25 0.51056   0.4096958 1.        0.8207585 0.014800994656980038
25 0.19084685 0.42281145 1.         0.769116   0.014777821488678455
41 0.0154082  0.8789372  0.11620419 1.         0.014764919877052307
18 0.02692768 0.71451294 0.24926494 0.98361105 0.014717087149620056
18 0.01355088 0.67560905 0.1188794  0.9152987  0.01470189169049263
33 0.38385126 0.43522757 0.9283528  0.9435951  0.014518349431455135
18 0.03996103 0.80243343 0.34758428 0.9861366  0.014515642076730728
34 0.        0.4185962 0.5948683 0.8019085 0.014430033043026924
16 0.51055866 0.565597   0.8255271  0.9457111  0.014385496266186237
18 0.8101282 0.6898609 0.9891626 1.        0.0143590671941638
10 0.01037292 0.29141942 0.30449557 0.7959903  0.014358512125909328
16 0.02245345 0.3253688  0.40430996 0.8454683  0.014146650210022926
29 0.31334957 0.45062533 0.64924294 0.84372216 0.014133593067526817
35 0.         0.10430463 0.38173547 0.78199923 0.014060890302062035
4 0.01368896 0.27518952 1.         1.         0.014036005362868309
