10 0.01642002 0.01849172 0.36717027 0.5735132  0.16235128045082092
10 0.00637215 0.04253459 0.630631   0.4855649  0.13304685056209564
10 0.         0.2319102  0.6036567  0.50486493 0.08469927310943604
10 0.02021306 0.         0.26893413 0.23002386 0.0741700679063797
10 0.02703864 0.         0.36888242 0.1626486  0.0733175054192543
41 0.9296457  0.02688282 1.         0.13267566 0.06984315067529678
41 0.9080391  0.04118587 1.         0.11804411 0.0672072172164917
1 0.02776761 0.20948349 0.76473147 0.810542   0.06662580370903015
1 0.         0.27948427 0.6257412  0.5722918  0.06529906392097473
41 0.9310959  0.05384421 1.         0.15903832 0.06437557190656662
41 0.90954155 0.06854258 1.         0.14486377 0.06424106657505035
41 0.9102246  0.095269   1.         0.17177224 0.0628679171204567
41 0.90719634 0.01521215 1.         0.09153251 0.06279689818620682
41 0.931921   0.08081341 1.         0.18644263 0.06269507110118866
41 0.92243713 0.05653041 1.         0.21180739 0.062245164066553116
41 0.8700697  0.02836213 0.99717623 0.13324833 0.060959894210100174
41 0.91026473 0.12201679 1.         0.198417   0.060314979404211044
41 0.9320254  0.10722669 1.         0.21344219 0.059654440730810165
41 0.8942754  0.10974607 0.97555697 0.26680544 0.059652816504240036
10 0.         0.01256785 1.         0.4230415  0.05923575535416603
41 0.8761487  0.02889566 1.         0.24148367 0.059006236493587494
41 0.9227564  0.10982417 0.99998456 0.26647767 0.058001577854156494
41 0.90321696 0.1351095  1.         0.24040012 0.05745372176170349
41 0.90667933 0.00211056 1.         0.14845496 0.056233491748571396
41 0.947731   0.00454436 1.         0.15517923 0.0556301586329937
41 0.8716155  0.05534446 0.99711823 0.1598078  0.05525888502597809
41 0.9033073  0.16203159 1.         0.26722687 0.05489947646856308
41 9.4750327e-01 5.6712155e-04 1.0000000e+00 7.5544193e-02 0.05473768711090088
41 0.8732818  0.08242171 0.99553114 0.18695238 0.0545438751578331
41 0.8736414  0.10904807 0.99495894 0.21369502 0.054483190178871155
10 0.01363612 0.00521312 0.14173481 0.12676865 0.0527157224714756
41 9.3010569e-01 9.8658085e-04 1.0000000e+00 5.2706707e-02 0.05215824767947197
40 0.        0.0370947 0.6330618 0.8442431 0.05185788497328758
41 0.8744972  0.0031189  1.         0.10730352 0.04976296424865723
41 0.9099876 0.2027631 1.        0.2790487 0.04942109063267708
41 0.8917253  0.00141444 0.9760972  0.07729827 0.0493520125746727
41 0.879214   0.08470927 1.         0.29790443 0.04888273403048515
41 0.85530895 0.14953412 1.         0.22569281 0.048094335943460464
10 0.01949867 0.         0.19029915 0.08972894 0.04802635312080383
41 0.85508406 0.17639367 1.         0.25236955 0.0479915477335453
18 0.8284596 0.        0.9933889 0.1191652 0.04795878753066063
41 0.87495077 0.19043091 0.9932272  0.2946868  0.046484388411045074
40 0.         0.20539698 0.62163156 0.6001702  0.04572184756398201
41 0.84443337 0.16355032 0.96990573 0.26697296 0.04572061449289322
33 0.91131765 0.0019402  1.         0.14373304 0.04528674855828285
10 0.91100955 0.         1.         0.04011592 0.045038819313049316
33 0.910298   0.01628115 1.         0.08928608 0.04497909918427467
18 0.85173345 0.         0.99595016 0.2291296  0.04490112140774727
41 0.8441977  0.13665429 0.9703934  0.24047402 0.04482658952474594
33 0.94904363 0.00470172 1.         0.15140238 0.04474546015262604
18 0.8785112  0.         0.98768026 0.08500997 0.044427089393138885
40 0.        0.        0.8041494 0.732196  0.04397650808095932
33 8.8115829e-01 2.7972541e-04 1.0000000e+00 1.8130097e-01 0.043850693851709366
10 0.89425987 0.         0.9755915  0.08116913 0.043818142265081406
41 9.1014683e-01 7.1223738e-04 1.0000000e+00 3.7851855e-02 0.0432540662586689
33 0.9114375  0.         1.         0.24364862 0.042844049632549286
10 0.8664002  0.         0.9501469  0.08208356 0.04273439198732376
10 0.87432826 0.         0.992263   0.05612058 0.04237039387226105
18 0.8589434  0.02955819 0.99718946 0.12114113 0.042315345257520676
41 0.8332856  0.11415678 1.         0.26395276 0.04228822886943817
18 0.91422063 0.         0.9966791  0.06975534 0.04223868250846863
10 0.9104754  0.         1.         0.06736746 0.041933730244636536
18 0.77519727 0.         0.9889086  0.08597936 0.04182550311088562
18 0.9323713  0.         0.9988203  0.11295646 0.041812166571617126
41 0.9319852 0.1883861 1.        0.2964732 0.04168296977877617
33 0.8799559  0.0032162  1.         0.10545374 0.04150569066405296
18 0.91135967 0.         0.99876505 0.15751036 0.04130150005221367
41 0.8727171  0.00176125 0.9922734  0.05260017 0.041284576058387756
41 0.8317437  0.05978054 1.         0.2109224  0.04116418957710266
33 0.9312286  0.02756178 1.         0.12911594 0.04113590717315674
41 0.8652004  0.00124881 0.9512667  0.07765804 0.04107755795121193
18 0.85813236 0.05536697 0.9983565  0.14726551 0.040674738585948944
21 0.81931895 0.00141343 0.9907124  0.07257512 0.0405624657869339
33 0.9483785  0.00158837 1.         0.07417375 0.04011160880327225
18 0.9503915  0.         0.99914145 0.08237694 0.03998279571533203
18 0.93415034 0.         0.9988134  0.05738304 0.039920367300510406
1 0.8669681  0.         0.9421921  0.08649784 0.039789989590644836
24 0.9334875  0.03360462 1.         0.1315636  0.03974289447069168
18 0.9116849  0.03133769 0.998952   0.11996377 0.039542991667985916
24 0.9334496  0.06034687 1.         0.15795547 0.03939853981137276
18 0.85812753 0.0814248  0.9990958  0.17404808 0.0393768846988678
18 0.8723693  0.         0.94531995 0.08278488 0.039269719272851944
40 0.        0.        0.3961984 0.7349455 0.03925962746143341
18 0.80702615 0.         0.9558017  0.16403145 0.039210524410009384
1 0.8945555  0.         0.969645   0.08541106 0.03906115144491196
10 0.9487041  0.         1.         0.07723117 0.038868919014930725
41 0.8293726  0.00582894 1.         0.15668386 0.0388588048517704
18 0.91556275 0.         0.99762106 0.0415721  0.03884045034646988
24 0.9510519  0.06476863 1.         0.21063736 0.03883042186498642
18 0.7757495  0.         0.9882472  0.23634669 0.03881366178393364
18 0.81154454 0.00260395 0.9954314  0.19083062 0.03871092572808266
18 0.85825485 0.10839932 0.9990723  0.2008333  0.03841428458690643
10 0.8767377  0.         1.         0.11209934 0.03838419169187546
18 0.8580345  0.13560541 0.9991128  0.22748007 0.037788037210702896
18 0.9111779  0.         0.99940974 0.26860598 0.037734366953372955
33 0.91026664 0.00131931 1.         0.06454387 0.037687379866838455
18 0.84811383 0.14401555 0.9644027  0.26805454 0.03765825182199478
1 0.8467329  0.         0.9568806  0.05953401 0.03763800859451294
24 0.9514222  0.01252049 1.         0.15888672 0.03752969205379486
18 0.9114722  0.05742214 0.9996906  0.14628045 0.03751488775014877
18 0.84786654 0.0641256  0.9652776  0.18762322 0.03744268789887428
24 0.9336836  0.0869102  1.         0.18482466 0.037339530885219574
1 0.87568766 0.         0.98481125 0.05899918 0.03727200999855995
18 0.85798025 0.16283154 0.9991646  0.25410435 0.037235334515571594
24 0.91216177 0.04724838 1.         0.11558074 0.037224091589450836
18 0.86630595 0.         0.99521506 0.04270372 0.0372081957757473
10 0.9306914  0.         1.         0.10824306 0.037078168243169785
21 0.8623022  0.00224682 0.9445458  0.07523875 0.03696083649992943
41 0.89449584 0.16591826 0.9739997  0.3261784  0.03688804805278778
7 0.01464127 0.02563845 0.27564803 0.60082656 0.036802154034376144
18 0.835521   0.08296263 0.99944144 0.26725632 0.03677978366613388
18 0.8551762  0.         0.96074444 0.0575359  0.03661597892642021
33 0.87657595 0.02826015 0.9980988  0.13168749 0.03659144416451454
10 0.81690156 0.         0.9413413  0.05711357 0.03658372536301613
21 0.88954085 0.00210634 0.9694961  0.07556283 0.0365610271692276
10 0.9086879  0.         1.         0.15358646 0.03655677288770676
21 0.8669255  0.00240318 0.9831812  0.05144501 0.03636502847075462
10 0.00124136 0.0127648  0.19320537 0.3075504  0.03635288029909134
10 0.83080304 0.         1.         0.08099566 0.03604283928871155
18 0.94990134 0.         0.9995655  0.16766857 0.03596050292253494
41 0.81632    0.19165523 0.9451522  0.29490137 0.03590656816959381
24 0.93379426 0.11332578 1.         0.21188015 0.03579182177782059
24 0.9121085  0.07416351 1.         0.14236277 0.03569311276078224
18 0.8584308  0.19018337 0.99938315 0.28073213 0.03564584627747536
41 0.83114696 0.00167923 1.         0.07614065 0.03551517426967621
18 0.9046354  0.06525951 1.         0.18898772 0.03551410138607025
24 0.91247284 0.02067431 0.999509   0.09023046 0.03536108881235123
41 0.83216107 0.01117596 1.         0.30426422 0.03531312942504883
10 0.875098   0.         1.         0.19440341 0.034950073808431625
18 0.9325286  0.04004661 1.         0.1629617  0.03489349037408829
24 0.91369766 0.01925771 1.         0.2519969  0.03484734892845154
24 0.9338484  0.1395757  1.         0.23871018 0.034798458218574524
41 0.85753876 0.2313752  1.         0.3081045  0.03472914919257164
7 0.07471181 0.14772803 1.         0.6985942  0.03468765318393707
21 0.8684832  0.00207932 0.99264234 0.1045489  0.0343572236597538
33 0.8949098  0.00196258 0.9768796  0.07764278 0.034319471567869186
24 0.95102197 0.11806361 1.         0.26383707 0.034236785024404526
1 0.9115479  0.         0.9960376  0.04186079 0.03419899195432663
1 0.8941123  0.10913272 0.96963596 0.28079945 0.03407009690999985
10 0.9489743  0.         1.         0.15881935 0.033967774361371994
33 0.9488453  0.05573514 1.         0.20516488 0.03394068405032158
1 0.91020226 0.01523144 0.9963265  0.09818994 0.03390498831868172
1 0.83498806 0.         0.99277824 0.08558086 0.03387510031461716
1 0.87138164 0.08099891 0.98639    0.19755912 0.03385612368583679
1 0.9117191  0.         0.9955702  0.07168915 0.033842820674180984
24 0.91239077 0.10087024 1.         0.1694364  0.033785462379455566
33 0.9322401  0.13264748 1.         0.23575354 0.03377142921090126
18 0.82032883 0.16992429 0.9382317  0.29534742 0.03374138101935387
1 0.87956494 0.         0.99500316 0.11860057 0.03366304188966751
21 0.90430623 0.0012279  0.99279505 0.06367552 0.03366287425160408
1 0.9091209  0.04194532 0.9962673  0.12533152 0.033643826842308044
24 0.9332824  0.00880989 1.         0.10632785 0.03358938917517662
41 0.8463996  0.21796395 0.96891785 0.3233889  0.03356373310089111
33 0.94914657 0.1088426  1.         0.25747323 0.03343280777335167
41 0.02837115 0.09712133 0.3202677  0.613148   0.03341365605592728
24 0.91250306 0.12726365 1.         0.19641888 0.03334309533238411
25 0.92991114 0.         0.9993372  0.04852813 0.033315520733594894
10 0.9085179 0.        1.        0.25861   0.033299803733825684
33 0.93178767 0.05339239 1.         0.15603931 0.03329068049788475
24 0.9134595  0.01205236 1.         0.1473041  0.03327241912484169
18 0.88035667 0.04683638 1.         0.29967114 0.03317625820636749
24 0.91246504 0.15362157 1.         0.2234182  0.033072371035814285
1 0.84329355 0.16006498 0.95920086 0.2788899  0.033022210001945496
1 0.81757975 0.         0.9295654  0.06016366 0.03298527002334595
24 0.9502304  0.00521977 1.         0.07809769 0.03296293690800667
18 0.92383546 0.03359392 0.99926436 0.21691956 0.03296181932091713
34 9.4890678e-01 6.0597737e-04 9.9858332e-01 1.5842561e-01 0.032949358224868774
18 0.89639175 0.08592002 0.9740687  0.26793677 0.032928477972745895
18 0.8294347  0.         0.93463624 0.05832878 0.03290773928165436
1 0.9089545  0.06847912 0.9960547  0.15175338 0.032696641981601715
21 0.810434   0.00338631 0.93363404 0.05024296 0.03269261494278908
18 0.7566951  0.         0.9564957  0.12414299 0.032610997557640076
33 0.93217164 0.10577396 1.         0.20930307 0.03255518153309822
1 0.87264806 0.1344461  0.98594636 0.25029436 0.0325135737657547
25 0.907105   0.         0.9998453  0.03438238 0.032508160918951035
34 0.9483596  0.         0.9977289  0.07659746 0.03248687833547592
24 0.93401307 0.16599071 1.         0.26618257 0.032415229827165604
1 0.93151796 0.05437313 0.9978217  0.16911857 0.03227994963526726
1 0.84255457 0.10721316 0.9590916  0.22603232 0.03226475045084953
1 0.909268   0.09539708 0.99629396 0.17806852 0.03226326406002045
1 0.87212265 0.02820444 0.9887685  0.14381164 0.032236747443675995
1 0.8527394  0.12089168 0.99352837 0.20737274 0.03215161710977554
18 0.91206676 0.11083962 1.         0.20051499 0.03213159367442131
24 0.9124031  0.17998105 1.         0.2504678  0.0320785753428936
1 0.92240804 0.05558858 0.9962266  0.22676323 0.03195195645093918
33 0.9117724  0.14756948 1.         0.2222598  0.03192443773150444
1 0.87695235 0.024484   0.99664575 0.26507738 0.03192119672894478
10 0.01630803 0.         0.71159184 0.30074742 0.031904835253953934
24 0.89720553 0.12229093 0.97383904 0.26118812 0.03188285976648331
33 0.9321944  0.07930595 1.         0.18280734 0.031849294900894165
21 0.8174037  0.00307494 0.99272066 0.14758775 0.031717631965875626
1 0.9326887  0.         0.9976556  0.05774656 0.031656160950660706
25 0.9073862  0.         0.99714875 0.05936856 0.031631797552108765
1 0.85222274 0.06675927 0.99395823 0.1546441  0.03156980499625206
33 0.9323512  0.15966819 1.         0.26240984 0.031402986496686935
1 0.90222883 0.1081384  0.9968738  0.2225548  0.03137895464897156
10 8.8029087e-01 3.0715944e-04 9.9997610e-01 3.1766245e-01 0.031319476664066315
1 0.9108668  0.         0.9964953  0.16334562 0.03121260181069374
33 0.9121174  0.12066778 1.         0.19584446 0.031161651015281677
18 0.9049695  0.11925452 1.         0.24326259 0.031154967844486237
33 0.9116156  0.17441584 1.         0.24881366 0.03113766945898533
21 0.9055491  0.00111556 0.9931956  0.03744419 0.031133558601140976
40 0.94612634 0.00529051 1.         0.16599545 0.031128471717238426
1 0.82955587 0.10675196 0.99403    0.2818924  0.031127171590924263
24 0.87694377 0.03724898 0.99169785 0.12899499 0.031096622347831726
7 0.36577564 0.2545243  0.99415797 0.8025807  0.030939772725105286
25 0.9482931  0.         0.9987496  0.07134223 0.030932128429412842
1 9.3208337e-01 8.1580481e-04 9.9738938e-01 1.1504873e-01 0.030739370733499527
10 0.7753694  0.         0.9317496  0.04284559 0.030688326805830002
1 0.8536855 0.1743588 0.9939726 0.2602961 0.030634421855211258
34 0.92984104 0.         0.9967797  0.10663824 0.030540527775883675
33 9.1000521e-01 7.2916510e-04 1.0000000e+00 3.8268864e-02 0.03049062378704548
33 8.3410990e-01 7.2255137e-04 1.0000000e+00 7.6960005e-02 0.03045465424656868
25 0.9291977  0.         0.9973927  0.09884521 0.0304353516548872
1 0.83413315 0.         0.99588454 0.17248595 0.030432099476456642
21 0.9270024  0.00125112 0.9952348  0.05216001 0.030405523255467415
1 0.9500637  0.         0.9978817  0.08285986 0.03035716526210308
41 0.00950391 0.28671077 0.5292396  0.5548872  0.030329521745443344
1 0.9498681  0.05708843 0.99832696 0.22385935 0.03031677007675171
33 0.8733837  0.0016424  0.99347895 0.05360235 0.029961228370666504
41 0.83573025 0.16992302 1.         0.32023373 0.029799897223711014
21 0.90229493 0.         0.99445456 0.14588967 0.02978372760117054
18 0.9333703  0.0933889  1.         0.21731272 0.029773663729429245
40 0.94589204 0.10780264 1.         0.269117   0.0296951737254858
40 0.90255535 0.         1.         0.27158493 0.029644275084137917
10 0.87000746 0.02162944 0.99622977 0.13480392 0.02962804026901722
1 0.92248917 0.10916673 0.99592155 0.27848607 0.029597660526633263
34 0.9485331  0.0538286  0.99906355 0.20972863 0.029536588117480278
40 0.94584584 0.0021037  1.         0.08063354 0.02951236441731453
1 0.8297468  0.05350152 0.9950531  0.22896136 0.029471784830093384
24 0.88283074 0.01780024 1.         0.18308586 0.029400916770100594
1 0.9098122  0.14891507 0.9965025  0.23057938 0.029363537207245827
1 0.84200144 0.05382925 0.9607189  0.1732517  0.02934250235557556
18 0.86124486 0.21814778 0.99947685 0.3077524  0.029305094853043556
41 0.92204756 0.1639109  0.99819094 0.32922974 0.029282087460160255
24 0.8762904  0.06453297 0.992799   0.15515204 0.029215620830655098
18 0.9116496  0.16522858 1.         0.25401843 0.02919551357626915
21 0.92572147 0.00104828 0.9950885  0.10415075 0.02918308414518833
18 0.9239441  0.08864314 0.9998745  0.2708293  0.029178423807024956
25 0.9067305  0.         0.9959128  0.13845137 0.029152369126677513
18 0.80407536 0.         0.9082906  0.05920726 0.02914794534444809
10 0.9311736  0.18706965 0.9993855  0.29256725 0.029141977429389954
40 0.94555444 0.05452282 1.         0.21851385 0.029037153348326683
33 0.8381803  0.00113379 1.         0.29764685 0.02902412787079811
1 0.05352468 0.3017535  0.63020205 1.         0.028998473659157753
1 0.9505528  0.00386848 0.9979763  0.16983712 0.028993429616093636
25 0.94860315 0.         0.9980817  0.14976932 0.028928104788064957
25 0.86789876 0.         0.98914045 0.04763622 0.028902297839522362
4 0.         0.32037425 0.9573873  0.72822237 0.028900589793920517
24 0.87657523 0.14380941 0.99262506 0.2370827  0.028888463973999023
40 0.9267621  0.13141751 1.         0.24368815 0.02883639559149742
1 0.85391635 0.2005867  0.99374014 0.28715068 0.028655214235186577
24 0.93275416 0.00442333 1.         0.05443029 0.028644371777772903
34 0.9077589  0.         0.99548537 0.2599994  0.028606778010725975
33 0.87796134 0.05375953 0.9991564  0.15829664 0.02859651669859886
25 0.8723353  0.         0.9952455  0.09818956 0.028545383363962173
33 0.8790259  0.13219753 0.99775577 0.23728931 0.028472622856497765
1 0.9031635  0.16106474 0.9965202  0.2753135  0.028465289622545242
24 0.8762381  0.09108105 0.99272025 0.18236408 0.028429070487618446
10 0.9072971  0.03753687 1.         0.11853205 0.028403544798493385
1 0.8330401  0.         0.9954566  0.33478746 0.028391381725668907
40 0.9258247  0.00177004 1.         0.11242577 0.028344333171844482
24 0.87640935 0.11754853 0.9928412  0.20969534 0.028287222608923912
25 0.88941807 0.         0.9714672  0.0707907  0.028286611661314964
24 0.87678367 0.16994762 0.992711   0.26484206 0.028271744027733803
1 0.93201154 0.1342184  0.99806213 0.24749222 0.0282590351998806
24 0.88222814 0.01147018 1.         0.10590592 0.028210977092385292
18 0.8393651  0.13955313 0.99986666 0.32126227 0.028208406642079353
21 0.64261466 0.00134202 0.9667132  0.06966152 0.028197770938277245
5 9.2976332e-01 8.8080729e-04 9.9854547e-01 5.1783018e-02 0.02812829427421093
25 0.9066274  0.01224246 0.99465317 0.08655893 0.028101278468966484
1 0.81350946 0.1856203  0.9322151  0.30635878 0.028066953644156456
24 0.8961472  0.00841308 0.9735798  0.07704188 0.02801165170967579
40 0.9270579  0.00133734 1.         0.05584538 0.027981620281934738
34 0.94876957 0.10747551 0.9997575  0.2644642  0.027813002467155457
24 0.91264457 0.20624052 1.         0.27852318 0.027781441807746887
25 0.9286194  0.07853377 0.9963953  0.18211673 0.02777167409658432
25 0.9296493  0.13268    0.9968089  0.23544832 0.027731815353035927
25 0.92809814 0.05110484 0.9961121  0.15528668 0.027720361948013306
21 0.9023981  0.         0.9935777  0.24795808 0.027719341218471527
40 0.901962   0.         1.         0.15878835 0.027666905894875526
33 0.87879735 0.15904862 0.99728894 0.26388094 0.02760852314531803
33 0.86833674 0.00230956 0.9511598  0.07883886 0.02760222926735878
25 0.9475218 0.0509864 0.9977261 0.2048905 0.027536798268556595
18 0.91182894 0.1931416  1.         0.28083786 0.027521058917045593
25 0.9079604  0.17518903 0.99455935 0.24856082 0.027511032298207283
25 0.9292078  0.10578281 0.99667567 0.20852494 0.02746575139462948
25 0.928654   0.0241762  0.9963027  0.12777062 0.02744365856051445
40 0.        0.        0.3492098 1.        0.027411233633756638
18 0.19378124 0.         0.93184733 0.39501297 0.027385303750634193
25 0.93019176 0.15970853 0.9969695  0.2630447  0.02736514061689377
25 0.90679973 0.         0.9958651  0.23811188 0.02734788879752159
5 0.94813675 0.00115797 0.99948704 0.07451093 0.027300072833895683
34 0.93064976 0.13166344 0.99924755 0.23976713 0.02729734778404236
1 0.9497351  0.11007352 0.9983812  0.2757172  0.027202637866139412
21 9.4555706e-01 5.5022875e-04 9.9622113e-01 7.5343512e-02 0.02717464417219162
33 0.87924856 0.10545984 0.9982594  0.21103911 0.027172045782208443
1 0.         0.12630577 0.71902174 0.6337913  0.027159523218870163
34 0.9300403  0.         0.9955292  0.05304676 0.02715837024152279
25 0.9072064  0.14845733 0.9943158  0.22142445 0.027112293988466263
