24 0.11356384 0.57449454 0.92121667 0.9217601  0.34846997261047363
24 0.17281657 0.69027066 1.         0.9368197  0.30235451459884644
24 0.1482464  0.5730011  0.78449523 0.8377357  0.29945075511932373
24 0.19610937 0.8287051  1.         0.9615092  0.15570080280303955
24 0.03798752 0.17425896 0.7578139  0.6650157  0.14014305174350739
24 0.30203798 0.73594344 0.9522333  0.95525426 0.12069982290267944
28 0.         0.12646009 0.27936295 0.75942487 0.11035284399986267
24 0.10358033 0.18393551 1.         0.5753493  0.10955940186977386
24 0.18331549 0.24125893 0.83234596 0.7826418  0.1086181178689003
24 0.05911158 0.33629563 0.98783976 0.8162183  0.10606219619512558
24 0.21284394 0.49217063 0.7056617  0.82370514 0.10257960855960846
28 0.04004924 0.09796693 0.68776673 0.46151817 0.08162015676498413
24 0.38112187 0.77351123 1.         0.96646386 0.07468795031309128
28 0.         0.18924183 0.3687444  0.8234956  0.07051419466733932
24 0.2513325  0.60930276 1.         0.9707469  0.06644707173109055
21 0.15626597 0.4723568  1.         0.96310526 0.06263728439807892
24 0.12006211 0.32465848 0.690734   0.8092275  0.0609995536506176
24 0.259212   0.5491304  0.5777301  0.93475556 0.059788256883621216
24 0.21184245 0.629403   0.7992743  0.94488174 0.05886825919151306
41 0.5361584  0.71088445 1.         1.         0.054792679846286774
38 0.0576986  0.16803801 0.9107569  0.4763249  0.05446142330765724
24 0.56976086 0.6892489  0.9424291  0.9350755  0.05373945087194443
40 0.15477565 0.2706682  1.         0.9449709  0.04640231654047966
28 0.0056192  0.12763757 0.30402312 0.47747907 0.04508831724524498
24 0.12325816 0.48508018 0.83343744 0.74421763 0.04492981731891632
24 0.00855527 0.12921816 0.52174693 0.73937005 0.043724238872528076
27 0.30074617 0.18643221 0.9092199  0.5936013  0.042526740580797195
24 0.30949226 0.23019888 0.87580526 0.5313598  0.041873443871736526
24 0.465424   0.5943957  0.83608556 0.9702818  0.041078634560108185
9 0.07258721 0.5351392  0.720988   0.8880573  0.04028674215078354
27 0.09917916 0.22361013 0.77421886 0.5268832  0.03927479684352875
28 0.1961261  0.02933042 1.         0.2918542  0.036420080810785294
27 0.14051081 0.2726983  1.         0.636899   0.03632809966802597
38 0.         0.07689948 1.         0.38812536 0.03615695238113403
1 0.17245369 0.46148154 1.         0.9440499  0.03600184619426727
28 0.12900287 0.06382912 0.92400646 0.3842144  0.03478442132472992
21 0.19785956 0.47157565 0.77217305 0.9197865  0.0339503288269043
27 0.10564769 0.11471555 0.5978268  0.5540413  0.033875107765197754
34 0.         0.58464843 1.         0.98722386 0.03318994492292404
24 0.57968616 0.22053854 1.         0.5177883  0.032999929040670395
27 0.         0.1897078  1.         0.90259624 0.03158527612686157
24 0.15299998 0.11629689 0.6406298  0.46544683 0.031574979424476624
27 0.         0.05936905 0.8790654  0.6027245  0.029324617236852646
28 0.07454737 0.04052676 0.46413824 0.47634268 0.027790725231170654
24 0.20820405 0.2675761  0.7359899  0.6383405  0.02766900137066841
1 0.36155483 0.67173225 0.9350586  0.9952229  0.027277207002043724
41 0.34076765 0.62504935 0.97096276 1.         0.02590799890458584
1 0.         0.23106311 1.         0.90685886 0.02549627237021923
1 0.5389219  0.69781566 1.         1.         0.02549012377858162
24 0.59959596 0.82769334 1.         0.965165   0.02321876958012581
27 0.         0.17312673 0.770585   0.9911127  0.02258821576833725
28 0.08066025 0.19839928 0.70221645 0.4255483  0.022555992007255554
1 0.35914347 0.5190623  0.87909424 0.97243536 0.022532721981406212
24 0.353943   0.11453212 0.8416383  0.46061826 0.022265778854489326
25 0.         0.30547017 1.         0.890334   0.022223491221666336
27 0.25022414 0.13579029 0.75706935 0.54181004 0.021760709583759308
1 0.         0.         1.         0.72767663 0.021759478375315666
24 0.709288   0.71933675 0.98843294 0.92238873 0.021245170384645462
24 0.52673095 0.3585266  0.970328   0.83855563 0.021110113710165024
38 0.        0.1363568 0.6573782 0.5076076 0.0210314579308033
24 0.20563428 0.413038   0.52464634 0.8156363  0.020802218466997147
28 0.02506131 0.21197478 0.50773287 0.49287605 0.020687561482191086
24 0.10152934 0.47439408 0.58902144 0.8281465  0.020671416074037552
41 0.27329212 0.69304776 1.         1.         0.020439544692635536
24 0.2740699  0.36039722 0.6426724  0.85014135 0.020189771428704262
28 0.         0.3967201  0.29089814 0.8499814  0.01966392993927002
24 0.21682663 0.35199925 0.76354367 0.72063607 0.019549652934074402
28 0.00128911 0.14708361 0.5350722  0.61818373 0.018738314509391785
1 0.2233308  0.64549094 1.         0.97362804 0.018342014402151108
2 0.26864913 0.5070272  0.7899715  0.9039083  0.018334390595555305
25 0.         0.16381188 0.73239505 0.77092326 0.018066726624965668
24 0.7038014  0.7722139  1.         0.96068573 0.01766977459192276
9 0.05057111 0.50997883 0.8585013  0.9852725  0.017560232430696487
27 0.18838094 0.10560669 1.         0.7043794  0.017457999289035797
25 0.         0.5092688  0.96084994 0.93485874 0.017438916489481926
24 0.27439076 0.10096391 0.71616286 0.43079844 0.01740971952676773
2 0.24121064 0.46735242 0.91609836 0.99272007 0.016708670184016228
41 0.54329234 0.657107   0.91597384 1.         0.01654420606791973
28 0.         0.22560838 0.5060484  0.699664   0.016483217477798462
1 0.4460272  0.10841858 1.         0.89562076 0.01639251969754696
24 0.12234124 0.04657019 0.90043306 0.2827468  0.016315342858433723
1 0.5569742 0.5980381 0.8592605 1.        0.015498246066272259
24 0.2211132  0.22550996 0.69483197 0.5403202  0.015424803830683231
24 0.27532282 0.6639323  0.6697751  0.9412925  0.015046088956296444
27 0.42167577 0.296001   1.         0.66990095 0.014962133951485157
24 0.44330466 0.17543696 0.9654523  0.5487755  0.014575489796698093
34 0.18893924 0.6078045  0.9161044  0.94774914 0.014367775991559029
21 0.11463165 0.25213054 1.         0.90212995 0.01425207406282425
38 0.05623123 0.04566405 1.         0.27886862 0.014094298705458641
41 0.51465565 0.8172118  1.         1.         0.01356671005487442
27 0.         0.         0.3301648  0.82725763 0.01356496661901474
24 0.25856414 0.10903908 1.         0.48978424 0.01329610776156187
24 0.35297328 0.33013186 0.7154478  0.78827965 0.013163416646420956
25 0.         0.41424125 0.66765344 0.91962516 0.01312661450356245
24 0.4884596 0.1774689 1.        0.7408242 0.013116548769176006
27 0.         0.01464906 0.6733975  0.29235846 0.012939347885549068
1 0.29536834 0.42487425 0.74354625 0.9465686  0.012818741612136364
40 0.00739563 0.32689035 0.7753382  0.87950695 0.012544863857328892
41 0.54446787 0.5775044  1.         1.         0.012468894012272358
24 0.09676031 0.2089614  0.5654015  0.52507055 0.012448408640921116
28 0.2011254 0.1149977 0.7339096 0.4070698 0.01219308003783226
34 0.00942444 0.31966293 1.         0.8266075  0.011958089657127857
1 0.         0.19108663 0.9578241  0.7451519  0.011925572529435158
25 0.         0.66965264 1.         0.95695335 0.011887796223163605
28 0.         0.18942071 0.28030235 0.5553895  0.011713176965713501
24 0.348696   0.29991126 0.8998621  0.6567637  0.01169348694384098
28 0.173057   0.14576797 0.86013144 0.53924894 0.011612055823206902
24 0.07365196 0.34365594 0.51427805 0.6905483  0.011343616060912609
1 0.21524626 0.49429154 0.72835016 0.82056    0.011250442825257778
41 0.8470391 0.6913189 1.        1.        0.011168666183948517
34 0.14016572 0.7042093  1.         0.9612946  0.011010061018168926
41 0.24516937 0.7820315  0.9511657  1.         0.010849752463400364
21 0.2213942  0.44833702 0.5990934  0.89121115 0.010796169750392437
41 0.72362804 0.7141092  1.         1.         0.010703513398766518
37 0.2980749  0.277729   0.87275493 0.5621592  0.010609976947307587
1 0.         0.02146207 0.9447522  0.54579204 0.010600419715046883
28 0.28502598 0.17453195 0.8111287  0.42850435 0.010498191229999065
24 0.1854786  0.02782366 0.56052583 0.2172991  0.010336006991565228
25 0.10576183 0.18723142 0.69373554 0.47132102 0.010132762603461742
9 0.08874886 0.24251868 0.8118145  0.9270123  0.009877919219434261
25 0.         0.25016978 1.         0.68358237 0.009789146482944489
9 0.21605794 0.49134257 0.5624005  0.96091557 0.009707002900540829
24 0.         0.14718905 0.34228176 0.6532947  0.009455538354814053
41 0.18295065 0.6612863  0.87147546 0.98462933 0.009441296570003033
1 0.49729183 0.5147066  0.7961825  0.9677866  0.009383494965732098
41 0.21948528 0.61258936 0.73382103 0.8988623  0.00932570081204176
27 0.         0.02818296 0.46396008 0.52501863 0.00926282163709402
4 0.         0.44824073 0.9431053  1.         0.009247472509741783
4 0.        0.3165269 0.7450866 0.9298916 0.009207126684486866
40 0.08794363 0.3623689  1.         1.         0.009046722203493118
25 0.         0.20816717 0.5260021  0.8220307  0.009014341048896313
24 0.61241144 0.28109604 0.96702343 0.5544762  0.0088952099904418
27 0.03624348 0.32795504 0.335702   0.91974115 0.008826847188174725
20 0.28321192 0.2314706  0.72589976 0.4802241  0.008809814229607582
34 0.10419691 0.53559387 0.8199556  0.84547526 0.008707086555659771
38 0.00989833 0.23929632 0.9222032  0.55126625 0.00857649464160204
38 0.013748   0.13948074 0.35641563 0.5294831  0.008436577394604683
9 0.15650058 0.4514025  0.65468466 0.8233088  0.008337438106536865
25 0.         0.7681522  0.91342056 0.9814096  0.008281135931611061
28 0.         0.296474   0.28716552 0.6644422  0.008250793442130089
1 0.5235524  0.53893745 0.9776667  1.         0.00810262281447649
24 0.09571528 0.03917817 0.62143123 0.40240368 0.008060702122747898
24 0.36309114 0.24546985 0.99607086 0.86757183 0.007990743964910507
28 0.         0.34293935 0.56981164 0.8643984  0.007784511893987656
24 0.39263448 0.43414012 0.7539981  0.87558097 0.007782062515616417
40 0.01471659 0.237053   0.47251272 0.76867086 0.0076704006642103195
24 0.38147524 0.6914114  0.7899364  0.9834452  0.007512718439102173
19 0.         0.         0.33326972 0.15503617 0.007431900594383478
40 0.02628662 0.5192937  1.         1.         0.007366759702563286
24 0.86346704 0.88082165 1.         0.9764591  0.007297429256141186
21 0.32887837 0.52029824 0.9633472  0.9549806  0.007259199861437082
14 0.15301685 0.21830061 0.8240755  0.538042   0.007184750400483608
27 0.07757556 0.3069262  0.68102896 0.8708772  0.0070130908861756325
27 0.14751121 0.21856332 0.866125   0.75286305 0.006896649487316608
23 0.21728428 0.3292536  0.99175817 0.9232828  0.00680710980668664
34 0.2625456 0.4279034 1.        0.8091388 0.0067794001661241055
25 0.25478327 0.76003677 1.         0.9735624  0.006676637567579746
28 0.06455424 0.13379756 0.78222656 0.6796988  0.006609694100916386
38 0.29816368 0.12293258 1.         0.46395397 0.006565301679074764
24 0.6675143  0.60036194 0.98350865 0.8790847  0.006550961174070835
24 0.30410296 0.51869625 0.8869764  0.88343304 0.006546280346810818
1 0.         0.12157784 0.5663201  0.8073064  0.006528675090521574
27 0.02757134 0.15602171 0.4258089  0.97614187 0.006457946728914976
25 0.00308846 0.47620946 0.4663689  0.9242371  0.006383427884429693
24 0.13855843 0.2613886  0.5788613  0.607538   0.006375540047883987
24 0.02542653 0.66896987 0.6072854  0.9081187  0.00623326376080513
24 0.14771564 0.52159977 0.46182457 0.8420598  0.00621349411085248
25 0.         0.40376893 0.57896394 0.7945525  0.006130666472017765
20 0.43212616 0.17965731 0.81843466 0.4870042  0.006060482002794743
7 0.10887653 0.26231912 0.8584839  1.         0.006056318059563637
4 0.        0.443746  0.6284965 1.        0.006055447738617659
21 0.3448937  0.71889114 1.         1.         0.006022230256348848
34 0.3941808  0.60627395 0.85776764 0.9277418  0.006016833242028952
41 0.8240634 0.547691  1.        1.        0.006015765480697155
25 0.         0.20623487 0.60707986 0.49823537 0.006008101161569357
34 0.3293031  0.77400285 1.         0.9803045  0.005964844487607479
34 0.07450978 0.10815839 0.95298517 0.73335683 0.005930256098508835
1 0.02169576 0.07562403 0.68251926 0.48295784 0.005917454604059458
24 0.1682844  0.05433708 0.96768224 0.42009565 0.005905083380639553
24 0.29845074 0.4237707  0.85451835 0.782357   0.005755191668868065
1 0.18400411 0.0377271  1.         0.7041811  0.005671519320458174
25 0.         0.82107455 1.         0.9871309  0.005534246563911438
24 0.0131473  0.13776046 0.4249665  0.42349535 0.005475434474647045
19 0.         0.05004616 0.5417747  0.57707614 0.005438269581645727
27 0.22986768 0.05236224 0.98081046 0.4996629  0.005393731873482466
1 0.2683088  0.35236356 0.8155909  0.8106904  0.00532930763438344
24 0.74065715 0.21896096 1.         0.5544197  0.005315619986504316
40 0.         0.10348848 0.8248946  0.5185063  0.005263081751763821
27 0.08450175 0.2390197  0.5919612  0.69431263 0.005258549936115742
28 0.0257494  0.06095368 0.3668451  0.4032072  0.005181663203984499
5 0.         0.         0.6863802  0.91712505 0.005109573248773813
1 0.21386527 0.24246949 0.8402196  0.68080294 0.005097278393805027
28 0.        0.5416318 0.3611108 0.853843  0.005085713230073452
1 0.41457987 0.18052185 1.         0.51677513 0.005069815553724766
24 0.788619   0.61239386 0.9779212  0.8976535  0.0049955109134316444
4 0.        0.3524927 0.5448116 0.8784546 0.00495979655534029
34 0.3194906  0.3401425  0.7519392  0.77254945 0.00494285998865962
14 0.10210541 0.12416667 0.62181324 0.55162257 0.0049286880530416965
22 0.         0.33176056 0.37645012 0.8686599  0.004915244411677122
25 0.34162953 0.20485595 0.89316696 0.4999287  0.004912831354886293
27 0.         0.01583499 0.27911833 0.5440756  0.004883266985416412
36 0.02452263 0.22260596 0.86658806 0.866296   0.004829640034586191
40 0.04922043 0.16879736 0.9650822  0.6340314  0.004812882747501135
38 0.         0.09691887 1.         0.5420574  0.004801272880285978
1 0.14158611 0.37684005 0.6441289  0.8941541  0.004762500058859587
28 0.         0.5525615  0.24119711 0.9194572  0.004758951719850302
24 0.         0.15627724 0.28945252 0.42495674 0.004752162843942642
1 0.40984142 0.         1.         0.62462515 0.004733243491500616
1 0.1357589  0.23201808 0.8364803  0.48841366 0.004729163832962513
22 0.         0.0870147  0.71869063 0.7843312  0.004724927246570587
25 0.0546431  0.26296753 0.6199441  0.57550037 0.004679050762206316
25 0.82065296 0.867158   1.         0.9924443  0.004671049769967794
13 0.01311249 0.41297376 0.2947603  1.         0.004657118581235409
25 0.         0.17788889 0.9197701  0.5275457  0.004598718136548996
34 0.26929492 0.2797     0.9397941  0.55943847 0.004572671372443438
1 0.3805914  0.80782944 1.         1.         0.004566713701933622
24 0.86089814 0.83160394 1.         0.96876884 0.004565016366541386
28 0.40074095 0.09881241 0.9444909  0.41510454 0.004540994763374329
14 0.         0.00194419 0.72418344 0.31712937 0.00447074044495821
25 0.         0.56466866 0.6733241  0.86505353 0.004468985367566347
27 0.46628085 0.08233007 1.         0.94540405 0.004397174809128046
41 0.5752044 0.4027926 0.9616722 1.        0.0043927645310759544
24 0.05728269 0.09370343 0.51730835 0.48062888 0.004387982189655304
6 0.05903281 0.20972463 0.3150521  0.74173415 0.004361635539680719
20 0.28706956 0.28790313 0.70259345 0.5575209  0.00434286380186677
41 0.9039093 0.8651058 1.        1.        0.004295365884900093
24 0.5167478 0.3814841 0.9419093 0.6712417 0.004295309539884329
1 0.22794859 0.16177018 0.9654522  0.6104446  0.004289787728339434
5 0.2864012 0.        0.8187885 0.574519  0.004259638953953981
28 0.17674796 0.01718666 0.59484804 0.30335924 0.004228276666253805
5 0.         0.00725731 0.9520972  0.8358671  0.0042217327281832695
41 0.6936962  0.81468093 1.         1.         0.004220179282128811
19 0.31798983 0.11617066 0.70938426 0.57481873 0.00421553710475564
34 0.25910434 0.33801636 0.9964041  0.6210482  0.0042037395760416985
4 0.14334789 0.620262   1.         1.         0.004190166015177965
35 0.221711   0.19833407 0.7962315  0.5008614  0.004179263487458229
19 0.         0.00857829 0.4097888  0.2319481  0.004167662467807531
41 0.68183964 0.63054484 1.         1.         0.0041386219672858715
33 0.18190545 0.6082711  0.7729183  0.84446883 0.004132431466132402
13 0.08573037 0.13356166 0.6410966  0.6116486  0.004127154126763344
28 0.00360575 0.68933237 0.17336546 0.9362855  0.004098937381058931
29 0.15565029 0.42189562 0.9028837  0.8979291  0.004087375942617655
1 0.23920023 0.34128356 0.55253834 0.9408376  0.004066248890012503
25 0.         0.1036581  0.7918715  0.44528648 0.003996042534708977
25 0.         0.68060184 0.53255266 0.93924785 0.003956214990466833
41 0.30909532 0.47312114 0.91628295 0.9514262  0.0039507485926151276
36 0.05893667 0.4137146  0.96521854 1.         0.003918233793228865
34 0.05928424 0.47019157 0.8729144  0.7310965  0.0039048490580171347
19 0.15445186 0.16107275 0.56618506 0.55985236 0.003873480251058936
25 0.        0.8411118 0.7385722 0.9872627 0.0037838914431631565
6 0.04588554 0.1002508  0.2767909  0.65477335 0.0037711746990680695
22 0.17186117 0.08815123 0.6387811  0.48310187 0.0037677139043807983
13 0.02526266 0.42106524 0.64778835 1.         0.0037544199731200933
41 0.9466951  0.9252626  1.         0.99602246 0.0036906630266457796
35 0.         0.12786819 0.6647631  0.75702006 0.0036240352783352137
24 0.04580148 0.45126405 0.43530667 0.7839967  0.0036097639240324497
24 0.0488179  0.6040968  0.52888376 0.86697876 0.003591893706470728
24 0.77819335 0.1584482  1.         0.49276286 0.0035121075343340635
25 0.900664  0.9265421 1.        0.9991497 0.003488138085231185
27 0.58055204 0.2525003  1.         0.721031   0.0034648452419787645
22 0.03742577 0.         0.83195806 0.27125338 0.0034641907550394535
38 0.         0.13052396 0.40093756 0.7521993  0.0034497317392379045
5 0.15845168 0.         0.6630519  0.58507925 0.0034147780388593674
27 0.34537053 0.18061046 1.         1.         0.0033665562514215708
22 0.32165986 0.         0.78105605 0.25720394 0.003364793723449111
40 0.         0.03882948 0.55578506 0.4099154  0.003355922643095255
25 0.         0.24399367 0.6857838  0.68413585 0.0033116790000349283
22 0.         0.         0.50516075 0.71039563 0.0033067939803004265
24 0.6309011  0.35273165 0.9420095  0.6104015  0.0033030854538083076
25 0.         0.21947917 0.35601947 0.50998086 0.0032910848967731
34 0.         0.24011053 1.         0.6442132  0.003274595830589533
25 0.18103226 0.2921038  0.9348684  0.5740273  0.0032711506355553865
36 0.         0.28787014 0.58716744 0.93338686 0.00326546817086637
19 0.00238515 0.0619723  0.71605986 0.6560532  0.0031944788061082363
21 0.21610093 0.6593856  1.         0.9362488  0.0031895677093416452
2 0.19844887 0.43784955 0.6841626  0.9746907  0.003166841808706522
28 0.         0.25435826 0.44273928 0.5909652  0.003161915810778737
37 0.01930862 0.2660708  0.7372638  0.8420167  0.0031514905858784914
27 0.36480883 0.07268776 0.79185784 0.46621573 0.00313001056201756
1 0.01684469 0.1681087  0.54502255 0.5057135  0.003106234595179558
6 0.24076806 0.         0.91421473 0.33748418 0.003105757525190711
24 0.8301559  0.90927225 1.         0.97581667 0.0031036720611155033
22 0.         0.5085932  0.4290795  0.87008476 0.0030983344186097383
24 0.630819   0.08325731 1.         0.5010229  0.003095763735473156
1 0.7455102 0.6826363 0.9887069 1.        0.003085755044594407
1 0.70823663 0.79338276 0.9980294  1.         0.003067683195695281
14 0.18067862 0.28367552 0.79266757 0.63732994 0.0030673611909151077
40 0.14035465 0.5525864  0.833511   0.93650717 0.0030391630716621876
7 0.23602723 0.10791011 1.         1.         0.0030363828409463167
24 0.9250214  0.93179923 1.         0.9995318  0.003030850552022457
1 0.45816174 0.25765496 0.75185996 0.9098028  0.003010447835549712
4 0.46541423 0.32306916 0.9458365  1.         0.003010147251188755
36 0.12498205 0.35848624 0.76102525 0.88875246 0.0030023816507309675
38 0.         0.23516646 0.3986044  0.58766246 0.002975150942802429
9 0.07977723 0.56101054 0.58652234 0.8227529  0.0029573068022727966
38 0.05459791 0.12455953 0.4291627  0.42780128 0.002954067662358284
29 0.06466553 0.4102254  0.6228131  0.92152673 0.0029539847746491432
1 0.36672363 0.18227671 0.7587379  0.7333181  0.002925502136349678
40 0.         0.07804561 0.321777   0.7039309  0.0029056344646960497
27 0.06791674 0.33795127 0.55305654 1.         0.002895436016842723
