24 0.         0.552692   0.83792543 0.9450499  0.13194894790649414
21 0.02782893 0.36585626 0.46965197 1.         0.11921903491020203
21 0.         0.38805267 0.6709187  0.93368745 0.1044912338256836
24 0.2990205  0.08320348 0.80954397 0.4667256  0.07701978087425232
24 0.        0.6161911 0.5171798 0.9205476 0.0735609382390976
21 0.05179257 0.42271143 0.32409075 0.9947687  0.07066222280263901
24 0.13712166 0.21710335 0.9782425  0.7180892  0.0488910973072052
34 0.05388169 0.16295604 1.         0.66004205 0.04339764639735222
24 0.22080733 0.19101466 0.8408836  0.4900036  0.04159511625766754
24 0.04086241 0.55482626 0.41285634 0.95945966 0.041505489498376846
24 0.15445295 0.14559929 0.90077955 0.5682479  0.03811489790678024
34 0.32760778 0.08211866 0.9980955  0.6735297  0.03530598059296608
21 0.         0.7046923  0.6120622  0.97529393 0.03423609957098961
21 0.03444682 0.44886813 0.22438495 1.         0.03375105559825897
33 0.21875939 0.05509171 0.95934165 0.72847605 0.033642880618572235
41 0.09969536 0.8276352  0.9268722  1.         0.03280958533287048
24 0.07039665 0.35829386 0.8801235  0.8651883  0.03265798091888428
34 0.2576082  0.133776   0.92498386 0.49938315 0.031626489013433456
34 0.         0.4565716  0.9071273  0.93867433 0.028209205716848373
24 0.04234919 0.58480495 0.78495437 0.8215321  0.027711691334843636
1 0.10274167 0.32853818 0.7974558  0.9428862  0.026667900383472443
41 0.         0.49301454 1.         0.92651737 0.025217963382601738
21 0.01348025 0.2139186  0.7450161  0.89088696 0.024539414793252945
24 0.0578492  0.5413748  0.70815015 0.74147356 0.022034326568245888
34 0.4621576  0.12170105 0.8875067  0.6367886  0.021840080618858337
1 0.12727432 0.31588307 1.         0.9171881  0.02162053994834423
24 0.02157476 0.6384117  0.96472514 0.98272383 0.020979037508368492
18 0.         0.47010732 0.8853477  1.         0.02089063450694084
41 0.22142611 0.22105338 0.9514375  0.6357764  0.02067614533007145
24 0.41472694 0.1797875  0.77496487 0.6601768  0.020019222050905228
24 0.16338657 0.03261974 0.86802423 0.37277532 0.019562022760510445
24 0.17861988 0.30676147 0.9005426  0.57999766 0.01945585571229458
24 0.06133601 0.5751349  0.6428798  0.9180349  0.019452475011348724
21 0.23442829 0.01979347 0.8519687  0.86009085 0.019449103623628616
24 0.         0.6394185  0.33512458 0.9129645  0.019216932356357574
18 0.02336205 0.73051494 0.71637493 1.         0.01911957934498787
34 0.27164266 0.04347616 1.         0.42335495 0.01897391676902771
7 0.05522761 0.05094874 0.9445311  0.9126577  0.018823428079485893
17 0.44382682 0.73981106 0.78516024 0.98634493 0.018673527985811234
1 0.64414376 0.8308359  1.         1.         0.018509024754166603
41 0.         0.49814394 0.28506836 1.         0.017919350415468216
5 0.        0.        0.7663199 0.7456571 0.017049487680196762
24 0.34156746 0.0858888  1.         0.64114565 0.016703851521015167
41 0.3323927  0.21975484 1.         0.7986918  0.01649763248860836
4 0.         0.22558081 0.75767374 0.77194434 0.016162017360329628
1 0.12158082 0.         1.         0.5718561  0.016007833182811737
24 0.         0.57451826 0.24860911 0.9489904  0.015375017188489437
34 0.18738745 0.17037362 1.         0.8332787  0.015238180756568909
24 0.16335261 0.5161815  0.76649535 0.70725906 0.015180585905909538
2 0.3160704 0.        0.8299149 0.8961913 0.014458867721259594
7 0.         0.39196604 0.93002874 1.         0.013622324913740158
24 0.         0.47274238 0.33316448 0.9358087  0.01355556957423687
24 0.29773834 0.23427974 0.6689791  0.6739471  0.013260104693472385
10 0.         0.80707026 0.97004724 0.9890623  0.013205260969698429
18 0.24254827 0.7172886  0.6671771  1.         0.012886818498373032
21 0.0164517  0.54054517 0.4395523  0.9603455  0.012853691354393959
21 0.05783636 0.7767382  0.4828229  0.987669   0.01263212226331234
18 0.         0.51286584 0.5481323  1.         0.012505312450230122
33 0.         0.45194992 0.93298566 0.9969053  0.012220613658428192
24 0.         0.7347528  0.39735332 0.93428266 0.012134860269725323
21 0.21140227 0.34512126 0.7411207  0.7505441  0.012109200470149517
1 0.3929607  0.05250166 1.         0.6167945  0.012013026513159275
1 0.05817757 0.3096632  0.3325623  0.90425694 0.011949651874601841
41 0.09312518 0.26702407 0.8754713  0.79626274 0.011940487660467625
4 0.13211513 0.27943227 0.91614586 0.8379654  0.0115288021042943
34 0.2333771  0.2652472  0.96166646 0.5467966  0.011234083212912083
1 0.544314   0.7730123  0.90334517 1.         0.01109314989298582
1 0.03959785 0.18518385 0.5820864  0.93062544 0.010771278291940689
34 0.5520503  0.05959084 0.9913029  0.84502655 0.010670420713722706
1 0.31470296 0.         1.         0.46691275 0.010606135241687298
21 0.11809748 0.40838677 0.40905753 0.98601747 0.01055388804525137
1 0.340415   0.         0.9202472  0.43969646 0.010480683296918869
24 0.00610326 0.32312545 0.9210189  0.6682517  0.010268810205161572
25 0.        0.3835688 1.        0.7972911 0.01012652087956667
1 0.33966303 0.         1.         0.75301033 0.01006650272756815
41 0.38974464 0.77220756 0.92341167 0.9983011  0.009889512322843075
32 0.44604474 0.73490167 0.86583364 1.         0.009760919958353043
21 0.11468216 0.40398747 0.56590575 0.91606975 0.009720456786453724
2 0.         0.37837347 0.60116833 0.8812879  0.00969015620648861
34 0.31499547 0.32053986 0.9877288  0.6445934  0.00967592466622591
27 0.        0.4027743 1.        1.        0.009616331197321415
41 0.2133698  0.74231786 1.         1.         0.009596136398613453
41 0.357812   0.4553753  1.         0.77055407 0.0093331728130579
18 0.02562719 0.8013284  0.55295074 1.         0.008978628553450108
4 0.0388739 0.5147983 1.        1.        0.0089629627764225
9 0.24282624 0.08129089 0.82791406 0.6526451  0.008930875919759274
29 0.1515025  0.03571014 0.7825359  0.66005677 0.008897687308490276
1 0.03526115 0.35730657 0.450552   0.86034346 0.008779166266322136
24 0.4029862 0.0449191 0.763909  0.5373489 0.008625603280961514
24 0.49857906 0.15822187 0.86384827 0.6200186  0.008346249349415302
41 0.4123635  0.04807523 1.         0.71271944 0.008330152370035648
17 0.4312503  0.65724844 0.67606395 1.         0.00824387464672327
40 0.04374507 0.01933375 1.         0.8486189  0.008159697987139225
29 0.37149107 0.05934552 0.8738371  0.7119925  0.00801006332039833
24 0.         0.7413195  0.86167246 0.98430496 0.008008590899407864
1 0.47452953 0.         0.7712287  0.54662997 0.007822206243872643
24 0.16982712 0.5501435  0.66204196 0.80689824 0.007718071341514587
1 0.5129213  0.18674482 1.         0.6118128  0.007631815038621426
25 0.         0.06737529 1.         0.6172287  0.007575365714728832
41 0.01370694 0.5297802  0.5886812  0.9869956  0.007556358352303505
2 0.01746307 0.2535409  0.6320904  0.98718506 0.007556101772934198
32 0.3249308  0.7897452  0.8148467  0.98523676 0.007280910853296518
24 0.         0.7947317  0.46914002 0.9539295  0.007219781167805195
34 0.45902875 0.         1.         0.49241304 0.0071250759065151215
1 0.03104734 0.42454684 0.66545105 0.83828247 0.00699914526194334
2 0.36743277 0.01015907 0.8192085  0.5454357  0.006942089647054672
41 0.26781654 0.7568368  0.7957671  1.         0.006899830419570208
21 0.06693309 0.43220517 0.74380934 0.8206104  0.006495373789221048
1 0.18639226 0.07460241 0.92873275 0.8123951  0.006464052014052868
1 0.7072625  0.         1.         0.76782125 0.006455841939896345
41 0.31573528 0.42937663 0.9051043  0.8789625  0.006453687325119972
34 0.18210612 0.06664249 1.         0.5416838  0.006452747620642185
6 0.91135204 0.9195035  1.         1.         0.0063301692716777325
34 0.         0.5102221  0.58622277 0.95108795 0.0063219997100532055
25 0.         0.55588037 1.         0.84361196 0.006278143730014563
1 0.741211  0.7782948 1.        1.        0.0062252311035990715
1 0.3857273  0.         0.6801794  0.49123347 0.0062116230838000774
34 0.59247786 0.23668317 0.9745087  0.5679593  0.006158065982162952
24 0.00104932 0.81416214 0.77478284 0.99612236 0.0059630111791193485
18 0.03177831 0.5724163  0.3566693  1.         0.005918489769101143
6 0.82480776 0.         1.         0.72495264 0.005916443653404713
41 0.4254493  0.21856005 1.         0.5366671  0.005794974975287914
1 0.31020185 0.82668984 0.92768264 1.         0.005789404269307852
1 0.40176624 0.32573938 1.         0.77296466 0.0057892329059541225
24 0.2916029  0.04347501 1.         0.33458307 0.005747881252318621
17 0.5334375 0.6640295 0.8715607 0.9834252 0.005688437260687351
24 0.21639366 0.06404095 0.7158537  0.4131831  0.005585299339145422
21 0.03164162 0.8030874  0.6689379  0.9790376  0.005361602641642094
24 0.         0.49211478 0.6208123  0.8806589  0.005359084345400333
19 0.         0.52060133 1.         0.9376127  0.0053253634832799435
16 0.23394105 0.5045032  0.7955298  0.8771265  0.005316135939210653
27 0.         0.05437554 1.         0.799392   0.005254166666418314
34 0.05230741 0.27420056 0.8351997  0.77376306 0.00523702846840024
24 0.        0.519423  0.4538402 0.8403169 0.005160042550414801
7 0.157406   0.27990136 0.82859784 0.9723378  0.00491782883182168
41 0.38732103 0.67606455 0.77953875 1.         0.004908606875687838
16 0.21573271 0.18431887 0.7473206  0.4352144  0.004876292310655117
1 0.53988326 0.         1.         0.50895566 0.004875623155385256
1 0.5373764  0.05460963 1.         0.86531824 0.004862693604081869
1 0.02432007 0.5046923  0.34475797 0.9417042  0.0048499563708901405
24 0.16882208 0.46371856 0.6605914  0.7532386  0.004839740227907896
28 0.         0.06526028 0.38268173 0.41986305 0.004677451681345701
41 0.0153303  0.68326825 0.9223483  1.         0.004673017654567957
41 0.07849025 0.8101894  0.67622465 1.         0.0045969439670443535
9 0.23573019 0.14384702 0.7586423  0.48613563 0.004587187897413969
6 0.89053285 0.79996514 1.         1.         0.0045126392506062984
1 0.64147663 0.28059527 1.         0.92818403 0.004448397550731897
42 0.30229425 0.4729393  1.         0.9917261  0.004363575484603643
41 0.34463277 0.5355751  0.8788092  0.9554282  0.004272038582712412
34 0.56808037 0.15665172 0.9915282  0.493936   0.00424437690526247
1 0.21096474 0.74759495 0.85973006 1.         0.004243232309818268
33 0.23976368 0.13910627 0.87045735 0.46478894 0.004239835776388645
42 0.20062093 0.48145378 0.7693782  1.         0.004237149842083454
35 0.         0.03148356 1.         0.57292    0.004201320931315422
24 0.00379655 0.7771464  0.31814134 0.93442434 0.004193172790110111
34 0.4230422  0.02307747 0.8755801  0.5272928  0.004137723706662655
33 0.08977501 0.78261703 0.7529233  0.992852   0.004119932185858488
10 1.4235180e-04 5.5900788e-01 2.9554328e-01 9.9236280e-01 0.004089749418199062
33 0.23228489 0.4338854  0.899558   0.76798344 0.004063127096742392
40 0.1878042 0.        0.9782593 1.        0.0040519870817661285
41 0.50502807 0.40643948 1.         0.85242337 0.004038272891193628
16 0.3938971  0.15778852 0.89813507 0.4978703  0.003997624386101961
16 0.37893754 0.23346306 0.7821661  0.5400113  0.003993494901806116
33 0.37635437 0.3066751  0.8857515  0.6916023  0.003983926028013229
28 0.         0.19893326 0.4864852  0.56230736 0.0039610061794519424
1 0.6040551  0.05452194 0.8981532  0.7249156  0.003945979755371809
1 0.05430458 0.         0.8323044  0.6446803  0.003923405893146992
38 0.81851816 0.00608709 0.99211663 0.65476733 0.0038451661821454763
25 0.         0.         0.90267175 0.48517844 0.0038057751953601837
1 0.18961836 0.33946896 0.83956146 0.75925666 0.0037817368283867836
24 0.37807468 0.5318907  1.         0.7258381  0.003758656559512019
18 0.22593044 0.58522433 0.53852814 1.         0.0037116555031389
1 0.57767737 0.         0.8856332  0.53291345 0.0037111390847712755
36 0.38012803 0.03871185 0.93188417 0.69820106 0.003701264038681984
2 0.09541921 0.34177235 0.5121483  0.9056305  0.0036504173185676336
16 0.0421656  0.5272236  0.50695324 0.8485665  0.0036449742037802935
2 0.19223656 0.01902842 0.8938552  1.         0.0036402754485607147
24 0.         0.3144507  0.74420536 0.81467795 0.0036379036027938128
41 0.08693283 0.5252556  0.865956   0.85126907 0.003620618022978306
4 0.00118476 0.45667928 0.35146058 1.         0.003593586618080735
33 0.5122066  0.16550782 0.8061318  0.66924506 0.003520647529512644
10 0.        0.758405  0.7017142 1.        0.0035060003865510225
1 0.6807578  0.3253237  1.         0.64026785 0.0034984261728823185
36 0.         0.16251008 0.8638423  0.74363905 0.003461665939539671
1 0.8758323 0.697995  1.        1.        0.0034605422988533974
1 0.64661735 0.         0.9353991  0.50126284 0.0034605113323777914
24 0.00563047 0.8606838  0.7016164  0.9728646  0.003448209958150983
38 0.84688306 0.00293359 0.99483734 0.11411177 0.003442588960751891
24 0.09637523 0.8663202  0.92199945 0.99724734 0.003400042885914445
6 0.80205125 0.8900469  0.9998304  1.         0.0033845691941678524
7 0.06213008 0.40966088 0.63420165 1.         0.003313487395644188
27 0.10785034 0.01739177 0.98197585 0.37146765 0.0032732828985899687
21 0.17363958 0.3991756  0.8084401  0.91633964 0.003269371809437871
10 0.01346926 0.611197   0.43725556 0.97973067 0.003239755518734455
1 0.33280104 0.18468581 0.9854353  0.54614425 0.0032141203992068768
1 0.7403059  0.27157345 1.         0.592487   0.003187042661011219
38 0.80134887 0.         1.         0.32987392 0.003167089307680726
16 0.3664349  0.27855915 0.9011603  0.65047944 0.0031157503835856915
1 0.4044636 0.7483874 0.9534402 1.        0.0031006867066025734
34 0.         0.37231216 0.68854344 0.8445568  0.0030276942998170853
41 0.40631196 0.0410865  0.8450159  0.53138185 0.0030148569494485855
1 0.33085048 0.         0.6130791  0.59216785 0.0029802501667290926
18 0.15033944 0.41196075 0.6380022  1.         0.002976916963234544
18 0.23654307 0.24505676 0.93579865 1.         0.0029657711274921894
26 0.42233738 0.7595665  0.85768527 0.9652997  0.002934943651780486
1 0.8147492  0.24633954 1.         0.6786077  0.002931776223704219
25 0.         0.56179076 0.77460945 0.9119314  0.002918037585914135
25 0.         0.42360672 0.8549561  0.85861003 0.00290094455704093
34 0.34111962 0.14147484 0.78167796 0.5919325  0.002852014033123851
21 0.33551055 0.02337196 0.83168125 0.5780585  0.0028506764210760593
6 0.6658446  0.80729914 1.         1.         0.0028376185800880194
1 0.46460074 0.15511253 0.9354938  0.714603   0.00279990048147738
24 0.30715337 0.02766932 0.6418132  0.39397573 0.0027525206096470356
2 0.39081523 0.12488648 0.87285405 0.6480667  0.00274787750095129
40 0.         0.23958293 1.         1.         0.002745571080595255
16 0.16213138 0.4647059  0.55465704 0.87618357 0.0027390369214117527
16 0.15985581 0.8310861  0.5988884  0.99304825 0.0027267883997410536
1 0.07299594 0.6977087  0.7170554  1.         0.0026901462115347385
41 0.5267547  0.00491587 0.89171296 0.6804286  0.00266530504450202
1 0.8335439  0.37358338 1.         0.8194816  0.0026645921170711517
4 0.1790565  0.18970717 1.         0.6036465  0.002651484915986657
1 0.10850789 0.35509294 0.5225451  0.9834151  0.0026507789734750986
24 0.482151   0.18316816 0.9792957  0.9451498  0.00264566857367754
38 0.897515  0.8165143 0.9960518 1.        0.002636273857206106
24 0.21807028 0.8222711  0.96308404 1.         0.0026197824627161026
33 0.         0.49470368 0.72072864 0.8982492  0.0025984139647334814
2 0.30942228 0.         1.         0.59201187 0.002596717095002532
18 0.26650646 0.56711465 0.68580985 1.         0.002591121941804886
33 0.2707349  0.18362214 0.8867662  0.88710755 0.0025774145033210516
41 0.28853974 0.83109975 1.         0.98122996 0.0025591265875846148
19 0.         0.86207086 0.9676809  0.9743468  0.002557044615969062
4 0.        0.4850987 0.5329937 1.        0.0025567514821887016
1 0.6661296  0.11177264 0.95941216 0.70312214 0.0025483802892267704
1 0.07074005 0.46536306 1.         1.         0.0025411099195480347
41 0.04666476 0.48048168 0.40029147 1.         0.002539966953918338
1 0.7475338  0.2891655  1.         0.90917623 0.0024897304829210043
24 0.2846786  0.5724783  0.8606887  0.76568824 0.002484735567122698
27 0.49745387 0.75833035 0.98149496 1.         0.0024687142577022314
41 0.3293426  0.8747586  0.64650184 1.         0.002464297227561474
4 0.24460267 0.32489696 1.         0.85065156 0.002434191294014454
2 0.34941408 0.         0.67000306 0.6759897  0.002431619679555297
24 0.25983927 0.61093336 0.72290784 0.88400537 0.0024252342991530895
24 0.34565386 0.57509804 0.7673162  0.8212796  0.002421347191557288
4 0.0201209  0.40070358 1.         0.9295805  0.0024093585088849068
25 0.         0.47393057 0.94657344 0.6993549  0.002394340233877301
7 0.30719736 0.160698   0.9000044  1.         0.002389883855357766
17 0.6734022  0.5940971  0.9295182  0.91519505 0.002385977655649185
18 0.12441961 0.6317447  0.4816089  1.         0.0023828879930078983
1 0.78825605 0.1367203  1.         0.540767   0.002375576412305236
25 0.         0.41958168 0.45887992 0.91440547 0.002351869363337755
1 0.5860418  0.27177095 0.893897   0.93906975 0.0023486893624067307
1 0.2799925  0.         0.6454717  0.41863358 0.0023299718741327524
38 0.66175985 0.8446609  1.         1.         0.0023297015577554703
32 0.51276183 0.3318067  1.         1.         0.002325133653357625
1 0.07268149 0.4739085  0.24710841 0.94633985 0.0023014703765511513
1 0.16370659 0.28915328 0.63284343 0.8463422  0.0022986712865531445
16 0.50169367 0.75193757 0.8301523  0.98703974 0.002296035410836339
18 0.10544833 0.45521232 0.41270542 1.         0.0022819095756858587
33 0.         0.6056104  0.45234406 0.9600409  0.002280807588249445
24 0.07175458 0.45341346 0.7397762  0.6596186  0.0022756869439035654
10 0.24308725 0.7397237  0.9605217  0.99122053 0.0022526613902300596
18 0.24353127 0.38489288 0.8659518  0.7563604  0.0022378372959792614
32 0.387758  0.7007014 0.7496647 0.9990038 0.002229716395959258
21 0.23860502 0.4154696  0.6780001  0.8562481  0.002203160198405385
41 0.13981721 0.49532843 0.6788133  0.9466181  0.0021785427816212177
1 0.6561875  0.67634046 1.         1.         0.0021709033753722906
38 0.73168665 0.         0.98852533 0.23029241 0.0021520580630749464
25 0.         0.11127855 0.86449254 0.39630088 0.00213494710624218
4 0.11029526 0.12197281 0.74854136 0.61465013 0.002081875689327717
33 0.48539746 0.09650858 0.91195333 0.96616775 0.0020735356956720352
1 0.00273617 0.37825808 0.3723525  0.76292604 0.0020676341373473406
1 0.85348594 0.49088147 1.         0.9716192  0.0020631803199648857
20 0.93811274 0.9441653  0.99757683 0.9939492  0.0020563676953315735
41 0.36673856 0.02140269 0.72240657 0.6693743  0.002043390879407525
24 0.3903561  0.11268335 1.         0.43812394 0.0019856581930071115
41 0.41069898 0.6144596  0.9210666  1.         0.001983256544917822
2 0.         0.469051   0.38576162 0.925859   0.001980713801458478
24 0.4142692  0.41127884 0.9586901  0.71273535 0.0019413209520280361
34 0.        0.6574701 0.630289  1.        0.0019382507307454944
38 0.8309853 0.7080508 1.        1.        0.0019201624672859907
29 0.4595637  0.24698602 0.9495091  0.80566794 0.0019195756176486611
32 0.3641393  0.63975656 0.9925312  1.         0.001906122313812375
41 0.5957613  0.21457268 0.96131027 0.79967624 0.0018940025474876165
25 0.         0.25733024 1.         0.71258086 0.0018748436123132706
27 0.8134896  0.6747254  0.98230326 0.9785628  0.0018694093450903893
18 0.02422033 0.35771152 0.32598022 0.97820204 0.00186539173591882
21 0.14528562 0.165731   0.84221935 0.7256114  0.0018448821501806378
41 0.41305292 0.3180802  1.         0.6690262  0.0018434994854032993
23 0.19334753 0.         0.803677   0.91684896 0.0018396450905129313
6 0.7785669 0.7485049 1.        1.        0.0018378379754722118
1 0.59506553 0.34723458 1.         0.703841   0.001823617611080408
5 0.         0.41022685 0.86889917 0.9099159  0.001823165686801076
27 0.62288266 0.83190334 0.969677   0.98588586 0.0018227413529530168
29 0.17054963 0.22067112 0.7714302  0.7826045  0.0018196046585217118
28 0.         0.13365045 0.55004907 0.4636956  0.0018148833187296987
10 0.02878034 0.60233885 0.63023275 1.         0.0018096560379490256
38 0.7626151 0.785741  1.        1.        0.00179186649620533
25 0.         0.5182305  0.9672765  0.76240957 0.0017835573526099324
1 0.19943914 0.         0.7679442  0.42513525 0.0017743505304679275
38 0.8076036 0.9001457 0.9963485 1.        0.0017601657891646028
