1 0.30283222 0.8001451  0.85641104 1.         0.12952370941638947
1 0.28041297 0.8377044  1.         1.         0.06892610341310501
18 0.00749603 0.9139804  0.04127636 0.9905873  0.03410843759775162
10 0.        0.9210815 0.0455777 0.9988272 0.02967754937708378
18 0.00926285 0.9464557  0.08561684 0.99311954 0.029638420790433884
10 0.         0.94921297 0.09689236 0.99556917 0.02668413519859314
18 0.00807107 0.9342238  0.06017903 0.99139786 0.026647821068763733
41 0.02672335 0.94872206 0.14417125 1.         0.02631869539618492
41 0.06861004 0.9359859  0.17750673 1.         0.0248936265707016
10 0.         0.93814415 0.06739307 0.995695   0.023681778460741043
18 0.01533693 0.94359034 0.14596662 0.9912315  0.021513760089874268
10 0.        0.9474758 0.1676722 0.9946051 0.021272990852594376
41 0.09571178 0.93665653 0.20442866 0.9996163  0.02053373120725155
18 0.01107111 0.8831522  0.0593879  0.97296745 0.020200509577989578
18 0.01989092 0.86941797 0.11610202 0.98378724 0.01966564916074276
18 0.01643048 0.8909066  0.08171076 0.9631596  0.019385628402233124
41 0.01543367 0.94801915 0.0850393  1.         0.01938202977180481
1 0.32747212 0.7697359  0.69984466 1.         0.019158154726028442
18 0.88503724 0.         0.98923874 0.10281571 0.017792310565710068
18 0.01642995 0.82529944 0.08342322 0.9817149  0.017717605456709862
18 0.01777901 0.86466074 0.08175866 0.9372187  0.017076890915632248
21 0.827865   0.00608367 0.9899636  0.07056025 0.017019478604197502
18 0.01222556 0.85880965 0.05931245 0.9467371  0.01693103276193142
10 0.         0.91197705 0.19417602 0.99322176 0.016844354569911957
41 0.03226679 0.9128769  0.16656058 1.         0.01628311164677143
10 0.         0.88412124 0.1395975  0.992766   0.016231874004006386
18 0.02171998 0.808183   0.12027658 0.9776158  0.01573525369167328
18 0.02518816 0.90276605 0.16537262 0.9860174  0.015618927776813507
41 0.12397497 0.93750674 0.23211747 0.9990253  0.015605475753545761
7 0.00192313 0.90970784 0.03501954 1.         0.015571730211377144
24 0.00111104 0.91150147 0.03500022 0.98043215 0.015536023303866386
42 0.         0.91011983 0.04050524 0.9965788  0.015487421303987503
42 0.         0.94521284 0.0794545  0.9955528  0.015393036417663097
25 0.         0.95027053 0.08392116 1.         0.014629782177507877
18 0.01277043 0.83221793 0.05951332 0.9205509  0.01454964093863964
1 0.         0.9055345  0.03832697 0.9849652  0.014447587542235851
24 0.06697983 0.3124816  0.47023708 0.46567994 0.014208724722266197
1 0.         0.15408303 0.56105095 0.55438536 0.014134264551103115
18 0.02824835 0.8640852  0.17810908 0.98286796 0.013938319869339466
25 0.         0.949089   0.13913083 1.         0.013910675421357155
18 0.92239547 0.         0.98945194 0.18746017 0.013884410262107849
41 0.05107485 0.91406935 0.22975554 1.         0.013877890072762966
24 0.0039752  0.95028985 0.07110151 0.9856766  0.013636492192745209
41 0.01031113 0.93415654 0.05881975 1.         0.01315215602517128
42 0.         0.9439242  0.13105054 0.99444157 0.01280251331627369
18 0.01771463 0.7403168  0.08610626 0.9723578  0.012601261027157307
24 0.00765231 0.951341   0.11845411 0.9848804  0.012599089182913303
10 0.         0.8931531  0.07065123 0.98215824 0.012388350442051888
24 0.00216378 0.9365604  0.05032138 0.9824629  0.012170380912721157
1 0.14020503 0.01097171 0.45068544 0.62165153 0.011958514340221882
10 0.         0.8459781  0.10066262 0.9940352  0.01165028940886259
18 0.03037244 0.81286764 0.16470253 0.9652265  0.011443819850683212
1 0.         0.9311084  0.05553558 0.9900246  0.011280612088739872
18 0.02554308 0.7225015  0.12166942 0.94433177 0.011096642352640629
10 0.03083659 0.931968   0.20204845 0.99238974 0.011029374785721302
21 0.8627472  0.01287082 0.9886699  0.09623279 0.010806259699165821
41 0.25758073 0.7796391  0.7512526  0.967947   0.010721197351813316
18 0.03789484 0.89970535 0.23076777 0.98453933 0.010644007474184036
41 0.00746515 0.9101496  0.04039196 1.         0.010570777580142021
18 0.05692682 0.9255305  0.17938693 0.9874511  0.010294703766703606
1 0.         0.94530153 0.08240635 0.9941618  0.010272162966430187
25 0.         0.9164198  0.04274678 1.         0.009686511009931564
7 0.00225319 0.9338776  0.0510002  1.         0.009397786110639572
41 0.02275668 0.8811307  0.12011477 1.         0.009329570457339287
24 0.02648479 0.94105154 0.12430768 0.9817008  0.008857767097651958
1 0.         0.94577193 0.14309067 0.9965312  0.00868420209735632
1 0.06805324 0.10527626 0.51615816 0.65660465 0.008447092957794666
18 0.03286118 0.46778083 0.12607254 0.6763394  0.008341732434928417
10 8.442013e-01 5.199210e-04 1.000000e+00 9.413375e-02 0.008313285186886787
10 0.         0.8366733  0.19619454 0.97853506 0.008147964254021645
7 0.0016934  0.9479111  0.07226598 1.         0.008118478581309319
24 0.04911362 0.35083437 0.47550777 0.5105559  0.008024760521948338
42 0.         0.8730778  0.10948502 0.99256516 0.007966847158968449
10 0.         0.86877507 0.07045285 0.9559599  0.007896360009908676
42 0.         0.9076872  0.15041593 0.9929409  0.007820597849786282
41 0.08184967 0.91702384 0.33215576 0.99847424 0.007657235488295555
18 0.03356476 0.75748205 0.16543075 0.91690403 0.007607620675116777
20 0.         0.9498121  0.08308048 1.         0.0073029883205890656
1 0.         0.8773677  0.05511536 0.966479   0.007227391470223665
24 0.01009911 0.92084587 0.13173003 0.97807103 0.007188804447650909
41 0.06988063 0.88508946 0.27582306 0.99996674 0.0071046617813408375
10 0.00157412 0.8790178  0.3173169  0.9893809  0.006980360951274633
24 0.00511721 0.88994724 0.094213   0.9705753  0.006834567524492741
20 0.         0.9490113  0.1365639  0.99908966 0.0068026455119252205
18 0.13005918 0.14052156 0.6869563  0.51174325 0.006776880007237196
18 0.05318873 0.857268   0.27044797 0.98091054 0.006697296630591154
41 0.01656798 0.894102   0.08498695 0.97595257 0.006652791053056717
23 0.         0.9132058  0.02903898 0.98994    0.006548002362251282
42 0.         0.8844414  0.05852219 0.9798385  0.006540640722960234
1 0.48775575 0.7946911  1.         1.         0.006523332558572292
1 0.         0.90759724 0.16195536 0.9944511  0.006469870917499065
24 8.8645460e-04 8.8745284e-01 4.9415488e-02 9.6080953e-01 0.006444315426051617
41 0.03187142 0.83758503 0.17238252 0.9866072  0.00634027598425746
21 0.00269992 0.9008246  0.04101265 0.9928455  0.0063046240247786045
41 0.17054227 0.21119915 0.59278077 0.5564304  0.006250170059502125
24 0.05255285 0.9417242  0.14994861 0.9816794  0.006201222538948059
10 0.08329341 0.93278396 0.25944662 0.9904888  0.006188449915498495
10 0.         0.91038513 0.3817709  0.98691225 0.006161231081932783
1 0.06640188 0.18492265 0.7297349  0.58395517 0.006122254766523838
23 0.         0.9489849  0.06297341 0.9943584  0.006072237156331539
7 0.00272425 0.88290375 0.05100581 0.9908052  0.006003371439874172
40 0.         0.94294536 0.1054531  1.         0.006002431735396385
1 0.23394728 0.7059926  0.9281643  1.         0.005958674941211939
1 0.         0.87120426 0.11473821 0.9870732  0.005926072597503662
41 0.01086539 0.8841084  0.06084594 0.99183524 0.005915877874940634
25 0.         0.91248894 0.15900524 1.         0.005890371277928352
18 0.05296601 0.8027817  0.2111975  0.9805309  0.0058189090341329575
42 0.         0.82985675 0.08057944 0.99395376 0.005804133601486683
25 0.00386546 0.93692404 0.1678389  0.9990359  0.005800069775432348
7 0.00138295 0.947493   0.12199023 1.         0.005799392703920603
40 0.         0.9035041  0.05170913 1.         0.0057929567992687225
40 0.        0.9410622 0.1771105 1.        0.005761237815022469
41 0.05983984 0.83902836 0.21802531 1.         0.005758481565862894
20 0.         0.9150402  0.04116585 1.         0.005693892948329449
42 0.03075394 0.9299875  0.16451104 0.99213105 0.005685359239578247
18 0.03368907 0.6520286  0.16849446 0.955872   0.005563109181821346
10 0.         0.84278417 0.07075392 0.9290364  0.005552776623517275
18 0.11350912 0.9228512  0.23530732 0.9861988  0.005539683625102043
10 0.         0.7582548  0.14799751 0.9657882  0.005526900757104158
24 0.12566857 0.32166213 0.58935887 0.48807076 0.0054813288152217865
18 0.04622303 0.7291377  0.244303   0.9707726  0.005480561871081591
23 0.         0.9358365  0.04347965 0.99119234 0.005479352083057165
24 0.00264001 0.8990786  0.06803235 0.9544047  0.005476665683090687
32 0.00376436 0.8976416  0.04704783 0.98676336 0.005405719857662916
24 0.20908915 0.23138757 0.42575094 0.49527478 0.005341577343642712
1 0.         0.8511144  0.05347012 0.93887293 0.005249961279332638
20 0.         0.93718374 0.05864751 0.9992398  0.005238925106823444
10 0.87408155 0.00372452 1.         0.13266948 0.005166912451386452
18 0.06512126 0.0011073  0.16442183 0.08423236 0.005089218262583017
2 8.596913e-04 9.040007e-01 3.474268e-02 9.909015e-01 0.0050517236813902855
18 0.04679753 0.00365227 0.12385242 0.11944459 0.00504829827696085
1 0.03232304 0.9329467  0.17107351 0.9968041  0.004999031778424978
21 7.9856877e-04 9.4272423e-01 8.1287548e-02 9.9463952e-01 0.004986000247299671
24 0.06169168 0.27344215 0.425212   0.43027854 0.004938818048685789
41 0.01749464 0.8352774  0.08728103 1.         0.0048723239451646805
18 0.17439356 0.         0.8943852  0.6696897  0.00485384464263916
41 0.23083179 0.07358465 0.48458344 0.67025906 0.004789483267813921
41 0.0166393  0.8670408  0.08580297 0.95030767 0.004773441702127457
10 0.04453347 0.23073934 0.68375564 0.5360448  0.004687602631747723
21 0.00162911 0.9283163  0.05777095 0.99241984 0.004609979689121246
18 0.03269327 0.01408869 0.08305907 0.15368299 0.004554869141429663
25 0.         0.87993807 0.11734154 1.         0.004553057253360748
32 0.01341722 0.94175327 0.09785323 0.99082595 0.004548526834696531
42 0.         0.8592785  0.058046   0.95497024 0.004517676774412394
24 0.07077197 0.27952302 0.5914393  0.44952947 0.004491131287068129
1 0.2540739  0.04190549 0.52747124 0.5988327  0.004469697829335928
24 0.19595687 0.25033787 0.55502665 0.47954845 0.004440033342689276
24 4.9876375e-04 8.6237192e-01 4.8893612e-02 9.3562084e-01 0.004405313171446323
7 0.00257619 0.85493064 0.05123704 0.9634902  0.004323936067521572
41 0.01099427 0.8572335  0.06156274 0.96569216 0.00428928853943944
24 0.0032757  0.8454901  0.06734522 0.9608193  0.004278946667909622
1 0.         0.82200724 0.08000664 0.9758014  0.004259820561856031
18 0.04154257 0.4991167  0.17060293 0.6490172  0.004240083508193493
10 0.         0.7751655  0.28822312 0.98892033 0.004236829001456499
7 0.00138979 0.87603915 0.09907523 1.         0.004220390226691961
7 0.00324907 0.91006887 0.13904214 1.         0.0041750287637114525
18 0.0560571  0.896366   0.32940584 0.98176986 0.004172595217823982
32 0.00718424 0.92655665 0.0681483  0.9878082  0.00416737562045455
7 0.0029556  0.8302147  0.07140923 1.         0.004166850354522467
25 0.         0.8892155  0.06268981 0.98780805 0.004142334219068289
41 0.2914588 0.7328063 0.8387918 0.9890584 0.004116027615964413
21 0.9149735  0.00955915 0.9868342  0.04997951 0.003998240455985069
24 0.07860488 0.9426966  0.17642845 0.98187566 0.003997121471911669
32 0.02839958 0.94126964 0.1661699  0.9902654  0.003976808860898018
1 0.         0.8240431  0.05314866 0.91147494 0.003966611810028553
33 0.00269142 0.9083172  0.04572173 1.         0.003965729381889105
1 0.03029561 0.7393663  1.         1.         0.003898159135133028
18 0.9432583  0.         0.99162215 0.07569495 0.003880803007632494
18 0.319484   0.00772469 0.61544514 0.6832667  0.003871746128425002
23 0.         0.948353   0.10787519 0.9942866  0.0038533785846084356
7 0.00398157 0.8921988  0.0719245  0.97642714 0.0038293935358524323
21 0.         0.94247043 0.13739711 0.99282706 0.0038251818623393774
18 0.23987283 0.         0.7237527  0.5988897  0.0038137082010507584
10 0.00614281 0.0111012  0.19901897 0.08554716 0.0037919769529253244
43 0.00628668 0.9476561  0.08491489 0.9923812  0.003775016637519002
16 0.0058083  0.9112278  0.02689681 0.98582155 0.0037661746609956026
33 0.00728609 0.9460197  0.09251752 0.9989368  0.0037322465796023607
41 0.24208924 0.7134263  0.64251703 0.99802107 0.0037014130502939224
24 0.00228245 0.8732452  0.0670361  0.928401   0.0036711792927235365
1 0.         0.8193456  0.15235217 0.971782   0.0036562832538038492
20 0.         0.91234773 0.15135904 0.9961274  0.003646603785455227
34 0.         0.91116744 0.03549211 0.99990946 0.0035961568355560303
41 0.116537   0.84147817 0.27543616 1.         0.003551880130544305
33 0.00424701 0.9326491  0.0657301  0.9981672  0.0035054374020546675
2 0.00120156 0.93023205 0.0505176  0.9923553  0.003498218720778823
24 0.28973913 0.29210556 0.491538   0.55435544 0.003493834985420108
20 0.         0.87943095 0.10861892 0.9965796  0.0034897737205028534
41 0.05069673 0.7806975  0.25413233 0.99997747 0.0034647879656404257
7 0.00249341 0.8279569  0.05135069 0.9362727  0.003433006349951029
1 0.14153685 0.10646375 0.63634217 0.54988617 0.0034173624590039253
43 0.01300941 0.9459605  0.1385565  0.991414   0.003342957003042102
42 0.         0.8688428  0.24289119 0.98904645 0.0033314714673906565
2 0.00217161 0.9439197  0.07172796 0.995601   0.0032915875781327486
42 0.08003952 0.9293854  0.21782702 0.99039227 0.0032915323972702026
10 0.         0.7085721  0.20131025 0.9808941  0.0032799015752971172
42 0.         0.8333259  0.05806622 0.92950165 0.003276251954957843
5 0.         0.89897126 0.04341037 1.         0.0032368390820920467
14 0.00165819 0.9231227  0.03350602 0.99151194 0.0032315326388925314
24 3.4702462e-04 8.3628142e-01 4.8560768e-02 9.0858787e-01 0.0032286285422742367
21 0.00288563 0.8665213  0.11795589 0.9841251  0.0032183905132114887
5 0.0050944  0.941785   0.08758484 1.         0.0032169404439628124
24 0.31231716 0.23396592 0.5197146  0.51721036 0.00319809652864933
10 0.         0.7050634  0.14918213 0.91218776 0.0031715058721601963
41 0.01141641 0.83022654 0.0621802  0.9388364  0.003115686820819974
21 0.9015098  0.0058633  0.9816651  0.03782536 0.0031150842551141977
10 0.06897108 0.05554848 0.5650083  0.6123046  0.003113464917987585
34 0.         0.94754416 0.07418431 1.         0.0031103850342333317
10 0.         0.7851285  0.19494095 0.9271207  0.003106805495917797
18 0.21505547 0.17594819 0.8905838  0.58670473 0.0030898794066160917
18 0.481854   0.06566244 1.         0.9570747  0.0030646594241261482
42 0.         0.8269359  0.14705974 0.9801589  0.0030379982199519873
33 0.01308537 0.945628   0.15643527 0.99878067 0.00299251195974648
1 0.         0.00871307 0.49307996 0.5673207  0.002966237021610141
43 0.00313876 0.9129595  0.0418811  0.98592097 0.002960626967251301
1 0.         0.9069834  0.31818146 0.9958176  0.0029484666883945465
10 0.01773519 0.08228435 0.7216252  0.90313643 0.00294797052629292
41 0.11073498 0.06480515 0.50718796 0.7192765  0.0029373092111200094
40 0.         0.89478344 0.20113136 1.         0.0029346938244998455
18 0.11807659 0.         0.68904036 0.81800187 0.0029293601401150227
21 6.9026946e-04 9.0387869e-01 1.6314347e-01 9.8645359e-01 0.0029142312705516815
41 0.03301017 0.78499377 0.17402479 0.9364495  0.0029118647798895836
24 0.28063235 0.8072161  0.7471365  0.92069083 0.0029087550938129425
24 0.10522335 0.9432484  0.20318007 0.9814725  0.0028967252001166344
1 0.08292697 0.932987   0.2270258  0.99692947 0.002872679615393281
7 0.00397053 0.8641366  0.07217196 0.9490731  0.002871577860787511
10 0.9210655  0.0030691  1.         0.06609521 0.0028616199269890785
43 0.0045537  0.9354286  0.06068109 0.9889355  0.0028600413352251053
18 0.10929848 0.7957396  0.26702562 0.9779871  0.0028590457513928413
21 0.00438459 0.8734544  0.06024482 0.97560143 0.002852852689102292
24 0.00791631 0.8517067  0.12745112 0.94981134 0.0028503609355539083
41 0.07353147 0.66338515 0.7825036  0.97591585 0.0028279670514166355
34 0.         0.9342991  0.05140389 0.9989516  0.0027712341398000717
4 0.         0.91029847 0.04237965 1.         0.0027534535620361567
24 0.0329881  0.92358583 0.25051287 0.97520125 0.002750108251348138
25 0.         0.8419995  0.08722658 1.         0.0027376743964850903
41 0.27818346 0.6633093  1.         0.98530054 0.0027221248019486666
20 0.         0.8875411  0.05702616 0.98474467 0.002706265775486827
2 0.00183731 0.8747161  0.05073906 0.9724442  0.002702962839975953
1 0.23229119 0.74057525 0.5893625  1.         0.0026976990047842264
1 0.        0.869668  0.2573201 0.9952981 0.002692031441256404
10 0.00275347 0.4966095  0.15168867 0.69451183 0.002687981817871332
40 0.         0.85268986 0.14609069 1.         0.002670556539669633
32 0.02961793 0.8975615  0.18835454 0.9849728  0.002667553722858429
23 0.         0.8854675  0.04377931 0.9719772  0.0026650065556168556
24 0.03224615 0.89674777 0.21247773 0.97116876 0.002662184415385127
21 0.00574863 0.8166564  0.08570031 0.9819449  0.002661681966856122
10 0.06712227 0.8334364  0.30651388 0.9880585  0.0026422226801514626
41 0.02529496 0.7508477  0.13082074 0.9783849  0.0026384610682725906
41 0.263953   0.2541888  0.80903685 0.61129993 0.0026217515114694834
18 0.05040323 0.53227985 0.25961936 0.9508729  0.0026188052725046873
5 0.00131103 0.9253525  0.06134341 1.         0.0026108992751687765
25 0.0525363  0.93704045 0.22402355 0.99928796 0.0026027513667941093
5 0.01219821 0.9402706  0.15116176 1.         0.002588228788226843
10 0.         0.8431542  0.40898958 0.98083997 0.002585440641269088
1 0.         0.7322635  0.08076461 0.96442485 0.002565701026469469
41 0.08984245 0.78494215 0.59583426 1.         0.0025597522035241127
1 0.1247874 0.6631528 0.8296578 1.        0.002530470257624984
41 0.20374921 0.18394634 0.5328984  0.72829723 0.002510380931198597
33 0.00814784 0.87185425 0.13454904 1.         0.0025034297723323107
7 0.04792733 0.93393373 0.15574448 1.         0.002490383805707097
33 0.01378949 0.9068806  0.18422712 1.         0.0024887616746127605
32 0.01600652 0.85770786 0.13574135 0.9797405  0.002467226469889283
20 0.02740538 0.9357765  0.16684811 0.9960178  0.0024487769696861506
16 0.00972102 0.9470485  0.05448193 0.9903533  0.002442440250888467
32 0.00631667 0.86654174 0.06990091 0.9660006  0.002427697880193591
10 0.00129176 0.01992937 0.15239333 0.12452229 0.002413746202364564
14 0.00110746 0.95610183 0.07033219 0.9950894  0.002397351898252964
18 0.06569771 0.8035337  0.34879708 0.9729014  0.0023687793873250484
40 0.         0.868328   0.07645988 1.         0.0023662326857447624
21 0.00592788 0.8861468  0.08341485 0.9647765  0.0023628256749361753
24 0.00226358 0.7723485  0.06754845 0.9426443  0.0023553313221782446
24 0.15152018 0.26010662 0.39964142 0.5317263  0.002338753780350089
16 0.00704597 0.93358094 0.03882024 0.98760605 0.0023157938849180937
41 0.03434647 0.71125036 0.17748988 0.99683654 0.00231478875502944
41 0.06974317 0.8034784  0.7087372  0.9575031  0.0022987991105765104
25 0.         0.8650294  0.06434128 0.96050817 0.0022959585767239332
2 0.00451231 0.88595265 0.07080568 0.9625992  0.002259679604321718
1 0.6763683  0.82900584 1.         1.         0.0022471100091934204
32 0.07223905 0.92500025 0.19787773 0.9866846  0.002239362569525838
33 0.00315036 0.8814436  0.06932154 0.9885497  0.0022298020776361227
23 0.         0.8769302  0.08698727 0.9871885  0.0022265687584877014
34 0.         0.9467897  0.12528704 0.9988561  0.002221338450908661
1 0.00219061 0.81841975 0.19354333 0.9951691  0.0021966644562780857
2 0.00436767 0.9427844  0.12110647 0.9953367  0.002178938826546073
14 0.00143974 0.94422275 0.04885809 0.99289584 0.002171770203858614
2 0.00256643 0.8474467  0.05017581 0.9449435  0.002159868134185672
10 0.20014428 0.15811801 0.63052636 0.77426696 0.0021551870740950108
7 0.00742902 0.6698331  0.5014281  0.9824384  0.0021314306650310755
41 0.15050514 0.25742215 0.6150711  0.90934    0.0021194065921008587
43 0.005087   0.91031986 0.06172714 0.9827676  0.002116372110322118
32 0.01124106 0.88003707 0.09596138 0.9579568  0.002084677340462804
43 0.03389512 0.9312413  0.14125475 0.9869631  0.0020829662680625916
4 9.1314001e-04 9.4915265e-01 8.5854709e-02 1.0000000e+00 0.002081026788800955
16 0.00789934 0.90778863 0.03955122 0.9812092  0.0020803669467568398
18 0.22990306 0.         0.532281   0.6003913  0.0020803266670554876
33 0.00418473 0.89110184 0.09638534 0.9753415  0.002053831936791539
10 0.15553938 0.17337637 0.81842804 0.66822624 0.002051468240097165
9 0.         0.9159504  0.03365818 1.         0.002033169148489833
32 0.0259439  0.8555551  0.20492078 0.9803586  0.0020308673847466707
18 0.7656138  0.         1.         0.18395859 0.0020069321617484093
