40 0.         0.21375199 0.99457866 1.         0.15160980820655823
40 0.3449834  0.21093178 1.         0.92359376 0.08865871280431747
4 0.31043077 0.38452694 1.         0.81420296 0.0803254246711731
41 0.5722142  0.40545732 1.         0.92216635 0.0621747151017189
24 0.00831726 0.6294472  0.2446049  0.84635043 0.060348231345415115
35 0.49808523 0.         0.9863805  0.9320372  0.05854560434818268
2 0.11465002 0.         0.5449779  0.9137403  0.05648082122206688
2 0.10699841 0.01733185 0.36081117 0.93542206 0.054135967046022415
33 0.5943376  0.41068226 1.         1.         0.05227116867899895
24 0.00410778 0.46803463 0.17642444 0.77259964 0.052241649478673935
33 0.48490515 0.1365215  1.         0.9665275  0.0519561767578125
29 0.68591195 0.         0.9262495  1.         0.051398586481809616
24 0.12944974 0.4912672  0.5737601  0.7353836  0.050827182829380035
41 0.17398535 0.3989001  0.96342677 0.92603314 0.04942813143134117
24 0.01203494 0.518891   0.47326297 0.79708576 0.04622337594628334
24 0.08081301 0.50941414 0.73051065 0.77591395 0.045166000723838806
24 0.         0.5040381  0.27397585 0.80632347 0.04504384100437164
2 0.14982122 0.         0.80753946 0.55161726 0.04459385201334953
2 0.0601903  0.48744437 0.26840314 1.         0.04290122166275978
24 0.00079206 0.6051579  0.2180967  0.7113203  0.04106459766626358
1 0.02697708 0.5654978  0.7516264  1.         0.04104791209101677
33 0.25175783 0.3693347  1.         0.99796146 0.03973446413874626
2 0.08249936 0.5723543  0.3838207  0.9772986  0.03789085894823074
24 0.01446359 0.64032066 0.39686963 0.8541668  0.037237465381622314
1 0.07608109 0.27346894 0.886605   0.8345148  0.03645218163728714
29 0.57444894 0.2722438  0.94999045 1.         0.03645109757781029
2 0.10058685 0.22300434 0.4840257  1.         0.03626158460974693
24 0.0211208  0.49830568 0.2204977  0.71855277 0.03599122539162636
35 0.2990327  0.17516294 1.         0.94218236 0.034853026270866394
24 0.23749204 0.4347126  0.7737133  0.7313049  0.034213509410619736
1 0.15444097 0.31086835 1.         0.8134768  0.034056324511766434
2 0.08250341 0.12234142 0.29998812 0.9999926  0.03152509778738022
1 0.         0.2867229  0.58851504 0.87218785 0.03152018412947655
24 0.02896875 0.63540155 0.44218445 0.7623807  0.03144238889217377
41 0.5803322  0.18010049 0.9681903  0.84441197 0.03134915977716446
24 0.         0.67065215 0.47420868 0.823425   0.031185153871774673
2 0.09331556 0.02311832 0.7102657  0.40523893 0.031150998547673225
41 0.         0.3686937  0.67556286 1.         0.030763989314436913
24 0.03466431 0.33393434 0.5003023  0.71898174 0.028910676017403603
33 0.11062452 0.6760392  0.42434803 0.9905702  0.028909694403409958
4 0.5384065  0.25239113 0.9776654  0.8335482  0.02653062716126442
2 0.17073807 0.         1.         0.45095226 0.02651224285364151
24 0.         0.706648   0.47361043 0.8920469  0.026468569412827492
24 0.00898814 0.56399286 0.24051467 0.76043284 0.026144644245505333
2 0.04309292 0.37313008 0.22113954 1.         0.02604513242840767
2 0.08729391 0.20690356 0.72469705 0.97855604 0.025822659954428673
24 0.05349138 0.56772566 0.30795777 0.8287206  0.02564040943980217
41 0.02549767 0.5893104  0.3670287  1.         0.02555057406425476
2 0.15586716 0.01681379 0.8871393  0.86551076 0.02536029741168022
40 0.         0.44838777 0.43671927 1.         0.02531973458826542
24 0.         0.2470513  0.27661642 0.6791976  0.02529745362699032
1 0.11485512 0.540707   0.43286052 1.         0.02320069447159767
29 0.27524576 0.08764333 0.88729364 0.9512594  0.022465607151389122
40 0.         0.166521   0.55325115 1.         0.02237742394208908
7 0.31967565 0.3365938  0.8989685  0.92587304 0.021698227152228355
41 0.00438648 0.5291066  0.23648758 0.87537915 0.021158069372177124
41 0.00535868 0.502363   0.30264443 1.         0.02091825380921364
7 0.4174083  0.20441158 0.9617544  0.82162565 0.02082393877208233
1 0.129186  0.6101709 1.        0.9779047 0.02058805152773857
10 0.46212903 0.23931023 1.         0.93794996 0.0205539520829916
1 0.         0.47772756 0.572261   0.9700317  0.020211994647979736
24 0.05521831 0.23037057 0.5602371  0.6007428  0.01975441537797451
1 0.         0.5288987  0.52730215 0.8673928  0.019747748970985413
12 0.5238149  0.13047805 1.         0.7724076  0.019470324739813805
24 0.22196355 0.5519281  0.90437627 0.84126884 0.018938537687063217
35 0.0000000e+00 6.7540491e-04 9.8784083e-01 8.8725060e-01 0.018730388954281807
33 0.12049194 0.15492213 1.         0.9219513  0.0185747891664505
2 0.0543905  0.02566302 0.26563695 0.6742048  0.018508944660425186
41 0.01327906 0.36797744 0.45064837 1.         0.01848773844540119
4 0.         0.32154688 1.         0.79659253 0.018249180167913437
24 0.23854212 0.43960476 0.7145448  0.5953851  0.01812012866139412
24 0.30796316 0.44029227 0.6594398  0.6490159  0.01805124804377556
41 0.6980355  0.38228825 1.         0.7928064  0.017785094678401947
27 0.51339406 0.1628858  0.9225888  0.8550932  0.017707614228129387
2 0.09450727 0.5428933  0.5096054  0.9407452  0.017677297815680504
12 0.36363563 0.29373702 1.         0.8473851  0.017571207135915756
1 0.2652044  0.11792226 0.79676086 0.49442047 0.017329545691609383
24 0.03648543 0.59605956 0.31276578 0.72811747 0.017256027087569237
40 0.03336634 0.11526711 1.         0.8166924  0.01670067384839058
29 0.42786032 0.1947005  0.9302991  0.9959198  0.0161968432366848
2 0.07530902 0.         0.55000126 0.36323938 0.016065355390310287
35 0.         0.06029742 0.5924848  0.7343089  0.015931975096464157
1 0.0199573  0.06229416 0.59636444 0.7876566  0.015927517786622047
2 0.5670657  0.01375643 1.         0.7907186  0.015772240236401558
2 0.         0.         1.         0.33915552 0.01573658175766468
24 0.04305911 0.35086128 0.80009156 0.71435374 0.01559119950979948
2 0.1040685  0.         0.505692   0.55019563 0.015260237269103527
1 0.         0.13866244 1.         0.73806286 0.014941726811230183
27 0.3754578 0.3594525 1.        0.9268699 0.014819876290857792
1 0.15883225 0.         1.         0.4312782  0.014768842607736588
33 0.06797254 0.3358206  0.69214123 1.         0.014765490777790546
1 0.05119817 0.615235   0.88957036 0.9270745  0.014623860828578472
24 0.32216927 0.4175546  0.9067187  0.7714479  0.014465684071183205
24 0.30751553 0.3481339  0.7824924  0.5127174  0.014413547702133656
24 0.22325414 0.37347528 0.68796676 0.5306082  0.01437408197671175
2 0.07641822 0.0085378  0.37869865 0.50020945 0.014176510274410248
40 0.03556005 0.52241874 0.9267745  0.98813885 0.01393036637455225
24 0.05703046 0.6035012  0.80334425 0.83161604 0.013885336928069592
24 0.         0.33374643 0.2036113  0.6624818  0.013822762295603752
41 0.02071869 0.5660209  0.4480688  0.914393   0.013327893801033497
41 0.09800031 0.2643274  0.8627221  0.6085367  0.013175941072404385
24 0.49771222 0.43130577 0.93777287 0.8077348  0.012972850352525711
1 0.         0.4308156  1.         0.91982406 0.012690011411905289
29 0.28583643 0.41583008 0.88623214 1.         0.012651503086090088
24 0.         0.12793383 0.23962931 0.4689534  0.012134885415434837
2 0.06271235 0.11652894 0.22109891 0.8213859  0.012091870419681072
2 0.03827702 0.5237049  0.264929   0.83848774 0.011955187655985355
41 0.00391497 0.5288328  0.53700453 1.         0.01180086750537157
1 0.60905105 0.38082826 1.         0.8794377  0.011450635269284248
2 0.0710421  0.         0.8126163  0.22500923 0.011424834839999676
1 0.19864477 0.5090136  0.52837956 1.         0.011386383324861526
40 0.12117432 0.09900411 0.8937055  0.6429688  0.011338328011333942
2 0.21973509 0.         0.7434367  0.31965464 0.011268837377429008
29 0.51877177 0.12577201 0.8920795  0.7554662  0.011248130351305008
4 0.0702861 0.4702922 1.        0.8438651 0.011210000142455101
22 0.4885722  0.         0.87416047 0.99783593 0.011121388524770737
41 0.3714942  0.33897775 0.9955408  0.8485366  0.011106760241091251
24 0.3797464  0.21154314 0.73742044 0.4844975  0.011105630546808243
24 0.06433061 0.5673791  0.4622175  0.7466778  0.011087140068411827
41 0.26878127 0.3437016  1.         0.6799771  0.011053219437599182
40 0.01363266 0.55539864 0.5099661  1.         0.010604831390082836
2 0.42096567 0.21156734 1.         0.8717977  0.010603309608995914
24 0.28936645 0.3680069  0.62994885 0.59096205 0.010565308853983879
41 0.0215582 0.4531485 0.2018761 1.        0.010488658212125301
2 0.04207091 0.03428625 0.19279355 0.717253   0.010291751474142075
24 0.10186735 0.64167637 0.5339587  0.8389102  0.01017824374139309
33 0.7256683  0.41899365 1.         0.8688088  0.010031268931925297
24 0.03277616 0.13715184 0.65059704 0.45434642 0.009889636188745499
24 0.39225143 0.44038814 0.8947165  0.60342526 0.00952233001589775
34 0.         0.3334249  0.7375962  0.80220646 0.009463011287152767
24 0.02481777 0.5336905  0.445916   0.67841333 0.009421770460903645
24 0.11590673 0.20272462 0.8297366  0.5690118  0.009304911829531193
24 0.5765575  0.49873942 0.99219537 0.8252106  0.009259875863790512
24 0.14183514 0.66017133 0.44218343 0.88806325 0.009195364080369473
1 0.00658132 0.558612   0.35944623 0.930491   0.009160514920949936
35 0.         0.47144023 0.3684461  0.9860611  0.009127973578870296
24 0.12976329 0.6614407  0.6779445  0.7967251  0.009087607264518738
40 0.         0.06944962 0.8173238  0.99205506 0.008976181037724018
24 0.11587472 0.69961    0.7017743  0.8556638  0.00889622326940298
33 0.2368055  0.23673698 0.8058971  0.6806885  0.008848955854773521
33 0.26021868 0.01565198 0.9160907  0.15448792 0.008765993639826775
22 0.16710055 0.         0.91468173 0.13922738 0.0087418332695961
1 0.         0.3634044  0.35170734 0.9384971  0.008694280870258808
10 0.13422132 0.2837538  0.8477308  0.8977118  0.00867983978241682
1 0.21228008 0.18189587 0.9699787  0.44890615 0.00866825319826603
4 0.         0.19369225 1.         0.69296813 0.008514187298715115
10 0.5685793 0.        0.9673869 0.8848668 0.008459229953587055
1 0.51975465 0.01745379 1.         0.69051737 0.00841790996491909
24 0.03678851 0.58299387 0.4270804  0.69801956 0.008246202021837234
27 0.59400517 0.25842413 0.9930716  0.90636986 0.008234732784330845
6 0.40747258 0.         0.9122379  0.35695142 0.008210625499486923
40 0.38793027 0.49471122 1.         0.87759066 0.008177552372217178
4 0.         0.37544584 0.91875815 0.86482435 0.008160841651260853
34 0.03504115 0.39575857 0.96591985 0.8275171  0.00812697783112526
24 0.32150123 0.41184768 0.80401975 0.56983995 0.00807403214275837
40 0.57951415 0.17397858 1.         0.84791356 0.008070827461779118
41 0.47612086 0.60620075 1.         0.8300217  0.008052422665059566
33 0.09414129 0.12526286 0.95039266 0.6715965  0.008027319796383381
33 0.18402116 0.6530429  1.         0.96360636 0.007988668978214264
1 0.        0.4847721 0.2383846 0.8051498 0.007946967147290707
1 0.11345746 0.22573563 0.7370627  0.5231894  0.007813488133251667
24 0.3013386  0.4680979  0.78268534 0.6280112  0.007775312755256891
1 0.31023037 0.45129925 1.         0.95107394 0.007733416277915239
24 0.3959262  0.3816449  0.89901763 0.5433076  0.00770536158233881
24 0.41157523 0.3716216  0.77861816 0.61629367 0.007620054297149181
2 0.35670155 0.         0.77834404 0.4121388  0.007594062481075525
27 0.22072496 0.25846797 0.99178267 0.87116987 0.007469548378139734
33 0.08330624 0.49066073 0.45506263 0.98109365 0.007367913611233234
38 5.0251710e-01 9.0504967e-04 1.0000000e+00 2.2310087e-01 0.007303123828023672
41 0.2787507  0.20760985 0.9923608  0.7592035  0.007302219979465008
35 0.         0.03273588 0.663894   0.5144049  0.007168922107666731
35 0.27485505 0.         1.         0.76119435 0.007145892828702927
33 0.14308043 0.3308687  0.90910476 0.6208448  0.00709514832124114
33 0.11702126 0.24889466 0.87375885 0.5463242  0.007042150013148785
24 0.37120548 0.3336818  0.7267613  0.5757077  0.007032390218228102
1 0.         0.4762313  0.25838917 0.9921971  0.006871751043945551
24 0.33498907 0.2069248  0.91496277 0.60882884 0.006845589727163315
16 0.08366412 0.32803944 0.69661665 0.6796273  0.006840824615210295
41 0.13965473 0.6140565  0.7944169  0.9018455  0.006749730557203293
24 0.11497472 0.2839169  0.69186735 0.66593015 0.006725780665874481
24 0.2810667  0.26110154 0.6194135  0.49011222 0.006607321090996265
35 0.         0.22070262 0.3356308  0.88391805 0.006605674047023058
41 0.27017623 0.20822127 0.7359235  0.5951344  0.006599117070436478
2 0.08219633 0.2806937  0.2672635  0.8289624  0.00653239106759429
12 0.04965749 0.16661234 1.         0.8181378  0.00649543572217226
33 0.08687626 0.59185517 0.36108485 0.9528646  0.006491122301667929
2 0.07716076 0.38252997 0.3333371  0.91179425 0.006400579120963812
41 0.00511569 0.6023245  0.1956279  1.         0.00627943966537714
24 0.27227983 0.12172281 0.8309478  0.4576408  0.006213353015482426
35 0.        0.214803  0.6967432 0.8468511 0.006202472373843193
2 0.06726746 0.41197824 0.5818912  1.         0.006130374036729336
2 0.08045205 0.10320699 0.30576116 0.61042136 0.005981643684208393
41 0.19433889 0.08279241 0.8549573  0.5206356  0.005895818583667278
41 0.16636457 0.23845795 0.67394423 0.69863975 0.005876948591321707
24 0.3028467  0.20333774 0.67770386 0.4456536  0.005864054895937443
24 0.21366552 0.64026064 0.60738444 0.8189552  0.005858043674379587
41 0.67136616 0.40161836 1.         0.6889971  0.005738670472055674
33 0.14832163 0.5648118  0.50407606 1.         0.005729804281145334
24 0.28870144 0.3746201  0.5330747  0.66451573 0.005605974700301886
6 0.5470705  0.         0.98229635 0.29426834 0.0055910577066242695
35 0.         0.5807718  0.29809916 0.99832195 0.005590817891061306
10 0.71385    0.23852608 0.9599936  0.84489787 0.0053812130354344845
1 0.3951364  0.04178736 1.         0.3974287  0.005346498917788267
2 0.10018539 0.2173865  0.38903087 0.5595569  0.005332027096301317
1 0.2582196  0.16153966 0.68725383 0.5786865  0.005330841988325119
33 0.07297847 0.04989721 0.63420206 0.7150903  0.0053162723779678345
24 0.3969553  0.31663424 0.88457054 0.5015776  0.00529844406992197
35 0.         0.06952085 0.37895516 0.725711   0.005277094431221485
41 0.27590746 0.24405724 0.6025969  0.7684776  0.005255221389234066
2 0.13416998 0.17924622 0.5945057  0.78453004 0.005216819234192371
33 0.12954324 0.8085182  0.37666458 0.9763327  0.005208405200392008
22 0.36752647 0.         0.8244573  0.19068325 0.00519515061751008
40 0.05287593 0.25937948 0.9530117  0.67317414 0.005193763412535191
24 0.25557807 0.70109624 0.98767537 0.9047154  0.005159097258001566
24 0.01129124 0.28353685 0.27545995 0.54167265 0.0050946916453540325
33 0.04935869 0.79660463 0.46397233 0.97714645 0.0050602504052221775
1 0.36135817 0.61949706 1.         1.         0.005005049053579569
40 0.4514486  0.36475682 0.96126306 0.9162846  0.005000350531190634
24 0.36675346 0.25264457 0.8314489  0.44480577 0.004997586365789175
41 0.03883326 0.08689947 0.624356   0.5777237  0.004956985358148813
2 0.04189481 0.         0.22845432 0.5086904  0.004927899222820997
1 0.         0.26361296 0.18994056 0.88164866 0.004927124362438917
6 0.29986945 0.         0.8174833  0.3044238  0.004925696179270744
6 0.29659113 0.         0.85477114 0.1977955  0.0048950607888400555
1 0.44950777 0.605507   1.         0.90648705 0.004884741734713316
24 0.39264834 0.35439327 0.6361606  0.67165333 0.004875241778790951
1 0.0169569  0.06077711 0.39079952 0.6997394  0.004846680909395218
40 0.07332649 0.49958995 0.39990065 1.         0.00484499242156744
25 0.3479184  0.         0.92289054 0.70671946 0.004843199625611305
1 0.28628856 0.17346968 0.57209736 0.65020573 0.0048204828053712845
1 0.18672705 0.74626476 0.73828894 0.98919225 0.004818619694560766
33 0.04213071 0.5449591  0.80755526 0.9552628  0.0047780550085008144
1 0.23730688 0.02721311 1.         0.5612886  0.004766302183270454
29 0.07881457 0.29603615 0.63348776 0.9484299  0.004735203925520182
24 0.1032033  0.07233981 0.7185748  0.36009887 0.004724219907075167
33 0.3291186  0.01923063 0.95821273 0.25136787 0.004572523757815361
10 0.36161664 0.30931792 0.89723474 0.69577885 0.004566596355289221
35 0.         0.32522026 0.47482026 0.86734813 0.004544230177998543
1 0.02541886 0.         0.69017327 0.55746645 0.0045145656913518906
40 0.02562344 0.26386648 0.2528341  1.         0.004509038291871548
34 0.05430101 0.58787495 0.43923178 0.90076673 0.004494628868997097
41 0.16698512 0.50618225 0.616048   0.90987754 0.004494558088481426
33 0.05415436 0.05754006 0.851312   0.48888266 0.004479029215872288
24 0.056241   0.6459827  0.61094314 0.7710354  0.0044585466384887695
2 0.0322217  0.71792686 0.25800052 1.         0.0044486913830041885
41 0.13721332 0.2049274  0.8042392  0.5024221  0.004445814527571201
41 0.02147639 0.15307096 0.8928107  0.76279205 0.004438066855072975
40 0.29335782 0.5726678  0.9587625  0.92119664 0.004411392845213413
38 0.42566377 0.00548941 0.96911806 0.31127667 0.004408347886055708
2 0.19833057 0.         0.99302554 0.1786946  0.004377363715320826
16 0.5270357  0.11448894 0.9612968  0.5128683  0.0043746852315962315
2 0.        0.7263312 0.5748508 1.        0.004372141323983669
24 0.5430718  0.17989752 0.9272568  0.67389596 0.004369731992483139
12 4.7805786e-04 1.7040698e-03 9.1636008e-01 2.0730706e-01 0.004361780360341072
29 0.1952192  0.01548396 0.90283173 0.6128259  0.004360610153526068
1 0.17826554 0.01090869 0.7198202  0.4171203  0.004355131648480892
33 0.33252713 0.33038184 1.         0.63463825 0.004331974778324366
41 0.5806592  0.49540558 1.         0.7917503  0.004316132981330156
6 0.63182515 0.783474   0.99655145 1.         0.004289377015084028
4 0.34474382 0.24979609 1.         0.71234196 0.0042846594005823135
22 0.5549321 0.        0.9572392 0.183879  0.004275994375348091
24 0.32167757 0.68346936 0.9088617  0.8300719  0.0042637973092496395
13 0.5852442 0.2558342 1.        0.9765059 0.004261642228811979
24 0.36579004 0.2868597  0.6931693  0.5194546  0.004236283246427774
12 0.03536113 0.37684143 1.         0.90568453 0.004230295307934284
41 0.30077735 0.2563868  0.80676717 0.69626266 0.004210008308291435
24 0.         0.15020081 0.3952266  0.476698   0.004160656593739986
1 0.32348073 0.49930787 0.6833627  1.         0.004151981323957443
1 0.7632919 0.3367218 1.        0.7154536 0.004126709885895252
22 0.08112498 0.         0.8334837  0.46249798 0.004118659999221563
24 0.007624   0.09682113 0.5107422  0.37835887 0.0041123926639556885
2 0.10883437 0.3551615  0.4259796  0.8637116  0.0040488820523023605
4 0.59516054 0.42658737 1.         0.81311274 0.004034064244478941
1 0.         0.13182518 0.3342296  0.8496328  0.004033682867884636
9 0.5996308  0.4114959  0.96480745 0.9317087  0.004031802527606487
1 0.4728232  0.22103956 1.         0.800417   0.0040254597552120686
33 0.5241067  0.619952   1.         0.87840986 0.0040094852447509766
24 0.04822362 0.71894324 0.6560259  0.9201636  0.004004053771495819
24 0.02614187 0.38788724 0.33271232 0.5749846  0.003996989224106073
41 0.         0.12105398 0.5601494  0.8227919  0.003976849373430014
10 0.2757596 0.0495754 0.9904215 0.8572282 0.003971959929913282
34 0.10796575 0.6071875  1.         0.8582674  0.00393929798156023
34 0.         0.7794147  0.6596086  0.94982564 0.0039035179652273655
41 0.08638968 0.753426   0.31576762 1.         0.003870224580168724
12 0.16326785 0.00424066 1.         0.15510838 0.0038617353420704603
16 0.         0.659156   0.36833766 0.86064935 0.003861585631966591
40 0.2741801  0.22231717 0.66694117 0.89835757 0.0038491259329020977
24 0.02495784 0.33851856 0.35639068 0.51632893 0.003816841868683696
1 0.02952494 0.         0.32409516 0.4901259  0.0038048543501645327
1 0.20589203 0.26348993 0.6140562  0.68554795 0.0037933741696178913
24 0.01798937 0.80244684 0.24304973 0.92011225 0.003791169263422489
2 0.20046033 0.1059671  0.6606042  0.6042364  0.0037765237502753735
24 0.         0.46963242 0.29775468 0.69764847 0.003774222917854786
2 0.28608087 0.21442355 0.945876   0.58067006 0.0037324849981814623
33 0.5289665  0.2841919  1.         0.70884484 0.003729090094566345
1 0.55458283 0.55617446 1.         0.9961479  0.0037203782703727484
1 0.23522326 0.24785753 0.859893   0.5431849  0.0036645447835326195
33 0.06040766 0.4183393  0.5723417  0.91872185 0.0036308399867266417
10 0.07978793 0.24344105 0.5675398  0.93325603 0.0036299065686762333
24 0.09823807 0.7408513  0.8982534  0.92468804 0.0036086987238377333
