24 0.         0.30185792 0.558765   0.8336073  0.4957015812397003
24 0.         0.1825871  0.4999807  0.73598266 0.47739243507385254
2 0.48065147 0.17464101 0.9586743  0.7702327  0.4241568148136139
2 0.5548501  0.06062683 0.95636904 0.96281314 0.40527188777923584
24 0.00792081 0.28547683 0.36463717 0.7649259  0.4012782871723175
24 0.03548672 0.20505361 0.3328503  0.64222866 0.39840167760849
24 0.         0.28756258 0.40749148 0.603381   0.39332446455955505
2 0.42156535 0.26792955 0.9495733  0.9302179  0.3714582324028015
2 0.45477653 0.22898479 0.84256095 0.7160742  0.34942206740379333
24 0.         0.44162318 0.6784642  0.9283631  0.3272418975830078
1 0.03722229 0.         1.         0.8102218  0.31356897950172424
41 0.3057058  0.24379128 0.63288283 0.75478894 0.25308719277381897
1 0.3070994  0.06197897 0.7117075  0.7965495  0.24213369190692902
34 0.33564907 0.30776644 1.         0.88198256 0.24086664617061615
2 0.18614769 0.1519861  0.89317423 0.739044   0.2280213087797165
24 0.00891642 0.3984048  0.4773283  0.6937703  0.22509869933128357
1 0.35600197 0.0064196  0.85748965 0.69841725 0.2155526578426361
9 0.18487954 0.24791382 0.92496806 0.6613752  0.2111549973487854
24 0.30407155 0.3169733  0.6770464  0.88199615 0.20950666069984436
24 0.         0.34473333 0.6040992  0.66507125 0.20486724376678467
2 0.         0.06067241 0.80344605 0.7615034  0.2048342078924179
24 0.         0.2698911  0.92259055 1.         0.19925174117088318
2 0.5510816  0.06632223 0.8659469  0.6844815  0.1923336386680603
41 0.2387131  0.23835832 0.95241964 0.94934064 0.18930992484092712
24 0.04755445 0.52167004 0.65210897 0.7461299  0.1843808889389038
1 0.23525116 0.         1.         0.71244997 0.17356516420841217
34 0.40750146 0.1907834  1.         0.74298227 0.17167896032333374
34 0.1844745  0.18278763 1.         0.6262679  0.1675923466682434
41 0.43054658 0.08801941 0.90565604 0.9619234  0.16129113733768463
24 0.11280259 0.36072904 0.66802275 0.7603932  0.1598498672246933
9 0.32167786 0.05669925 0.9339395  0.8722478  0.1531352698802948
34 0.3321595 0.4887229 1.        0.8086692 0.14962467551231384
2 0.18704133 0.4003112  0.9155665  0.9550116  0.1468978226184845
41 0.29894763 0.26951373 0.87992525 0.7877374  0.14368027448654175
41 0.63353306 0.08590261 0.91687024 0.991933   0.13595673441886902
2 0.04854564 0.18667059 0.7092267  0.87093955 0.12877942621707916
24 0.07503054 0.2518988  0.4306901  0.6679174  0.12834058701992035
41 0.         0.29583567 0.6050818  0.88405836 0.12611714005470276
41 0.         0.18169723 0.8078129  0.7228341  0.12604551017284393
34 0.4470279  0.39217684 1.         0.7761312  0.12523138523101807
21 0.         0.         0.656664   0.63572824 0.12497727572917938
24 0.         0.63629234 0.67301506 0.8944808  0.1241237223148346
41 0.12833123 0.38480464 0.76294774 0.73052174 0.12321528047323227
34 0.10021118 0.24641368 1.         0.8104514  0.12227150052785873
24 0.0554865  0.560556   0.92466676 0.9990654  0.12111387401819229
2 0.31277552 0.2462761  0.7528256  0.7034918  0.1180901974439621
34 0.28438404 0.34197888 1.         0.5827776  0.11767794191837311
24 0.13513795 0.38884646 0.89725953 0.9636014  0.11583804339170456
24 0.0365435  0.588452   0.67727184 0.80557865 0.11473299562931061
15 0.21646261 0.20667288 1.         0.6657712  0.11262482404708862
24 0.09856898 0.68214476 0.6353721  0.9290493  0.11168371886014938
1 0.22768861 0.17244072 0.7985701  0.66765666 0.11044708639383316
41 0.13722722 0.5669376  1.         1.         0.1101682186126709
24 0.06161387 0.4394415  0.5810781  0.78481674 0.10361136496067047
24 0.07698372 0.83538353 0.63160217 0.96368206 0.10074442625045776
24 0.2554743  0.31069905 0.590911   0.76614636 0.10006354749202728
34 0.         0.1928932  0.8472232  0.60248196 0.09844096004962921
41 0.45606157 0.3791385  1.         0.9084899  0.09722117334604263
41 0.05244164 0.31286252 0.5837759  0.7028272  0.09670346975326538
2 0.39557898 0.34277034 0.9223487  0.7218415  0.09513126313686371
9 0.37028682 0.1031101  0.89518493 0.62237436 0.09224013984203339
24 0.16619763 0.35040784 0.44635215 0.7580651  0.09180141240358353
24 0.2603872  0.16432059 0.98080224 1.         0.08995024114847183
34 0.         0.29290086 0.74158406 0.790267   0.0882924348115921
1 0.28596407 0.32253632 1.         0.68222636 0.0882868841290474
9 0.         0.11077833 0.91979057 0.8225941  0.08748042583465576
2 0.6004924  0.20319013 0.9143376  0.81738    0.0858699232339859
34 0.67176336 0.48173088 1.         0.9354108  0.08411461859941483
41 0.37919092 0.30737033 0.66316897 0.7891834  0.08254443109035492
41 0.3086464  0.44461772 1.         0.9439078  0.08129527419805527
24 0.03122568 0.2989155  0.21888635 0.66582686 0.07983595132827759
24 0.         0.22668748 0.52562046 0.5607416  0.07784093171358109
9 0.4625701 0.        0.9415313 1.        0.07760335505008698
41 0.65922767 0.4268875  1.         0.9835531  0.07274101674556732
34 0.37451014 0.13635638 1.         0.5339862  0.0709012895822525
1 0.12896919 0.04825539 0.8005014  0.75541717 0.06907390803098679
1 0.32824078 0.2243369  0.9306862  0.7443389  0.06775743514299393
41 0.25984916 0.45177373 0.9292837  0.77953327 0.06761586666107178
24 0.3062696  0.16986278 0.7799546  0.9503985  0.0624375082552433
24 0.16030696 0.86431175 0.6889346  0.96728826 0.06146634742617607
24 0.01819453 0.20174256 1.         0.91495097 0.06141873821616173
41 0.23778911 0.28850722 0.5645935  0.8288321  0.056769710034132004
9 0.11418425 0.33962697 0.81241465 0.69397026 0.056480687111616135
29 0.53973657 0.08386439 0.8229099  0.8973554  0.05515042319893837
29 0.1581722  0.09684364 0.68008375 0.63045806 0.05347568169236183
24 0.01492222 0.40591168 0.3658047  0.62846947 0.052400458604097366
41 0.07543269 0.05414467 0.7836991  0.45917267 0.05161149054765701
15 0.44260794 0.13410151 1.         0.5560886  0.051006101071834564
41 0.         0.28591073 0.38931108 0.96269846 0.04897492006421089
41 0.09698416 0.40116897 0.85454786 0.9443439  0.04704102873802185
24 0.51425    0.02917903 0.9767787  1.         0.045574434101581573
24 0.17336757 0.78245825 0.87715435 0.9875688  0.04510506987571716
24 0.16343041 0.5183829  0.64001334 0.90174544 0.04491959512233734
2 0.39341524 0.37933022 0.8137709  0.8274463  0.043972741812467575
29 0.2339515  0.1325544  0.75107414 0.823754   0.04329710453748703
2 0.36619133 0.5672764  0.9525365  0.9995206  0.0429021380841732
41 0.3104992  0.09506445 0.6692024  0.8692369  0.042017001658678055
24 0.17443995 0.30010518 1.         0.81159395 0.041343268007040024
34 0.        0.4151833 0.6198878 0.8691843 0.04074643924832344
1 0.         0.7346678  0.65555096 1.         0.04072345793247223
34 0.         0.22412947 0.65347517 0.71204245 0.040020979940891266
21 0.08131549 0.         0.8232999  0.7472059  0.03964797779917717
24 0.06072044 0.4190417  0.8878228  0.77511454 0.039415229111909866
34 0.         0.12000753 0.53362197 0.5524369  0.0391642190515995
40 0.        0.1161861 0.8281464 0.8590378 0.03915844485163689
34 0.33669937 0.3345031  0.8797992  0.70947564 0.038936588913202286
1 0.3744884  0.09617409 1.         0.78643334 0.038702163845300674
1 0.14054446 0.3227826  0.8258018  0.78899294 0.03830108046531677
9 0.5924535  0.23337364 0.98656535 0.86802685 0.03822261840105057
41 0.37830237 0.16558574 0.74843097 0.8297644  0.038094669580459595
41 0.687227   0.21141876 0.95752364 1.         0.037569090723991394
2 0.02233811 0.15693635 0.5776689  0.726372   0.0374176986515522
41 0.30486184 0.38542897 0.61470187 0.8574575  0.036865465342998505
41 0.         0.26889744 0.33177847 0.711748   0.03639482334256172
40 0.02584941 0.26984203 0.8463081  1.         0.03589614853262901
34 0.         0.16447066 0.89323336 0.46183392 0.03585987910628319
24 0.29651117 0.2052117  1.         0.65862095 0.03549938276410103
34 0.4307165 0.5524166 1.        0.8581334 0.0352783165872097
15 0.26391563 0.3387645  1.         0.5574158  0.035235460847616196
1 0.42087883 0.         1.         0.5957833  0.03467630222439766
34 0.14840332 0.7024928  1.         0.928052   0.034614790230989456
29 0.6278703  0.05438833 0.85468864 0.98783123 0.03418935090303421
34 0.         0.25534374 0.4464029  0.5752324  0.03401551395654678
40 0.2603337  0.12324921 0.9617243  1.         0.03385709226131439
24 0.16951421 0.46125677 0.49670228 0.9400155  0.03377258777618408
2 0.4686952  0.1296368  1.         0.60098183 0.03362424671649933
24 0.21251799 0.47963765 0.74796325 0.8374746  0.03312528133392334
34 0.         0.10971085 0.34393892 0.6210796  0.03273598104715347
34 0.32208395 0.18063241 1.         0.40454626 0.031907130032777786
2 0.07311045 0.0721535  0.6681713  0.5876583  0.03152979165315628
15 0.         0.23079151 0.82087857 0.7371387  0.031231330707669258
24 0.07594742 0.50648177 0.37108847 0.8794625  0.031002189964056015
24 0.25044256 0.46932793 1.         0.8209942  0.030626874417066574
24 0.4179299  0.17495145 0.8418926  0.8329898  0.02955864742398262
34 0.         0.20864843 0.46333954 0.85434186 0.029467133805155754
1 0.04492269 0.         0.39482185 0.7631925  0.029102899134159088
41 0.40462092 0.28190592 0.86861485 0.66444355 0.028986001387238503
10 0.1081514  0.16681013 0.70274806 0.73518497 0.02785235270857811
4 0.10082362 0.2944553  1.         1.         0.027742382138967514
34 0.3134588  0.44930232 0.988006   0.6837698  0.027674691751599312
29 0.37240198 0.06045451 0.85398227 0.8412725  0.027192801237106323
41 0.27180925 0.755639   1.         1.         0.026547633111476898
34 0.02507978 0.29163426 0.6965768  0.5524177  0.026512660086154938
1 0.0035876  0.53244954 0.6711449  1.         0.02643571048974991
15 0.38051847 0.21272571 1.         0.46099123 0.026179803535342216
24 0.01135368 0.54785895 0.4633005  0.8614968  0.02612614445388317
41 0.32371402 0.03046316 0.85093683 0.71722066 0.025976601988077164
41 0.         0.28647166 0.54156303 0.6196263  0.025714527815580368
4 0.04529114 0.2460375  0.90608054 0.91095847 0.0255949217826128
33 0.01006983 0.17759761 0.4396281  0.7877851  0.025493066757917404
41 0.34748513 0.6507577  1.         0.9950865  0.025406289845705032
3 0.32029128 0.13495967 0.9779047  0.65328556 0.025370696559548378
1 0.2965736  0.20880422 1.         0.539219   0.025015978142619133
2 0.1191049 0.2980538 0.7422395 0.681426  0.024954259395599365
20 0.31510386 0.02995575 0.9464471  0.39533317 0.024676119908690453
33 0.56101894 0.         0.92167807 0.7957615  0.024566449224948883
1 0.         0.37454912 0.7805661  0.984906   0.02436870150268078
24 0.         0.4535461  0.29196417 0.85082173 0.02398747019469738
1 0.28775135 0.12036703 0.60067403 0.7427716  0.02393927611410618
15 0.21195537 0.40425313 1.         0.6014449  0.023825738579034805
29 0.07568042 0.12423655 0.55828434 0.67611283 0.023815123364329338
9 0.30367118 0.17747381 0.7780862  0.73100704 0.02320902608335018
42 0.27261803 0.25509053 0.90381634 0.7874013  0.02277875691652298
9 0.25131142 0.3239333  0.95489126 0.75275177 0.022747065871953964
24 0.         0.77594286 0.6079525  0.9990414  0.02264472469687462
10 0.09860481 0.3095824  0.7589818  0.86166865 0.022374624386429787
29 0.47403494 0.1287131  0.9382347  0.9704916  0.022021325305104256
34 0.         0.82229143 0.57644904 0.96330374 0.021722838282585144
1 0.04226677 0.07986522 0.5307467  0.6303806  0.021599266678094864
15 0.55459934 0.17384504 1.         0.7092426  0.021470429375767708
27 0.280233  0.        1.        0.5019389 0.021404897794127464
27 0.2767265  0.         1.         0.72873974 0.021050089970231056
41 0.07283595 0.5593456  0.7047651  0.9844714  0.02085704170167446
24 0.23714112 0.7081182  0.98658735 0.9856353  0.02073254995048046
1 0.18933302 0.264934   0.60737497 0.9243967  0.020478978753089905
2 0.6510729  0.28486806 0.9927709  0.82003176 0.020301058888435364
1 0.10918513 0.02907435 1.         0.46740565 0.020251929759979248
20 0.46455318 0.20652129 0.854677   0.79060334 0.020165933296084404
20 0.44314942 0.11920276 0.94711345 0.45699668 0.01899445801973343
41 0.07313545 0.5093945  0.7493047  0.78673655 0.018908197060227394
21 0.28406987 0.24941689 0.8436082  0.81421125 0.018857289105653763
24 0.02139856 0.85780233 0.3180747  0.9682943  0.01859401725232601
40 0.         0.45583183 1.         1.         0.018380647525191307
41 0.69439274 0.5965097  1.         1.         0.018219133839011192
41 0.69888747 0.34655255 0.9793272  0.8252934  0.018002180382609367
34 0.         0.35055476 0.69989306 0.6453137  0.017348090186715126
41 0.15639234 0.41381    0.634522   0.8043361  0.017281627282500267
42 0.138905   0.50712526 0.9219638  0.9934538  0.01719989813864231
41 0.1872334  0.12359373 0.78970957 0.5662685  0.017059432342648506
2 0.5957238  0.39691073 0.9100465  1.         0.017047204077243805
21 0.28476623 0.         0.8929096  0.70336294 0.017043158411979675
24 0.01373572 0.1189074  0.2671401  0.6164251  0.017004482448101044
41 0.00482557 0.43643102 0.5258897  1.         0.016939545050263405
24 0.         0.16015938 0.74806833 0.69620067 0.016608551144599915
34 0.2092657  0.4062816  0.947206   0.63752234 0.016569465398788452
29 0.7114357  0.00985133 0.9262062  1.         0.016371937468647957
2 0.40192482 0.         0.9470569  0.66016513 0.016249360516667366
41 0.66101277 0.7423969  1.         1.         0.016032472252845764
41 0.01196899 0.3043738  0.23580846 0.870587   0.015738099813461304
2 0.06068128 0.82328737 0.63306975 1.         0.015530402772128582
24 0.6860261  0.30884895 1.         0.8915024  0.015436265617609024
33 0.54767215 0.23107575 0.9639373  0.77039707 0.015200907364487648
2 0.41471654 0.15142721 0.7310363  0.664077   0.01513705588877201
9 0.         0.08661374 0.89111227 0.43074748 0.015084641985595226
34 0.         0.21253963 0.5594734  0.45343232 0.015062583610415459
24 0.01014665 0.6062415  0.35697395 0.8956545  0.0148991160094738
27 0.3253207  0.03382171 1.         0.33294037 0.014874691143631935
1 0.06283382 0.         0.49483454 0.8819336  0.01485575269907713
2 0.24796827 0.6895427  0.84151644 1.         0.014607668854296207
41 0.55612946 0.00907839 0.88474643 0.85576135 0.014053660444915295
3 0.55622476 0.08598454 0.97373617 0.47403678 0.013923166319727898
1 0.07759763 0.14632948 0.6011014  0.53579825 0.013560798950493336
24 0.         0.15024461 0.40190405 0.47148377 0.01344839297235012
33 0.31934732 0.07370472 0.9290314  0.49443167 0.013346186839044094
35 0.44555402 0.20381293 1.         0.9547728  0.01327658910304308
1 0.3438524  0.10656665 0.91180545 0.50828797 0.013076016679406166
34 0.12089656 0.5565941  0.9170154  0.8551621  0.01302290614694357
27 0.27156398 0.         1.         1.         0.01293568592518568
20 0.09305797 0.1294325  0.8880431  0.591913   0.012881381437182426
10 0.07139877 0.05209656 0.5571708  0.7114604  0.012877059169113636
41 0.         0.09726232 0.60176563 0.57406694 0.012872489169239998
24 0.04772062 0.6171347  0.47957012 0.94588554 0.012866963632404804
29 0.03549767 0.2672336  0.5823305  0.7830757  0.012792668305337429
15 0.         0.2681483  0.63516885 0.66002494 0.012754086405038834
34 0.38551447 0.19793312 0.8022866  0.67032677 0.012610450387001038
9 0.01797419 0.25082523 0.899317   1.         0.012446505017578602
41 0.58940226 0.3664249  0.9323703  0.8507251  0.012282266281545162
9 0.         0.37537497 0.7244439  0.7083852  0.012024053372442722
1 0.08739047 0.         0.6640472  0.30861482 0.011951114051043987
24 0.539645  0.3383584 0.9135126 0.9219366 0.011837499216198921
20 0.56040484 0.19866084 1.         0.58781743 0.011822259053587914
20 0.3735734  0.08923818 0.9072971  0.56026584 0.011753644794225693
34 0.69035757 0.6727311  1.         0.9680308  0.011734197847545147
20 0.3806181  0.18380688 0.88800466 0.4202474  0.011650707572698593
34 0.03053831 0.13754359 0.68833447 0.3977908  0.011465386487543583
4 0.0407813  0.23514837 0.57895136 0.8728685  0.011396646499633789
3 0.40355203 0.09005066 0.92650557 0.4048687  0.011379506438970566
1 0.0291265  0.         0.32250348 0.2924851  0.011242793872952461
34 0.49970695 0.12815918 0.9548573  0.47154853 0.011043276637792587
2 0.02080855 0.0168424  0.30635142 1.         0.011008843779563904
29 0.34073514 0.41653907 1.         0.9611196  0.010950218886137009
21 0.         0.16761042 0.7906064  0.7786332  0.010919606313109398
34 0.01208364 0.12260629 0.9666365  0.34919968 0.01084411796182394
21 0.01875295 0.32979688 0.90257305 0.8846543  0.010811954736709595
10 0.3001133  0.5959144  1.         0.98661774 0.010753989219665527
3 0.5621064  0.21047167 0.8981936  0.8049823  0.01071957778185606
2 0.25769192 0.42175898 0.83180875 0.76336455 0.010602842085063457
10 0.04079796 0.15623917 0.5969506  0.9911644  0.010595669969916344
33 0.16836937 0.08729544 0.87589115 0.88832796 0.010581256821751595
42 0.23345867 0.67458713 1.         0.96559817 0.010565242730081081
42 0.14587583 0.21453151 0.65986    0.8349676  0.01056393887847662
9 0.4812912  0.20631008 0.9175703  0.79591405 0.010560116730630398
34 0.         0.2345901  0.24637248 0.7228251  0.010483779944479465
34 0.         0.5280136  0.49305207 0.9262     0.010321765206754208
34 0.         0.7121036  0.55117536 0.9801627  0.010313199833035469
35 0.1774701  0.25252917 1.         0.92924565 0.010181169025599957
1 0.12363921 0.6782669  0.5428886  1.         0.010176253505051136
24 0.         0.10375087 0.35960206 0.38717163 0.010116316378116608
42 0.22397268 0.25445765 0.79148847 0.6448908  0.009978046640753746
34 0.27136588 0.2678374  0.85018486 0.6033062  0.009957730770111084
24 0.52852035 0.29087538 1.         0.76855105 0.009801113978028297
34 0.6721662  0.37989512 1.         0.76736546 0.00975105632096529
10 0.04507141 0.03418626 0.7473679  0.43358836 0.009739385917782784
10 0.53901625 0.7139379  0.946178   1.         0.009709109552204609
40 0.         0.77350575 0.92031544 1.         0.009686253033578396
41 0.5554276  0.27462977 0.8752847  0.995788   0.009581913240253925
24 0.13046393 0.5646005  0.8405287  0.8531595  0.009576808661222458
34 0.45890114 0.7117741  1.         0.94609106 0.009490495547652245
24 0.5891061  0.40062898 0.9975967  0.8353826  0.009452616795897484
9 0.         0.20152906 0.6953641  0.5966442  0.00942300446331501
4 0.         0.18289943 0.95736575 0.6664475  0.009319140575826168
24 0.         0.03434727 0.29547334 0.259974   0.009217406623065472
23 0.         0.         0.39265072 0.9998678  0.00917601678520441
1 0.15020666 0.33914834 1.         0.91642517 0.009131867438554764
24 0.4553883  0.4304641  0.96179265 0.96741384 0.00907168909907341
1 0.35634115 0.16996999 1.         0.45847383 0.009053451009094715
34 0.34539476 0.11226895 1.         0.36023846 0.008931727148592472
24 0.28892884 0.5101706  0.96791285 1.         0.008749344386160374
21 0.         0.13164821 0.46007133 0.5563139  0.008732112124562263
34 0.2773732  0.20982347 0.92655164 0.51177067 0.008717984892427921
41 0.370553   0.01075241 0.8466628  0.40809712 0.008688253350555897
20 0.03187514 0.03416616 0.28795305 1.         0.008641839027404785
24 0.22932667 0.14836326 0.831022   0.6729663  0.008623494766652584
34 0.         0.46208656 0.69269145 0.7035108  0.008602401241660118
2 0.         0.04639257 0.4595005  0.99193585 0.008559027686715126
2 0.09920624 0.5124172  0.6629993  1.         0.008548270910978317
41 0.11038084 0.2302679  0.731424   0.5993246  0.008527709171175957
27 0.29600337 0.         0.8151181  0.8268563  0.008521041832864285
34 0.57679707 0.29234433 1.         0.7265963  0.008299559354782104
20 0.45206034 0.07946707 0.9843625  0.31932408 0.008266884833574295
3 0.6528863  0.31447643 0.9565608  0.81720114 0.008238706737756729
40 0.19628142 0.09462786 0.97218966 0.7303449  0.008218158036470413
34 0.03062719 0.36974385 0.8940804  0.7335202  0.008164477534592152
41 0.00148918 0.13796835 0.38532707 0.63873595 0.0081320870667696
15 0.5407002 0.3939237 1.        0.6964406 0.008130262605845928
24 0.25363737 0.04275091 1.         0.780694   0.008101487532258034
7 0.04553945 0.08146856 1.         1.         0.008094443008303642
35 0.03841487 0.45920908 1.         0.9678237  0.008078400045633316
41 0.75981534 0.24758609 0.955411   0.8427228  0.008053411729633808
3 0.37489733 0.12183392 0.86826396 0.5473429  0.008008940145373344
