1 0.01263917 0.         0.23985708 0.3384821  0.06751445680856705
1 0.00056614 0.         0.25188446 0.19675204 0.06391382217407227
1 0.         0.27105916 0.24158552 0.8611702  0.041556403040885925
1 0.         0.         0.2829213  0.98003787 0.04036174342036247
24 0.         0.04813467 0.29026797 0.133979   0.0394999235868454
1 0.0111542  0.         0.23663951 0.58635336 0.03805524855852127
1 0.         0.2708163  0.3277765  0.66467667 0.03461604565382004
24 0.         0.07085786 0.30781972 0.2004394  0.03461511805653572
24 0.0203699  0.38595232 0.36638656 0.5589115  0.033163104206323624
24 0.00710232 0.3110372  0.36295995 0.528341   0.03147462010383606
24 0.         0.24349913 0.29385468 0.66682833 0.030135784298181534
24 0.         0.09821256 0.29174134 0.2883027  0.02713712677359581
1 0.01273067 0.13452192 0.2668861  0.7042209  0.024674810469150543
24 0.         0.16850084 0.3713779  0.4327077  0.02420874685049057
24 0.         0.45604843 0.28788528 0.8004269  0.02309224009513855
1 0.         0.06254446 0.34864417 0.5907474  0.020916514098644257
24 0.02035974 0.05950372 0.3557786  0.23453467 0.020535947754979134
24 0.         0.44071814 0.27914155 0.6644928  0.019891129806637764
24 0.         0.1397865  0.28049412 0.36399594 0.018994543701410294
1 0.         0.         0.41712958 0.23820964 0.017916744574904442
1 0.        0.        0.3323306 0.3065884 0.016327911987900734
38 0.         0.02925542 0.17953451 0.32554218 0.014949631877243519
24 0.03444602 0.21571264 0.4091411  0.6026928  0.014589235186576843
24 0.04658402 0.3460923  0.44934377 0.54890037 0.013570133596658707
24 0.         0.23961401 0.2602171  0.4705552  0.012326530180871487
1 0.         0.3294809  0.32912344 0.9343148  0.012140619568526745
18 0.9269263  0.9186849  0.99979675 0.99244916 0.012105772271752357
18 0.9447273  0.         0.99194694 0.07050683 0.01200305949896574
24 4.5892081e-04 5.9357208e-01 2.9317158e-01 8.2265902e-01 0.011660815216600895
1 0.         0.18928225 0.480438   0.6576627  0.011635677888989449
24 0.01677099 0.7708333  0.28632483 0.91486496 0.011597782373428345
1 0.         0.         0.4499744  0.75933963 0.011466821655631065
10 0.92361146 0.00110276 1.         0.062519   0.01111994031816721
24 0.0182087  0.09107927 0.39537248 0.31946087 0.01104778703302145
1 0.        0.306294  0.4409835 0.7665889 0.01091794390231371
28 0.02448712 0.06146528 0.24410488 0.2507387  0.010653856210410595
24 0.         0.32968888 0.30114588 0.4831621  0.010184332728385925
24 0.         0.5030234  0.25651908 0.730152   0.01013974379748106
24 0.01524971 0.6750972  0.27830204 0.8780239  0.009807637892663479
18 0.90376174 0.         0.9928409  0.13693415 0.009006112813949585
24 0.00618689 0.46524578 0.42373002 0.6714594  0.008762501180171967
38 0.         0.02764095 0.21936502 0.19505721 0.008635278791189194
18 0.8808532  0.         0.99645275 0.09953231 0.008471984416246414
6 0.01400026 0.         0.17116961 0.33228135 0.00838333647698164
24 0.05982315 0.32506615 0.4571065  0.67942894 0.0083671435713768
1 0.         0.         0.41671735 0.5085913  0.008192714303731918
24 0.03229624 0.47231343 0.39051872 0.7872487  0.007999077439308167
1 0.         0.38554505 0.67145175 0.71326476 0.007906735874712467
1 0.         0.18636164 0.70292157 0.8454701  0.007871059700846672
24 0.         0.05106078 0.44356608 0.14317997 0.007838602177798748
1 0.02096061 0.7486209  0.19641393 1.         0.007688707672059536
24 0.07367002 0.3813069  0.67785054 0.70681196 0.007542360574007034
28 0.         0.16109096 0.22972393 0.5016699  0.007422397378832102
1 0.01347091 0.48690543 0.21217601 1.         0.007163017988204956
28 0.01755029 0.02245552 0.17199878 0.28920877 0.007011516951024532
1 0.         0.64774567 0.35177526 0.99460775 0.006650229915976524
1 0.00694392 0.6934987  0.26762787 1.         0.006507916375994682
24 0.01306852 0.86539483 0.28425816 0.9520397  0.006442260462790728
28 0.03286057 0.04048941 0.22524631 0.19231726 0.00617895508185029
24 0.08791637 0.39176297 0.4781036  0.59129536 0.0061200945638120174
24 0.12360418 0.14969777 0.35031068 0.38472804 0.005939990747720003
24 0.07992354 0.6542123  0.31176037 0.86500514 0.005749292206019163
18 0.9052051  0.44639447 0.99786603 0.76842123 0.0056878384202718735
1 0.         0.30273935 0.69319427 0.6065649  0.0055187055841088295
24 0.10960055 0.28504854 0.65644574 0.53579265 0.005476803053170443
1 0.01084492 0.81421334 0.26264197 1.         0.005476044025272131
24 0.01750052 0.82407033 0.22598928 0.94177747 0.005403880961239338
21 0.91824436 0.00458864 0.9889912  0.04554405 0.005353958811610937
18 0.9023693  0.335495   0.99839085 0.66065645 0.005352307111024857
10 0.8422098  0.         1.         0.09177273 0.005340508185327053
1 0.00639913 0.567199   0.24685945 0.9448468  0.005265137180685997
24 0.12522405 0.43915635 0.61572886 0.5819954  0.005206812638789415
24 0.05102491 0.49943614 0.7298572  0.7620344  0.004878487437963486
24 0.         0.22090386 0.2943625  0.38425556 0.004874290432780981
1 0.02737906 0.02561372 0.22254695 0.23562881 0.004828317556530237
18 0.88879323 0.8444603  0.99914217 1.         0.004741128534078598
24 0.08955912 0.76278996 0.32058913 0.9093344  0.004633780103176832
18 0.90044487 0.         0.997129   0.29219657 0.004603017587214708
24 0.1061781 0.4931588 0.612762  0.6394105 0.004415283445268869
24 0.08494967 0.20874716 0.46436697 0.43668953 0.0043515474535524845
41 0.9519168 0.9402722 1.        1.        0.004293698817491531
18 0.90469843 0.2123961  1.         0.5492307  0.0042752232402563095
24 0.05343867 0.30869442 0.7358632  0.6431003  0.004083166364580393
18 0.2860653  0.         1.         0.34737208 0.004039310850203037
18 0.89787436 0.6731142  0.9983543  0.9979029  0.004021591506898403
24 0.1188174  0.37892526 0.6348029  0.532025   0.004007718991488218
21 0.82645595 0.00461412 0.98666793 0.06337939 0.00383348623290658
18 0.28265616 0.         1.         0.7370692  0.0037741148844361305
24 0.02789894 0.8197931  0.36298656 0.9210822  0.0037599189672619104
28 0.         0.14432997 0.25669047 0.70138204 0.0037054941058158875
22 0.00997917 0.         0.29508463 0.23675996 0.0036441173870116472
22 0.00955078 0.         0.14317696 0.2919284  0.00358345708809793
25 0.         0.04862032 0.46142474 0.21100043 0.003547482192516327
1 0.         0.07030512 0.8512059  0.7048746  0.003451272379606962
10 0.87738824 0.         1.         0.13100992 0.0034460965543985367
18 0.90409434 0.5772641  1.         0.8921041  0.003340249415487051
18 0.90355635 0.10595521 1.         0.43687862 0.0033376843202859163
1 0.         0.81657356 0.38963675 0.99921143 0.0033046063035726547
25 0.         0.0637744  0.40150356 0.31020305 0.0032974346540868282
18 0.85401523 0.88566726 1.         0.9964072  0.0032559919636696577
25 0.         0.03169644 0.3854595  0.13282636 0.003246382810175419
25 0.         0.37260816 0.38983896 0.5855983  0.0032406297978013754
38 0.         0.01256565 0.23004825 0.25974697 0.0031521657947450876
24 0.02271535 0.2326524  0.82569915 0.53833675 0.0030818849336355925
25 0.         0.42326722 0.37473086 0.7130296  0.003036688780412078
41 0.2646688  0.41032323 0.78183556 0.68921006 0.002811508486047387
28 0.02734946 0.04414324 0.25620392 0.13013552 0.0027907078620046377
2 0.174536   0.31466955 0.6326765  0.5680671  0.002711178967729211
41 0.20893194 0.34948933 0.8026591  0.87032026 0.0026785486843436956
25 0.         0.36210036 0.5449919  0.62690675 0.0026553829666227102
28 0.         0.37179103 0.24313663 0.6714525  0.0026386443059891462
25 0.         0.8519624  0.2609458  0.99164605 0.0026009471621364355
41 0.0581595  0.03522661 0.3147672  0.19653554 0.002566743176430464
18 0.151677  0.        0.9087514 0.9278459 0.002556671854108572
24 0.07953466 0.45850477 0.5556717  0.72526705 0.002556154504418373
2 0.16311404 0.30402973 0.7755105  0.7528469  0.002498344052582979
1 0.         0.43140006 0.78597885 0.8889871  0.002488168887794018
25 0.         0.27512926 0.60576475 0.60564613 0.0024444744922220707
18 0.09633624 0.09412812 0.7278487  0.9851293  0.002414679154753685
1 0.         0.3414238  0.55391043 0.9046839  0.0023733291309326887
24 0.02965033 0.6970019  0.37755585 0.86580366 0.0023699759040027857
18 0.21450761 0.21752073 0.80546373 0.64361846 0.0023688834626227617
28 0.         0.34906617 0.25940287 0.5733475  0.002361537190154195
2 0.17617325 0.11805453 0.8373375  0.6625415  0.002347304718568921
18 0.85428584 0.6216669  1.         1.         0.002346338704228401
25 0.         0.05367977 0.32826248 0.25505245 0.0023274056147783995
24 0.0623864  0.18381487 0.557632   0.49884728 0.002321242354810238
25 0.         0.26204267 0.325554   0.5397931  0.0023079458624124527
24 0.         0.05651718 0.13807829 0.2735707  0.002287674928084016
25 0.         0.21240208 0.41650015 0.7593026  0.0022451402619481087
24 0.13674463 0.89629173 0.3207425  0.95639426 0.002230923855677247
25 0.         0.44844046 0.43196046 0.8844202  0.0022088440600782633
41 0.23302217 0.49867463 0.8407041  0.9326036  0.0022013606503605843
18 0.86492187 0.         0.99834615 0.36098614 0.0021983159240335226
41 0.25114807 0.26518226 0.8252634  0.7033286  0.002195051172748208
2 0.12845695 0.0337502  0.40003577 0.75119144 0.0021838517859578133
41 0.26094607 0.20312348 1.         0.7888211  0.0021629410330206156
24 0.04018293 0.05397363 0.52696127 0.17221424 0.0021554564591497183
22 0.01099185 0.02056119 0.29494005 0.49410167 0.0021379238460212946
24 0.0452991  0.5863783  0.42307717 0.8232302  0.002113302471116185
18 0.18822266 0.66435814 0.45896044 0.99510795 0.002103293314576149
1 0.         0.10670947 0.68455637 0.58622396 0.0020857364870607853
18 0.16710597 0.30805564 0.74761367 0.73480666 0.0020830659195780754
25 0.         0.11831341 0.3785297  0.4131841  0.0020810032729059458
41 0.0085224  0.03953262 0.25013682 0.22725408 0.002060976345092058
18 0.04518481 0.18478699 0.5934422  0.7331327  0.0019964799284934998
18 0.16516595 0.84797937 0.38277224 1.         0.0019670268520712852
28 0.01135572 0.10002559 0.24501722 0.39218786 0.00196186825633049
18 0.16845927 0.06179202 0.64047766 0.78597873 0.0019462208729237318
41 0.21906269 0.73919374 0.8792086  1.         0.0019361552549526095
24 0.04763695 0.6104951  0.67225474 0.82203054 0.001923696487210691
38 0.         0.02389649 0.13594638 0.11299081 0.0019148318096995354
10 0.06179754 0.17381614 0.91668075 0.8582651  0.0019004227360710502
21 0.86805105 0.0059853  0.9880946  0.08997746 0.0018983815098181367
7 0.13414764 0.11399321 0.704005   0.8688961  0.0018920155707746744
41 0.24800214 0.63902414 0.9718206  0.98796093 0.0018807174637913704
10 0.08964432 0.41526225 0.8752948  0.72573185 0.001787787303328514
18 0.24366924 0.51940817 0.9732666  1.         0.0017814668826758862
18 0.36166587 0.         0.8738186  0.19736952 0.0017452349420636892
35 0.02916459 0.04349384 0.14503194 0.30495    0.0017390740104019642
2 0.11303698 0.675696   0.3316513  0.97750765 0.0016628715675324202
18 0.17146647 0.6964129  0.5789829  1.         0.0016598955262452364
25 0.         0.14455426 0.6695881  0.5333238  0.0016555116744711995
4 0.         0.21202463 0.3954698  0.6317768  0.0016542620724067092
1 0.         0.67342716 0.56772363 0.965239   0.0016458642203360796
18 0.09488197 0.64181435 0.41826835 1.         0.0016432367265224457
18 0.00745867 0.13547522 0.5528455  1.         0.0016366088530048728
18 0.02649022 0.4736195  0.55343777 1.         0.0016218164237216115
2 0.18565781 0.41188034 0.6139457  0.6739702  0.0016170870512723923
27 0.02628183 0.05365141 0.12295854 0.26477265 0.0016148450085893273
25 0.         0.78399307 0.31559172 0.9770923  0.0016022691270336509
25 0.         0.74020624 0.5467296  1.         0.0015983673511072993
18 0.12694764 0.         0.77296644 0.66873235 0.0015345404390245676
25 0.         0.49926993 0.32508236 0.77830946 0.001528542721644044
28 0.         0.28780344 0.24388248 0.51691425 0.0015044508036226034
2 0.1239858  0.2722678  0.37483266 0.933206   0.0015043170424178243
1 0.03347114 0.07240673 0.17033625 0.2984232  0.0015029447386041284
25 0.        0.1268703 0.7102803 0.7900581 0.0014940814580768347
22 0.         0.         0.3488175  0.11779793 0.0014782955404371023
2 0.17682837 0.42585263 0.81029993 0.86049545 0.0014751398703083396
25 0.         0.8606435  0.55437946 1.         0.0014718652237206697
41 0.0279974  0.02765899 0.28804168 0.13321982 0.001470551360398531
2 0.19504963 0.18114738 0.6552291  0.61081594 0.0014674403937533498
18 0.13697088 0.         0.44259274 0.55513346 0.0014653326943516731
2 0.11653847 0.02163292 0.41280067 0.47955313 0.0014641042798757553
6 0.         0.00266018 0.23206303 0.2478388  0.001443243119865656
24 0.05167218 0.7734658  0.42586198 0.9067608  0.0014413002645596862
1 0.         0.04764772 0.6251421  0.4536055  0.0014385569375008345
7 0.12328552 0.2836045  0.5632309  0.6600594  0.00143235397990793
24 0.01460027 0.17134188 0.8405744  0.4157371  0.0014249117812141776
19 0.01618519 0.         0.15776494 0.2238107  0.0014123294968158007
41 0.20680894 0.76531565 0.42343736 0.9824678  0.0014080718392506242
1 0.9284463  0.         0.9918437  0.07400162 0.0013976602349430323
41 0.27160692 0.3993896  1.         0.9500427  0.0013929721899330616
24 0.08416478 0.07483856 0.53333247 0.2504404  0.00139097950886935
25 0.         0.66201395 0.46358883 1.         0.0013865150976926088
25 0.        0.8662969 0.3834316 0.9843957 0.0013809186639264226
25 0.         0.6758058  0.32054654 0.9417527  0.0013772464590147138
4 0.         0.15160999 0.5543819  0.8544072  0.0013633635826408863
25 0.         0.45797324 0.62892544 0.95383567 0.0013217629166319966
25 0.         0.14864425 0.45112133 0.49207133 0.0013136250199750066
18 0.28258863 0.22370784 1.         0.9711139  0.0013109801802784204
25 0.         0.2683724  0.53703177 0.8530285  0.0013064435916021466
18 0.24294671 0.7103742  0.7815154  1.         0.0013029876863583922
10 0.89057744 0.9292519  1.         0.9867029  0.001296431408263743
2 0.12816    0.21028788 0.41154853 0.6418533  0.0012821512063965201
41 0.22964355 0.79197407 0.61060405 1.         0.0012753693154081702
25 0.         0.718414   0.26998988 0.9804955  0.0012511973036453128
25 0.         0.0528468  0.5645945  0.27345195 0.0012396542588248849
33 0.         0.06449807 0.17445923 0.2776558  0.0012385714799165726
38 0.         0.01026491 0.2572679  0.12921815 0.0012054328108206391
2 0.07226337 0.         0.34424418 0.24062783 0.0012039063731208444
4 0.         0.20122674 0.7805854  0.9058008  0.0011958492686972022
28 0.         0.49631593 0.19689451 0.84741354 0.0011836811900138855
4 0.         0.26384643 0.6105777  0.6025595  0.001170326373539865
10 0.12580541 0.29589832 0.9601278  0.6352473  0.0011676882859319448
18 0.23456296 0.         0.73973256 0.30336377 0.0011655533453449607
18 0.12328347 0.         0.63382775 0.41616878 0.001159281120635569
10 0.07832319 0.8818926  0.48650116 0.9890653  0.0011469124583527446
14 0.         0.         0.13869771 0.31587917 0.001146594644524157
28 0.         0.6962099  0.15903173 0.9526194  0.0011317720636725426
1 0.06958094 0.85308385 0.35174343 0.99790853 0.0011249312665313482
18 0.23152654 0.85216075 0.44594824 0.98581004 0.001120942528359592
28 0.         0.7773721  0.19211063 0.9429705  0.0010908489348366857
41 0.07471849 0.22651272 0.35965288 0.6284628  0.0010894278530031443
28 0.         0.453815   0.23237875 0.75220734 0.001087683835066855
41 0.22754095 0.35708034 0.5695077  0.6705127  0.0010856266599148512
38 0.         0.01442082 0.17575496 0.0789177  0.0010826427023857832
10 0.07780039 0.3443057  0.7483323  0.8552954  0.0010620256653055549
10 0.05394356 0.2749966  0.7438209  0.57841396 0.0010568550787866116
24 0.09855301 0.5346946  0.62268883 0.6812773  0.0010478580370545387
18 0.8135717 0.        0.9970942 0.2513928 0.0010419178288429976
24 0.0464    0.0403957 0.6779267 0.1300477 0.0010390806710347533
5 0.         0.         0.29116192 0.19027904 0.0010247229365631938
41 0.24848911 0.14446075 1.         0.60563445 0.0010205055586993694
2 0.12735353 0.         0.43819404 0.27710894 0.0010148145956918597
18 0.13963354 0.7707883  0.67585987 1.         0.0010101191001012921
25 0.         0.63705105 0.5903032  0.9709851  0.000994801870547235
41 0.21018861 0.6963761  0.6110013  0.96259665 0.0009921231539919972
5 0.         0.         0.34177706 0.28977764 0.0009860274149104953
4 0.         0.31697112 0.41629308 0.7168291  0.0009856016840785742
41 0.23205501 0.88921714 0.40027216 1.         0.00098240387160331
18 0.02403211 0.6879939  0.5117275  1.         0.0009793854551389813
10 0.10129217 0.0510554  1.         0.6839892  0.0009774327045306563
1 0.        0.        0.6088675 0.1439697 0.0009737394284456968
40 0.         0.         0.67061806 1.         0.0009667927515693009
41 0.17780583 0.6545737  0.39854774 0.98384553 0.0009656487382017076
4 0.         0.09923594 0.8382859  0.716356   0.0009645503596402705
4 0.        0.052475  0.4164512 0.5518495 0.0009635199676267803
4 0.         0.00837458 1.         0.8275577  0.0009610883425921202
41 0.18833585 0.81703013 0.49359152 0.99033135 0.0009519010200165212
7 0.09512426 0.         0.50535417 0.9001296  0.0009463049937039614
2 0.19021282 0.30463943 0.5428549  0.7968828  0.0009396373061463237
24 0.07570715 0.8124386  0.45579565 0.92760205 0.0009370935731567442
24 0.00515233 0.6727376  0.7198347  0.8463187  0.0009365975856781006
2 0.07386752 0.         0.31171513 0.7933585  0.000928349734749645
41 0.3700761  0.08538093 1.         0.6793754  0.0009211516589857638
41 0.22377467 0.24475701 0.52817804 0.80492914 0.000913703057449311
25 0.         0.77254236 0.4787254  0.9773499  0.000905956607311964
10 0.02957433 0.7667409  0.7346853  0.99154645 0.0009003160521388054
41 0.2095861  0.15116534 0.518783   0.52527916 0.0008993353694677353
41 0.20949788 0.13990515 0.71222436 0.550581   0.0008980564307421446
41 0.21440315 0.857233   0.6822085  0.9952628  0.0008961576968431473
18 0.03517494 0.         0.5613243  0.61714184 0.0008960578124970198
18 0.8006599 0.6975568 1.        1.        0.0008873939514160156
1 0.         0.         0.707618   0.30533987 0.0008872069884091616
41 0.02877744 0.09659342 0.2843794  0.36243767 0.0008870566380210221
41 0.20930398 0.45981452 0.5486364  0.785306   0.0008844285039231181
41 0.12123726 0.34029627 0.41146967 0.6259223  0.000884364650119096
25 0.         0.20046291 1.         0.7418317  0.0008771560387685895
40 0.         0.         0.6549307  0.63430625 0.0008763288496993482
18 0.76011294 0.         1.         0.18570215 0.0008721088524907827
22 0.         0.         0.34752202 0.7050611  0.0008711504051461816
18 0.40805876 0.         1.         0.5022702  0.0008707993547432125
1 0.         0.51619905 0.46516886 0.85314375 0.0008706243825145066
41 0.8989403 0.9186906 1.        1.        0.0008684706990607083
18 0.7874963 0.        1.        0.451098  0.0008682329789735377
25 0.         0.41275406 0.7561425  0.77680963 0.0008665966452099383
25 0.         0.06407223 0.6351314  0.3957838  0.0008659494924359024
41 0.05245819 0.12443783 0.30565318 0.4474614  0.0008492335327900946
18 0.18379225 0.         0.8672055  0.44623074 0.0008387923589907587
10 0.05939908 0.7263896  0.4886905  0.97458905 0.0008383976528421044
2 0.10028261 0.51740795 0.3234124  0.9917061  0.0008313254220411181
25 0.         0.28209308 0.89986664 0.56119853 0.0008274216088466346
24 0.02420914 0.7604817  0.6297237  0.9013621  0.0008258207235485315
22 0.         0.24353038 0.28052652 0.71394444 0.0008255870779976249
4 0.         0.11474821 0.3443203  0.84546643 0.0008250691462308168
18 0.02989253 0.         0.53773284 0.22004047 0.0008189955842681229
4 0.         0.39492294 0.55326855 0.922687   0.0008162422454915941
2 0.15147857 0.0313302  0.8216833  0.24892914 0.0008153564413078129
10 0.10810997 0.19671741 0.745483   0.701233   0.0008144736057147384
41 0.16988668 0.86942345 0.4611078  0.9905538  0.0008037893567234278
24 0.06591016 0.5731425  0.5392197  0.7298636  0.0008033481426537037
41 0.24557857 0.13977411 0.44568777 0.48705587 0.0008021366666071117
10 0.         0.         0.11935968 0.22972794 0.00080190843436867
25 0.         0.5395338  0.37237954 0.8312625  0.0007986711570993066
41 0.20674112 0.27419963 0.53659153 0.612761   0.0007943526725284755
24 0.0601487 0.6257362 0.4742687 0.7862323 0.0007937874761410058
20 0.04047663 0.08265778 0.15806976 0.24768235 0.0007918712217360735
10 0.         0.69656354 1.         0.99417675 0.0007902289507910609
