41 0.0429721  0.06559606 0.45731452 1.         0.2800386846065521
24 0.1327207  0.26854718 0.4279832  0.74389225 0.25884777307510376
1 0.14759901 0.74291945 0.6361909  0.9989507  0.25212517380714417
24 0.17423524 0.48843053 0.45922115 0.68029606 0.21877652406692505
24 0.         0.31444252 0.4668624  0.8620026  0.20470598340034485
1 0.17629299 0.09880674 0.47533244 0.7400163  0.17935051023960114
24 0.00538706 0.8181513  0.7677868  0.981188   0.17320862412452698
1 0.18933555 0.337213   0.45864615 0.9150812  0.15873558819293976
1 0.212214   0.41273758 0.47494397 0.6822124  0.15662196278572083
24 0.         0.16565415 0.39079982 0.79038346 0.13500292599201202
1 0.08272034 0.19032866 0.60076004 0.8391869  0.13395348191261292
1 0.08778766 0.40060374 0.5538952  0.8625757  0.12810727953910828
41 0.1739441  0.15967001 0.4836707  0.88343316 0.12566237151622772
24 0.00700445 0.5267328  0.5326603  0.8874508  0.12332181632518768
1 0.06358427 0.38276872 0.7415846  0.9217257  0.1171136125922203
24 0.03666896 0.64817286 0.5980394  0.9804802  0.11319863051176071
24 0.05572436 0.39177075 0.5216368  0.7618976  0.10883953422307968
24 0.        0.2235098 0.6358094 0.7596573 0.10029495507478714
24 0.19354777 0.41332954 0.5172028  0.85295147 0.09808281064033508
1 0.         0.         0.47491273 0.7408711  0.09665022045373917
41 0.05785627 0.3579105  0.518773   1.         0.09227019548416138
1 0.12893622 0.59102196 0.5878676  0.9538099  0.08393960446119308
24 0.11344697 0.484186   0.4635715  0.9234109  0.08025209605693817
1 0.03328934 0.6087019  0.8005907  0.99363476 0.07984858006238937
1 0.         0.11121535 0.34333757 0.51663613 0.07885494083166122
1 0.         0.17684042 0.82924163 0.8576874  0.07653044909238815
24 0.17781295 0.5400294  0.4570361  0.72476786 0.07520630210638046
1 0.31301045 0.65644336 0.6267969  1.         0.07446115463972092
41 0.09888204 0.4073611  0.49299186 0.90650934 0.07216178625822067
1 0.06387052 0.13157243 0.57250863 0.6221363  0.06855525821447372
41 0.18277356 0.40792462 0.5078611  0.7777762  0.061731643974781036
24 0.20731993 0.73447263 0.68302095 0.98082054 0.06029713526368141
10 0.         0.34594902 0.39899716 0.87379134 0.055968720465898514
2 0.06821434 0.39698708 0.532627   0.9472337  0.051817093044519424
2 0.04513353 0.19904737 0.4135612  0.899186   0.0514032244682312
1 0.2370921  0.20416334 0.51244795 0.82426995 0.051086798310279846
1 0.09839559 0.00433149 0.41501912 0.605237   0.0500316247344017
24 0.34923366 0.7524493  0.63558286 0.9867856  0.04946931451559067
1 0.11387281 0.44935548 0.43317536 0.95889795 0.048851609230041504
1 0.26378813 0.74531275 0.77829397 0.99977875 0.04468023404479027
1 0.26003158 0.48361796 0.55352753 0.93494356 0.04424205794930458
1 0.22198683 0.72818565 0.5301695  0.98457545 0.04379342496395111
24 0.         0.77567303 0.6505806  0.99617434 0.042656417936086655
41 0.20994782 0.76561064 0.683909   1.         0.042553167790174484
1 0.03808965 0.35911313 0.6558013  0.76010454 0.04106912016868591
24 0.19815929 0.8680231  0.78854495 0.9740782  0.03955835849046707
24 0.         0.09948561 0.6003268  0.6139155  0.038995735347270966
41 0.14175405 0.4948342  0.48567894 1.         0.0376138836145401
1 0.01469002 0.         0.6927465  0.671837   0.03680216148495674
24 0.16694589 0.12068065 0.45501608 0.5665584  0.036607030779123306
1 0.         0.22386216 0.6673465  0.5874976  0.03434018790721893
24 0.         0.3292836  0.5686268  0.67964685 0.03391730412840843
24 0.07182752 0.41136125 0.61813986 0.6648891  0.032868701964616776
1 0.01458761 0.26658756 0.456597   0.79788756 0.032813530415296555
24 0.04268224 0.5237606  0.38894737 0.7848812  0.032128602266311646
24 0.07594544 0.48847175 0.6157407  0.7278371  0.03195251151919365
24 0.         0.21399577 0.41023344 0.48671138 0.031623341143131256
1 0.         0.68786114 1.         1.         0.03130427375435829
34 0.         0.50010103 0.5474133  0.94478357 0.0306464284658432
24 0.18020914 0.13057107 0.5794373  0.4318625  0.029836293309926987
24 0.05031156 0.13515706 0.41736332 0.6356193  0.029780779033899307
21 0.0924675  0.         0.59402025 0.80774283 0.02945898473262787
24 0.         0.6257232  0.47886527 0.86022127 0.029409795999526978
24 0.06539325 0.20346172 0.5853707  0.41229433 0.02919996902346611
21 0.07536339 0.3686913  0.6365949  0.8673274  0.02862640656530857
41 0.038439   0.06393413 0.7557888  0.93800986 0.02854437194764614
24 0.         0.72422665 0.45664588 0.94124186 0.028476562350988388
24 0.15950212 0.7631316  0.55104226 0.99895906 0.028178291395306587
24 0.         0.71850014 0.30123898 0.9293194  0.027729278430342674
2 0.19043817 0.15854175 0.42590812 0.82432896 0.02724437043070793
1 0.         0.64421254 0.5110605  0.97556645 0.027223117649555206
1 0.028679   0.5329478  0.49916703 0.8553413  0.02721874974668026
24 0.09548169 0.16385661 0.56039584 0.5202846  0.026183603331446648
34 0.         0.36925474 0.5424015  0.84838563 0.025362489745020866
34 0.         0.25512284 0.6096467  0.8113954  0.025313889607787132
41 0.28611317 0.00802055 0.8129702  0.13325863 0.02517990581691265
41 0.11882477 0.44836915 0.7036569  1.         0.024535104632377625
24 0.32515246 0.8278828  0.7362898  0.9715543  0.023482175543904305
10 0.        0.4470396 0.6134674 0.9542236 0.022000247612595558
24 0.29532874 0.6612529  0.6233622  0.9993366  0.021834660321474075
1 0.05153831 0.06519482 0.69605106 0.44876185 0.02181844785809517
34 0.         0.7652997  0.61378944 0.9902132  0.021691089496016502
24 0.05435859 0.58623624 0.4131173  0.9879697  0.02065965160727501
41 0.00932149 0.00936569 0.31612265 1.         0.020290950313210487
24 0.         0.13820204 0.23742008 0.55395806 0.020108744502067566
2 0.22205348 0.7417792  0.6310916  1.         0.01973014324903488
24 0.2591712  0.00563767 0.70327574 0.19040538 0.019254043698310852
24 0.25729093 0.17564863 0.6425223  0.47999433 0.018971310928463936
1 0.21716596 0.661771   0.9395108  1.         0.018667226657271385
24 0.         0.24700135 0.50002176 0.6167225  0.01858152635395527
24 0.         0.09006545 0.6025743  0.3936107  0.018553540110588074
2 0.03150723 0.30845365 0.44425294 0.7358286  0.017952289432287216
24 0.         0.4016601  0.32264334 0.96411115 0.01793459989130497
24 0.20427833 0.49568555 0.5583083  0.9859062  0.01761583238840103
10 0.         0.45432648 0.48327252 0.8125787  0.01747838221490383
21 0.06869008 0.01836708 0.43685234 0.7654672  0.016281044110655785
41 0.07219826 0.2860896  0.6174352  0.8744815  0.016171736642718315
41 0.0913943  0.02587908 0.7866193  0.20544685 0.015962569043040276
21 0.02354113 0.30451182 0.6947957  0.68774956 0.01586952619254589
4 0.09110896 0.24756669 0.61101323 1.         0.015829134732484818
1 0.17007871 0.         0.68897444 0.47662786 0.01566597819328308
1 0.         0.         0.9551819  0.58125365 0.015606598928570747
21 0.17144708 0.1577346  0.49801627 0.7486026  0.015406605787575245
40 0.         0.01673971 0.51848686 1.         0.01529050711542368
41 0.15135196 0.63747084 0.6291083  1.         0.015167852863669395
41 0.33592364 0.8030901  0.88460064 1.         0.01511581614613533
24 0.        0.7572004 0.7941131 0.9456251 0.015084415674209595
24 0.09421255 0.55103105 0.62960553 0.7952976  0.014585578814148903
33 0.         0.16666454 0.59999317 0.868124   0.014279581606388092
1 0.07880063 0.6645426  0.44728303 1.         0.014161018654704094
1 0.24532118 0.5129056  0.69549024 0.9704981  0.01406076829880476
41 0.0175325  0.03574158 0.5716628  0.77744246 0.013895343989133835
34 0.0856458  0.34475717 0.48766556 0.78696483 0.01376170665025711
41 0.3638902  0.67231447 0.65588534 1.         0.013528957962989807
41 0.02241929 0.12442363 0.2876989  0.704106   0.01324651949107647
33 0.02144664 0.39089957 0.5269036  0.81291974 0.013040132820606232
24 0.         0.0478773  0.65393263 0.25505865 0.012912527658045292
10 0.06456062 0.34943765 0.5114654  0.9340316  0.012611955404281616
41 0.33793125 0.04575591 0.62938195 0.23239563 0.012610990554094315
1 0.         0.18278524 0.46181774 0.5454683  0.012573948130011559
4 0.11405894 0.4096525  0.86099917 1.         0.01240062341094017
41 0.09472257 0.05499163 0.4420808  0.6713811  0.01204147469252348
41 0.20034355 0.70966196 0.5232666  1.         0.011961116455495358
34 0.        0.1893625 0.4197157 0.7876175 0.011817129328846931
34 0.         0.1168186  0.63353765 0.6908364  0.011730275116860867
41 0.12263276 0.06977598 0.6844301  0.35597086 0.011725789867341518
33 0.14425842 0.2731355  0.4205093  0.819367   0.011680074967443943
41 0.18673575 0.5416093  0.7402755  0.94057214 0.011554543860256672
1 0.33767268 0.         0.80165654 0.235998   0.011474761180579662
1 0.        0.7190028 0.3493971 1.        0.011264096014201641
7 0.00863134 0.05470607 0.42442176 1.         0.011183314956724644
18 0.89338595 0.01162668 1.         0.33611038 0.01118178479373455
25 0.        0.7422908 0.8028326 0.955824  0.010968753136694431
24 0.13915144 0.05176558 0.593656   0.2992578  0.010902458801865578
2 0.05084668 0.05415769 0.46469483 0.6948865  0.010823256336152554
21 0.00504822 0.11871715 0.7402595  0.78690237 0.010813793167471886
7 0.02895658 0.12099973 0.5824242  0.93083537 0.010461388155817986
24 2.9623669e-04 7.2885364e-01 1.7079990e-01 9.1727543e-01 0.010458598844707012
41 0.08106095 0.00628416 0.72237045 0.12756023 0.010351738892495632
41 0.23372684 0.02087634 0.7055549  0.2611622  0.010347097180783749
41 0.10466853 0.16294962 0.7511936  0.43500143 0.010306855663657188
1 0.         0.5931427  0.40960866 0.91842204 0.010182390920817852
18 0.16674307 0.         0.8301793  0.8069371  0.009959333576261997
41 0.04866308 0.6773365  0.4351939  1.         0.009900599718093872
1 0.116974   0.         0.89155746 0.43303722 0.009814058430492878
41 0.2104944 0.3570473 0.5253128 1.        0.009731274098157883
18 0.13616964 0.02723546 0.56562626 0.7782249  0.009550036862492561
41 0.01863515 0.6922915  0.28921962 1.         0.009523080661892891
18 0.13424037 0.16957228 0.9120451  0.9737337  0.00944109633564949
34 0.         0.29522955 0.55469644 0.6906091  0.009367256425321102
24 0.20752689 0.         0.8414303  0.15636009 0.009152986109256744
24 0.         0.31610057 0.7435836  0.851533   0.009075772017240524
41 0.2050042  0.8452443  0.76872945 1.         0.00882834941148758
2 0.25073594 0.29007614 0.4903837  0.95742637 0.008699079044163227
42 0.10956912 0.34178326 0.5046677  0.7723993  0.008538215421140194
2 0.12521589 0.52700686 0.49991038 1.         0.008535933680832386
18 0.14187086 0.38826582 0.74470747 0.9578421  0.008517206646502018
33 0.04000628 0.49233323 0.5028682  0.88845    0.008505711331963539
18 0.22649582 0.7198944  0.7666986  1.         0.008495711721479893
34 0.         0.0937188  0.21706721 0.5496973  0.008450431749224663
1 0.20397931 0.         0.48954052 0.60143864 0.008447662927210331
1 0.32033002 0.         0.96240646 0.1682664  0.008411332033574581
41 0.2564296  0.6969941  0.74883145 1.         0.00830858200788498
1 0.01841502 0.07071658 0.2337234  0.54638755 0.008261633105576038
24 0.         0.39319462 0.19041802 0.8366516  0.007969776168465614
34 0.         0.6321916  0.48382792 0.9525862  0.00793149322271347
1 0.01878272 0.         0.29350373 0.4565634  0.00786180142313242
18 0.22440799 0.         0.8232367  0.17064369 0.007747279014438391
41 0.29853666 0.11519048 0.72793275 0.49448863 0.007740807253867388
2 0.15910485 0.2713697  0.5381123  0.77449137 0.007579276338219643
18 0.847702  0.        1.        0.3167951 0.0075080557726323605
2 0.0136615  0.42284268 0.5187112  0.77053    0.007486977614462376
24 0.10434102 0.16995607 0.7298285  0.58663    0.0073405299335718155
24 0.         0.28066677 0.33940592 0.6376031  0.007317041978240013
18 0.88413554 0.         1.         0.20301592 0.007277295924723148
24 0.22306125 0.10631345 0.68493235 0.329553   0.007253800518810749
21 0.23248664 0.726843   0.6815167  0.95268434 0.006959165446460247
42 0.14107293 0.16216508 0.8998201  0.8362571  0.006941523868590593
42 0.06042365 0.32638735 0.36103344 0.78704166 0.006917105987668037
18 0.7892497  0.         1.         0.22134298 0.006847321055829525
34 0.12118123 0.21400854 0.47236294 0.6538852  0.006781932432204485
4 0.04205443 0.12795523 0.41832337 1.         0.0067088487558066845
2 0.04697932 0.14655206 0.61796683 0.8634071  0.006576335523277521
18 0.22139445 0.0151388  0.72749746 0.5409842  0.0064815073274075985
33 0.01244002 0.15579572 0.39216498 0.8866905  0.006449794862419367
41 0.1623334  0.0749762  0.85977244 0.6223645  0.006417164579033852
2 0.06349444 0.66555154 0.5482894  1.         0.006372515577822924
42 0.13915332 0.2739302  0.63894683 0.7949334  0.0063652703538537025
18 0.04471973 0.05706281 0.20141748 0.60996276 0.006263405084609985
10 0.1586244  0.7635673  0.83067304 1.         0.006215711124241352
25 0.         0.19870757 0.50183094 0.6846032  0.006201561074703932
4 0.08303182 0.35419777 0.49938792 1.         0.0061811222694814205
18 0.23907606 0.         0.730112   0.27045554 0.006088677793741226
41 0.         0.12680683 0.4124562  0.5769718  0.00601263577118516
18 0.21814364 0.7816838  1.         1.         0.005994582548737526
18 0.03067199 0.0682214  0.16409314 0.37350535 0.005994514562189579
2 0.28023922 0.4450552  0.537021   1.         0.005953049752861261
34 0.11855453 0.47761673 0.49835226 0.6724372  0.005891977343708277
42 0.20411156 0.         0.895068   0.43475994 0.005860576871782541
1 0.        0.        0.5244178 0.5141338 0.0058523924089968204
41 0.05580264 0.09087588 0.46914318 0.36731866 0.005781317129731178
2 0.18301377 0.37528232 0.46854275 1.         0.005765760783106089
34 0.         0.0567322  0.59252584 0.5040205  0.005758178420364857
18 0.2704483  0.         1.         0.54894525 0.005730077158659697
25 0.        0.        1.        0.1488275 0.00572633370757103
4 0.06419271 0.3792728  0.642675   0.89558476 0.00572372367605567
4 0.14118774 0.2213413  1.         0.9838888  0.00570337800309062
24 0.         0.6239214  0.20006068 0.91251934 0.005702925380319357
41 0.1625206  0.42288053 0.77275366 0.79082143 0.005664857104420662
24 0.         0.08447938 0.33720767 0.4554041  0.005659787449985743
34 0.07283363 0.5286832  0.44192028 0.89496624 0.00565754808485508
2 0.02919055 0.21289383 0.27162188 0.84826344 0.00553915835916996
42 0.09082788 0.18633047 0.43096727 0.79725605 0.005534240510314703
41 0.27433273 0.07006372 0.79981685 0.308665   0.005529300309717655
2 0.17385708 0.         0.56423837 0.47039714 0.005392938386648893
2 0.17799038 0.8051245  0.68929285 0.9811302  0.005386173725128174
24 0.05030088 0.5300928  0.84879833 0.9280109  0.005342280957847834
33 0.         0.29161304 0.78128064 0.92393404 0.005334687884896994
21 0.18176743 0.37943685 0.47744477 0.9021294  0.0052962168119847775
42 0.3132777  0.05045029 0.7283765  0.5812797  0.005270875990390778
16 0.06599442 0.2953407  0.24094746 0.65745085 0.0051764799281954765
10 0.01080208 0.5236508  0.7317548  0.8833354  0.005046436097472906
1 0.15651612 0.         0.984606   0.30257726 0.004992382135242224
41 0.19917113 0.13634923 0.6837849  0.5706949  0.004937225952744484
10 0.        0.5690746 0.551338  0.8778457 0.004920467268675566
25 0.         0.8137852  0.87148744 0.9643683  0.004903562366962433
1 0.29583138 0.79534346 0.9751114  1.         0.0048959157429635525
18 0.04227807 0.         0.25912124 0.6506784  0.0048935688100755215
42 0.3035124  0.         0.751137   0.33455116 0.004798417445272207
42 0.09465009 0.47642457 0.5280917  0.8911893  0.0047657787799835205
21 0.16055539 0.00412245 0.6928027  0.3891102  0.004754789639264345
1 0.0228317  0.32168645 0.43793315 0.65883064 0.00472870422527194
34 0.         0.47040397 0.5816091  0.76773703 0.004697488155215979
27 0.         0.06319865 0.5445854  1.         0.004681427031755447
18 0.05634952 0.         0.66924787 0.36180803 0.00465665478259325
40 0.         0.7490577  0.87264234 1.         0.004622935317456722
24 0.11340098 0.06386456 0.8315457  0.38895407 0.004608204122632742
18 0.12499194 0.2610813  0.6085308  0.8760468  0.00457721808925271
4 0.05270788 0.06228271 0.7038079  0.772979   0.004576096311211586
25 0.         0.09122449 0.660342   0.71934676 0.004547698423266411
41 0.33116645 0.10734599 0.8970646  0.37708268 0.004545737523585558
21 0.0075192  0.10470384 0.5937834  0.41263232 0.004515829961746931
7 0.         0.3605568  0.43405718 0.866557   0.004512975923717022
34 0.         0.24308378 0.5578565  0.59267795 0.004463746678084135
40 0.         0.11066381 0.86138725 1.         0.004401919431984425
16 0.09904385 0.33808658 0.3702176  0.68099934 0.004363490734249353
16 0.08045442 0.04578822 0.42983523 0.50527084 0.0043576983734965324
41 0.19105901 0.7241204  1.         1.         0.004317907616496086
18 0.07381725 0.         0.39231822 0.78207517 0.0042599840089678764
34 0.10936559 0.0050625  0.6611054  0.2750509  0.004249420017004013
41 0.02836874 0.72333103 0.21370138 1.         0.004246449563652277
18 0.17120704 0.15167598 0.48920217 0.7298423  0.004243412986397743
2 0.         0.00159434 0.6847066  0.58436054 0.00419520353898406
18 0.36208564 0.611295   0.6817777  1.         0.004180414602160454
42 0.12128975 0.4623189  0.7451043  0.9025049  0.004142364952713251
18 0.03865908 0.33422655 0.75411063 0.7841701  0.0041376505978405476
42 0.3544163  0.01421805 0.9023629  0.2015521  0.004133777692914009
24 0.03125524 0.01430379 0.6506853  0.17303684 0.004127363674342632
21 0.19478941 0.7914889  0.8668214  0.94053817 0.004120656754821539
10 0.07239494 0.22590888 0.666929   0.89656657 0.004042618442326784
2 0.04881681 0.43870628 0.3849055  0.958528   0.0040358975529670715
18 0.5618566  0.         1.         0.21204267 0.004035027232021093
42 0.28095895 0.         0.93052644 0.71483606 0.003995503298938274
34 0.2188589  0.01710754 0.6889093  0.16622196 0.003983853384852409
2 0.03774237 0.01796262 0.22620647 0.61865646 0.003967007622122765
43 0.2566493  0.         0.62366414 0.36293998 0.003941984847187996
23 0.         0.27507257 0.34082443 1.         0.003918524365872145
24 0.30772915 0.06347044 0.5751092  0.26333806 0.003892128821462393
2 0.13868202 0.09909658 0.6563804  0.43556696 0.0038854586891829967
29 0.08742269 0.3627426  0.49413753 0.8397098  0.0038625847082585096
18 0.24134876 0.         1.         0.33037847 0.0038251662626862526
1 0.01082601 0.03263994 0.4617712  0.3964566  0.0038247723132371902
41 0.00721354 0.08398351 0.6116409  0.5332413  0.003819289617240429
16 0.06760674 0.21388377 0.41656855 0.6372961  0.003791556227952242
18 0.24334244 0.29033157 1.         1.         0.0037188862916082144
18 0.2528553 0.        0.8553775 0.4435253 0.0037138781044632196
41 0.05133661 0.59181565 0.3094951  1.         0.003685722127556801
1 0.33264858 0.         0.64633745 0.38513258 0.00367743824608624
34 0.         0.01890386 0.57583505 0.30691814 0.0036489274352788925
18 0.0393103  0.         0.6607559  0.19688348 0.0036392470356076956
21 0.0426737  0.2539578  0.32328537 0.81757903 0.00362326018512249
24 0.12110454 0.02728897 0.8188462  0.24654455 0.0036078812554478645
41 0.2769394  0.05034106 0.57637155 0.29236075 0.003599409479647875
25 0.         0.         0.9148986  0.23723832 0.0035681838635355234
25 0.         0.60039103 0.34842327 0.94234335 0.0035493234172463417
41 0.3306844  0.0372542  1.         0.22088288 0.003512878902256489
2 0.08091418 0.21291874 0.5661926  0.63263416 0.003504508873447776
18 0.14021039 0.5496024  0.8536882  1.         0.00348005723208189
2 0.00950933 0.         0.6092551  0.36895457 0.003469168907031417
21 0.03101443 0.00991273 0.6017617  0.34346136 0.003457658691331744
21 0.12023497 0.54058796 0.7277475  0.89338064 0.003453426295891404
19 0.07461591 0.29036316 0.61902416 0.95031345 0.0034382855519652367
2 0.03106046 0.12629463 0.571992   0.5085972  0.003430810058489442
34 0.         0.18054745 0.3059459  0.47535554 0.0033752976451069117
2 0.31062227 0.6413875  0.59283507 1.         0.003368895733729005
27 0.        0.        0.6644019 0.9758004 0.0033672000281512737
33 0.04530785 0.         0.4881999  0.82893586 0.003367105033248663
21 0.04607725 0.         0.62930137 0.5476123  0.0033603371120989323
33 0.00831815 0.40324757 0.72887707 0.97774017 0.00335819274187088
25 0.         0.44972774 0.8196017  0.8960555  0.003356049070134759
