37 0.22025177 0.28190437 0.5487774  0.8151345  0.3811638057231903
1 0.12951416 0.02496066 0.9743635  0.3231428  0.3567439615726471
41 0.         0.0483745  0.451474   0.32275656 0.34144964814186096
1 0.09380328 0.         0.7968047  0.23483095 0.31957998871803284
37 0.02497749 0.43394685 0.5883431  0.8246671  0.31043463945388794
37 0.21006155 0.4557754  0.5593521  0.97505987 0.2984578013420105
9 7.8567758e-02 3.2269798e-04 6.2423170e-01 2.4390742e-01 0.26270925998687744
3 0.06434062 0.47014567 0.6500415  0.8903817  0.25633472204208374
37 0.06796277 0.37476188 0.76290333 0.8764303  0.2522748112678528
37 0.         0.47282898 0.6889038  1.         0.25088244676589966
37 0.11341131 0.37027025 0.609466   0.7544618  0.24549977481365204
3 0.14789928 0.4790103  0.5638794  0.7964522  0.22421275079250336
9 0.08307388 0.05171158 0.7634488  0.96352315 0.21430712938308716
3 0.11965426 0.5169984  0.49562502 0.8623283  0.2064182013273239
1 0.20380895 0.         0.6709958  0.35199916 0.18080636858940125
3 0.29029873 0.3702297  0.98554504 0.96279675 0.1779753565788269
37 0.03885475 0.25346753 0.7935385  0.76929504 0.1736689954996109
3 0.08634128 0.43926165 0.58605593 0.69128484 0.16147013008594513
3 0.15181461 0.5563259  0.540675   0.99322736 0.15898917615413666
9 0.09538732 0.00253677 0.47724468 0.92998356 0.15519487857818604
3 0.08285187 0.3061138  0.69496053 0.7597919  0.1530589908361435
37 0.13875093 0.5203126  0.67469597 0.8943331  0.14628146588802338
3 0.14520508 0.40018612 0.8366162  0.8762781  0.13866594433784485
37 0.14875941 0.6064716  0.70379364 1.         0.13642853498458862
1 0.14040162 0.02326813 1.         0.73518527 0.13004137575626373
41 0.         0.10905595 0.4665053  0.39819673 0.12391122430562973
37 0.01204938 0.24500604 0.51776093 0.97874516 0.11926916986703873
37 0.11293086 0.630142   0.9929338  0.9829218  0.11866902559995651
3 0.0611496 0.5248232 0.3295773 0.8165764 0.11027348786592484
24 0.28219992 0.07131203 0.8188977  0.22916733 0.10645939409732819
3 0.15223517 0.59669197 0.6169594  0.8754131  0.09978295862674713
9 0.06275368 0.02094505 0.7444507  0.603734   0.0977361872792244
3 0.23651259 0.4649743  0.7130603  0.774452   0.09566333144903183
37 0.4378459 0.7845279 1.        0.9937853 0.09499866515398026
3 0.11850421 0.32850608 0.5355871  0.6122806  0.0898265689611435
9 0.03757673 0.         0.62464184 0.35856867 0.08495724201202393
10 0.         0.         0.41920227 0.37915403 0.08491428196430206
41 0.05659103 0.04426872 0.6147266  0.26699945 0.08334126323461533
3 0.28595188 0.3623241  0.56211853 0.7269767  0.0806974470615387
3 0.04742397 0.56145376 0.27691463 1.         0.08036629855632782
21 0.         0.         0.7948393  0.56246215 0.07982456684112549
3 0.06987948 0.405366   0.502955   0.64478415 0.07971736043691635
9 0.00712667 0.4067913  0.7156948  1.         0.07932204753160477
20 0.066726   0.48427847 0.7204886  0.8225583  0.07751815766096115
1 0.25811175 0.         0.7654737  0.41564652 0.07462666183710098
9 0.03568559 0.41658947 0.44700828 1.         0.07204030454158783
37 0.19776762 0.755167   0.87865156 0.98220646 0.07125529646873474
20 0.         0.42862663 0.5503671  0.74859315 0.06832429766654968
3 0.25213042 0.31774822 0.46454266 0.70410526 0.06830655038356781
24 0.07814893 0.06564204 0.7033667  0.20523077 0.06822961568832397
20 0.         0.5512243  0.62955195 0.92723006 0.06737207621335983
24 0.29634038 0.08615242 0.889729   0.33729354 0.06657855212688446
37 0.7583958 0.7710228 1.        1.        0.06620974093675613
20 0.         0.57244784 0.8877452  0.9768262  0.06466051191091537
10 0.12063866 0.         0.8120848  0.40319878 0.06418024003505707
3 0.11182763 0.31114915 0.49769756 0.84525824 0.06373952329158783
41 0.         0.06745004 0.7649455  0.31778917 0.061734363436698914
24 0.06381653 0.15532893 0.9120097  0.608766   0.061384689062833786
34 0.         0.3876586  0.935098   0.97601634 0.060138314962387085
37 0.29636177 0.7097091  1.         0.97555137 0.059766147285699844
9 0.         0.10644824 0.88296956 0.72927725 0.05929291248321533
24 0.08445168 0.09230895 0.7828307  0.24380356 0.056923042982816696
24 0.15180387 0.08523852 0.98857915 0.38452962 0.05524088442325592
9 0.04285808 0.22653824 0.6408599  0.88313234 0.05462508648633957
20 0.         0.43155062 0.75352263 0.8778663  0.054348696023225784
41 0.         0.09870914 0.65627736 0.38864538 0.05418984591960907
9 0.17890257 0.42893687 0.4540269  1.         0.05286906659603119
9 0.14659025 0.         0.50022584 0.3853253  0.0528319887816906
3 0.29929087 0.52921563 0.57553965 0.8910952  0.051732614636421204
1 0.22436282 0.         0.5131602  0.41091344 0.050698041915893555
37 0.02306608 0.6235317  0.6095682  0.92637664 0.05037533491849899
20 0.1690495  0.58192086 0.6062006  0.9726892  0.048506706953048706
3 0.23466846 0.68722117 0.7928576  0.9795317  0.047643087804317474
37 0.         0.47176638 0.39454556 0.76527846 0.04761941358447075
33 0.07051966 0.0403856  0.801718   0.25858542 0.046888355165719986
24 0.3480921  0.07614095 0.75449854 0.2778429  0.046149760484695435
37 0.03787069 0.7431908  0.6644033  0.98958856 0.04497146978974342
37 0.3236457  0.25680235 0.82997507 0.755701   0.04473595321178436
24 0.03096146 0.17076905 0.93666387 0.89164686 0.04466255381703377
24 0.16023013 0.04151094 0.6954471  0.30753276 0.04455607011914253
3 0.8321882  0.8668385  0.99775493 1.         0.04451430216431618
24 0.0469766  0.07834698 0.77964824 0.33496308 0.04381319880485535
21 0.         0.         0.4052379  0.28682443 0.04363735392689705
20 0.         0.38566276 0.53482354 0.63014394 0.043071482330560684
3 0.63542205 0.87310195 1.         1.         0.04280928894877434
3 0.19098213 0.421425   0.76282054 0.68261594 0.04135730117559433
3 0.08635455 0.45991498 0.35516754 0.69651103 0.04131101816892624
41 0.         0.17101356 0.42608777 0.82921714 0.04114105924963951
10 0.         0.         0.32155243 0.7743388  0.04008568450808525
3 0.02675072 0.45955324 0.25402603 0.8386487  0.039997026324272156
10 0.08217227 0.00491634 0.5652546  0.27360737 0.0397530272603035
1 0.0838132  0.03334162 0.76085633 0.63543475 0.03865685686469078
27 0.         0.24523363 0.82043517 0.8246612  0.038546424359083176
40 0.03768272 0.         0.7914435  0.32709587 0.03833026438951492
37 0.00211594 0.3610551  0.54430175 0.6710912  0.03778167814016342
41 0.         0.12569495 0.57292956 0.50390357 0.03561250492930412
37 0.         0.41432095 0.30869797 0.92749065 0.035453930497169495
20 0.16299376 0.38111612 0.5928401  0.85405946 0.03475560247898102
3 0.02757963 0.05643461 0.53521895 0.73773956 0.03461024910211563
21 0.         0.         0.86606354 0.305337   0.0337628498673439
34 0.         0.29271156 0.9322042  0.7760338  0.0335991308093071
2 0.298287   0.00650181 0.8494406  0.24632813 0.03336602821946144
10 0.         0.05728518 0.3521404  0.47131035 0.03332837298512459
20 0.         0.44383067 0.34686008 0.8753427  0.033113040030002594
20 0.04426519 0.43953288 0.7981442  0.7291949  0.03308924660086632
24 0.2607659  0.06941986 0.719939   0.3743013  0.03276582434773445
20 0.         0.31809887 0.5857647  0.8573867  0.03239944949746132
27 0.         0.39524174 0.65502614 0.9116222  0.03202822059392929
3 0.18135695 0.32991725 0.3806962  0.7178424  0.031774185597896576
37 0.16474119 0.31052077 0.66678387 0.6416783  0.03094177506864071
10 0.15982997 0.         0.73767024 0.6094541  0.030458757653832436
20 0.        0.5283356 0.5106726 0.8298933 0.03044072538614273
24 0.01874496 0.2901678  1.         0.9726587  0.029447205364704132
40 0.05571365 0.         1.         0.5162264  0.029168549925088882
37 0.83660185 0.25862417 0.99800307 0.7511415  0.02906198799610138
3 0.17219557 0.36742407 0.82475364 0.6192708  0.028332991525530815
20 0.09141826 0.6942607  0.7280844  0.9670377  0.027847787365317345
33 0.07482623 0.04491134 0.6062963  0.31466228 0.027729006484150887
3 0.03470184 0.54062784 0.1818186  0.97108185 0.02709532156586647
40 0.         0.         0.5878599  0.50190645 0.027042116969823837
37 0.3180884  0.57437843 0.91874444 0.95805675 0.02655978314578533
2 0.27995247 0.         0.72517467 0.33739585 0.026304198428988457
34 0.17439713 0.13608584 0.8324429  0.66843784 0.0261831171810627
3 0.1565286  0.26029313 0.62880594 0.5943037  0.025862954556941986
27 0.        0.3857151 0.506863  0.7886143 0.025849569588899612
21 0.00336756 0.         0.44019955 0.77766865 0.025769108906388283
9 0.16908365 0.24205719 0.42896628 0.8689861  0.025578573346138
41 0.06989875 0.07217222 0.4128328  0.43543112 0.025341732427477837
37 0.11030719 0.28094515 0.4448873  0.7918626  0.02500067465007305
4 0.0229213  0.27976614 0.92782414 1.         0.024863459169864655
20 0.         0.7908245  0.29846716 0.95706016 0.024723410606384277
3 0.3839916 0.6834716 1.        0.9650407 0.0244520865380764
1 0.1565801  0.         0.60837173 0.4710134  0.024202700704336166
9 0.01724996 0.4513333  0.3128282  1.         0.023297710344195366
9 0.01895522 0.46120414 0.37575766 0.84088475 0.023164065554738045
9 0.05535205 0.04468025 0.5573903  0.475524   0.02309204451739788
27 0.         0.36732557 1.         1.         0.02280358038842678
3 0.23900622 0.16689314 0.8664247  0.8478015  0.021877054125070572
3 0.02951589 0.03508774 0.71518564 0.8709414  0.021845078095793724
24 0.36169901 0.19160892 1.         0.6474242  0.02145453356206417
41 0.         0.46380484 0.28870547 0.7588136  0.021393951028585434
37 0.8729874 0.858679  1.        0.9767735 0.021280108019709587
10 0.05746185 0.         0.4133297  0.78441787 0.021166153252124786
24 0.09949671 0.36830476 0.71366984 0.7420146  0.020952243357896805
3 0.3425154  0.49082917 0.61872154 0.8369974  0.02050837129354477
4 0.04526342 0.18191597 0.54092276 1.         0.019851261749863625
24 0.04229251 0.12047773 0.60295403 0.89204407 0.019723596051335335
9 0.15025103 0.40935445 0.5650646  0.87163424 0.0195818692445755
10 0.07997246 0.         0.6090214  0.53920543 0.019312890246510506
21 0.        0.        0.3238316 0.4182067 0.0189689751714468
21 0.        0.        0.6830152 0.8796202 0.018563857302069664
37 0.71670663 0.27371317 0.99105716 0.68797284 0.01855877786874771
41 0.         0.31313676 0.58867013 0.9452324  0.0184963159263134
9 0.02070264 0.57503504 0.55729127 1.         0.018014606088399887
37 0.819811  0.4235018 0.995765  0.9366341 0.017946632578969002
3 0.31699103 0.8241571  0.8254913  0.9912244  0.017934417352080345
24 0.33188725 0.13648732 0.8492709  0.48223528 0.017919844016432762
3 0.08728752 0.07709704 0.40218076 0.7542726  0.01784110628068447
37 0.6479065  0.8036617  1.         0.99403304 0.01772189326584339
41 0.         0.28663948 0.33206555 0.8009432  0.017665589228272438
3 0.10983758 0.64095163 0.46389192 0.9994731  0.017603326588869095
25 0.        0.        0.9938833 0.7336005 0.017474157735705376
37 0.17238483 0.21613641 0.54147035 0.63283753 0.017443934455513954
40 0.         0.         0.84949374 1.         0.01723438873887062
20 0.63445413 0.4752195  1.         0.673715   0.017169106751680374
9 0.16153036 0.74158823 0.86173105 1.         0.01695025898516178
27 0.         0.31942552 0.714696   0.6305812  0.01692197285592556
9 0.04536915 0.3495076  0.4612243  0.78124803 0.016813892871141434
20 0.08188494 0.6095003  0.76448923 0.8740775  0.016722297295928
3 0.0222907  0.10009731 0.88926554 0.6665971  0.01662151701748371
29 0.1614649  0.         0.70447993 0.67272455 0.016593240201473236
20 0.         0.3087287  0.39045212 0.63437873 0.016365543007850647
3 0.34783113 0.29049674 1.         0.82144135 0.016196947544813156
21 0.0566727  0.         0.66744286 0.2727507  0.015961386263370514
24 0.41986716 0.08389697 0.795029   0.20001043 0.015473379753530025
3 0.59774935 0.82058877 0.971993   0.99426955 0.01544935628771782
37 0.36547935 0.22830908 0.7322806  0.644039   0.015334953553974628
15 0.         0.29979506 0.59657013 0.8909135  0.01511833630502224
9 0.0189945  0.51729053 0.51419437 0.89800704 0.01507082674652338
3 0.21079203 0.77689266 0.7074818  0.9713359  0.014901712536811829
24 0.         0.11609454 0.80551827 0.5069888  0.014806944876909256
9 0.         0.650243   0.79552597 1.         0.014792733825743198
38 0.10019959 0.35960895 1.         0.83178604 0.01476544700562954
37 0.5654364  0.23131025 0.92008936 0.6718804  0.014642653055489063
27 0.        0.4018597 0.316006  0.8165049 0.014620600268244743
37 0.326088   0.67494655 0.6781262  0.9826972  0.014563936740159988
41 0.         0.11394492 0.81841    0.42936495 0.014504889957606792
9 0.09982013 0.72535264 0.64620894 1.         0.014325733296573162
3 0.10998088 0.34228083 0.30807972 0.7382505  0.01427400205284357
3 0.26307854 0.58098197 0.72139335 0.9093468  0.01413457840681076
20 0.        0.7663737 0.9252954 0.9751486 0.014056622050702572
20 0.         0.41516966 0.22535141 0.81269383 0.013967156410217285
1 0.06158412 0.00947914 0.58708286 0.28507593 0.013919017277657986
10 0.         0.30840322 0.33856115 0.6989829  0.013899865560233593
20 0.         0.83804876 0.50242156 0.958881   0.013895985670387745
4 0.03295876 0.23279521 0.6570909  0.795075   0.01384055521339178
1 0.49944505 0.04260223 1.         0.7393888  0.013815315440297127
34 0.07013751 0.0667334  0.82262635 0.50167817 0.013736755587160587
37 0.6059241  0.34247705 0.97270083 0.6792047  0.013564948923885822
9 0.24394092 0.14065537 0.90584517 1.         0.013463216833770275
1 0.27448225 0.11799369 0.80201715 0.47940615 0.013408995233476162
3 0.292946   0.535181   0.80795836 0.8065355  0.013340679928660393
29 0.19465342 0.06369776 0.7531534  0.41897726 0.013305649161338806
1 0.16116793 0.         0.45079795 0.4223351  0.013294778764247894
3 0.7654207  0.89067334 0.9895503  0.9901057  0.013069081120193005
15 0.         0.29778424 0.74781865 1.         0.012994327582418919
3 0.5104146  0.7657859  1.         0.97876763 0.01281773205846548
40 0.        0.        0.9230534 0.7426352 0.012453239411115646
25 0.         0.06488656 0.94197047 0.6347796  0.012274869717657566
34 0.         0.4232882  0.69042605 0.8570382  0.012264886870980263
1 0.45300767 0.08471868 0.9577075  0.5846911  0.012228409759700298
24 0.10590805 0.4390543  0.79021764 0.84557074 0.012207692489027977
20 0.13890435 0.81535584 0.7121707  0.9579053  0.01219173427671194
20 0.674612   0.81641066 1.         0.97729385 0.01201612874865532
20 0.15815379 0.8550585  1.         0.97851026 0.01200078520923853
35 0.         0.         0.7477084  0.22393085 0.011901561170816422
10 0.11463651 0.         0.6454013  0.8512372  0.011877408251166344
1 0.3563686  0.         1.         0.62321556 0.011724401265382767
24 0.05113497 0.388682   0.3971937  0.7862122  0.011677136644721031
34 0.06550886 0.03764233 0.881904   0.34286174 0.011631862260401249
20 0.5324858 0.5161574 1.        0.7223534 0.011587612330913544
41 0.         0.19465949 0.6613733  0.7664991  0.011544233188033104
1 0.28324738 0.         0.57740253 0.42927098 0.011521420441567898
24 0.01712008 0.3502397  0.3084542  0.8464319  0.011497966945171356
10 0.         0.37737665 0.35361084 0.82473683 0.01148142758756876
4 0.         0.20929515 0.943088   0.6814093  0.011464854702353477
10 0.22817828 0.         0.76568025 0.27891776 0.011395479552447796
3 0.25748122 0.59271187 0.95336723 0.9475875  0.01133719738572836
3 0.5302343  0.07294925 0.9576047  0.925942   0.011294812895357609
3 0.90781444 0.9251566  1.         0.9834468  0.011221959255635738
41 0.         0.48932558 0.31584468 0.9394162  0.011213532648980618
1 0.31529135 0.         0.9314608  0.37403786 0.01103334128856659
20 0.11527374 0.6714303  0.54365706 0.932463   0.010905591771006584
1 0.0745813  0.06863566 0.5590198  0.3821215  0.010771039873361588
3 0.3406868 0.7478274 0.7611205 0.9598325 0.010747618973255157
20 0.         0.78203887 0.5199706  0.94506454 0.01068560965359211
20 0.5121217  0.42365062 0.9681379  0.68559927 0.010630009695887566
35 0.15742373 0.05489268 0.6098051  0.30812624 0.010618939064443111
34 0.         0.46306747 0.660615   0.7685477  0.010614918544888496
41 0.         0.3858009  0.34527558 0.72361624 0.010586310178041458
20 0.         0.6937032  0.34551287 0.9404125  0.010579540394246578
9 0.        0.5524978 0.8888102 1.        0.010551800951361656
27 0.00850347 0.1820813  0.5382478  0.94398785 0.010522671043872833
24 0.19407973 0.19026448 0.95138603 0.50374836 0.010050193406641483
9 0.10144699 0.12632939 0.54689133 0.6604465  0.010016453452408314
24 0.07889313 0.09395923 0.5480014  0.44119924 0.009968837723135948
3 0.59515995 0.37801167 0.98704165 0.9886063  0.009968825615942478
3 0.30571058 0.71250564 0.5772659  0.9517905  0.009877501055598259
9 0.12313097 0.02623873 0.42422658 0.4627355  0.009761176072061062
29 0.13451223 0.08393759 0.6483813  0.98551315 0.009755116887390614
27 0.         0.40164506 0.22646114 0.9061967  0.009719165042042732
10 0.         0.33575854 0.20662506 0.86661905 0.00967473816126585
3 0.07987145 0.28909954 0.44001487 0.5755782  0.009602122008800507
24 0.08143932 0.39533052 0.8515737  1.         0.009543652646243572
20 0.12106461 0.36106756 0.82928514 0.63930905 0.009454152546823025
41 0.         0.36391205 0.39931002 0.9224745  0.009443414397537708
20 0.         0.85072845 0.77265483 0.9630842  0.009396993555128574
10 0.2529778  0.         0.6668144  0.44209942 0.009300122037529945
2 0.26485386 0.         0.9597683  0.3976629  0.009293748065829277
37 0.27754378 0.25078216 0.7644084  0.56098986 0.009037419222295284
35 0.         0.01910287 0.58657944 0.2916619  0.00889141857624054
3 0.109745   0.86573905 0.73923105 0.98662186 0.008861769922077656
33 0.24947093 0.01603903 1.         0.24680665 0.008832264691591263
20 0.00502543 0.33108845 0.9951484  0.80483776 0.008819441311061382
4 0.00818108 0.06131482 0.6950762  0.2953696  0.008761420845985413
3 0.18087332 0.2730693  0.7848978  0.53154635 0.008744233287870884
20 0.63700366 0.5456441  1.         0.7541244  0.008664872497320175
20 0.02196676 0.18109307 0.5622889  0.7307139  0.008582593873143196
3 0.06908226 0.3778949  0.30760467 0.922461   0.008459258824586868
24 0.3610466  0.10715059 0.7000255  0.44133362 0.008385013788938522
37 0.39987227 0.28128117 0.84904104 0.5926546  0.008316561579704285
33 0.0891993  0.07248812 0.6615118  0.40763295 0.008294212631881237
3 0.22668687 0.3260777  0.9147569  0.57077986 0.008262903429567814
25 0.         0.16743475 0.823095   0.73720926 0.00816555880010128
24 0.3561195  0.27407706 1.         1.         0.00816388800740242
10 0.7073751  0.7637748  0.98453695 1.         0.008120364509522915
33 0.         0.31769192 0.4488074  0.82836145 0.00808353815227747
33 0.         0.18114147 0.6602993  0.7633425  0.008060476742684841
3 0.14476743 0.7519209  0.5673782  0.9709966  0.008057966828346252
27 0.45849937 0.3791385  1.         0.64615166 0.007972164079546928
3 0.56068695 0.36803573 1.         0.6684916  0.007946984842419624
35 0.         0.10989863 0.7408493  0.92194986 0.007937164977192879
24 0.02998975 0.3714396  0.4979587  0.9807087  0.007924028672277927
3 0.09487651 0.82625806 0.48045036 0.9863108  0.007831810042262077
15 0.         0.4059109  0.50570536 0.8015819  0.00781682413071394
3 0.28694454 0.61872447 0.5501517  0.9412074  0.007776953745633364
33 0.04596192 0.05263583 1.         0.35733217 0.007723161019384861
10 0.57033855 0.81679463 1.         1.         0.007710060104727745
24 0.4459844  0.10304176 0.818087   0.27075773 0.007669483777135611
27 0.69447243 0.77766895 1.         1.         0.007662447169423103
24 0.3377884  0.24523954 0.88109344 0.71129864 0.00763960974290967
20 0.         0.58163404 0.24123053 0.9140134  0.007638007402420044
1 0.3307474  0.         0.73621625 0.3094481  0.007569840643554926
41 0.         0.2980826  0.43766212 0.64160025 0.0075082252733409405
37 0.39036372 0.7152576  0.75250727 0.95545816 0.007505278568714857
9 0.        0.7931646 0.6734558 1.        0.007473447360098362
9 0.13667369 0.35789642 0.82631165 0.99708915 0.007441368885338306
27 0.15192913 0.27340117 1.         0.8534344  0.007349328603595495
10 0.33046332 0.         1.         0.4294378  0.0072864992544054985
41 0.         0.3039932  0.27203485 0.6788129  0.007238864433020353
