27 0.00203621 0.04619146 0.5575734  0.7059232  0.1862773597240448
27 0.         0.20671985 0.32425863 0.7079542  0.1834414303302765
1 0.6763812  0.4472995  0.9509595  0.87650615 0.15181073546409607
24 0.2207209  0.18834676 0.7301279  0.42969382 0.14274711906909943
24 0.09320559 0.25375947 0.7174977  0.70238763 0.13258080184459686
19 0.         0.03634565 0.4900702  0.6542524  0.13218377530574799
10 0.04214581 0.         0.4589498  0.6845889  0.12616819143295288
10 0.11564046 0.03836067 0.6822798  0.48548767 0.1251165270805359
27 0.         0.14104147 0.68732536 0.5174244  0.11801450699567795
19 0.         0.02508288 0.8696057  0.73400974 0.11721604317426682
27 0.         0.19562596 0.41837725 0.45891505 0.11012651771306992
32 0.0058238  0.11663582 0.52114207 0.6382425  0.10832439363002777
27 0.10288498 0.19909963 0.82871205 0.78689414 0.10529479384422302
28 0.04894014 0.19078669 0.40656623 0.47682706 0.10193271189928055
28 0.03501633 0.21149127 0.47223935 0.70281214 0.09586993604898453
1 0.07305069 0.03404595 0.5778175  0.8165388  0.09467123448848724
10 0.02382086 0.10777156 0.39470312 0.420539   0.0909162312746048
24 0.03155795 0.219774   0.5391061  0.82426935 0.09035274386405945
32 0.01214658 0.0825133  0.6729834  0.80865264 0.08728500455617905
28 0.02934961 0.24273364 0.44380656 0.54199976 0.0871957391500473
27 0.         0.2507441  0.43730846 0.5205343  0.08152133226394653
1 0.07131208 0.2996168  0.49897555 0.822983   0.08130855858325958
10 0.04789309 0.03214647 0.48798543 0.42645448 0.07795658707618713
41 0.01141304 0.22039066 0.69609654 0.8091147  0.07476166635751724
10 0.09691879 0.15357167 0.5865106  0.42392868 0.07422788441181183
32 0.03346939 0.19831721 0.5049775  0.4599389  0.07218766957521439
19 0.05217649 0.16821244 0.81171244 0.6656642  0.07102970033884048
38 0.15147799 0.2863912  0.62021595 0.57783103 0.0707678496837616
1 0.01369125 0.2200874  0.64008754 0.57095224 0.07056014984846115
24 0.25281122 0.13227461 0.7831952  0.50047094 0.07047799229621887
24 0.09574931 0.2136554  0.6540186  0.491529   0.06997755169868469
41 0.02620392 0.257079   0.5163202  0.67620957 0.06968007981777191
27 0.         0.01619487 0.79444826 0.8783364  0.06868273764848709
41 0.55775136 0.38695142 0.8990966  0.9092563  0.06756813079118729
41 0.45788637 0.4855473  0.9889481  0.87455475 0.06739719212055206
38 0.08525306 0.20766808 0.44910428 0.6877332  0.0656728520989418
1 0.60630894 0.3073801  0.9413459  0.89999557 0.06507530063390732
24 0.03329969 0.17240293 0.64900726 0.6328709  0.0635477676987648
19 0.         0.14721754 1.         0.6060146  0.06080649793148041
10 0.20291723 0.12359398 0.819337   0.4266573  0.0603935644030571
19 0.         0.18551727 0.6872105  0.49683106 0.06025064364075661
15 0.         0.09879229 0.5979771  0.85295546 0.06021081656217575
41 0.07660986 0.2690533  0.5614417  0.49143097 0.05739618465304375
10 0.05082787 0.         0.3643296  0.50360835 0.05738111212849617
38 0.15170874 0.33837545 0.6354588  0.6874057  0.05633728206157684
27 0.         0.14328606 0.48089528 0.4157327  0.056324344128370285
28 0.03317808 0.37096527 0.59279174 0.69533265 0.05501420050859451
1 0.04487551 0.13546155 0.7038196  0.51046926 0.053631287068128586
27 0.         0.03167557 0.35478017 0.5478359  0.05068755894899368
19 0.         0.10730881 0.40280464 0.7030711  0.050219498574733734
10 0.02511537 0.16479895 0.29843903 0.47870347 0.049835219979286194
10 0.22537138 0.01522967 0.9258413  0.50920635 0.04981895908713341
28 0.07230802 0.24989232 0.7161434  0.51637155 0.046648573130369186
41 0.3982603  0.14637995 0.78261477 0.5211836  0.04555176943540573
40 0.         0.14362875 0.6212012  0.5766693  0.04457210749387741
27 0.01463005 0.19571745 0.48852763 0.8962478  0.04332808405160904
19 0.15042873 0.21047528 0.8510285  0.53917336 0.0427447147667408
27 0.         0.3031888  0.59799236 0.721009   0.04249319061636925
7 0.106241   0.12921081 1.         0.64210886 0.04184398055076599
7 0.07554464 0.34894353 1.         0.8986365  0.04100514575839043
28 0.04805257 0.15929678 0.66400206 0.6472464  0.04057624563574791
1 0.06713466 0.12796156 0.76943326 0.7283833  0.040569841861724854
32 0.         0.10348293 0.45179465 0.45889297 0.04025492072105408
10 0.07296979 0.06733943 0.77427685 0.76433975 0.03966878354549408
24 0.19355914 0.2032503  0.90260524 0.6541453  0.03954126313328743
38 0.12342697 0.27020162 0.65759814 0.4540093  0.0395151786506176
24 0.07515091 0.42319193 0.51284426 0.7850058  0.03886641189455986
41 0.02695624 0.3137592  0.41524243 0.75331396 0.03882896155118942
38 0.12198531 0.33962277 0.4927409  0.7612761  0.03867474943399429
32 0.         0.01905266 0.8479736  0.51368856 0.03842601925134659
38 0.10359602 0.2582263  0.71904886 0.7495619  0.03812996670603752
15 0.         0.33389607 0.74486816 0.7801108  0.037930555641651154
40 0.         0.19006689 0.44062373 0.7595231  0.03772621974349022
1 0.07347204 0.         0.8617843  0.89932215 0.03734736517071724
38 0.10280508 0.25284928 0.46668682 0.5153065  0.03675403818488121
40 0.         0.26353803 0.57977426 0.68958396 0.03662481904029846
1 0.06452037 0.14952943 1.         0.78153086 0.03498569875955582
41 0.06553635 0.13432656 0.73463887 0.45200592 0.03487180545926094
32 0.02958337 0.16188276 0.4118765  0.76910585 0.03472680598497391
41 0.36572558 0.17514126 0.645953   0.57679105 0.03416882082819939
31 0.08438841 0.19468817 0.6466095  0.6309646  0.03397200629115105
32 0.05823252 0.21066916 0.9576162  0.81509423 0.0337650440633297
41 0.16773397 0.25480554 0.70332307 0.45763195 0.03366075083613396
41 0.93044454 0.94865704 1.         1.         0.033478885889053345
10 0.00821157 0.18749255 0.38061872 0.7786301  0.03334401175379753
27 0.         0.37346536 0.5051834  0.8114483  0.032703034579753876
24 0.1368443  0.30269244 0.8894807  0.77805126 0.032483089715242386
41 0.03834348 0.19634317 0.51543033 0.52516234 0.032300014048814774
24 0.02888522 0.23148006 0.45151663 0.56950283 0.031932611018419266
24 0.0204656  0.28249398 0.3272745  0.7873292  0.03076290525496006
10 0.33589652 0.02579839 0.7166014  0.5553274  0.030646445229649544
41 0.09394102 0.32250464 0.6379789  0.6937228  0.030289482325315475
41 0.01602292 0.22375298 0.41356555 0.46612468 0.030283307656645775
32 0.06008232 0.1638316  0.6475791  0.41198602 0.03002799116075039
41 0.02928337 0.21481916 0.5251583  0.41177636 0.029822740703821182
13 0.05316391 0.         0.46482185 0.94818735 0.029787424951791763
41 0.45944962 0.36359617 0.9334603  0.80359346 0.029438674449920654
32 0.00846565 0.12338186 0.8496374  0.64367914 0.028537319973111153
7 0.         0.07995692 0.8154344  0.88208276 0.02836104854941368
41 0.2892159  0.24940065 0.6819383  0.5591113  0.027860799804329872
1 0.09746267 0.12039747 0.52551055 0.5834714  0.02762029692530632
7 0.         0.077314   0.4747252  0.67681795 0.027130287140607834
24 0.0237823  0.32487586 0.4752139  0.7281611  0.026949109509587288
10 0.35113287 0.45647523 1.         0.80792606 0.026914741843938828
32 0.02962166 0.0654211  0.71347475 0.45860374 0.026458432897925377
18 0.4547055  0.39750355 1.         0.80591434 0.02612127549946308
31 0.1154952  0.04575495 0.737749   0.8163748  0.025970973074436188
24 0.14368394 0.12386817 0.58047676 0.5364819  0.025234363973140717
15 0.        0.1968681 0.6113017 0.5069111 0.024878328666090965
30 0.08203214 0.15241982 0.5137414  0.8789215  0.023543337360024452
41 0.59435105 0.5140477  0.9713419  0.79769725 0.02341756969690323
10 0.11952708 0.3720101  1.         0.9054721  0.02339981123805046
40 0.         0.18092978 0.6295117  0.43040285 0.023072846233844757
28 0.07525019 0.17995772 0.5481372  0.53118896 0.022927802056074142
19 0.         0.13676107 0.45201534 0.49319592 0.022550489753484726
30 0.07048757 0.         0.7738632  0.8463856  0.02244042232632637
10 0.21615306 0.         0.8134532  0.373461   0.022380078211426735
7 0.00804052 0.00566905 0.7398418  0.54181194 0.02230100892484188
27 0.         0.12975968 0.2540792  0.6208444  0.02219659835100174
10 0.54230624 0.3494193  0.9429789  0.8993156  0.022023290395736694
10 0.18943775 0.21870396 0.92549723 0.8475536  0.021987339481711388
1 0.21528758 0.0809828  0.7635256  0.5769695  0.021964235231280327
10 0.1430201  0.1886516  0.7539672  0.61489505 0.021898584440350533
32 0.         0.1812802  0.39595065 0.5956897  0.02137555181980133
16 0.13170184 0.35750684 0.76504815 0.6738471  0.021221358329057693
31 0.06955595 0.11456955 0.58342236 0.887003   0.020979398861527443
32 0.03234207 0.04532913 0.30220577 0.8647099  0.02088666521012783
24 0.3205353  0.11837009 0.68093896 0.42703533 0.020748957991600037
41 0.12611537 0.38452858 0.7545073  0.83533275 0.020540989935398102
10 0.20374909 0.15311924 1.         0.7258483  0.020285511389374733
18 0.12596893 0.         0.77916026 0.46913922 0.020223278552293777
41 0.39579195 0.24200672 0.9017483  0.54956913 0.020018838346004486
30 0.        0.        0.5852747 1.        0.01964171975851059
10 0.00394867 0.23570693 0.24847116 0.7494337  0.019621694460511208
16 0.07133363 0.3103415  0.32260123 0.7073617  0.019562669098377228
24 0.05125141 0.5485022  0.4573452  0.80664164 0.0195610448718071
41 0.87529767 0.9139033  1.         1.         0.019516533240675926
26 0.1510249  0.2846341  0.8443986  0.81016606 0.019346952438354492
15 0.         0.0696903  0.64331335 0.59690917 0.019240597262978554
32 0.         0.1604161  0.32319063 0.48656562 0.01861780881881714
19 0.03190409 0.2525766  1.         0.7030072  0.01853949949145317
24 0.00716291 0.3693291  0.7999284  0.8451895  0.018506165593862534
18 0.01740227 0.00142919 0.05915103 0.04992972 0.01848006807267666
18 0.9308853 0.9145493 1.        0.9923976 0.0182493906468153
24 0.28264937 0.16922194 0.8180545  0.81626844 0.018222542479634285
13 0.09539582 0.17774855 0.6888343  0.7872811  0.018141847103834152
41 0.710741   0.87371624 0.9149522  1.         0.01801278069615364
18 0.0237072  0.         0.08070507 0.03789124 0.017490876838564873
18 0.58703536 0.18008174 0.9225328  0.8260972  0.01747112162411213
21 0.00999237 0.         0.89072716 0.5995776  0.017330048605799675
7 0.10069524 0.         0.9114718  0.43787065 0.016923511400818825
10 0.2805499  0.17269942 0.8270078  0.53645223 0.01679707132279873
41 0.6059292 0.873292  0.809057  1.        0.016765590757131577
41 0.6583612  0.87388796 0.86251456 1.         0.016759950667619705
38 0.12320089 0.32115927 1.         0.5971501  0.01658763363957405
26 0.25091234 0.35641438 0.8887388  0.7120468  0.016544129699468613
41 0.55286545 0.8729302  0.75551784 1.         0.01644655503332615
41 0.14801921 0.21832037 0.7284858  0.5439546  0.016430990770459175
7 0.21622735 0.07550212 0.9546511  0.8146522  0.016360513865947723
41 0.50091845 0.8727058  0.7027905  1.         0.016261830925941467
15 0.         0.21927786 0.6227081  0.68182987 0.016193760558962822
18 0.19407181 0.         0.9046279  0.6353777  0.015983542427420616
30 0.06261843 0.12290706 0.55075616 0.50477105 0.015941597521305084
38 0.15512344 0.43798596 1.         0.7756702  0.015886537730693817
28 0.00620532 0.30702797 0.4665263  0.61475873 0.015846043825149536
19 0.26649475 0.23574118 0.74071604 0.5593804  0.015761973336338997
4 0.         0.23836195 1.         0.66692764 0.01550947967916727
28 0.06373283 0.04197403 0.45011282 0.57251865 0.015486344695091248
30 0.08318596 0.1839136  0.6166608  0.60629284 0.015375708229839802
21 0.15504545 0.14540923 0.7694154  0.46664327 0.015338927507400513
40 0.         0.1758356  0.35990402 0.48210248 0.015303469263017178
41 0.7660294  0.87520325 0.96894574 1.         0.015286203473806381
18 0.04069083 0.         0.16718613 0.07203347 0.015207354910671711
7 0.08880671 0.20336367 0.7083197  0.65897256 0.015066689811646938
41 0.44935572 0.87239707 0.65027726 1.         0.01496825646609068
38 0.06774463 0.22191262 0.4347157  0.41470727 0.0149660874158144
1 0.10325152 0.2661099  0.45940664 0.49526644 0.014964348636567593
41 0.24229266 0.13704328 0.672631   0.4847166  0.014951091259717941
1 0.5115345  0.3917617  1.         0.85385215 0.014868483878672123
40 0.00683184 0.0716792  0.27654094 0.88046235 0.014854633249342442
32 0.19178589 0.04498515 0.8146444  0.79988134 0.014809192158281803
27 0.         0.38841194 0.4378376  0.6831132  0.014785749837756157
41 0.09372999 0.3460133  0.5875465  0.57115734 0.014672732912003994
24 0.30828387 0.21292885 0.718905   0.50464743 0.014523020945489407
7 0.11141694 0.24875198 0.9094834  0.7667294  0.014440210536122322
32 0.24930939 0.12005369 0.6323649  0.50613385 0.014434894546866417
18 0.94087666 0.         0.9971725  0.06522174 0.014370739459991455
18 0.87003917 0.         1.         0.08665337 0.014349345117807388
41 0.9078392  0.88587916 1.         1.         0.014203409664332867
27 0.06003098 0.3912505  1.         0.9951813  0.014167890883982182
32 0.15105703 0.18138278 0.538426   0.56986713 0.01410058792680502
4 0.         0.32662836 1.         0.7787432  0.013984190300107002
4 0.01756339 0.22220935 0.28816235 0.8965078  0.01388209592550993
30 0.03276339 0.         0.53770024 0.59376305 0.013764944858849049
41 0.64869225 0.5825294  1.         0.95853853 0.013731694780290127
40 0.         0.25963053 0.6586541  0.52239174 0.0137020917609334
18 0.02918714 0.         0.12346624 0.0994139  0.013616259209811687
13 0.11116382 0.         0.5651048  0.8639454  0.013600156642496586
10 0.08399841 0.2170152  0.6165911  0.7441868  0.013346762396395206
16 0.09648757 0.19922285 0.34316784 0.64271903 0.013331196270883083
38 0.14990301 0.47334734 0.53525823 0.787355   0.01327731367200613
13 0.12336561 0.14115332 0.5765595  0.57142264 0.013275093398988247
19 0.28642687 0.17487307 0.80045676 0.4955475  0.013221724890172482
41 0.39721346 0.87250715 0.5977789  1.         0.013066204264760017
7 0.         0.1478727  0.31722647 0.8829576  0.013004841282963753
26 0.30309618 0.46448565 1.         0.8387767  0.012994692660868168
18 0.5433564  0.28464666 1.         0.9604492  0.012939466163516045
41 0.22243175 0.27075693 0.78830296 0.90632194 0.01285023894160986
41 0.20385395 0.27358988 0.5955838  0.5650758  0.012800750322639942
29 0.26299185 0.26249474 0.9024466  0.7738019  0.012777612544596195
35 0.10015839 0.2667996  0.82467777 0.5486165  0.012666186317801476
19 0.12379421 0.2309337  1.         0.4508895  0.01260498445481062
11 0.2474056  0.36740226 0.95104665 0.82098806 0.012421468272805214
41 0.59374744 0.21286201 0.9760782  0.98211867 0.012395363301038742
13 0.02773269 0.28273973 0.3940274  0.81879085 0.012393048964440823
4 0.         0.4124898  1.         0.86368454 0.01239021960645914
32 0.42022222 0.01671331 0.70201904 0.52696663 0.012351876124739647
18 0.45405355 0.05911296 0.87804234 0.6559657  0.012351392768323421
1 0.7418436  0.42646155 0.9465277  1.         0.012287643738090992
42 0.08924126 0.02326988 0.8330397  0.62065685 0.012251624837517738
30 0.05138941 0.03511912 0.43353933 1.         0.012228288687765598
10 0.02013854 0.18748356 0.40706095 0.5622411  0.012223523110151291
3 0.         0.26792094 0.2635762  0.68284184 0.012202996760606766
4 0.        0.1879895 0.7175401 0.6378823 0.012194667011499405
10 0.125538   0.24544449 0.6024817  0.51954573 0.012191136367619038
41 0.3441648 0.8722498 0.5451    1.        0.01205494999885559
41 0.12935545 0.12168236 0.6598177  0.37900856 0.011932289227843285
40 0.         0.0212941  0.59800416 0.427644   0.011903383769094944
42 0.20503213 0.11107679 0.67639434 0.7116765  0.011889807879924774
36 0.18887329 0.25049573 0.65943694 0.5031898  0.011830377392470837
41 0.13191785 0.8724685  0.33578658 1.         0.011822635307908058
24 0.04783474 0.16110538 0.39361534 0.6846758  0.011764160357415676
18 0.846333   0.8809214  1.         0.99277264 0.01172035001218319
18 0.5123345 0.        1.        0.8417259 0.011669160798192024
4 0.         0.2589522  0.86875695 0.95496607 0.011630463413894176
18 0.01336454 0.93175054 0.06389736 0.98452884 0.011600480414927006
35 0.01225886 0.2463703  0.4579906  0.46224016 0.01159318070858717
18 0.88486737 0.83772963 1.         0.9934905  0.011543276719748974
41 0.18430637 0.8726592  0.38853142 1.         0.011516399681568146
18 0.02127278 0.         0.08534437 0.13767244 0.011513606645166874
42 0.11966635 0.         0.98347455 0.4348579  0.011473208665847778
1 0.39685115 0.09661942 0.88108444 0.6417003  0.011450023390352726
1 0.04814463 0.44539195 0.45330852 0.84890425 0.011440251022577286
27 0.         0.31009954 0.41916552 0.5924283  0.011372857727110386
19 0.         0.17121805 1.         0.5111572  0.01133065577596426
25 0.         0.14967504 0.97203636 0.34928006 0.011316598393023014
41 0.29096538 0.8723723  0.4932983  1.         0.011287633329629898
32 0.4296748  0.08403636 0.8213632  0.5518478  0.011287455447018147
24 0.40434653 0.11942192 0.60754764 0.5156194  0.011273899115622044
41 0.10835864 0.5455019  0.9362253  0.92731327 0.011258873157203197
41 0.23777965 0.8723595  0.44089976 1.         0.011232036165893078
7 0.         0.18646829 0.5149457  0.84337884 0.011231866665184498
31 0.15085767 0.12358762 0.7925894  0.50457746 0.011213144287467003
41 0.0228729  0.58318794 0.5303035  0.78082526 0.011192369274795055
41 0.19744429 0.00500139 0.8111346  0.17442536 0.011182665824890137
40 0.01783447 0.11673065 0.8879935  0.66304505 0.011134609580039978
24 0.66953987 0.5372341  0.95912266 0.7867968  0.011115931905806065
10 0.15673737 0.         1.         0.40737012 0.01108784694224596
2 0.         0.20427743 0.74084514 0.81162375 0.010950948111712933
19 0.         0.39625788 1.         0.8226318  0.010846853256225586
10 0.         0.4056203  0.35204312 0.85106    0.010784164071083069
41 0.04025556 0.629956   0.47434267 0.81769145 0.01077053602784872
2 0.05765045 0.14260326 0.6168417  0.56798375 0.010664897970855236
18 0.8979166  0.         1.         0.12429477 0.010653597302734852
35 0.07020409 0.21486524 0.7066381  0.49411988 0.010646439157426357
41 0.07857321 0.8721816  0.28243762 1.         0.010621992871165276
25 0.         0.10287514 0.9719444  0.3023071  0.010560521855950356
32 0.3732144  0.         0.8119388  0.36441204 0.010535539127886295
18 0.07468659 0.         0.55607396 0.7904017  0.01047294307500124
41 0.27785385 0.7545074  0.6651547  0.99765486 0.010449821129441261
41 0.43993765 0.15583873 0.92129517 0.7302243  0.010447795502841473
36 0.16854095 0.21945395 0.5385162  0.5648644  0.010413902811706066
16 0.08437689 0.15987237 0.5595341  0.68208313 0.010371426120400429
17 0.         0.15598287 0.35414547 0.7456394  0.01036193035542965
19 0.19087046 0.3021703  1.         0.5573461  0.010310648009181023
33 0.03827566 0.23538326 0.92053276 0.6553993  0.010272166691720486
40 0.         0.08008545 0.6947921  0.833342   0.0102181825786829
17 0.         0.20534226 0.4957178  0.44378603 0.010199103504419327
19 0.5412134  0.52503717 0.9970737  0.758574   0.010195225477218628
4 0.00681575 0.24592225 0.72020245 0.5291319  0.010183087550103664
24 0.43370125 0.21503794 0.7670587  0.5869931  0.01001844834536314
18 0.3808693 0.        0.6737745 0.5573102 0.010010874830186367
7 0.00610299 0.00774731 0.3709906  0.3972709  0.009962165728211403
7 0.15655723 0.03775544 0.75286734 0.41913047 0.009948233142495155
18 0.43007588 0.13134916 1.         0.5908488  0.009947986342012882
32 0.34768206 0.         0.6454631  0.44604647 0.00992199219763279
17 0.03291908 0.26136845 0.6251684  0.9549101  0.009911132045090199
15 0.         0.13390808 0.79134196 0.6452053  0.009889978915452957
11 0.27316532 0.22660805 0.91392344 0.64890045 0.009883579798042774
19 0.         0.3320008  0.4881153  0.75695103 0.00987488217651844
1 0.48170123 0.13184924 0.9838904  0.94895136 0.009863035753369331
35 0.10668851 0.22297598 0.9418905  0.6553119  0.009856835007667542
41 0.25444892 0.83317995 0.837711   1.         0.009837967343628407
1 0.8038747 0.5798681 0.9577583 0.8405577 0.009820356033742428
36 0.06668276 0.25320017 0.5218431  0.51134306 0.009799487888813019
38 0.06321724 0.31183386 0.4394272  0.5533796  0.009703164920210838
41 0.3919934  0.2678868  0.77208847 0.6385348  0.009697962552309036
18 0.04749081 0.01392227 0.46988124 0.5480791  0.009660037234425545
1 0.05953579 0.01564484 0.40839535 0.73339224 0.00957783404737711
33 0.02240224 0.32856324 0.90154594 0.81200373 0.009549799375236034
