24 0.21422829 0.71786994 0.94314516 0.9412087  0.2570917010307312
24 0.5014422  0.7550527  0.90706086 0.9607416  0.2377573698759079
24 0.6501211  0.70484954 0.94991386 0.9604849  0.22276711463928223
24 0.8545653 0.7135388 0.9869205 0.9945946 0.19560667872428894
24 0.41219708 0.6199641  0.93348056 0.86724824 0.18605531752109528
24 0.17102794 0.65827936 0.8456424  0.9142771  0.17589859664440155
24 0.0261559  0.01950719 0.6174758  0.15047789 0.16473522782325745
24 0.4603555  0.70212096 0.75889134 0.9312938  0.15868106484413147
40 0.21849951 0.20675665 1.         0.6669252  0.14910830557346344
24 0.5970279  0.6520067  0.95711297 0.9190962  0.1445658802986145
24 0.14688002 0.71573913 0.6726336  0.9367166  0.1325463503599167
24 0.25432044 0.6094628  0.7993427  0.81978506 0.1306896209716797
24 0.3101227 0.7636309 0.7217365 0.9574713 0.121892549097538
24 0.41059026 0.81582844 0.9227529  0.9610602  0.11872599273920059
24 0.7666683 0.6530114 0.9798251 0.9754589 0.11633516103029251
24 0.07213954 0.5833393  0.36376166 0.8706367  0.09223673492670059
24 0.01816349 0.02012214 0.31154558 0.14211637 0.08942513167858124
24 0.08494532 0.6127864  0.63081634 0.85792506 0.08796464651823044
38 0.         0.615592   0.45859215 0.9440106  0.08541800081729889
24 0.3978006  0.71562237 0.67567784 0.93393534 0.08370189368724823
24 0.8135473  0.77365655 0.9779175  0.9891491  0.08367612212896347
24 0.07600025 0.6496195  0.39356202 0.92086166 0.07953060418367386
38 0.         0.69005394 0.36950195 0.9607266  0.07619693875312805
24 0.0155957  0.01845893 0.3878902  0.19856286 0.07541575282812119
24 0.30944785 0.6366891  0.7804099  0.88284576 0.07193747162818909
24 0.7347085  0.7637136  0.9706088  0.97625756 0.07175996899604797
24 0.24051866 0.83946836 0.7631622  0.9651106  0.06956513971090317
24 0.00413863 0.02974333 0.26088154 0.2089018  0.06333814561367035
24 0.04436523 0.6311136  0.2869616  0.8813786  0.06313011795282364
24 0.09880447 0.5717471  0.8382582  0.8437894  0.06300421059131622
24 0.04443971 0.6867405  0.25394836 0.9309308  0.06264176964759827
38 0.7770219  0.63427234 1.         1.         0.061535224318504333
27 0.05019053 0.26253712 0.98276967 0.890368   0.06103532388806343
24 0.03861579 0.56832004 0.29383007 0.8062727  0.06068267300724983
27 0.10010203 0.10235894 0.91280806 0.7554275  0.05895070731639862
38 0.        0.670459  0.7015683 0.9569669 0.05808290094137192
24 0.12106667 0.7782824  0.58718413 0.95928115 0.05595799908041954
27 0.19644643 0.8082366  0.9666054  1.         0.05462874844670296
27 0.        0.7097315 1.        1.        0.05397956445813179
38 0.64532894 0.5399703  1.         1.         0.053245507180690765
24 0.39202082 0.02506912 0.8885374  0.21211421 0.05219108238816261
24 0.19170563 0.30803376 0.72142947 0.46776348 0.05110667645931244
24 0.08302185 0.7696114  0.3705424  0.9595933  0.04975422844290733
27 0.46526825 0.18423098 0.7827396  0.73896945 0.04809841141104698
27 0.3442068  0.71043986 0.75686204 1.         0.04774285852909088
24 0.00095689 0.05034236 0.2104252  0.26436844 0.04771285876631737
24 0.13583545 0.38627473 0.6441639  0.6915248  0.04602055996656418
24 0.05147825 0.7709119  0.22027591 0.9557182  0.044250648468732834
24 0.         0.02792458 0.33086535 0.25889567 0.044085919857025146
24 0.24058154 0.02180604 0.7149887  0.18939151 0.04371586814522743
38 0.16607097 0.6305286  1.         0.9979429  0.0430154986679554
24 0.07175113 0.03129046 0.59625584 0.23391186 0.04210673272609711
24 0.25703296 0.5116558  1.         0.87849784 0.04199990630149841
38 0.5182073 0.6007859 1.        0.9499759 0.04199180006980896
27 0.21005847 0.60084903 0.8854203  1.         0.04154239967465401
24 0.07785548 0.08126761 0.55460525 0.38726538 0.04100580886006355
24 0.27423424 0.4479306  0.7432805  0.7069133  0.040797796100378036
38 0.29719117 0.55696213 1.         0.93407553 0.03925735503435135
24 0.3047365  0.352177   0.67453724 0.5992871  0.03869878128170967
38 0.         0.58323604 1.         0.94689316 0.038546402007341385
38 0.         0.5367909  0.36396936 0.8847947  0.037991270422935486
24 0.06245702 0.82510144 0.30388668 0.9594225  0.03745193034410477
38 0.         0.75893706 0.4606591  0.9727776  0.037208594381809235
24 0.25409058 0.33672282 0.8473277  0.5158855  0.03717079013586044
38 0.         0.78584933 0.686079   0.99286187 0.036748167127370834
24 0.00224331 0.12484667 0.33997428 0.46051788 0.03602840378880501
28 0.         0.13559219 0.33322504 0.77740127 0.035091910511255264
24 0.2935914  0.28444386 0.66731256 0.49734274 0.034977663308382034
24 0.37671006 0.46647456 0.6339086  0.75985    0.034219253808259964
38 0.5475414 0.749552  1.        1.        0.034178476780653
24 0.6944332  0.02283593 0.99871165 0.16057324 0.034073058515787125
40 0.0174379  0.24659814 1.         0.83856165 0.03372546657919884
24 0.22895995 0.34410635 0.523711   0.69648665 0.03330772742629051
27 0.1143499  0.7657672  0.77867717 1.         0.03305968642234802
38 0.7215606 0.7271007 1.        1.        0.032996755093336105
24 0.29849482 0.5560832  0.7430516  0.7959782  0.032867349684238434
38 0.15707329 0.74128616 0.9176624  0.9940443  0.03209730610251427
27 0.         0.84066737 0.84661806 1.         0.03138571232557297
27 0.08912025 0.2580626  0.8712026  0.56478244 0.031053269281983376
24 0.3052155 0.4012671 0.5910161 0.7239213 0.03082256391644478
24 0.01988752 0.19993418 0.33586672 0.7875821  0.029573779553174973
27 0.18091258 0.362167   0.94838786 0.8196252  0.029484888538718224
24 0.35113904 0.30277354 0.96070325 0.7500578  0.029452113434672356
40 0.2593135  0.31818014 0.87050873 0.653429   0.02938918210566044
24 0.01838863 0.18334037 0.32658383 0.39792788 0.02895677089691162
38 0.8158556  0.89928705 1.         1.         0.028825921937823296
27 0.39055055 0.19930759 0.8891869  0.6676934  0.02733260951936245
38 0.32292116 0.8053055  1.         0.996846   0.027328092604875565
27 0.36047983 0.6875249  0.950499   1.         0.0272922832518816
40 0.08326694 0.14444116 0.9200102  0.59244996 0.0271039716899395
38 0.00837252 0.72107995 0.22139941 0.95417607 0.027002420276403427
24 0.27516204 0.3858286  0.8612233  0.55387795 0.02651478350162506
24 0.15547119 0.06383505 0.91800165 0.2823276  0.026203693822026253
24 0.38159   0.517829  0.9527016 0.802597  0.025985078886151314
34 0.23530751 0.84021074 0.9073145  0.97987777 0.025861483067274094
24 0.10805926 0.4846038  0.75602204 0.75354576 0.02581627480685711
24 0.23957741 0.31803957 0.48424235 0.57838076 0.02578345499932766
24 0.03754472 0.24727428 0.36130062 0.45007634 0.02463413216173649
24 0.14066364 0.55970144 0.60110426 0.81807965 0.023922570049762726
24 0.03877599 0.14448164 0.53400475 0.4700994  0.023861339315772057
24 0.0253057  0.7122556  0.15425311 0.9398318  0.02375338412821293
24 0.22140071 0.3033243  0.626893   0.5477247  0.023148266598582268
24 0.09531215 0.36765417 0.5669398  0.5817298  0.02256852015852928
24 0.01473821 0.41341186 0.34112146 0.8197777  0.022153418511152267
27 0.        0.7854722 0.6345645 0.9992635 0.022140715271234512
24 0.63014317 0.02907293 0.9939107  0.20610823 0.021724717691540718
28 0.         0.65059084 0.9097909  0.91550153 0.02090558409690857
38 0.1318778  0.53851306 0.99516094 0.87044406 0.020823683589696884
28 0.         0.11534032 0.3369123  0.4798568  0.02067803218960762
24 0.2626431  0.1530201  1.         0.44910768 0.020671313628554344
24 0.13947043 0.41196936 0.9378355  0.78428596 0.02064918912947178
40 0.26000693 0.19830018 0.8176793  0.7325419  0.020534733310341835
24 0.7955984  0.52351636 0.9751459  0.8872452  0.020224230363965034
24 0.1658997  0.10279607 0.91635257 0.3753381  0.020053710788488388
24 0.7688289  0.02099499 0.9980998  0.21537    0.020046742632985115
24 0.15329494 0.2211349  0.5972514  0.4137727  0.019975218921899796
10 0.3926311  0.27278084 0.73984754 0.64356923 0.01987297087907791
24 0.23174378 0.35122594 0.8071407  0.65070665 0.019272908568382263
38 0.00415375 0.8178341  1.         0.99721724 0.019049426540732384
38 0.40955687 0.6925825  0.8804891  0.9846382  0.018682047724723816
38 0.         0.84065413 0.46657926 0.9872736  0.018624333664774895
24 0.6176202  0.5613924  0.9920923  0.87891257 0.018420381471514702
24 0.3402126  0.05079523 0.8418787  0.30744898 0.018247928470373154
7 0.23532362 0.13342886 0.96827626 0.733295   0.018011709675192833
34 0.         0.76245046 0.90789    0.9737056  0.01772429794073105
38 0.5040934  0.4220299  1.         0.88607484 0.017486408352851868
27 0.         0.57021487 0.9904708  1.         0.0174831785261631
24 0.01884249 0.19404887 0.39769182 0.5508312  0.017413781955838203
24 0.43830505 0.14577778 0.88275146 0.4165976  0.017100755125284195
28 0.         0.04401812 0.49521613 0.41432393 0.017066456377506256
24 0.25599563 0.54610246 0.83688354 0.73438066 0.01663481444120407
24 0.5358875  0.04312791 0.97232914 0.28682902 0.016322694718837738
13 0.       0.660992 0.990064 1.       0.016184698790311813
28 0.20455928 0.61959904 1.         0.92626417 0.015778053551912308
7 0.20567857 0.3179683  0.79748654 0.67064613 0.015209941193461418
27 0.26968333 0.07526088 0.85326    0.56773627 0.014919647946953773
24 0.6444402  0.42428648 0.9510254  0.9736262  0.014858240261673927
24 6.3128152e-04 3.6357847e-01 3.1733719e-01 6.5273011e-01 0.014599221758544445
40 0.11342448 0.40552527 0.9044251  0.8778939  0.014406662434339523
28 0.        0.7332153 0.7469179 0.9353103 0.014387940987944603
28 0.         0.35223037 0.3203049  0.8071227  0.014301706105470657
4 0.18337105 0.41158023 0.99047446 0.6938781  0.014035088010132313
38 0.         0.01250425 0.54872686 0.14849825 0.01399797759950161
27 0.56211257 0.         0.8993554  0.7303616  0.01386810652911663
24 0.8373767  0.3524094  0.9830107  0.89871573 0.013806182891130447
28 0.         0.15754993 0.45624483 0.47784394 0.013791646808385849
24 0.13923422 0.16721803 0.7990931  0.4593892  0.013774985447525978
25 0.04460327 0.61554456 1.         0.94652194 0.013438540510833263
24 0.04273328 0.31866926 0.51706797 0.53095543 0.01319784764200449
24 0.01149963 0.47704092 0.45596275 0.7305135  0.013194916769862175
24 0.8268395  0.22055139 0.9843708  0.78345907 0.013156606815755367
24 0.22529857 0.178687   0.62869304 0.39417613 0.01300019584596157
25 0.         0.5024046  0.90669924 0.90157557 0.01298938412219286
34 0.35975507 0.741067   0.7461946  0.9809545  0.012979543767869473
27 0.08306005 0.5949344  0.77833277 0.9120469  0.012923086993396282
24 0.1043112  0.21553391 0.55179924 0.5699827  0.012913740240037441
24 0.75217026 0.15581267 0.9758169  0.5286083  0.012869336642324924
34 0.23224553 0.66652244 0.80004156 0.9937243  0.012854957953095436
10 0.32894772 0.18639041 0.86572164 0.787321   0.012852879241108894
24 0.5609529  0.38766494 0.7901801  0.72222644 0.012759478762745857
24 0.08263364 0.26998776 0.6429823  0.49632418 0.01267300546169281
24 0.48715353 0.36420578 0.9997482  0.86264914 0.012607100419700146
34 0.15885134 0.8011116  0.7068391  0.97493464 0.0124735739082098
24 0.02618083 0.45709047 0.57142943 0.7955302  0.012229343876242638
10 0.34004575 0.32375133 0.8125522  0.5886593  0.012179460376501083
28 0.         0.5754072  0.59545755 0.8977658  0.012178306467831135
28 0.37576082 0.678594   1.         0.9184363  0.012118815444409847
13 0.         0.54246527 0.76790833 1.         0.012081588618457317
24 0.39084116 0.30722693 0.59822196 0.5882158  0.012078383006155491
28 0.         0.05229475 0.3556702  0.25421575 0.011578761972486973
28 0.47723076 0.01563367 1.         0.35824084 0.011572534218430519
24 0.69631815 0.03799248 0.9919846  0.3541643  0.011328617110848427
28 0.         0.6448214  0.36119533 0.9074164  0.011244337074458599
4 0.09371676 0.34580576 0.73468405 0.5937124  0.011236896738409996
24 0.4960403  0.4278268  0.73713905 0.75049007 0.011104322969913483
28 0.         0.07972738 0.3927944  0.3311757  0.010984884575009346
28 0.09310817 0.6365258  0.72340304 0.9248769  0.010961055755615234
38 0.7035033 0.1504545 1.        0.6559978 0.010853791609406471
27 0.        0.6849709 0.492375  0.9954826 0.01081328745931387
24 0.37757334 0.18602085 0.9212423  0.580068   0.010801443830132484
24 0.7150806  0.26972505 0.9701754  0.65293247 0.010796871036291122
25 0.21896526 0.57365525 0.83618796 0.8904768  0.010781585238873959
27 0.         0.81925845 0.47214255 1.         0.010659671388566494
40 0.         0.54036117 0.93894297 0.8731474  0.010616572573781013
38 0.7096636  0.40707338 1.         0.9262541  0.010611215606331825
13 0.12251013 0.26658708 0.9806973  1.         0.010586803779006004
28 0.         0.327234   0.30742466 0.6479052  0.010266502387821674
38 0.2760503  0.00173149 1.         0.17903298 0.010248284786939621
4 0.02642008 0.37821007 0.8333649  0.782248   0.010203665122389793
38 0.         0.03628488 0.3548019  0.22871424 0.010094459168612957
38 0.         0.00462322 0.89893496 0.15040474 0.010006826370954514
38 0.5958268  0.         1.         0.14442302 0.009915447793900967
13 0.28824407 0.5222385  0.77664596 1.         0.009881687350571156
27 0.         0.70242023 0.24828564 0.9990656  0.009864232502877712
28 0.        0.8031904 0.6362618 0.9600463 0.009747513569891453
27 0.57570666 0.2233837  0.9242365  0.6512667  0.009711265563964844
38 0.76665056 0.20696075 1.         0.9418225  0.009674170054495335
14 0.07171685 0.8412935  0.86694163 1.         0.009624757803976536
13 0.27258575 0.76545465 0.9548378  1.         0.00945806410163641
38 0.55624676 0.05481494 1.         0.88749933 0.00939108058810234
40 0.2889747  0.22942978 0.9050224  0.587378   0.009299766272306442
28 0.46099767 0.01649513 1.         0.21641867 0.009113864973187447
13 0.07903127 0.76059335 0.7429764  1.         0.008981500752270222
28 0.         0.5194457  0.8269503  0.89509606 0.008908167481422424
28 0.         0.02889339 0.3337852  0.13402356 0.00885500106960535
28 0.         0.2595389  0.32823735 0.57226473 0.008844875730574131
34 0.         0.6114271  0.91804993 0.9419436  0.008727584034204483
27 0.         0.84215444 0.30941936 0.99428624 0.008643493987619877
28 0.0606987  0.03909892 0.9893154  0.26302752 0.008549635298550129
28 0.         0.02891397 0.6215459  0.14021353 0.008135938085615635
40 0.45234102 0.1650954  0.7602448  0.6714672  0.008065395057201385
28 0.4868867 0.5760444 1.        0.9229834 0.008017153479158878
27 0.42921123 0.34032178 0.77944684 0.8080336  0.007993782870471478
38 6.9421482e-01 7.6376600e-05 1.0000000e+00 2.0716836e-01 0.007946217432618141
28 0.         0.03370091 0.40460557 0.19540018 0.007917886599898338
38 0.30070645 0.393956   1.         0.7415109  0.007865856401622295
27 0.         0.8005585  0.21177033 0.99747396 0.007697284687310457
38 0.         0.45272115 0.40938726 0.8082143  0.007683152332901955
28 0.        0.717812  0.3017472 0.9270214 0.00766291469335556
28 0.         0.5916659  0.31381604 0.8149431  0.007565098814666271
27 0.4716763  0.7891628  0.98209417 1.         0.007509399205446243
25 0.16706426 0.46338817 1.         0.9139293  0.007430975325405598
40 0.40926054 0.13365662 0.89045984 0.641337   0.007268013898283243
29 0.33868116 0.30245456 0.9931113  0.7895906  0.007259920239448547
38 0.         0.53914297 0.59354454 0.8706763  0.0072021991945803165
34 0.21122323 0.50809866 0.95077974 0.93753207 0.007109100464731455
38 0.         0.05794024 0.29534045 0.2857103  0.007075936533510685
28 0.         0.09023891 0.54235476 0.6977237  0.007064659148454666
38 0.76357496 0.         1.         0.53461415 0.007031760644167662
35 0.38953128 0.6962275  0.9225599  0.993712   0.006943116430193186
20 0.49411047 0.7813453  0.86016196 0.9627079  0.00689435750246048
13 0.32925323 0.60018134 0.96084213 1.         0.00684042414650321
27 0.4443922  0.19836368 0.9395392  0.92100793 0.006659138016402721
35 0.15454896 0.5804942  0.8532451  0.9830335  0.006651705596596003
38 0.5705939  0.         1.         0.25714108 0.006596369668841362
28 0.5882307  0.03483602 1.         0.65326875 0.006591437850147486
35 0.45933503 0.658984   0.7888975  1.         0.006431571673601866
28 0.23092467 0.8061429  1.         0.9451926  0.006379397120326757
28 0.         0.06513981 0.6128564  0.28156963 0.0063635604456067085
38 0.77655196 0.         1.         0.31094757 0.006363413762301207
25 0.12173726 0.5362013  0.87782717 0.79765    0.0063594039529562
14 0.30882332 0.76624155 0.9273016  1.         0.006338970735669136
35 0.05342382 0.687875   0.6990814  0.99382806 0.006309493910521269
27 0.22507925 0.3419329  0.7697922  0.66677684 0.006259620189666748
27 0.44821188 0.01776845 0.93026036 0.5819313  0.006238464266061783
20 0.41077182 0.7554635  0.78783244 0.9624252  0.006181764416396618
38 0.61272424 0.22311418 1.         0.5966986  0.006148270796984434
14 0.01389018 0.7812093  0.4828509  1.         0.006132505834102631
27 0.         0.62073743 0.32846707 0.9457813  0.0060664936900138855
7 0.09456325 0.23400767 0.7944415  0.9514488  0.006041611544787884
13 0.11946318 0.46638712 0.7383885  1.         0.0060014198534190655
28 0.         0.05554762 0.9890243  0.37369895 0.005977320019155741
28 0.801377   0.19564265 0.9989124  0.80570036 0.0059641143307089806
20 0.24000822 0.75284547 0.8651281  0.9676408  0.005863982252776623
10 0.4796051  0.23883253 0.7095105  0.71146965 0.005817042663693428
4 0.22217466 0.3250073  0.79503196 0.6446601  0.0057611847296357155
28 0.7990448  0.04013573 1.         0.65536153 0.005732250865548849
28 0.         0.04771399 0.18487516 0.27106303 0.0056366645731031895
14 0.        0.7472654 0.7909074 1.        0.005605294369161129
7 0.34443358 0.19458659 0.91654605 0.9075985  0.005598732735961676
34 0.34449124 0.79390603 0.9299629  0.97026694 0.0055734626948833466
4 0.0269548  0.28856456 0.87117535 0.6316813  0.005555068142712116
28 0.1751415  0.77425873 0.79316014 0.94299227 0.005550697445869446
35 0.09907873 0.6750939  0.97971356 1.         0.005501674022525549
38 0.00432618 0.9195858  0.20410015 0.9959591  0.00550069147720933
28 0.4524643  0.74297315 1.         0.94601023 0.0054499488323926926
40 0.2669539  0.1278671  0.80466896 0.52417856 0.005449875257909298
28 0.26024905 0.7402343  0.95793325 0.92253643 0.0054395380429923534
28 0.         0.7830024  0.36110866 0.9433409  0.005356149282306433
38 0.68917704 0.         1.         0.38416734 0.005354858003556728
7 0.31717515 0.30332717 0.9009949  0.6163578  0.005352197214961052
34 0.03862796 0.8542142  0.75342804 0.97274935 0.005277995020151138
35 0.42979285 0.77537316 1.         0.9938251  0.0052586207166314125
13 0.1679799  0.14822777 1.         0.7801499  0.0052411193028092384
13 0.         0.7534502  0.52983695 1.         0.005218851380050182
14 0.00439367 0.59486055 0.34257406 1.         0.005199049599468708
33 0.14088094 0.380498   0.98895127 0.76199836 0.005175001919269562
28 0.58113855 0.41410878 1.         0.95731246 0.005109761375933886
28 0.72295624 0.1696209  1.         0.6316763  0.005046230740845203
25 0.         0.33266157 1.         0.81557316 0.005021389108151197
28 0.32074627 0.04365779 0.8767425  0.2696878  0.005007613450288773
20 0.08990158 0.81932265 0.4437774  0.96641576 0.00492504658177495
27 0.         0.559204   0.22813253 0.9545222  0.004921410698443651
27 3.4451167e-04 7.2611809e-01 1.3557285e-01 9.8390192e-01 0.0049079651944339275
28 0.         0.4705704  0.46664283 0.78460693 0.004886858630925417
25 0.04343966 0.8497768  0.85088015 0.9967575  0.004884703084826469
28 0.         0.40945902 0.38934126 0.7298455  0.004856041166931391
29 0.2253681  0.26120612 0.9984534  1.         0.0047297608107328415
27 0.13284273 0.21783479 0.69619936 0.63024884 0.0046637337654829025
35 0.12790734 0.30404308 0.8470508  0.6627889  0.004645712208002806
14 0.01191498 0.78581524 0.24815115 1.         0.004632755648344755
12 0.14130203 0.32333726 1.         0.6626978  0.004603120032697916
4 0.         0.43536535 0.667234   0.83081603 0.004515896085649729
1 0.0293588  0.5456913  0.5940412  0.94790304 0.004455905873328447
20 0.24982707 0.7936719  0.71705693 0.96408224 0.004383420571684837
1 0.27902514 0.5140782  0.89361084 0.9034541  0.00431678956374526
38 0.64313304 0.29680416 1.         0.78793466 0.004306583199650049
1 0.01828684 0.54035443 1.         0.8859738  0.0042837150394916534
27 0.         0.91734105 0.12637965 0.9983119  0.004270211793482304
28 0.         0.24517372 0.52519757 0.8077182  0.00424795551225543
