18 0.9287433  0.9196501  0.9999577  0.99760866 0.026391537860035896
1 0.         0.33142248 0.33334586 0.70980304 0.022718317806720734
10 5.1093459e-01 5.7388941e-04 8.3139044e-01 8.5818708e-02 0.02271168678998947
10 0.         0.9477409  0.11591002 0.9938973  0.02174375392496586
10 0.         0.24041316 0.37261522 0.69827837 0.019636470824480057
10 3.5655534e-01 6.3207629e-04 1.0000000e+00 1.6862150e-01 0.01626824401319027
10 0.5135309  0.         0.7819623  0.12399597 0.015093320049345493
1 0.         0.23475891 0.2932019  0.83071566 0.014604784548282623
10 0.         0.0122132  0.08432591 0.1771203  0.014584770426154137
10 0.         0.00330229 0.11962149 0.1365674  0.013756997883319855
18 0.05434301 0.         0.34197536 0.75673455 0.013649653643369675
1 0.         0.41838002 0.3779941  0.7723731  0.013339499942958355
7 0.36964604 0.         1.         0.14752813 0.01272226870059967
10 0.5098966  0.01111066 0.99523604 0.22248714 0.012076725251972675
41 0.94510144 0.9396461  1.         1.         0.011809397488832474
6 0.91290915 0.00313056 1.         0.09711659 0.011808419600129128
18 0.05118173 0.15755236 0.31305513 0.86725473 0.010964651592075825
10 0.60250294 0.00364562 0.8574738  0.1194752  0.010880080983042717
18 0.8880808  0.84772646 0.999723   1.         0.010861908085644245
20 0.9204238  0.01551989 1.         0.14129001 0.01052072737365961
24 0.94650495 0.01155451 0.995697   0.08197913 0.010393407195806503
10 0.         0.32325378 0.5282179  0.64840984 0.01026975829154253
1 0.         0.11978554 0.35657334 0.90791667 0.009981030598282814
24 0.         0.00994332 0.11276881 0.11229759 0.009949135594069958
1 0.         0.30444196 0.4421331  0.7939254  0.009928705170750618
6 0.89725435 0.         1.         0.17292745 0.009557112120091915
38 9.3849254e-01 7.8137717e-05 9.9711764e-01 8.5448787e-02 0.009526018053293228
20 0.93715423 0.01463902 1.         0.07386947 0.009471719153225422
10 0.         0.11288531 0.4116423  0.8441631  0.008984391577541828
10 0.         0.9096635  0.22861023 0.9922072  0.008752432651817799
18 0.0190109  0.94661796 0.09298745 0.99030083 0.008724945597350597
10 0.         0.31049675 0.31986156 0.83653647 0.008523669093847275
14 0.9357238  0.00105739 0.99040926 0.08779056 0.008495043963193893
18 0.9294864  0.16187222 0.9949021  0.31616226 0.00849378202110529
18 0.07555479 0.19552231 0.39785936 0.966261   0.008469784632325172
21 0.         0.         0.09891582 0.11268439 0.008377397432923317
24 0.         0.39088753 0.24844478 0.73440075 0.008370636962354183
18 0.04827693 0.2586772  0.34925884 0.6222489  0.008193214423954487
18 0.89609885 0.1362823  0.9963074  0.49021947 0.00817657820880413
41 0.         0.         0.11513095 0.11775164 0.008099833503365517
10 0.3706925  0.         0.72002196 0.08672349 0.007954421453177929
10 0.         0.884065   0.16321805 0.9953467  0.007897434756159782
18 0.07716715 0.23938325 0.48279124 0.65194696 0.007840470410883427
18 0.8519954  0.88752294 1.         1.         0.007732863072305918
38 0.80324954 0.         1.         0.07988176 0.007549294736236334
18 0.55313903 0.         0.77395034 0.08839814 0.007520647253841162
24 0.9285194  0.00809942 0.99562776 0.05313018 0.007518423721194267
7 0.5486635  0.         1.         0.21597235 0.0075069451704621315
21 0.00315145 0.         0.07271945 0.15218641 0.007198729086667299
18 0.4994108  0.         0.7225608  0.09073354 0.0071471454575657845
21 0.47093776 0.00692144 0.7604906  0.07518199 0.00711138965561986
10 0.         0.0054426  0.06213371 0.05943321 0.007084055338054895
10 0.         0.00275386 0.0869956  0.04500958 0.006987837143242359
6 8.0876046e-01 7.3178613e-04 1.0000000e+00 9.5188916e-02 0.006858346052467823
18 0.5728229  0.         0.7524781  0.12851745 0.00679502310231328
10 0.90240765 0.92846316 1.         0.98990947 0.006786496378481388
41 0.         0.         0.08974312 0.16202085 0.0067198509350419044
6 0.85693216 0.00128363 1.         0.13023816 0.006622218526899815
24 0.         0.01044589 0.07713477 0.1480385  0.006594089325517416
38 0.9136906  0.00333328 0.99742335 0.05626189 0.006543448194861412
18 0.01553518 0.93821925 0.06456938 0.98666465 0.006482827477157116
10 0.         0.4575933  0.35683995 0.97245353 0.006409988272935152
10 0.         0.8460357  0.11668556 1.         0.006333201192319393
24 0.         0.00940979 0.1477198  0.07787766 0.006290817633271217
18 0.06194513 0.30723655 0.41995367 0.7519426  0.006205827929079533
20 0.8950519  0.01582174 1.         0.10063495 0.006165973376482725
33 0.92017967 0.0113465  0.99288696 0.08063591 0.006086388602852821
21 0.51895064 0.00792023 0.74937135 0.1046612  0.005986632779240608
18 0.8656394  0.15872902 0.99621475 0.40913847 0.005980591755360365
24 0.00377046 0.41738614 0.28856522 0.60766673 0.005897776689380407
20 0.9385012  0.01063333 1.         0.04985157 0.00584334647282958
25 0.9474729  0.00812309 1.         0.06886528 0.005804669577628374
18 0.44360313 0.         0.6668551  0.09187476 0.005785532761365175
24 0.         0.04674846 0.14162868 0.27574372 0.005775979720056057
18 0.5200933  0.         0.70304435 0.13109933 0.00573833379894495
18 0.00504773 0.         0.11236214 0.13262424 0.00571962958201766
18 0.03482004 0.8706643  0.12324338 0.98436546 0.005637815222144127
14 0.9193856  0.         0.98522484 0.07251955 0.005591564811766148
1 0.         0.40952113 0.85128254 0.95457804 0.005534871947020292
1 0.         0.39505732 0.5869928  0.744597   0.005486912559717894
1 0.         0.15033653 0.2698889  0.6169891  0.005409461911767721
1 0.         0.2562895  0.36431763 0.60966396 0.005366082303225994
18 0.5026537  0.         0.9600385  0.17135037 0.005350960418581963
10 0.         0.13514356 0.2535875  0.7143867  0.005283239297568798
18 0.02726912 0.82699114 0.08999511 0.9834956  0.005256375297904015
10 0.9187266  0.00175809 0.9959473  0.05338093 0.0051742251962423325
10 0.         0.87750274 0.33041343 0.9911234  0.0051437970250844955
10 9.4119996e-01 5.4833415e-04 9.9580246e-01 7.9374850e-02 0.005139898508787155
18 0.61916286 0.         0.80269337 0.12491412 0.005123730283230543
10 0.40820622 0.         0.6922502  0.12598045 0.005109562538564205
24 0.00242938 0.4720227  0.32800028 0.67138165 0.005066640675067902
33 0.92353714 0.00726806 0.9923815  0.05487606 0.005066250916570425
18 0.8968783  0.24715175 0.99927634 0.5884624  0.005033033434301615
24 0.9087366  0.00955246 0.9909318  0.06499479 0.0050086528062820435
1 0.75837564 0.         1.         0.20548633 0.004933554213494062
18 0.02625177 0.07309609 0.22530797 0.70653486 0.00490791629999876
24 0.         0.3350992  0.24704804 0.6097399  0.0048755621537566185
14 0.8884503  0.         0.9808336  0.11987007 0.004824106581509113
10 0.         0.67071754 1.         0.99875104 0.004787315148860216
18 0.89611363 0.6658235  0.9999987  1.         0.004717248026281595
24 0.         0.00159059 0.07982732 0.03976821 0.004703965038061142
14 0.9187438  0.         0.986219   0.16340244 0.00469082361087203
41 0.598102   0.         0.9039767  0.11502897 0.004629556089639664
18 0.00667061 0.00099082 0.08185559 0.16655166 0.004614937584847212
18 0.10209816 0.20567231 0.5345436  0.8043082  0.004607441369444132
18 0.22377352 0.46142548 1.         0.9664768  0.004460063762962818
1 0.685983  0.        0.8892847 0.1081792 0.004399497993290424
1 0.         0.01931155 0.49247152 0.7593352  0.004397040698677301
25 0.92662185 0.00633972 1.         0.04567607 0.004392373841255903
20 0.85969055 0.01246268 1.         0.07185135 0.004389483947306871
14 0.84803987 0.         0.9737587  0.08620597 0.004339081235229969
1 0.01196943 0.         0.14522481 0.13912582 0.0042798519134521484
38 0.89259136 0.         0.99631697 0.1495605  0.004272088408470154
18 0.465527   0.         0.64929503 0.13187653 0.004268517252057791
10 0.         0.00365834 0.16672449 0.09128086 0.004267947748303413
10 0.23018926 0.00382547 0.99596274 0.2551661  0.004255868494510651
24 0.8323661  0.01168469 0.98335004 0.07867185 0.004245342221111059
24 0.9106251  0.00455073 0.9943289  0.03691218 0.004226217977702618
41 0.02424839 0.38772136 0.40534705 0.6715081  0.0042145694606006145
24 0.         0.02093565 0.20141518 0.11166486 0.004109648521989584
18 0.01412469 0.         0.15317062 0.09139047 0.0040975227020680904
10 0.         0.03514666 0.1756559  0.34680054 0.004077742341905832
18 0.10220903 0.40640035 0.47869462 0.8548275  0.004066630266606808
7 0.6255393  0.         0.8719204  0.10933752 0.0040623703971505165
18 0.6195338  0.         0.9524457  0.23694801 0.004057697020471096
1 0.         0.07108735 0.19579035 0.6974028  0.0040542203933000565
7 0.52573997 0.         0.8391784  0.07474338 0.004048119764775038
1 0.00883615 0.         0.14556971 0.30706295 0.004041966982185841
18 0.31521198 0.         0.80422693 0.17769708 0.004031704738736153
24 0.9093453  0.02123031 0.9913625  0.15588023 0.0040196082554757595
1 0.8009789  0.00364279 1.         0.07979507 0.0040100147016346455
18 0.01166112 0.         0.15711756 0.15196256 0.003971748985350132
1 0.         0.         0.37480208 0.65845513 0.00395736750215292
10 0.        0.4076148 0.4415314 0.7274434 0.003932668827474117
25 0.9099339  0.0079935  0.99665105 0.05896527 0.00392654025927186
21 0.         0.         0.31079572 0.5701345  0.003916048910468817
1 0.74841523 0.         0.9329823  0.10851812 0.003907219506800175
38 0.8076141  0.         0.9929213  0.13408615 0.003864619880914688
20 0.8566632  0.01584201 1.         0.12643646 0.003849213244393468
1 0.7886148  0.00255457 0.9838032  0.10991402 0.003798366989940405
24 0.         0.21186066 0.17658524 0.58245945 0.0037543426733464003
21 0.3556527  0.00525243 0.6709301  0.07037846 0.003752305405214429
22 0.9181796  0.         1.         0.07218109 0.003732438664883375
1 0.         0.5057216  0.58808255 0.9686845  0.003721767570823431
1 0.         0.         0.206383   0.11943348 0.003707019379362464
21 0.         0.00222553 0.13234548 0.07018095 0.003675015177577734
24 0.         0.03480356 0.19663657 0.20266889 0.0036740130744874477
25 0.84399027 0.00838379 0.9931934  0.07290408 0.0036721390206366777
27 0.94695246 0.00678959 1.         0.06728354 0.003651064122095704
21 0.00181636 0.00215755 0.07068999 0.04206797 0.003647944424301386
1 0.02154111 0.         0.11571241 0.1192099  0.0036135364789515734
24 0.         0.19378938 0.25212437 0.64284635 0.003603793680667877
21 0.         0.22956935 0.29219687 0.7199129  0.0035948259755969048
18 0.8986088  0.34699163 1.         0.6970745  0.0035745895002037287
19 0.9549897  0.00215851 0.99135053 0.09024627 0.003563240170478821
25 0.91879743 0.01809889 0.9914771  0.13360517 0.00355682079680264
18 0.4141917  0.         0.5972696  0.13203758 0.0035503017716109753
10 8.9673024e-01 3.3899945e-05 9.9307078e-01 6.6449493e-02 0.0035114518832415342
21 0.         0.15952416 0.22894643 0.6456239  0.003499181941151619
10 0.91469914 0.19215557 1.         0.2940273  0.003497188678011298
24 5.2838644e-04 3.4670320e-01 3.2939959e-01 7.7764332e-01 0.0034942980855703354
24 0.         0.46963674 0.3074532  0.84023714 0.003480738028883934
1 0.01370096 0.         0.13879852 0.08629889 0.0034774956293404102
41 0.01243552 0.33845356 0.3547086  0.8331843  0.0034732732456177473
18 0.16873896 0.         0.7228489  0.91306794 0.0034296412486582994
1 0.         0.         0.20629632 0.22162123 0.003420607652515173
18 0.01819221 0.01584414 0.16142996 0.33724228 0.003399382345378399
10 0.796111  0.902138  1.        0.9930183 0.0033719209022819996
41 0.49848557 0.         0.88801354 0.08364711 0.0033632570412009954
18 0.04233356 0.9006673  0.17424001 0.98711634 0.003334169974550605
33 0.81345266 0.00839719 0.9876248  0.07718924 0.003328389720991254
10 0.         0.3839801  1.         0.95833284 0.00332362437620759
24 0.         0.00350928 0.0586558  0.05340374 0.003322276286780834
20 0.9251133  0.00804555 1.         0.0361951  0.0033053262159228325
18 0.867445  0.2665813 1.        0.5069829 0.0032640884164720774
22 0.8954413 0.        1.        0.1448584 0.0032408314291387796
41 0.5327184  0.00135495 1.         0.2079526  0.003231651149690151
1 0.15911944 0.46693245 0.71100646 0.9635549  0.0032304637134075165
1 0.9341403  0.15738745 0.9879404  0.31879935 0.003211310366168618
10 0.         0.050131   0.65165395 0.73510295 0.0032014118041843176
21 0.00278918 0.0027857  0.05323792 0.05709253 0.003198775928467512
1 0.9572762  0.00265082 1.         0.09065595 0.0031831921078264713
10 0.         0.01063648 0.2523785  0.13099608 0.0031571160070598125
18 0.12209593 0.         0.7000145  0.18590952 0.003145218128338456
18 0.11254557 0.25492316 0.6700427  0.69646674 0.0031156435143202543
7 0.5714863  0.         0.81473845 0.10881537 0.003099391469731927
18 0.00881327 0.00073017 0.07438297 0.04436695 0.0030899057164788246
10 0.         0.00347355 0.78649414 0.17434144 0.0030811517499387264
1 0.48674867 0.00452889 1.         0.15081742 0.0030781638342887163
1 8.6642581e-01 7.1626663e-04 1.0000000e+00 1.3653354e-01 0.003072194056585431
18 0.8559705 0.5997192 1.        1.        0.0030356128700077534
25 0.         0.         0.14592576 0.09925781 0.003034618915989995
18 0.14140567 0.26766145 0.6483088  0.94539297 0.0030039395205676556
18 0.89839274 0.44862774 1.         0.8036972  0.003000294091179967
10 0.8518268 0.867712  1.        0.9942149 0.002998430747538805
1 0.7352774  0.00176599 0.97546256 0.07770082 0.0029878346249461174
18 0.89698976 0.5550069  1.         0.90714294 0.002965513151139021
18 0.6157443  0.         0.8589597  0.08664548 0.0029617410618811846
22 0.86130863 0.         1.         0.10592578 0.0029261093586683273
38 0.8890546  0.00290593 0.99801373 0.04065418 0.0029149907641112804
1 0.85051435 0.         1.         0.2919393  0.002907669637352228
41 0.3579097  0.00861835 1.         0.15972395 0.002872232813388109
1 0.         0.19993375 0.6298939  0.91383356 0.002864794572815299
25 0.8877182  0.01616371 0.9879497  0.10172869 0.0028552189469337463
18 0.06663966 0.         0.31032854 0.09811325 0.002823586342856288
24 0.        0.5209809 0.3661114 0.7245647 0.002791483188048005
1 0.         0.         0.18807897 0.44187817 0.0027838964015245438
41 0.01873117 0.11841124 0.36194816 0.7487266  0.002779929433017969
18 0.06364454 0.85904574 0.25474045 0.9864794  0.002754079643636942
10 0.         0.09890389 0.33819067 0.56624544 0.0027534894179552794
18 0.03274342 0.         0.23300166 0.13457522 0.0027503236196935177
24 0.87565196 0.01831108 0.9877626  0.11242429 0.002747440477833152
41 0.935789   0.19667841 1.         0.28910044 0.0027449631597846746
1 0.8670195  0.0691216  0.99794984 0.27261382 0.0027191354893147945
1 0.5059948  0.         1.         0.21744497 0.0027181345503777266
10 0.8243529  0.16489244 1.         0.3236774  0.002716868417337537
22 0.8127599  0.         1.         0.07448304 0.0027055954560637474
1 0.9240364 0.930678  0.9966735 1.        0.002705430379137397
10 0.         0.20495796 0.46346182 0.563542   0.0026906614657491446
14 0.9192782  0.         0.9833928  0.04335535 0.0026830334682017565
18 0.2438936 0.        1.        0.403509  0.002675432711839676
10 0.6462564  0.03676745 1.         0.33886337 0.002668412635102868
1 0.8700743  0.03439754 1.         0.21484561 0.002664838684722781
10 0.20498222 0.7423449  0.9369902  0.9977182  0.0026647828053683043
10 8.186341e-05 2.455134e-01 8.090591e-01 9.277172e-01 0.0026637939736247063
10 0.00347003 0.00248424 0.3247582  0.0945937  0.002632024697959423
1 0.55461466 0.         0.83966583 0.07735106 0.002623356878757477
25 0.88379526 0.9532171  0.9940643  0.99688756 0.002615963574498892
41 0.8792094 0.9178463 1.        1.        0.0026151493657380342
24 0.8353861  0.01656209 0.9812911  0.1436463  0.002611134434118867
1 0.03047384 0.5372046  0.7121925  0.87289554 0.00260353391058743
33 0.89595664 0.01152257 0.995459   0.14965427 0.002600926673039794
34 0.         0.         0.10729437 0.1044686  0.002596783684566617
19 0.93645775 0.00314128 0.9878105  0.06086471 0.0025767916813492775
27 0.9279847  0.00466528 0.9970963  0.04324391 0.002562932437285781
21 0.3459942  0.006365   0.9302229  0.15005785 0.0025523605290800333
18 0.2545861  0.13664547 1.         1.         0.002547255251556635
1 0.63938737 0.         0.9034205  0.07448461 0.0025471998378634453
21 0.         0.2755267  0.32306635 0.53697765 0.0025392286479473114
25 0.9048715  0.00485873 1.         0.03360777 0.0025371110532432795
33 0.90529484 0.00536872 0.99239    0.04022328 0.002533914288505912
4 0.5514466  0.         1.         0.24200888 0.002531245118007064
1 0.32875383 0.         0.62667364 0.08413929 0.0025268576573580503
10 0.         0.06200656 0.2560936  0.48337954 0.0025231812614947557
24 0.         0.098217   0.17532219 0.38774425 0.0025155767798423767
24 0.8753346  0.02618943 0.98810315 0.17857403 0.0025063941720873117
10 0.         0.8363911  0.46226206 0.98940116 0.0024876967072486877
38 0.710714   0.00417699 0.981917   0.0772392  0.002481440082192421
18 0.86314946 0.         0.996487   0.7733067  0.002481365343555808
10 0.        0.5616833 0.7936699 0.9790882 0.0024793283082544804
10 0.0700117  0.78470206 1.         0.99594045 0.002476738067343831
18 0.04944076 0.6643021  0.17449766 0.9816791  0.002446100115776062
18 0.1736556  0.37807873 0.81061697 0.97282547 0.0024451089557260275
18 0.10162421 0.         0.49699032 0.9262256  0.0024423610884696245
25 0.9102098 0.9415267 0.9956419 0.9922842 0.002434100955724716
18 0.49174923 0.         0.8301253  0.24628465 0.0023979730904102325
41 0.04648046 0.44511348 1.         0.9588633  0.002392446855083108
33 0.3848634  0.00828676 1.         0.18675332 0.002389204455539584
1 0.02187378 0.61321783 0.7332553  0.9583595  0.002387214219197631
7 0.01155304 0.26773533 0.24634075 0.88753706 0.002384421182796359
21 0.         0.         0.14812484 0.286563   0.0023788174148648977
22 0.8140619 0.        1.        0.1346574 0.0023642955347895622
18 0.00721911 0.0024599  0.05645209 0.0586115  0.002363292733207345
7 0.5235302  0.         0.7544142  0.11044662 0.0023557147942483425
25 0.8915412  0.02378978 0.98731977 0.15552145 0.002347079338505864
1 0.01769387 0.         0.08609494 0.15398422 0.002346887718886137
10 0.         0.01679606 0.25313708 0.2519304  0.0023356566671282053
1 0.601369   0.         0.81593907 0.11400758 0.0023302966728806496
41 0.00660253 0.25311518 0.45273605 0.91566765 0.0023262109607458115
33 0.8563362  0.01308709 0.99376804 0.10787271 0.0023108534514904022
10 0.         0.7616887  0.32118052 0.9888549  0.0023016862105578184
10 0.         0.00600018 0.34997708 0.18143944 0.0022980759385973215
18 0.42661908 0.2872041  1.         0.9581009  0.002276808489114046
6 0.88954175 0.         1.         0.04941485 0.002266874071210623
24 0.10234703 0.54479665 0.8322629  0.86135167 0.002265896648168564
18 0.05356233 0.0259302  0.30689007 0.5555538  0.002252693986520171
25 0.8562354  0.01483518 0.98610556 0.12660657 0.002248235745355487
1 0.         0.04115349 0.8398191  0.68436563 0.0022425970528274775
1 0.         0.49481112 0.46707338 0.8458004  0.0022344207391142845
25 0.         0.         0.10172618 0.14428501 0.0022312835790216923
18 0.45668906 0.61770034 1.         0.99960816 0.0022278022952377796
33 0.5254269  0.00716358 1.         0.2564878  0.002223183633759618
21 0.         0.00152716 0.20767654 0.09607238 0.002222757786512375
18 0.15084353 0.37948534 0.60316217 0.8212347  0.0022223906125873327
21 0.         0.34824386 0.31582063 0.862657   0.0022213635966181755
1 0.3696653 0.6858131 0.7540231 1.        0.0021979704033583403
1 0.47229153 0.         0.7697003  0.08032183 0.0021903503220528364
7 0.12694232 0.65326834 0.8186144  1.         0.0021883039735257626
1 0.         0.         0.40379742 0.16069089 0.0021648011170327663
1 0.5165987  0.         0.7475765  0.11749382 0.002136628143489361
2 0.01557105 0.2158355  0.25453004 0.754893   0.002131775254383683
10 0.8687134  0.16693744 1.         0.3950012  0.0021197244059294462
34 0.7897615  0.0132114  0.9724063  0.12179051 0.002110767411068082
25 0.         0.951985   0.09310085 1.         0.0021090067457407713
27 0.9087767  0.00487852 0.9905467  0.05463928 0.002105659805238247
18 0.05754    0.         0.33834827 0.18443337 0.002103656530380249
1 0.7218878  0.         1.         0.28368926 0.0020961565896868706
24 0.78018004 0.01348511 0.9764748  0.12007432 0.0020848074927926064
18 0.11484864 0.         0.55196404 0.6173719  0.002063475549221039
27 0.83611834 0.00606587 0.99055135 0.0674499  0.0020600324496626854
