27 0.08170734 0.08481916 0.9241107  0.765086   0.87660813331604
27 0.1889323  0.17669356 0.9544375  0.6432531  0.6745207905769348
27 0.3860236  0.12140414 0.79603004 0.6707604  0.605803370475769
27 0.09582859 0.18733549 0.50510156 0.71408945 0.5283291935920715
27 0.27708027 0.00387678 0.869333   0.6884129  0.32202157378196716
37 0.35013038 0.1046889  0.6834149  0.5137425  0.2800918519496918
24 0.5005051 0.1526934 0.9225569 0.5486397 0.26057732105255127
24 0.35720092 0.21589959 0.81451714 0.64814484 0.23398765921592712
37 0.1584257  0.16289094 0.78985244 0.5021988  0.18506544828414917
24 0.41508406 0.19946235 0.9759959  0.6812018  0.18066847324371338
27 0.         0.17761853 0.68497705 0.6255991  0.17036215960979462
24 0.44385958 0.07365417 1.         0.54938865 0.16870994865894318
27 0.1057725  0.26258883 0.85040313 0.87008107 0.16388541460037231
27 0.03897085 0.05347735 1.         0.56793797 0.1573665291070938
27 0.02701185 0.07906372 0.52233255 0.8457247  0.1222810447216034
24 0.6092088 0.1603093 0.9626345 0.6601971 0.11835519969463348
24 0.39765224 0.         1.         0.6786838  0.1103246733546257
24 0.5274494  0.07559954 0.8046295  0.5688851  0.10971435159444809
24 0.41159895 0.06411257 0.7821645  0.4926397  0.0938568264245987
3 0.2774368  0.18459731 0.62070143 0.5604386  0.0898943841457367
3 0.20443046 0.26403442 0.52455777 0.62008333 0.08585424721240997
27 0.10986675 0.30038667 0.7805301  0.6666271  0.08544255048036575
24 0.43475994 0.13474011 1.         0.44928113 0.08406131714582443
27 0.         0.30335602 0.5711962  0.6382964  0.08331309258937836
24 0.35998538 0.19083706 0.96547246 0.504394   0.08230791985988617
27 0.20411876 0.16046779 0.68668693 0.7041108  0.07170815765857697
24 0.29013705 0.11249121 0.9232133  0.5619461  0.0673711895942688
27 0.07861382 0.39998493 0.41342843 0.5921114  0.06461023539304733
34 0.3223322  0.19463469 0.936886   0.51143265 0.06329476088285446
3 0.3565271  0.25089788 0.93597335 0.5435507  0.06060647964477539
27 0.1912923  0.04794893 0.89511627 0.43767875 0.05963492393493652
43 0.31786636 0.05934227 0.7881243  0.62235457 0.059559937566518784
24 0.5874256  0.01443649 0.9681943  0.8020189  0.05947800353169441
24 0.11030116 0.2715079  0.9864791  0.79466045 0.057810649275779724
3 0.3015147  0.23421869 0.77182347 0.5824868  0.05597411096096039
24 0.354771   0.09979904 0.72230285 0.5661583  0.0556463785469532
37 0.43671107 0.14857206 0.759752   0.539857   0.05543838068842888
3 0.374266   0.15764041 0.6012296  0.6381467  0.054000917822122574
10 0.07870001 0.37593338 0.38224185 0.62353235 0.051874954253435135
24 0.24792255 0.18701145 0.7345119  0.6199004  0.04097604751586914
19 0.         0.         0.81019896 0.9245396  0.0393684096634388
3 0.32997128 0.23184462 0.56238204 0.6930025  0.03852040693163872
27 0.01403108 0.         0.42740637 0.68496644 0.03851531073451042
28 0.13539818 0.24255478 0.60568666 0.48604044 0.03682204708456993
3 0.5475686  0.18479086 0.76078933 0.5167714  0.03612549975514412
24 0.15446259 0.00784421 0.87852126 0.5916365  0.03577617183327675
34 0.2682795  0.14119731 0.89120203 0.42853624 0.03316773101687431
3 0.07749791 0.24936987 0.4541153  0.6674254  0.032210733741521835
24 0.3230761  0.0785146  1.         0.38738176 0.03218446671962738
3 0.23513825 0.3408261  0.85108024 0.6001437  0.03211910277605057
3 0.19506928 0.18853438 0.3813261  0.6066678  0.030295418575406075
3 0.45491913 0.16509093 0.66294426 0.5494804  0.03016240894794464
34 0.06903081 0.09412364 0.99861574 0.57317406 0.030127473175525665
25 0.         0.19437666 1.         0.6243341  0.0296479482203722
40 0.32745084 0.10119888 1.         0.55260956 0.029105553403496742
25 0.03719188 0.1512014  0.9355975  0.50244296 0.028700126335024834
28 0.         0.15604039 0.625905   0.501586   0.02688399888575077
3 0.22242787 0.11789716 1.         0.60972345 0.02658219262957573
24 0.3175925 0.3611442 0.7576495 0.7470146 0.026091383770108223
25 0.26476407 0.08362485 0.8240202  0.5741499  0.025924747809767723
27 0.04632862 0.27512917 0.37905213 0.68527895 0.025322984904050827
25 0.20367506 0.19547644 0.9732257  0.60192126 0.025209402665495872
43 0.44198066 0.         0.7264043  0.66394633 0.024113662540912628
37 0.26108688 0.24411799 0.7969464  0.55186206 0.02284936048090458
24 0.28670153 0.12594391 0.5295562  0.66148233 0.022800343111157417
28 0.        0.3610387 0.8725997 0.8791007 0.02166888117790222
25 0.05596367 0.21474236 0.5417217  0.66078776 0.021125923842191696
28 0.         0.12153296 0.58281165 0.38809392 0.01999298669397831
5 0.        0.        0.9286607 0.6032696 0.01990753971040249
24 0.44284466 0.3783772  0.86774814 0.7717309  0.019713984802365303
3 0.47958833 0.19608675 1.         0.4788908  0.019650401547551155
35 0.         0.16232371 0.6433625  0.5776599  0.018986770883202553
28 0.30781    0.21767569 0.618806   0.49137962 0.018663644790649414
5 0.3074886 0.        0.8251116 0.5082039 0.01837274618446827
25 0.00439357 0.3131012  0.9618331  0.72401226 0.01758292317390442
9 0.31643972 0.1917362  0.64768076 0.54721814 0.01706385426223278
43 0.13665126 0.00736348 0.8664435  0.61509705 0.016703175380825996
25 0.         0.13190345 1.         0.36311874 0.015929490327835083
27 0.22995268 0.34832805 0.7096639  0.75497764 0.015666352584958076
24 0.33037445 0.13016509 0.6400742  0.6704664  0.0156644806265831
25 0.         0.2822329  1.         0.82476515 0.015564389526844025
24 0.18353643 0.06878676 0.81510264 0.4273966  0.015475126914680004
24 0.14038406 0.16734825 0.8385167  0.6788205  0.015159626491367817
40 0.03325409 0.01694573 1.         0.6840915  0.014642725698649883
24 0.2730318  0.21858287 0.4842201  0.6241396  0.014637468382716179
19 0.22121155 0.03693606 0.7593745  0.6480144  0.014104829169809818
34 0.2519431  0.05922033 0.901614   0.33810288 0.013843313790857792
24 0.08476794 0.06701075 0.7007586  0.56161624 0.013614609837532043
27 0.43595073 0.18407448 0.92200124 0.6228407  0.01339056994765997
25 0.17015392 0.1343531  0.7747275  0.67399454 0.013265796937048435
3 0.24345937 0.2154109  0.47265625 0.7081823  0.013263046741485596
27 0.05392343 0.         0.35758173 0.88634616 0.013150069862604141
34 0.40367493 0.08826322 0.8076165  0.55884653 0.013074630871415138
27 0.3670466  0.05680936 0.9224277  0.54137444 0.012870165519416332
3 0.33201763 0.18683551 0.7501009  0.43990704 0.01265781745314598
28 0.19845113 0.15599197 0.6122249  0.3897309  0.012527476996183395
5 0.10981634 0.         0.7790105  0.5579261  0.012122883461415768
34 0.2385956  0.16824192 1.         0.7600755  0.012017215602099895
25 0.         0.46064964 1.         0.90605277 0.012000473216176033
25 0.         0.31522116 0.6765253  0.6529787  0.01187466736882925
24 0.40142447 0.04657978 0.94072086 0.31792465 0.011699401773512363
36 0.17176627 0.13347848 0.8537844  0.6532788  0.01157346647232771
36 0.2904501  0.17436264 0.882696   0.5566601  0.011376927606761456
25 0.         0.11289077 1.         0.4614023  0.01114020124077797
28 0.22681952 0.42047095 0.7529549  0.7776284  0.011109096929430962
19 0.36658683 0.14193733 0.7970821  0.71762687 0.01100649032741785
20 0.32827866 0.19047122 0.68083084 0.487004   0.011003784835338593
3 0.10943747 0.1904182  0.56505764 0.56451184 0.01082785613834858
23 0.16157226 0.09015742 1.         0.61639225 0.010738986544311047
24 0.4124274  0.3500456  0.96886367 0.8673176  0.010631694458425045
1 0.30830297 0.05541428 0.7034697  0.54478174 0.010597343556582928
38 0.305645   0.07593361 1.         0.56486887 0.010529423132538795
41 0.24861465 0.26802236 0.61671585 0.5277461  0.0105251120403409
24 0.5817839  0.01442294 0.9914313  0.4873695  0.010168038308620453
19 0.         0.04997383 0.8548123  0.57133365 0.010038172826170921
25 0.06169223 0.29590532 0.61261994 0.76380026 0.010022125206887722
4 0.07389779 0.27462497 0.9044146  0.71123403 0.009789939038455486
29 0.21528192 0.13904923 0.9172651  0.6865927  0.009573813527822495
10 0.04229884 0.0345827  0.5704523  0.6598628  0.009310638532042503
23 0.35774216 0.14046563 0.99767804 0.48630723 0.00930102076381445
3 0.12694082 0.2681738  0.66523284 0.7035954  0.009292694739997387
28 0.10279465 0.3146949  0.6831226  0.56770885 0.009215245954692364
27 0.4229559 0.3066647 0.8102845 0.8236149 0.009126096963882446
23 0.4657216  0.07525213 0.7499469  0.5131768  0.009123161435127258
28 0.         0.18233089 0.63792616 0.76344925 0.009071818552911282
25 0.10785385 0.09370082 1.         0.6761257  0.0089357765391469
19 0.17080958 0.17007358 0.66291666 0.6500106  0.00892662163823843
27 0.05068499 0.2669307  0.6498531  0.7593112  0.008820800110697746
29 0.15879995 0.08979779 0.8791616  0.42996266 0.008687688037753105
7 0.14179593 0.         0.94388044 0.75538874 0.008674174547195435
10 0.05210828 0.20160876 0.41215098 0.73608327 0.008415503427386284
34 0.23727018 0.26793966 0.84691834 0.59990114 0.008327346295118332
13 0.01361079 0.         0.7260507  0.73441786 0.008223991841077805
28 0.09111807 0.13744515 0.9747824  0.5685583  0.008210182189941406
5 0.12892619 0.         0.8787083  0.37931356 0.008144081570208073
27 0.02831462 0.3568057  0.46480572 0.7671036  0.008054560050368309
14 0.28594983 0.2616591  0.8757553  0.944777   0.007872351445257664
28 0.11773041 0.28557092 0.835843   0.7671751  0.007862760685384274
9 0.24645536 0.18064144 0.72226095 0.4501556  0.007834053598344326
4 0.20998184 0.24574135 0.8322004  0.5616332  0.007802939508110285
38 0.24008551 0.2476433  0.6261702  0.6828122  0.007618104573339224
5 0.3444446  0.14117315 0.93710023 0.54809225 0.0074486760422587395
24 0.16590478 0.43046713 0.59488016 0.77311665 0.007447582203894854
19 0.387237   0.07518565 0.65487516 0.7364303  0.007361358031630516
25 0.0609666  0.1440178  0.59080946 0.5189353  0.007224804721772671
40 0.         0.02031563 1.         0.868383   0.007129529491066933
29 0.4242845  0.17172465 0.87445986 0.60773885 0.007082682102918625
27 0.0281904 0.0940799 0.3274328 0.6280991 0.007082231342792511
35 0.10329203 0.1502416  0.5033596  0.5999639  0.007061387877911329
24 0.53543884 0.1895379  0.7799045  0.36974743 0.007048321422189474
24 0.09138904 0.4624573  0.8315257  0.83737975 0.007006959989666939
21 0.17470202 0.04255142 0.9588797  0.70936173 0.006998653057962656
24 0.15332983 0.25192806 0.6726673  0.58019984 0.006859896704554558
28 0.2919848  0.38096994 0.98362243 0.9071435  0.006852812133729458
21 0.26106077 0.13807425 0.79047793 0.59122425 0.006835507694631815
1 0.1838837  0.14974532 0.8001003  0.5266951  0.006712159141898155
23 0.22870967 0.0663128  1.         0.42534196 0.006634852848947048
41 0.11055118 0.44378644 0.36766845 0.6118347  0.0065932548604905605
28 0.3716498  0.44301692 0.8767272  0.8005849  0.006505919620394707
36 0.16018651 0.15103434 0.8914927  0.4579775  0.006490329746156931
3 0.17710969 0.2608122  0.39357153 0.7025489  0.006478022318333387
9 0.23332232 0.10571919 0.6762442  0.3806566  0.006420925725251436
4 0.41860396 0.28064707 0.8937785  0.553886   0.006377007346600294
24 0.23595506 0.2851139  0.6115563  0.6644849  0.006223187781870365
28 0.         0.2661578  0.6437827  0.60445887 0.006207388825714588
20 0.15949458 0.13086553 0.49703857 0.58079517 0.0062041268683969975
20 0.27176672 0.28443676 0.79102314 0.57776076 0.006181149743497372
40 0.45806727 0.16594148 0.9114584  0.6130384  0.006172069348394871
23 0.29468676 0.         0.7332186  0.73119414 0.006145442835986614
3 0.38479695 0.12746768 0.95434326 0.4164816  0.006056298967450857
31 0.         0.         0.33196747 0.17804757 0.006044568493962288
19 0.12273532 0.06204315 0.38468936 0.73931134 0.005941795185208321
24 0.72046083 0.20983493 0.958564   0.5876204  0.005939853377640247
10 0.24778102 0.15150541 0.6348155  0.6175514  0.005890036933124065
21 0.38636026 0.09218806 0.9114365  0.6537304  0.005842126440256834
28 0.24891917 0.27957177 0.6206597  0.5951292  0.005784912034869194
3 0.10194791 0.3507018  0.5275264  0.6320873  0.005740197841078043
33 0.08635832 0.08901815 0.7856383  0.77946573 0.005732235498726368
20 0.1850163  0.11153603 0.7373515  0.51143086 0.00571024976670742
20 0.41266018 0.24087988 0.71698576 0.5443366  0.0056720757856965065
3 0.22655602 0.15947121 0.85529655 0.73765343 0.0056565748527646065
3 0.5171909  0.06465889 1.         0.5406588  0.005653188563883305
1 0.29130518 0.03413152 0.81868    0.41852704 0.005639779381453991
3 0.24790849 0.07594567 1.         0.42046136 0.005580255761742592
38 0.18148552 0.13081649 0.5657651  0.53393203 0.005521617364138365
17 0.         0.06955276 0.54935956 0.5078121  0.005484310444444418
34 0.17778985 0.13914014 0.77514374 0.34272954 0.005476164631545544
3 0.06687056 0.2963142  0.34624192 0.59263074 0.005453192628920078
19 0.30312228 0.         0.7984813  0.9373999  0.0054426128044724464
19 0.06775732 0.07448439 0.6938909  0.85791576 0.005442057736217976
38 0.21043727 0.2690314  1.         0.9487535  0.005357538349926472
17 0.07837438 0.39599198 0.35264996 0.5363574  0.0053543285466730595
40 0.27296215 0.09691465 0.9899299  0.74739444 0.0052988179959356785
10 0.         0.319683   0.45967907 0.6575515  0.005270962603390217
28 0.08256223 0.40775967 0.5802879  0.82117814 0.0052565475925803185
36 0.34293827 0.11488765 0.8698039  0.79156095 0.005239577032625675
37 0.09092174 0.10002001 0.8586829  0.5813381  0.005175162572413683
36 0.07007021 0.17699753 0.7516098  0.5182158  0.005149565637111664
34 0.12381719 0.3015552  0.79184324 0.5507287  0.005070046987384558
40 0.22011226 0.20810176 0.9491677  0.58070785 0.004962054546922445
35 0.27990487 0.12645864 0.63553214 0.5806609  0.004892878234386444
43 0.256617   0.00456164 0.6854131  0.517319   0.004840315785259008
41 0.20272669 0.3681713  0.60278606 0.5983131  0.004786031786352396
14 0.3475242  0.32816684 0.7968311  0.853012   0.004733978770673275
31 0.         0.         0.13223888 0.12261152 0.004715295508503914
33 0.23999657 0.21426463 0.7704446  0.64415336 0.0046753366477787495
38 0.05077728 0.1319995  0.8582894  0.60935557 0.004671095870435238
25 0.00877393 0.42519566 0.4660088  0.6267299  0.004624924622476101
19 0.0184406 0.        0.6301914 1.        0.004623604938387871
13 0.00318573 0.14768304 0.66967094 0.99000096 0.00452817277982831
30 0.02437609 0.03757327 0.30429074 0.17197447 0.004527681972831488
29 0.0683783  0.27034548 0.9833603  0.9046416  0.004511383827775717
25 0.         0.44354585 0.55440843 0.6811221  0.004481918644160032
27 0.23269595 0.         0.8399163  0.18085825 0.004473780747503042
3 0.14998324 0.44136342 0.31512186 0.6169658  0.004472928121685982
35 0.1200426  0.04813679 0.7764924  0.4388465  0.004465382546186447
35 0.         0.16640618 0.40388358 0.6633359  0.004405916202813387
35 0.05572034 0.18849629 0.74125856 0.5078589  0.0044034007005393505
25 0.         0.22841945 0.79200983 0.79681534 0.004400173667818308
24 0.33031327 0.64840496 0.8145682  0.91416895 0.004372707102447748
5 0.40922844 0.         0.7526425  0.5649755  0.004348707385361195
31 0.         0.         0.17810872 0.08576794 0.004338423255831003
19 0.30815697 0.11229378 0.555424   0.69461113 0.004280715715140104
35 0.         0.2673721  0.61581886 0.64585936 0.004266934935003519
36 0.38703302 0.26833883 0.8245878  0.58380586 0.004244229756295681
5 0.0735786  0.02170326 0.5117544  0.57413065 0.004232695326209068
36 0.21649048 0.16359188 0.65861756 0.4491847  0.00422357814386487
38 0.31052476 0.13971734 1.         0.7752947  0.004192666616290808
1 0.343761   0.05230718 1.         0.51218784 0.004181382711976767
27 0.32661617 0.         0.8636021  0.31306615 0.00410158047452569
3 0.10060331 0.16445851 0.58553654 0.8289351  0.00407176511362195
27 0.43296754 0.206963   0.7815305  0.43107912 0.004047107417136431
10 0.09531566 0.15085264 0.7110689  0.7001171  0.004045818001031876
23 0.         0.00860642 0.7843757  0.72646344 0.004025451838970184
29 0.3571877  0.11008383 0.98521996 0.5714825  0.003990774974226952
7 0.40932104 0.03172231 0.99490154 0.61630034 0.003972529899328947
5 0.2826873 0.        0.8158139 0.3327846 0.003956871572881937
28 0.27421585 0.5847281  0.96442425 0.9519905  0.003954158164560795
27 0.5265463  0.         0.89183635 0.7177484  0.003939410671591759
19 0.45200658 0.06076139 0.7202539  0.78886527 0.003938754089176655
3 0.06816851 0.2712437  0.47891083 0.53265625 0.003913204185664654
13 0.15624154 0.         0.6639941  0.8279246  0.0038783669006079435
31 0.00255591 0.         0.24510127 0.32247788 0.0038503834512084723
10 0.10555068 0.04653046 0.40838945 0.6665959  0.003840617835521698
19 0.14914277 0.         0.58434075 0.90604615 0.003838405478745699
41 0.4910541  0.22734004 0.67980814 0.53436285 0.0038242689333856106
25 0.36426577 0.         0.9373609  0.64912814 0.003818238154053688
28 0.12778264 0.1397573  0.5598844  0.33738843 0.003802677383646369
3 0.2669247  0.10264233 0.61704737 0.4440538  0.0037804278545081615
24 0.04615346 0.4539964  0.5040818  0.7287062  0.0037523650098592043
24 0.13509853 0.3051648  0.50186104 0.58030945 0.0037405178882181644
35 0.33614215 0.2381026  0.8291914  0.64238954 0.0036710347048938274
14 0.21153103 0.         0.9032644  0.8297786  0.0036698312032967806
7 0.04106532 0.04895487 0.68527555 0.60145354 0.003657275578007102
7 0.33625168 0.         0.9438558  0.43547717 0.0036441939882934093
41 0.3843367  0.21576941 0.7699619  0.46563417 0.003633139654994011
19 0.16877314 0.10020207 0.65438545 0.4964159  0.0036285303067415953
36 0.11974882 0.25754756 0.8500159  0.97887737 0.003608974628150463
20 0.13357717 0.23895046 0.6233537  0.5426806  0.003595484420657158
40 0.         0.09646139 0.8236177  0.6735517  0.003564841579645872
41 0.35424098 0.30709055 0.5647929  0.59873587 0.0035645728930830956
5 0.25929043 0.         0.6754734  0.63155186 0.003537546843290329
28 0.         0.23439986 0.46325624 0.4735604  0.0035146428272128105
35 0.2866431 0.0712485 1.        0.7211314 0.0035131999757140875
28 0.17593855 0.3397747  0.6959323  0.6534291  0.003486963454633951
41 0.42228433 0.27643546 0.7449184  0.516271   0.0034750138875097036
36 0.45609412 0.20264469 0.8963031  0.61707395 0.0034491962287575006
20 0.1520363  0.20347525 0.79686105 0.6063859  0.0034352107904851437
30 0.01137883 0.0269223  0.10161992 0.13519111 0.003430656623095274
40 0.36527628 0.         0.87572575 0.6475643  0.003422129899263382
21 0.47705874 0.04240832 0.8085313  0.6568363  0.003419102169573307
1 0.16127716 0.         1.         0.581965   0.003408981254324317
34 0.19242798 0.21804869 0.7234361  0.40868926 0.0033917194232344627
24 0.15595452 0.2588923  0.38771036 0.61558616 0.0033768070861697197
3 0.60057443 0.10267252 0.86519676 0.45381644 0.0033613715786486864
41 0.26220092 0.22085729 0.66436696 0.42519277 0.003322354983538389
28 0.11932439 0.13537925 0.4208967  0.4408914  0.0032794203143566847
4 0.281461   0.3459581  0.93665206 0.73493433 0.0032685520127415657
3 0.22932465 0.18485297 0.53800905 0.49347785 0.0032501621171832085
32 0.         0.02130702 0.6223461  0.6012462  0.0032374390866607428
36 0.31282076 0.14609039 0.7996028  0.4247484  0.0032373936846852303
24 0.11149579 0.1422505  0.5031504  0.6636716  0.0032262387685477734
33 0.26438692 0.13562188 0.6727499  0.58523065 0.0032174489460885525
16 0.23727593 0.35894483 0.46623525 0.5268332  0.003168580587953329
3 0.05572909 0.36276603 0.36313662 0.6967239  0.00315541191957891
10 0.02418274 0.27359065 0.6110775  0.6373959  0.0031535925809293985
3 0.4693784  0.21607025 0.7184918  0.6245273  0.003150220727548003
19 0.22027364 0.20837589 0.54653996 0.72422385 0.0031314673833549023
1 0.18385181 0.08098676 1.         0.7576255  0.0031204994302242994
13 0.14226347 0.13620001 0.39747828 0.75904363 0.003104151925072074
40 0.10889805 0.13814916 0.4882923  0.70869786 0.0030660773627460003
33 0.41699654 0.1679971  0.6785562  0.6334899  0.0030574118718504906
41 0.4267682  0.26393157 0.6209132  0.55429775 0.0030491005163639784
29 0.28875884 0.31090257 0.8393458  0.7086453  0.0029851950239390135
19 0.1813573  0.06277248 0.40028605 0.95619893 0.002979581942781806
23 0.4446028  0.26385102 0.99526584 0.52936894 0.0029588905163109303
36 0.35583216 0.10337827 0.6472757  0.5757424  0.0029552546329796314
24 0.18984216 0.0948346  0.4583879  0.6048983  0.0029519288800656796
14 0.26631126 0.18365781 0.7791078  0.8042828  0.002905146684497595
31 0.00485803 0.         0.40854335 0.23739676 0.0028795800171792507
