21 0.24788402 0.12099149 0.7763602  0.6456664  0.6254736185073853
21 0.21779354 0.         0.92348796 0.78088033 0.5776058435440063
21 0.32320556 0.08608399 0.66908896 0.72238857 0.294117271900177
24 0.16855584 0.31571537 0.9139165  0.6097698  0.25817161798477173
21 0.37370512 0.08776421 0.85220206 0.6084302  0.17297007143497467
24 0.30346945 0.3141029  0.8375643  0.71419203 0.15580125153064728
24 0.44848648 0.30210128 0.78438634 0.82034487 0.1383044421672821
33 0.32835454 0.27445525 0.6711828  0.76825434 0.13828039169311523
18 0.23179632 0.         1.         0.8880605  0.12174481153488159
24 0.23797153 0.38220143 0.97453624 0.66064453 0.12072241306304932
21 0.3147129  0.12460795 0.9026931  0.7523917  0.10025545209646225
33 0.21642321 0.28449252 0.83139455 0.6494159  0.08359409868717194
41 0.18208817 0.350737   0.7401897  0.6348566  0.08346420526504517
10 0.3023429  0.87582177 0.58431447 0.998124   0.07284103333950043
24 0.3504961  0.23968133 0.70822287 0.72885305 0.06660566478967667
18 0.54413456 0.         1.         1.         0.0662946030497551
41 0.01044952 0.75291616 0.17862433 0.9024851  0.06342598795890808
18 0.33620566 0.13797565 0.92265415 0.7387875  0.06274262070655823
41 0.00921999 0.7269966  0.15111649 0.87351716 0.06242939829826355
41 0.0032598  0.78800005 0.07685453 0.8642501  0.06181671842932701
41 0.00310481 0.8158452  0.07647523 0.8909375  0.061531879007816315
41 0.00346573 0.7602324  0.07721681 0.83784634 0.06142907962203026
41 0.0074133  0.7817396  0.15056747 0.9276147  0.061127789318561554
1 0.7120476  0.69340307 1.         1.         0.05998067557811737
41 0.00377984 0.73287094 0.07748486 0.81141025 0.05994955077767372
18 0.00344074 0.7428533  0.03965908 0.8930815  0.05988326668739319
24 0.1315434  0.16805872 0.8053656  0.59750587 0.05972473323345184
18 0.00444038 0.78218657 0.08016129 0.85911554 0.05858379602432251
18 0.00452614 0.809008   0.07957919 0.8866325  0.058423854410648346
42 0.         0.74301344 0.04098379 0.91333264 0.05817742645740509
41 0.00196702 0.8022739  0.05447818 0.9059226  0.05810926482081413
18 0.19452304 0.28300336 1.         0.65695477 0.05810610577464104
41 0.002236   0.7747309  0.05490331 0.87932783 0.05807981267571449
41 0.00235437 0.74715966 0.05525086 0.85296166 0.057922326028347015
18 0.00379076 0.7689243  0.05681011 0.87124455 0.05719657987356186
18 0.00490713 0.75516564 0.08086967 0.831814   0.057067807763814926
18 0.00367214 0.79504144 0.05648445 0.89895135 0.05694226175546646
41 0.00217875 0.8433359  0.07663936 0.91764194 0.05641402304172516
41 0.00265922 0.72003365 0.05552646 0.8264706  0.05616899952292442
18 0.00416659 0.7425059  0.0573184  0.8436718  0.055965252220630646
18 0.00555608 0.7280514  0.08151626 0.8046389  0.05525786802172661
18 0.00469294 0.71603024 0.05777475 0.8161705  0.055242739617824554
21 0.3013735  0.88116264 0.55128324 0.99197096 0.05491252616047859
41 0.03558421 0.72677904 0.31431487 0.87809545 0.05427287518978119
42 0.         0.77072805 0.05808053 0.88455164 0.05413839593529701
42 0.00093699 0.7837638  0.08152484 0.86933726 0.0539909265935421
42 0.00130467 0.8102053  0.08108243 0.8955709  0.053682807832956314
18 0.01349342 0.7312983  0.18849912 0.898313   0.05348947271704674
42 6.1671896e-04 7.5709271e-01 8.2085609e-02 8.4270459e-01 0.053377166390419006
18 0.00523649 0.6891786  0.0581818  0.7885778  0.05328422784805298
18 0.00613602 0.6641521  0.11506287 0.896332   0.053128432482481
18 0.00862499 0.7063957  0.16025633 0.8679392  0.053067706525325775
18 0.00518174 0.83501947 0.07934318 0.9141261  0.052255287766456604
10 0.40389997 0.8758637  0.68974    0.9959807  0.05216527730226517
41 0.0014603  0.8295402  0.05460056 0.9327945  0.05170557275414467
41 0.0030864  0.69314474 0.05582766 0.7998005  0.05170043185353279
41 0.00193843 0.7484154  0.03881694 0.9078451  0.05167372524738312
42 0.         0.7180871  0.05893718 0.8312022  0.05166205018758774
18 0.00393347 0.82037383 0.05641292 0.9269035  0.05145825818181038
26 0.31732208 0.3155388  1.         0.8424827  0.05105927586555481
42 4.1465124e-04 7.3019713e-01 8.2690120e-02 8.1601328e-01 0.051030147820711136
41 0.00644086 0.6930224  0.10920751 0.9055574  0.050373829901218414
18 0.00317211 0.794062   0.03962523 0.9495173  0.05031704530119896
24 0.571098   0.7016321  0.8839801  0.92751867 0.05004379525780678
41 0.05883947 0.7534411  0.34867463 0.9045932  0.049073122441768646
41 0.00606979 0.74620473 0.10806327 0.9601284  0.04676814749836922
42 0.         0.79397637 0.04098699 0.96443677 0.046698667109012604
42 0.0011506  0.83679414 0.08078431 0.9215252  0.046657804399728775
1 0.5783909  0.6599442  0.89486545 0.9988695  0.04621810093522072
41 0.01668482 0.780559   0.26436546 0.92773753 0.04600422829389572
18 0.01250686 0.7622936  0.1565132  0.9233669  0.045959725975990295
18 0.00716079 0.64135426 0.08232757 0.9613853  0.045195333659648895
24 0.11953985 0.28288546 0.6850107  0.5955351  0.04498112574219704
42 3.5002708e-04 8.2238376e-01 5.7569977e-02 9.3698436e-01 0.04491656273603439
41 0.00245069 0.87119275 0.07758694 0.94384617 0.04355733096599579
18 0.03439246 0.69740134 0.33492726 0.87352854 0.043466418981552124
42 0.00705255 0.7361194  0.19033673 0.9141651  0.04343239963054657
33 0.26196018 0.12439405 0.99943334 0.873429   0.043232936412096024
18 0.00935177 0.7226143  0.11272006 0.95240635 0.0431334413588047
41 0.00145928 0.80549    0.03849522 0.9610967  0.04304596409201622
42 0.00192487 0.6746074  0.11558732 0.9268925  0.042608387768268585
42 0.00203328 0.7361676  0.08350617 1.         0.04245608299970627
41 0.00533502 0.7566632  0.07823867 0.9981096  0.04178158566355705
18 0.00310859 0.8468665  0.0399661  0.99799806 0.04165162518620491
18 0.00442994 0.8459773  0.05647591 0.95469004 0.041584450751543045
18 0.00705341 0.82193166 0.08063615 0.9957244  0.041384294629096985
41 0.00164995 0.8579722  0.05502607 0.959256   0.03958338126540184
24 0.         0.91625595 0.23567861 0.99347353 0.03933026269078255
41 0.01236128 0.67225486 0.15145543 0.81913567 0.0389309786260128
24 0.02294135 0.9355169  0.13748118 0.9937072  0.038867268711328506
18 0.00575034 0.86094373 0.07888767 0.9414595  0.03873132914304733
18 0.15654251 0.         1.         0.5649164  0.03868158534169197
18 0.00618158 0.60310054 0.11752648 0.84203315 0.03849925473332405
18 0.0048827  0.87178314 0.05664176 0.98414624 0.03849439695477486
41 0.5178858  0.90912426 0.8313231  1.         0.03832102194428444
41 0.01383382 0.69042754 0.21591891 0.9076992  0.03822439908981323
1 0.49698365 0.6467984  0.8057462  1.         0.03806327283382416
41 0.00869596 0.80282634 0.11124441 0.9977804  0.03731251135468483
41 0.0606658  0.6893211  0.27274716 0.91283315 0.0372810885310173
18 0.00958296 0.6461352  0.16307129 0.81475747 0.037187643349170685
32 0.00280375 0.73414993 0.04275613 0.90234125 0.036335188895463943
18 0.01576959 0.6531677  0.22825639 0.9063284  0.03625665232539177
32 0.00375328 0.7925304  0.05945798 0.90340984 0.03602995350956917
10 0.03598895 0.8378008  0.5128991  1.         0.03544076532125473
24 0.64527595 0.70726144 0.9527988  0.9351515  0.034962113946676254
21 0.00229263 0.84067065 0.4767479  0.9965248  0.034957144409418106
32 0.00583797 0.80794877 0.0834138  0.8901233  0.03474792093038559
24 0.00645762 0.85142654 0.43557084 0.9865567  0.03448568284511566
42 4.1628521e-04 8.6325186e-01 8.0328889e-02 9.4755894e-01 0.034228816628456116
18 0.00748158 0.8878598  0.07888123 0.9694801  0.03415009379386902
32 0.00441501 0.83528525 0.08118224 0.9164067  0.03412732854485512
32 0.00273058 0.82013935 0.05790974 0.92994344 0.033890802413225174
32 0.00152403 0.79131126 0.04100352 0.9562468  0.0338420644402504
32 0.00446005 0.76543987 0.06057719 0.8764255  0.03383048623800278
24 0.3076415  0.8883844  0.5293955  0.98328227 0.03355083987116814
24 0.04643789 0.84992945 0.68078965 0.9755717  0.03345349058508873
41 0.08087386 0.78018206 0.38536158 0.9283621  0.03337531536817551
41 0.03429952 0.76545554 0.32573512 0.9940981  0.03295488655567169
18 0.36828807 0.8782793  0.6071101  1.         0.03295069560408592
1 0.8338196  0.70073277 1.         1.         0.032934632152318954
18 0.02678495 0.7586555  0.26666898 0.92762464 0.03281383961439133
41 0.01788433 0.8044369  0.17178811 0.9969437  0.03266928344964981
10 0.27399737 0.26609138 0.9109819  0.7311024  0.032554902136325836
24 0.24902344 0.2577057  1.         0.8524163  0.03252911940217018
24 0.4902548 0.7139443 0.8062683 0.9334578 0.03236402943730354
24 0.00203333 0.9485328  0.0772051  0.9972794  0.03209931030869484
18 0.00851354 0.87025374 0.11060631 0.99822307 0.0320499986410141
41 0.35447848 0.2790578  0.72306305 0.76463675 0.03185747563838959
32 0.00666345 0.78096515 0.08475433 0.863287   0.03146645054221153
10 0.01338127 0.91290253 0.2730711  1.         0.03131807968020439
32 0.00497707 0.7384223  0.06143308 0.849261   0.031148269772529602
42 3.0567171e-04 8.4627241e-01 4.1474074e-02 1.0000000e+00 0.03113497979938984
18 0.01434104 0.77919126 0.16972116 0.998839   0.030866606160998344
24 0.362844   0.88730794 0.5817696  0.98265994 0.03074970282614231
24 0.         0.88248414 0.1911721  0.99488854 0.03067328967154026
18 0.31277093 0.09103625 0.70689666 0.76146376 0.03065635822713375
18 0.0923021  0.         0.8838768  0.68772954 0.03045075573027134
33 0.23918004 0.36961603 0.7528671  0.7348165  0.030295638367533684
42 0.02055618 0.70534456 0.33348894 0.88494843 0.03024980239570141
42 0.00273651 0.7575031  0.14431801 0.9952702  0.03021055832505226
41 0.00912336 0.6379195  0.1097279  0.84858406 0.030147746205329895
32 0.00124897 0.84825546 0.05645259 0.9568851  0.029994161799550056
10 0.46203375 0.9064797  0.8596812  0.99391866 0.029991570860147476
32 0.0025442  0.8266192  0.07988989 0.99500126 0.02959800697863102
18 0.03655121 0.8309809  0.47928372 0.9988213  0.02926795370876789
21 0.00419442 0.9135366  0.2545525  0.9981041  0.029256468638777733
18 0.00577144 0.5489726  0.0837339  0.8719433  0.029159484431147575
32 3.3025743e-05 8.4905893e-01 3.9766695e-02 9.9672914e-01 0.029155896976590157
24 0.50210625 0.91809076 0.7831785  0.9840724  0.02889336086809635
41 0.3132889  0.8760525  0.56746817 1.         0.028858566656708717
21 0.12472568 0.06792618 0.7099698  0.74907184 0.028762323781847954
1 0.3584579  0.87133265 0.5923112  1.         0.02868366241455078
25 0.4297966  0.91220725 0.79072845 0.99425906 0.028668690472841263
18 0.00626178 0.91633314 0.07984075 0.99787    0.028625061735510826
41 9.9394959e-04 8.6103672e-01 3.9155535e-02 1.0000000e+00 0.028469331562519073
18 0.00384429 0.9292146  0.05650327 1.         0.028376542031764984
24 2.2850037e-04 8.8041306e-01 1.0858545e-01 9.9552125e-01 0.028239835053682327
32 0.00537867 0.71122485 0.06217959 0.8221036  0.028217706829309464
32 0.00739722 0.75362146 0.08586094 0.8363025  0.028183747082948685
21 0.4102708  0.8772335  0.6501279  0.99062014 0.028170069679617882
41 0.00170139 0.88557863 0.05576604 0.98468673 0.028101101517677307
42 1.6903241e-04 8.7326467e-01 5.8429681e-02 9.8824722e-01 0.028060518205165863
18 0.03312722 0.9316269  0.14279412 0.9989064  0.02780112810432911
41 0.01678536 0.6909975  0.15582941 0.98506796 0.027794159948825836
24 0.418435   0.8867808  0.6349785  0.98260033 0.027719667181372643
32 0.00252791 0.8635138  0.07855084 0.94244975 0.027496131137013435
24 8.591461e-04 9.338567e-01 5.510959e-02 9.968145e-01 0.027207395061850548
24 6.7399029e-04 9.2226523e-01 7.7807061e-02 9.9456525e-01 0.02717825584113598
41 0.0033622  0.89872247 0.0785621  0.9700689  0.027151161804795265
18 0.08676959 0.7576656  0.37362674 0.93534815 0.0269459318369627
10 0.02499878 0.9341662  0.15532841 0.9982665  0.026896284893155098
32 0.00587385 0.78661567 0.11284002 0.9942804  0.026770252734422684
41 0.06506347 0.69975513 0.34327555 0.8523318  0.026697302237153053
18 0.4964356 0.9025527 0.8154276 0.9971804 0.026617152616381645
18 0.00794861 0.92990255 0.11501188 0.999491   0.026497989892959595
26 0.49305502 0.17482008 1.         0.8494231  0.02645561471581459
42 0.00667105 0.65675896 0.16278856 0.83705556 0.026430437341332436
42 0.01100124 0.76652265 0.27278    0.9377119  0.02608238346874714
18 0.01379363 0.90792704 0.15873587 1.         0.025925418362021446
25 0.         0.9480095  0.08433342 1.         0.025816092267632484
32 0.         0.8767287  0.0558727  0.98257893 0.02578665129840374
42 0.         0.89070225 0.08107746 0.97369194 0.02570236660540104
42 0.003655   0.66426915 0.23197576 0.92607534 0.025417881086468697
1 0.42834967 0.7104493  0.87955385 0.9962925  0.025382988154888153
18 0.01411108 0.6515078  0.15849091 0.9927529  0.025375308468937874
1 0.         0.7396812  0.03659952 0.9015714  0.025336893275380135
18 0.11646499 0.72146076 0.4061843  0.90797865 0.02502281591296196
1 0.         0.7960149  0.05144734 0.9073063  0.024993935599923134
41 0.01320058 0.94883335 0.14372048 0.9988907  0.02497490681707859
1 0.48704723 0.90684235 0.79730004 1.         0.024887654930353165
32 0.00796354 0.7261826  0.08687475 0.80933666 0.024883447214961052
32 0.00569582 0.6837508  0.06284186 0.79500854 0.0247860848903656
24 0.00392877 0.80483234 0.16233659 0.9918904  0.024770375341176987
24 3.2779854e-04 9.1323346e-01 3.8983621e-02 9.9609214e-01 0.024738160893321037
25 0.         0.949693   0.14774795 1.         0.024706127122044563
41 0.00783439 0.8827952  0.11209252 0.9974225  0.02458956465125084
24 0.24104543 0.39415604 0.82986003 0.8088035  0.02457583323121071
42 0.         0.8736139  0.11408476 1.         0.024539241567254066
42 0.        0.9448568 0.0829121 0.9995311 0.024486597627401352
24 0.43420956 0.77084816 0.8549388  0.94597536 0.02417236939072609
10 0.         0.94718814 0.08549818 0.9987608  0.024059830233454704
18 0.02650509 0.9104922  0.2468188  1.         0.02404824085533619
25 0.25485647 0.8828053  0.55216765 0.9960052  0.024047479033470154
1 0.         0.82347846 0.05155893 0.93544275 0.023926565423607826
18 0.01726159 0.87126994 0.19788112 1.         0.02386283315718174
18 0.29107916 0.         0.5689967  0.07755677 0.023845065385103226
1 0.         0.838469   0.07242436 0.9213603  0.0238301120698452
41 0.60282075 0.68424857 0.9039895  0.9592203  0.02377335913479328
18 0.20035638 0.18379283 0.7912246  0.6434915  0.02373696118593216
24 0.11712664 0.79627407 0.5441091  0.9779171  0.023684261366724968
32 4.0842692e-04 9.4752544e-01 7.9797544e-02 9.9837464e-01 0.02367383800446987
10 0.         0.93186915 0.05969989 0.9984587  0.023596545681357384
18 0.02857494 0.7405298  0.31750256 1.         0.02348531037569046
21 0.49997437 0.         0.99028254 0.71151274 0.023455440998077393
32 0.         0.9083266  0.03907233 0.9965898  0.02342665195465088
41 0.42568007 0.8749722  0.6711358  1.         0.023309458047151566
1 0.         0.7960501  0.03663877 0.9598997  0.023280233144760132
32 0.         0.93189305 0.05515469 0.99674165 0.02327815629541874
42 0.         0.5592185  0.08408753 0.9282389  0.02302607335150242
41 0.15078457 0.2160119  0.8478088  0.7168454  0.023015890270471573
32 0.00967812 0.7655908  0.1605944  0.9270494  0.022992227226495743
10 0.07983821 0.83325577 0.7907024  1.         0.022912466898560524
42 0.         0.9286304  0.05934873 0.9994786  0.022906916216015816
1 0.         0.8109447  0.07235509 0.8936901  0.022883370518684387
1 0.         0.769011   0.05136047 0.8790505  0.02277972176671028
10 0.00191521 0.9122281  0.17594373 1.         0.022710667923092842
24 0.00162946 0.83634514 0.07802741 0.9936081  0.02270231954753399
32 0.01357135 0.73425424 0.19593613 0.90322495 0.022681396454572678
24 0.00136899 0.7527083  0.03671247 0.8902393  0.02264305390417576
10 0.32288393 0.15986715 0.8014392  0.88593763 0.02263827621936798
42 0.         0.9309233  0.11626178 0.9977971  0.022381005808711052
24 0.1743105  0.20432226 1.         0.6749256  0.022367466241121292
24 0.         0.8822266  0.0552691  0.98265016 0.022310996428132057
41 0.33992574 0.         0.58877695 0.11773883 0.02226133458316326
32 0.00529338 0.8762195  0.10864823 0.9965994  0.02216353453695774
24 4.6548527e-04 8.5912853e-01 3.8675182e-02 9.9272782e-01 0.0220644548535347
41 0.00379131 0.95007735 0.0809509  0.9984931  0.02204025350511074
1 0.4625699 0.862066  0.6912491 1.        0.021947385743260384
18 0.5821752  0.89850324 0.8957999  0.99716616 0.021833175793290138
24 7.077631e-04 8.076917e-01 3.737333e-02 9.490183e-01 0.02152823656797409
18 0.04638298 0.         0.32890278 0.1564887  0.0214721467345953
24 0.00135553 0.80476683 0.05324085 0.8968156  0.021373746916651726
18 0.08775439 0.6818119  0.3016566  0.94294316 0.021314268931746483
24 0.00164339 0.778366   0.05297073 0.86855584 0.02106085792183876
10 0.         0.910671   0.04208257 0.9991789  0.0210540983825922
18 0.12974814 0.751281   0.5930438  1.         0.020944003015756607
21 0.36954153 0.28026983 0.77162194 0.7465013  0.02090448886156082
24 0.         0.896645   0.07724477 0.9704312  0.020862041041254997
24 8.6915336e-04 8.3113372e-01 5.3716488e-02 9.2576146e-01 0.02085423469543457
42 9.5218659e-04 8.5335016e-01 1.6095887e-01 1.0000000e+00 0.020801832899451256
25 0.         0.93213373 0.05852428 1.         0.02077409066259861
26 0.7918982 0.        1.        0.2475375 0.020734578371047974
32 0.00121021 0.89257604 0.07723889 0.9694925  0.020732590928673744
41 0.0275177 0.8379205 0.4891607 0.9954255 0.020717980340123177
26 0.00237529 0.85755455 0.03803892 0.99674666 0.020615659654140472
21 0.44592917 0.11540309 0.74918604 0.6586861  0.02054254151880741
18 0.4759338 0.8725917 0.7111791 1.        0.020396914333105087
25 0.36791512 0.8819968  0.65200096 0.993945   0.020371004939079285
41 0.00173673 0.93578106 0.05615932 0.9979279  0.020321382209658623
41 0.00753839 0.5968095  0.07914424 0.8880654  0.020315727218985558
26 0.00498963 0.8410312  0.07699345 0.91911024 0.020269788801670074
32 0.00824018 0.66593236 0.12114877 0.90874624 0.020244179293513298
18 0.3625899  0.         0.5790281  0.11068358 0.020209794864058495
1 0.         0.7836827  0.07176854 0.86602676 0.02016628347337246
41 0.01327973 0.91407746 0.16329674 0.9983638  0.02011488750576973
24 0.00186761 0.7519857  0.05259058 0.8406329  0.020095665007829666
32 0.0057751  0.6432872  0.08520035 0.97566134 0.020088057965040207
1 0.         0.7424136  0.05105067 0.8508493  0.020065966993570328
1 0.06537987 0.8143625  0.68696725 1.         0.019957998767495155
24 1.656437e-04 8.573402e-01 5.413202e-02 9.553234e-01 0.019924353808164597
24 0.47523338 0.88548934 0.6879303  0.981671   0.019890664145350456
1 0.         0.8510258  0.05208375 0.9630314  0.019830498844385147
26 0.00328993 0.82691896 0.05511225 0.9340119  0.019732795655727386
26 0.00248264 0.8816491  0.05354077 0.98287386 0.019607774913311005
24 0.00151663 0.8438454  0.07603202 0.91334313 0.019494589418172836
10 0.00501017 0.87911123 0.2175293  1.         0.01947954297065735
1 5.3061807e-04 8.5346609e-01 3.6771230e-02 1.0000000e+00 0.019452419131994247
24 0.01561882 0.7816262  0.2933812  0.9910374  0.01939525455236435
26 0.00139773 0.91156864 0.03752434 0.99628484 0.019317857921123505
21 0.4813787 0.9056703 0.7849163 0.9871624 0.019315721467137337
26 0.40587097 0.34791094 0.8273312  0.85782653 0.019312158226966858
24 0.00208202 0.8176824  0.07554281 0.88483286 0.019295407459139824
26 0.00625762 0.81449264 0.07798463 0.89385855 0.01920158974826336
1 0.01247739 0.82977456 0.46001345 1.         0.019137827679514885
18 0.7419832  0.92171156 0.8609963  0.9995033  0.019131440669298172
24 6.3432695e-04 8.7058616e-01 7.6766081e-02 9.4249535e-01 0.019116239622235298
1 0.         0.8659024  0.07336207 0.9488144  0.018854010850191116
26 0.00256469 0.85444134 0.05388639 0.9587781  0.018764613196253777
18 0.00929791 0.5408694  0.11875349 0.7803791  0.0187460258603096
1 0.00170398 0.90902984 0.03735938 1.         0.018657861277461052
41 0.02363508 0.91289115 0.25835952 0.9994791  0.018636172637343407
41 0.7465508  0.93176585 0.8690907  1.         0.018565310165286064
24 0.00255671 0.79117817 0.07517719 0.8570516  0.018552154302597046
41 0.14860871 0.7124071  1.         0.9432306  0.0184797253459692
17 0.         0.9112209  0.03523302 0.9944652  0.018453160300850868
24 0.00189376 0.72567725 0.05220009 0.8129748  0.018376389518380165
42 0.         0.9094094  0.16008128 0.99763775 0.018350305035710335
26 0.0021186  0.8025116  0.03874218 0.9604633  0.01833416521549225
10 0.07238495 0.14106308 1.         0.82058966 0.018310321494936943
41 0.25626624 0.         0.5854102  0.08312535 0.018175123259425163
