32 0.3340623  0.7556551  0.70671064 1.         0.12909598648548126
1 0.34579986 0.30457857 0.70892334 1.         0.1193482056260109
41 0.2883134  0.5295093  0.5905511  0.92054456 0.11747505515813828
1 0.27918088 0.14943072 0.69436413 0.79491794 0.08991855382919312
31 0.00812724 0.         0.34122363 0.16391782 0.08322322368621826
1 0.12731987 0.28779897 0.6836538  0.7700878  0.06634226441383362
32 0.24451403 0.3587857  0.5789089  1.         0.06591528654098511
41 0.3504568  0.45767426 0.65156704 0.7761723  0.06163632497191429
32 0.2348215  0.67174655 0.69592845 1.         0.056662335991859436
1 0.26715562 0.518732   1.         1.         0.056353241205215454
1 0.18194471 0.5138336  0.93625885 0.9283818  0.05273588001728058
31 0.05015541 0.         0.3710343  0.28260747 0.05073064565658569
1 0.32210225 0.21178032 0.63460034 0.9450286  0.04969251528382301
26 0.22970304 0.777327   0.64837486 1.         0.046285197138786316
1 0.19917934 0.32857352 0.639716   0.90432286 0.046040039509534836
41 0.19465636 0.6045397  0.6260133  0.9111702  0.043933071196079254
17 0.11988869 0.         0.5680637  0.5810633  0.04244903102517128
1 0.14710088 0.41270834 0.7920377  0.8732297  0.04127122089266777
1 0.12031281 0.29575732 0.98758936 0.9135854  0.03980356827378273
31 0.09776606 0.         0.5467552  0.5330418  0.039429377764463425
33 0.30772337 0.31934458 0.595234   0.96338403 0.037043578922748566
28 0.01141917 0.049565   0.49779242 0.63178223 0.03693462908267975
19 0.30919504 0.24823278 0.64891946 0.8693105  0.0362541563808918
10 0.11825765 0.77458453 0.77533406 1.         0.03617935627698898
41 0.2571966  0.6568098  0.68948126 0.966437   0.033751167356967926
26 0.30003643 0.53331923 0.58689874 1.         0.03358939662575722
41 0.3875053  0.49172455 0.762199   0.81855685 0.033316709101200104
32 0.20641404 0.46222565 0.68237543 0.9238546  0.032311756163835526
28 0.01945747 0.272636   0.52541953 0.8153211  0.03219910338521004
32 0.27505603 0.81202453 0.82512444 0.9785295  0.03208263963460922
1 0.35266495 0.23211007 1.         0.9670041  0.030544409528374672
17 0.47263718 0.         0.68130136 0.23176563 0.030350344255566597
26 0.18567193 0.7919162  0.7798447  0.9827302  0.03004102036356926
30 0.00918369 0.03112012 0.33090115 0.17775953 0.02902052365243435
16 0.33604768 0.8058665  0.71681213 1.         0.028789419680833817
19 0.24846569 0.22106951 0.81729555 0.6571472  0.028134116902947426
33 0.14013314 0.824711   0.75076044 1.         0.028101861476898193
6 0.5307965 0.7972765 1.        1.        0.027141228318214417
41 0.25097027 0.47245815 0.5294817  0.87144226 0.02631818875670433
41 0.29839224 0.6647633  0.93315095 0.9456722  0.02608788013458252
19 0.2606615  0.34372187 0.7865196  0.8090166  0.025959797203540802
41 0.37439305 0.56424886 0.6671686  0.95622593 0.025602268055081367
31 0.14153437 0.         0.66040754 0.7049542  0.025504520162940025
42 0.48670074 0.24896894 0.83185273 0.72304446 0.025373168289661407
10 0.         0.8277253  0.88555187 1.         0.024132438004016876
19 0.23015107 0.31463435 0.5983896  0.98095214 0.02245604619383812
32 0.31885117 0.28925857 0.6140822  0.77239275 0.022203927859663963
32 0.03455156 0.7713681  0.26750958 1.         0.02172660268843174
16 0.29556292 0.51558787 0.5250108  0.89602166 0.021257827058434486
17 0.46365118 0.00112342 0.9193476  0.25410858 0.02103203348815441
24 0.28271568 0.39126557 0.6833526  0.7307733  0.02069004252552986
28 0.23038179 0.29665187 0.578243   0.66748494 0.02001258358359337
1 0.21535838 0.         0.71492016 0.700873   0.019840437918901443
41 0.2599109  0.52459353 0.864212   0.9394796  0.019779272377490997
17 0.4111369 0.        0.6249899 0.2098287 0.019302405416965485
41 0.33346808 0.54184335 0.67580676 0.84081495 0.018922993913292885
41 0.17082521 0.5570871  0.58393264 0.844716   0.018231231719255447
42 0.40878403 0.25556678 0.7228254  0.6923729  0.017758900299668312
19 0.05149958 0.03890941 0.88540304 0.7859526  0.017681382596492767
16 0.25673065 0.68526393 0.60221875 1.         0.0174252986907959
30 0.        0.6604141 0.6574613 0.977634  0.01731962338089943
18 0.1295595  0.78405607 0.7654774  1.         0.01720782369375229
1 0.30183798 0.5065156  0.7267675  0.98759675 0.01706005074083805
41 0.41712347 0.49294215 0.9777753  1.         0.016815675422549248
41 0.26980492 0.4018346  0.99769694 1.         0.016715167090296745
10 0.        0.7240075 0.8035983 0.9870287 0.016628410667181015
32 0.31530544 0.52768683 0.71084213 1.         0.016572628170251846
38 0.04870851 0.08940291 0.3433955  0.283478   0.016393333673477173
30 0.         0.7172454  0.24760717 0.9925449  0.016179503872990608
41 0.24514356 0.80965614 0.7780305  0.9857497  0.016124865040183067
6 0.15357502 0.2602795  0.5049676  0.78327847 0.015894616022706032
26 0.2672195  0.44575047 0.53896993 0.963469   0.015626803040504456
16 0.19300087 0.8601625  0.725618   1.         0.015588616952300072
41 0.00609777 0.53424793 0.5818585  0.9643098  0.015570113435387611
17 0.32435465 0.         0.779899   0.7529463  0.015323703177273273
17 0.28492707 0.77489346 0.6337087  0.97950584 0.015077763237059116
24 0.30506083 0.47341746 0.62072366 0.9312785  0.014677181839942932
32 0.20072736 0.3631344  0.6456184  0.789481   0.014484965242445469
30 0.02992146 0.04417069 0.30749634 0.36946377 0.014412382617592812
17 0.23861477 0.         0.83952826 0.43271542 0.014411620795726776
32 0.08155508 0.72584987 0.7316954  0.96560043 0.014375506900250912
27 0.49723333 0.8522919  1.         1.         0.014363674446940422
30 0.26955214 0.4053126  0.6341131  0.9705247  0.01406741701066494
19 0.3174626  0.41311982 0.66734266 0.97302616 0.01393395010381937
28 0.         0.035666   0.32166666 0.5297985  0.01381769310683012
42 0.41160622 0.23336942 0.9628452  0.76654756 0.013454999774694443
24 0.26022547 0.5515312  0.6656539  0.87497115 0.013305393978953362
16 0.42474493 0.82256746 0.8794951  1.         0.013288771733641624
38 0.05429236 0.12725313 0.3801437  0.49688473 0.013085715472698212
1 0.5230498  0.75411737 0.94337565 1.         0.013072839006781578
1 0.06347107 0.12869598 0.7730699  0.93924147 0.013052104040980339
2 0.24995072 0.2855448  0.5972481  1.         0.012849223800003529
32 0.44754547 0.8013706  0.8104121  1.         0.012847071513533592
24 0.06874835 0.4758072  0.6536661  0.8451604  0.012823245488107204
42 0.5452914  0.19324733 1.         0.78310543 0.01278096716850996
25 0.15289342 0.23676716 0.7057313  0.54662436 0.012638283893465996
18 0.16235459 0.6512785  0.63355345 1.         0.012630792334675789
19 0.02169322 0.32561576 0.7029476  1.         0.012590320780873299
28 0.00333927 0.04189714 0.28687993 0.34532654 0.012280264869332314
41 0.32927054 0.24618933 0.6551944  0.6665883  0.012232162989675999
22 0.         0.         0.33798438 0.55886525 0.012008247897028923
24 0.31973892 0.6092578  0.69716287 0.9407114  0.011920382268726826
41 0.07430062 0.26923302 0.6430351  0.6606588  0.011711731553077698
17 0.28550768 0.         0.70417416 0.5538471  0.011578831821680069
17 0.540989   0.         0.7547345  0.26246032 0.01157107762992382
31 0.32312313 0.318369   0.62390155 0.86151224 0.011416971683502197
38 0.5125266  0.79909235 0.89491457 0.96748143 0.01127755455672741
41 0.32516414 0.35435244 0.5869963  0.6679371  0.011253752745687962
10 0.17301047 0.2226415  0.7404346  0.75254875 0.011218772269785404
41 0.3707068  0.35497886 0.72358185 0.76140493 0.011120506562292576
17 0.42032483 0.0028006  0.77016795 0.26767686 0.011105199344456196
33 0.17119883 0.68402493 0.58475035 0.996074   0.011083737947046757
17 0.22874051 0.4114414  0.5778155  0.9867087  0.011025399900972843
16 0.47864106 0.8727096  0.97259617 1.         0.011012607254087925
30 0.39481893 0.78632253 0.93424267 1.         0.010983130894601345
16 0.26875335 0.60125357 0.5910764  0.9063162  0.010912391357123852
17 0.07055428 0.         0.5515928  0.8461997  0.010865575633943081
17 0.19299337 0.76548904 0.5551247  0.9870084  0.010774080641567707
1 0.55190927 0.8198493  1.         1.         0.010657357051968575
41 0.3049007  0.10421857 0.76937836 0.54526156 0.010555596090853214
25 0.06111776 0.31857488 0.77322656 0.57701415 0.010497973300516605
6 0.04843534 0.02271614 0.3235912  0.55141187 0.01043893862515688
2 0.3351076  0.22809304 0.6366975  0.70917094 0.010283110663294792
41 0.08109108 0.3278836  0.55049366 0.8007115  0.0101992879062891
25 0.12927926 0.43747646 0.6425051  0.7277507  0.010142666287720203
32 0.43531993 0.1638434  1.         0.85031617 0.010122965089976788
24 0.29483518 0.552915   0.81557983 0.75983405 0.010009757243096828
32 0.3791265  0.27404764 0.77954763 0.77205163 0.009964251890778542
10 0.12648791 0.4248353  0.6522813  0.99340993 0.009920161217451096
24 0.22724585 0.51277304 0.74153745 0.72448486 0.00990906823426485
19 0.         0.         0.3085637  0.46805045 0.009796314872801304
30 0.05142894 0.4155405  0.6662851  0.9677527  0.009785066358745098
26 0.03477791 0.7323572  0.7723534  0.9530904  0.009771880693733692
18 0.41839877 0.         1.         1.         0.00977117009460926
41 0.27423534 0.59005654 0.6820218  0.78827876 0.009687389247119427
31 0.03704172 0.         0.26060522 0.34894878 0.009573660790920258
19 0.14747767 0.23695426 0.7432145  0.8763802  0.009493201971054077
27 0.09229238 0.02765124 0.433534   0.54919904 0.00947509054094553
10 0.         0.7083069  0.31453827 0.9778737  0.00945739634335041
33 0.20063457 0.4855443  0.65124017 0.934256   0.009169409982860088
31 0.18714081 0.13399127 0.7364253  0.8306749  0.009166531264781952
31 0.08570179 0.         0.42523107 0.4413766  0.009086165577173233
41 0.12462911 0.86128265 0.8725219  0.9970847  0.009058872237801552
2 0.24484342 0.42411733 0.68636006 0.9050162  0.008993105962872505
18 0.25302202 0.19595726 0.59037334 1.         0.008889182470738888
40 0.0157442  0.36092493 0.7901698  0.89596784 0.008880340494215488
41 0.7430413  0.41227037 1.         0.7531229  0.008790723979473114
24 0.25622833 0.59861684 0.82733226 0.819384   0.008750672452151775
6 0.10648917 0.09324849 0.5239697  0.6389393  0.008672701194882393
24 0.         0.11142232 0.6611298  0.5929659  0.00863051600754261
41 0.07150065 0.20655388 0.51502967 0.57187724 0.008591360412538052
27 0.4946458  0.77901524 0.94151646 0.9986163  0.008585609495639801
27 0.13250159 0.3371902  0.6855534  1.         0.008563552983105183
19 0.3566674  0.7549707  0.78351444 1.         0.008553221821784973
28 0.08067659 0.23145016 0.49972048 0.5867552  0.008532781153917313
6 0.         0.31163996 0.47941142 0.9064185  0.00853127334266901
19 0.01278203 0.         0.5580825  0.5517519  0.008197289891541004
21 0.11542732 0.7767628  0.64157206 0.99882287 0.008096160367131233
30 0.11488976 0.07796913 0.6784063  0.54771984 0.008092217147350311
5 0.38898566 0.783873   0.9821257  1.         0.008046118542551994
1 0.41621107 0.6333385  0.78376    1.         0.008045036345720291
30 0.0535935  0.07200592 0.45429298 0.57386726 0.008011823520064354
28 0.31133857 0.3073923  0.5492715  0.7365732  0.007978344336152077
31 0.         0.71403027 0.2558761  0.9990345  0.007916251197457314
41 0.36257455 0.61506855 0.81179476 0.85053515 0.007893867790699005
29 0.33380175 0.24832577 0.6716509  0.65623593 0.007893321104347706
33 0.27006173 0.7383456  0.7090707  1.         0.00788986124098301
24 0.35154107 0.62947327 0.99963737 0.94050455 0.00787610374391079
19 0.40233886 0.807803   0.8804819  1.         0.007856043055653572
30 0.30473685 0.74961275 0.7023862  1.         0.007827946916222572
26 0.34172517 0.4985496  0.64957887 0.94566447 0.00782172754406929
24 0.37948948 0.45622683 0.9428817  0.9570685  0.007818765938282013
41 0.18339656 0.74893093 0.6815858  0.9852582  0.007736662868410349
17 0.32022503 0.         0.6894132  0.29943722 0.007619064301252365
25 0.0916716 0.5093189 0.6781269 0.8036121 0.0076084923930466175
10 0.09266373 0.6712216  0.644125   1.         0.007600200362503529
24 0.40168503 0.473057   0.6771631  0.8926927  0.007568888831883669
1 0.321388  0.        0.7668477 0.5624074 0.007521586958318949
11 0.3436531  0.17149681 0.6708956  0.6771982  0.00751123670488596
26 0.35146087 0.         0.70539004 0.22313437 0.007489506620913744
32 0.5070534  0.         0.78948677 0.27278072 0.007293737959116697
24 0.25325024 0.47792014 0.8375825  0.85918427 0.007263701409101486
19 0.14823812 0.47927746 0.6502818  0.9789093  0.00716006476432085
10 0.14827728 0.30601904 0.88160527 0.67047745 0.007146383170038462
22 0.         0.         0.31165823 0.30004174 0.007139445748180151
17 0.25394282 0.         0.5216273  0.49730876 0.007096244487911463
32 0.40420914 0.37872478 0.70266235 0.89408696 0.007071018218994141
10 0.28270712 0.8430683  0.9731936  0.98865265 0.00707070529460907
26 0.37045047 0.02067315 1.         0.33138332 0.007069576531648636
31 0.17372926 0.35841545 0.6884942  0.98471296 0.006896785460412502
27 0.29668662 0.34609312 0.6354419  0.9856226  0.006894978694617748
41 0.07098813 0.66355896 0.5932748  0.9452518  0.0068865264765918255
28 0.3123148  0.27878827 0.6519     0.64905024 0.006867223884910345
32 0.24656846 0.12016656 0.53892493 0.6936448  0.006862099282443523
17 0.36185566 0.         0.9333201  0.35906544 0.006843918934464455
5 0.         0.19093674 0.62953645 1.         0.006842155009508133
10 0.        0.7488748 0.4905304 0.9777895 0.006759954150766134
32 0.02024913 0.4596599  0.5446639  0.99369776 0.006745713762938976
17 0.09671331 0.         0.56527805 0.3079419  0.0067141735926270485
40 0.01546249 0.44593853 1.         0.989271   0.006660130340605974
19 0.22107394 0.10626727 0.8282653  0.52302265 0.006645516958087683
31 0.03362207 0.57496476 0.22374074 1.         0.00664531672373414
26 0.4001095  0.         0.7761665  0.26798794 0.0066069429740309715
27 0.14981933 0.00533658 0.5333964  0.6610312  0.006595016457140446
33 0.27965724 0.11217023 0.5532243  0.7089089  0.006542046554386616
18 0.07521752 0.         0.7738668  0.73119754 0.006351280491799116
30 0.04624018 0.01876213 0.41574788 0.3423883  0.006299771834164858
30 0.10355555 0.7364568  0.741555   0.9710381  0.006262036506086588
18 0.35822606 0.11241931 0.88393676 0.7140379  0.006202387623488903
40 0.23282075 0.06359111 1.         1.         0.0061850943602621555
19 0.         0.7483489  0.26174855 1.         0.0061621167697012424
32 0.36888418 0.         0.75456023 0.33012438 0.006147807464003563
19 0.         0.77891546 0.83121383 1.         0.0061288559809327126
16 0.3377682  0.40999186 0.56834245 0.80746543 0.006045791320502758
41 0.26673672 0.21179795 0.6033471  0.5461763  0.005988567601889372
18 0.32281125 0.03016078 0.75762284 0.64676934 0.005979812238365412
1 0.         0.         0.75354487 0.6345739  0.0059621334075927734
32 0.05464994 0.02700315 0.50900656 0.48492575 0.005952716805040836
32 0.30270585 0.527334   0.95938253 0.9679777  0.005952456966042519
26 0.2948678  0.04698696 0.69554865 0.4020084  0.005938387010246515
41 0.30988908 0.45654273 0.7092291  0.68092304 0.0059074885211884975
6 0.4889195  0.7467076  0.9275105  0.98387617 0.00586879113689065
7 0.3602192  0.17493741 1.         0.9261423  0.005842126440256834
27 0.18266223 0.84781414 0.8248867  1.         0.005810491740703583
30 0.4798042  0.84251463 1.         0.99599916 0.005770325195044279
5 0.18481709 0.31863818 0.5418602  0.9992314  0.005732285790145397
33 0.3503988  0.19372976 0.62108105 0.7828729  0.005660227499902248
32 0.2314105  0.2710634  0.6666745  0.67396927 0.005480550229549408
32 0.41205898 0.         0.8882135  0.29985377 0.005436051171272993
28 0.24669775 0.35039073 0.6998792  0.6241258  0.005435936618596315
26 0.15756704 0.03575432 0.5976851  0.4474053  0.005423074122518301
26 0.23813787 0.04734333 0.84607136 0.46770805 0.005311280954629183
2 0.         0.         0.61984336 0.5501828  0.005271684378385544
1 0.3906729 0.        0.7090802 0.6910383 0.005236797966063023
5 0.         0.         0.32130274 0.4397264  0.005230491980910301
5 0.14571734 0.7739489  0.7853314  0.9955163  0.005157320760190487
24 0.10340231 0.20966685 0.6256662  0.70545465 0.005153927486389875
19 0.03267601 0.5481492  0.60631347 1.         0.005103942006826401
28 0.09068108 0.16280068 0.47536185 0.49563977 0.00509674334898591
41 0.1846743  0.39833105 0.5328821  0.7253095  0.005079670809209347
23 0.13474564 0.26876175 0.6674238  0.78538996 0.005073187872767448
18 0.24031225 0.         0.663234   0.58315736 0.005046870559453964
27 0.22404201 0.00467738 0.71475255 0.8154228  0.005035381764173508
33 0.0582829  0.07761023 0.48544618 0.4217093  0.004989496897906065
11 0.2907771  0.19026054 0.6069909  0.7640667  0.004988908302038908
29 0.01250842 0.29625276 0.6581618  0.81969994 0.004986910615116358
18 0.03735575 0.17182028 0.80859244 1.         0.00492457440122962
17 0.62559587 0.         0.9481189  0.38354036 0.004909637849777937
24 0.22980973 0.41382456 0.52295583 0.8992285  0.004896900616586208
10 0.05364334 0.46924567 0.7930644  0.87839437 0.004895541816949844
28 0.16297945 0.4213884  0.762319   0.8859909  0.004893133882433176
24 0.22162428 0.27555513 0.66032624 0.6712564  0.004852186422795057
24 0.0340921 0.1937719 0.8164389 0.8225925 0.004839753266423941
18 0.3776857 0.        0.8052877 0.579236  0.004831752739846706
11 0.10072136 0.23056687 0.69141066 0.8924134  0.004812085535377264
24 0.         0.12188956 0.31249112 0.47716168 0.0046335686929523945
18 0.63783187 0.         1.         0.9655299  0.004621575120836496
42 0.36109787 0.21152909 0.6512849  0.6528744  0.004609517753124237
29 0.23285599 0.35436568 0.7684866  0.6850541  0.004573056939989328
18 0.1650441  0.37742892 0.6595691  0.9992554  0.004568039905279875
16 0.08468916 0.74152637 0.8980841  0.9918067  0.0045614237897098064
26 0.53692454 0.         1.         0.53969395 0.00455934414640069
25 0.         0.40560403 1.         0.6600159  0.004542126785963774
19 0.23280697 0.11288117 0.63332576 0.60491353 0.004507390316575766
32 0.06722908 0.07831548 0.55231994 0.664074   0.00450331624597311
42 0.53367615 0.         1.         0.7360192  0.004484629258513451
16 0.35777125 0.4754943  0.5890348  0.89366305 0.004476408939808607
25 0.         0.33490306 1.         0.5883485  0.0044729444198310375
10 0.         0.6636799  0.43499696 0.9626347  0.004472882486879826
10 0.15523478 0.2821422  1.         0.8279834  0.004447326064109802
32 0.26904535 0.28965667 0.9344184  0.8753521  0.004436104092746973
7 0.09384456 0.8336752  0.8037035  0.9886831  0.004408340435475111
24 0.01713945 0.06230766 0.4249012  0.47443187 0.004408066160976887
30 0.17413905 0.669769   0.60667783 0.953635   0.004396982025355101
32 0.5205125  0.85538524 0.89520895 0.99058014 0.00438054371625185
28 0.58908623 0.8472508  0.9629227  0.9731871  0.004365850705653429
28 0.05143872 0.1497766  0.45482686 0.7371221  0.0043496256694197655
18 0.31337193 0.06265338 0.6384199  0.7901101  0.004347131121903658
17 0.20203441 0.82222795 0.7071881  0.95972323 0.0043399641290307045
30 0.29838648 0.3016962  0.62011796 0.7324489  0.004325422458350658
19 0.         0.80320054 0.35012478 1.         0.004314638674259186
28 0.09529281 0.44138795 0.4854575  0.822091   0.004262586589902639
32 0.04859925 0.01855396 0.24235724 0.16021986 0.00423682713881135
1 0.13587776 0.         0.6333471  0.56836814 0.0042303442023694515
42 0.32693893 0.         0.79714257 0.80481803 0.004189454484730959
10 0.03342585 0.22742835 1.         0.93317366 0.004167418461292982
25 0.         0.58301353 0.7929131  0.8625104  0.004140776582062244
18 0.7078766 0.        1.        1.        0.004129941109567881
16 0.3482417  0.32226285 0.55282116 0.6646097  0.00412403792142868
19 0.14130002 0.22808081 0.96567404 0.5461461  0.004087864886969328
42 0.4122212  0.4116571  0.81704336 0.6940162  0.0040477304719388485
25 0.         0.18803151 0.7069621  0.45610636 0.0040370202623307705
32 0.03457426 0.5678569  0.6663253  0.9333763  0.004012745805084705
24 0.17463993 0.8542427  0.8848347  1.         0.003980566747486591
21 0.16965601 0.71568453 0.53190905 0.9812308  0.0039606764912605286
23 0.         0.35610938 0.65435743 0.9544381  0.003949577920138836
10 0.        0.5383773 0.6516232 1.        0.0039276559837162495
32 0.3858297 0.        0.9778567 0.6629083 0.003916027490049601
27 0.06521129 0.07611374 0.33878955 0.45640144 0.00390962790697813
1 0.29395133 0.8158095  0.9589941  1.         0.003881382290273905
