27 0.23174424 0.43275067 0.957263   0.7683126  0.07963556051254272
28 0.00490186 0.5618041  0.6055266  0.94385976 0.07412578910589218
24 0.44571728 0.36292613 0.9217961  0.7177581  0.0735580176115036
27 0.29759958 0.3702877  1.         0.71430504 0.058241020888090134
28 0.23510654 0.51917654 0.9786345  0.98001426 0.05581232160329819
13 0.21102677 0.43848512 0.86238587 0.8673945  0.05452195182442665
20 0.43375468 0.8629478  0.9779011  0.99508667 0.05410245060920715
24 0.36464414 0.45519054 0.88515484 0.71031976 0.05050954595208168
28 0.         0.49752668 0.41747504 0.9467911  0.04874168708920479
38 0.        0.7482371 0.5468869 1.        0.043121300637722015
24 0.5530074  0.46460068 0.96993005 0.80485684 0.04299652948975563
37 0.876903  0.8920957 1.        0.9923903 0.04244132712483406
20 0.30236077 0.74465245 0.90588135 0.99113387 0.04231145977973938
27 0.14035915 0.4681338  1.         0.95982933 0.041833020746707916
24 0.5965873  0.4245034  0.9763129  0.97279125 0.038484469056129456
38 0.        0.8373223 0.4122865 1.        0.0364077128469944
27 0.3482462  0.53186    0.92130303 0.92478865 0.03250636160373688
37 0.50010365 0.8489712  1.         1.         0.03201672434806824
20 0.33441418 0.83189887 0.89490604 0.9848228  0.03175058960914612
28 0.02434179 0.516128   0.69509244 0.7658985  0.03114255703985691
24 0.4949667  0.4812008  0.8878876  0.89766115 0.030743109062314034
38 0.         0.7898476  0.34595883 1.         0.030397901311516762
27 0.         0.40117356 0.9459542  0.912593   0.029685376212000847
14 0.46119794 0.44285187 0.8637168  0.98870313 0.029359515756368637
28 0.10795377 0.57649326 0.6419954  0.86066246 0.027537623420357704
24 0.55499625 0.3114715  0.86697316 0.7613668  0.027142737060785294
13 0.05391126 0.46290767 0.7658471  0.93015546 0.026057448238134384
28 0.0019662  0.4619214  0.33592254 0.8378938  0.02570694498717785
27 0.2865267 0.8922099 1.        1.        0.024827266111969948
24 0.2806885  0.40665522 0.94313467 0.6436866  0.024738995358347893
25 0.52846724 0.31917349 1.         0.92835087 0.024549083784222603
38 0.17833222 0.43611568 1.         0.92334473 0.024023016914725304
25 0.32485113 0.4460701  0.98319703 0.731833   0.02343081310391426
25 0.24173632 0.5169293  0.97981215 0.7719747  0.023252936080098152
24 0.2331864  0.43968466 0.98256105 0.89361537 0.023246631026268005
38 0.         0.43482962 0.8436821  0.9366285  0.02321861870586872
25 0.17087375 0.47237137 0.97975546 0.66515297 0.020134754478931427
14 0.28412166 0.47050372 0.9284237  1.         0.018782317638397217
27 0.         0.591284   0.946021   0.95201355 0.018699947744607925
25 0.22830278 0.5858303  0.9986904  0.82894653 0.018570497632026672
24 0.2867288  0.49108934 0.77567804 0.73825336 0.01810372993350029
38 0.        0.6083604 0.621282  0.9714885 0.01773480884730816
20 0.6535492  0.87745214 0.9901848  0.9972495  0.017715658992528915
13 0.25598595 0.40317667 0.72074443 1.         0.01752476766705513
25 0.06249802 0.42080548 1.         0.8974229  0.016543073579669
38 0.48797894 0.51802105 1.         0.96289724 0.016477758064866066
28 0.5105806  0.5869102  1.         0.97309726 0.016434431076049805
24 0.6831369 0.4335789 0.9795787 0.8474577 0.016318872570991516
20 0.43273112 0.6990195  0.8168126  0.9760201  0.016317013651132584
20 0.05205944 0.85681266 0.42561743 0.95943433 0.016168683767318726
14 0.31309235 0.5159715  0.796262   0.92862207 0.016155196353793144
38 0.         0.5199071  1.         0.96936965 0.016153905540704727
13 0.3089531  0.33597144 0.8682733  0.7758     0.015810063108801842
27 0.         0.8758169  0.45488852 0.9998554  0.015682723373174667
24 0.2159463  0.54047817 0.6743107  0.77902013 0.015623507089912891
27 0.09087922 0.50093794 0.764834   0.7792798  0.015609965659677982
20 0.5233334 0.7983829 0.9485432 0.9979308 0.015491160564124584
20 0.06320867 0.8077796  0.465876   0.95605034 0.015372833237051964
27 0.         0.8134221  0.3828886  0.99094605 0.015181208960711956
25 0.35293028 0.57358754 1.         0.99792475 0.015115225687623024
14 0.2871323  0.42270064 0.8388335  0.85323995 0.014956445433199406
20 0.07281896 0.8495067  0.657657   0.96662915 0.014775711111724377
25 0.01474848 0.5517948  0.95697147 0.96177757 0.014738702215254307
20 0.48929837 0.59831727 0.898883   0.9978325  0.014630235731601715
28 0.         0.7707408  0.43233818 0.9550509  0.014486998319625854
27 0.         0.51944256 0.6441858  0.93661946 0.01448098011314869
24 0.57248473 0.3092022  0.9788737  0.6184059  0.014201775193214417
38 0.         0.721544   0.82913625 0.98813254 0.01383300218731165
24 0.40089768 0.32015184 0.8708765  0.5963865  0.013291037641465664
27 0.07410391 0.88251287 0.9451533  1.         0.012778284959495068
20 0.33658758 0.69944465 0.7070373  0.9669214  0.012335854582488537
27 0.0891184 0.795392  1.        1.        0.012258934788405895
24 0.39530045 0.5055066  0.7887938  0.875755   0.0119258938357234
24 0.1096618  0.41534603 0.88212943 0.7749895  0.011588451452553272
20 0.09943489 0.7646681  0.55227125 0.9594526  0.01158837415277958
38 0.         0.81887674 0.8789141  0.98475546 0.011479275301098824
28 0.08739973 0.42383713 0.54273456 0.74861836 0.011444375850260258
25 0.26905912 0.34184933 0.9279068  0.65515    0.011322231031954288
28 0.         0.435418   0.6231197  0.84998214 0.011317784897983074
25 0.36242577 0.42090017 0.8043712  0.7834015  0.01116453018039465
20 0.2566733  0.7162452  0.5199766  0.96772546 0.011112270876765251
24 0.5526827  0.24394768 0.82684267 0.58105856 0.010877756401896477
28 0.         0.66418403 1.         0.9471275  0.010804655961692333
27 0.2982401  0.61716014 1.         0.9932681  0.01072994526475668
40 0.12222926 0.         1.         0.764189   0.010692662559449673
27 0.2664369 0.2501737 1.        1.        0.010640349239110947
24 0.71753   0.3965603 1.        0.7560611 0.010381491854786873
24 0.6100484  0.38226894 1.         0.6718496  0.010313043370842934
27 0.42666006 0.2433626  0.811754   0.81525964 0.010181345976889133
3 0.31172758 0.3402479  0.91659963 0.82356226 0.010050352662801743
25 0.40549305 0.3793756  1.         0.70835733 0.010007210075855255
10 0.01227016 0.         0.4352528  0.5546282  0.009985093027353287
20 0.858425   0.9183652  0.9971565  0.99377394 0.00996779277920723
27 0.14746518 0.558611   0.76751965 0.925606   0.00974142737686634
24 0.07876842 0.5677805  0.6101538  0.8872689  0.009511587209999561
20 0.6140589 0.6703589 0.9226424 1.        0.009460932575166225
25 0.02726532 0.57750905 0.8787657  0.8007779  0.009326795116066933
28 0.         0.6942873  0.38772497 0.92825586 0.009320779703557491
24 0.03210812 0.508738   0.45467117 0.80531275 0.009297104552388191
38 0.30713162 0.43739334 1.         0.7685586  0.009273339994251728
10 0.04245484 0.         0.6820048  0.54196465 0.009031643159687519
38 0.         0.41981483 0.66070163 0.85741824 0.008921492844820023
10 0.02573289 0.         0.4097436  0.35116002 0.008914847858250141
20 0.23957276 0.5976074  0.84395146 0.9517386  0.008836815133690834
28 0.71299183 0.49690503 0.9982996  0.8859649  0.008811808191239834
13 0.09548055 0.42678636 0.58605534 1.         0.008787400089204311
24 0.05352972 0.77582544 0.36115536 0.95276064 0.008747742511332035
27 0.        0.8321789 0.2029243 0.9846007 0.008692272007465363
27 0.5816103  0.89163923 1.         1.         0.008629390969872475
24 0.892988   0.85824823 1.         1.         0.008542919531464577
25 0.         0.25771934 0.9996792  0.7110696  0.008529088459908962
14 0.04221199 0.63624597 0.53619444 1.         0.008463110774755478
38 0.         0.51626295 0.5200182  0.90254354 0.008375982753932476
24 0.2145795  0.19980568 0.9599317  0.40261436 0.008256897330284119
27 0.         0.8779901  0.27781907 0.9883773  0.00813870970159769
24 0.52417886 0.21757416 1.         0.5732571  0.008060411550104618
40 0.33913818 0.         1.         0.69349307 0.00805719569325447
24 0.29080847 0.2501018  0.8913184  0.61431634 0.008023783564567566
10 0.0724793 0.        1.        0.5662869 0.008001125417649746
40 0.13849187 0.07125466 1.         0.89599806 0.007986939512193203
28 0.23670012 0.5560096  0.9805775  0.82069606 0.007965601049363613
25 0.         0.33095098 0.82835776 0.87032145 0.007946447469294071
41 0.00113373 0.14135997 1.         0.5056242  0.007900320924818516
5 0.25601122 0.31318194 0.9938845  1.         0.007850014604628086
24 0.08055443 0.49776003 0.83525914 0.8971323  0.007830413989722729
25 0.5972969  0.14817114 0.9953358  0.8800395  0.007812293712049723
27 0.         0.79668576 0.57421094 0.9975339  0.007760184351354837
14 0.00468308 0.79597396 0.41440204 1.         0.007654841989278793
21 0.        0.        1.        0.3851766 0.007646726910024881
38 0.         0.6623521  0.37632218 0.9899033  0.007619215175509453
3 0.5427901  0.4138802  0.93898726 0.8414792  0.007579768542200327
20 0.02719406 0.78480595 0.3231642  0.9442844  0.007507795467972755
25 0.30803832 0.62842077 0.92251223 0.9594217  0.007495369762182236
4 0.23418699 0.4235517  1.         0.8661841  0.007450978271663189
28 0.         0.6875119  0.6477069  0.92578745 0.007416389882564545
1 0.39827755 0.21431404 1.         0.91260207 0.007408903446048498
24 0.47115397 0.5189603  0.9760045  1.         0.00737705547362566
10 0.90447116 0.         1.         0.13539092 0.007339747156947851
24 0.544168 0.805942 1.       1.       0.007319456897675991
28 0.         0.8492348  0.4548523  0.97039634 0.007269460707902908
28 0.0952473  0.42888382 0.9075297  0.9139539  0.007171753328293562
14 0.2397995  0.48257467 0.67474604 0.9801683  0.0071205501444637775
24 0.24486022 0.5318985  0.9005222  0.9861431  0.007115062791854143
38 0.00588259 0.41356757 0.40327123 0.9229594  0.0071073854342103004
41 0.8876756  0.22982417 1.         0.4801945  0.0071002705954015255
25 0.10139859 0.62007815 0.9115233  0.86118346 0.007024727761745453
3 0.37391746 0.41201887 0.9845379  0.70495385 0.006979010999202728
24 0.3835769  0.38771507 0.7361234  0.76073724 0.0069670467637479305
6 0.         0.82458997 0.37360927 1.         0.0069642928428947926
28 0.2877829  0.594415   0.85958827 0.8909932  0.006937087047845125
1 0.0609272  0.12622471 0.9089901  0.5294889  0.006911368574947119
25 0.45073426 0.3416727  0.90312576 0.7556603  0.006893766112625599
38 0.        0.6890348 1.        0.9818328 0.006886804010719061
14 0.22582981 0.33410832 0.8243325  1.         0.006776066496968269
41 0.8839891  0.01022413 1.         0.12176646 0.0066475518979132175
13 0.22825615 0.22640516 0.85349286 0.94353235 0.006644704844802618
27 0.05513987 0.27939016 0.97853947 0.79420257 0.00660801213234663
38 0.11933866 0.6716098  0.724692   0.9761119  0.00659201992675662
5 0.28337744 0.359828   0.833648   0.8112375  0.006514210719615221
3 0.27828214 0.357103   0.9079057  0.6500094  0.006479155737906694
27 0.2476231 0.3019189 0.836459  0.7182279 0.006409792695194483
14 0.09322708 0.6622005  1.         1.         0.006242902018129826
1 0.08245229 0.28212067 0.859811   0.86891645 0.006226969882845879
24 0.28880668 0.557071   0.7503655  0.84557337 0.006143204402178526
14 0.         0.8058541  0.24775834 1.         0.006096187513321638
28 0.18627091 0.49348974 0.9096747  0.75728613 0.006065725348889828
13 0.38500226 0.40398777 0.9266579  0.83673716 0.006048935931175947
20 0.5356944  0.5345172  0.8667147  0.92841995 0.006029078271239996
6 0.09270722 0.48147252 0.6908089  0.98920983 0.006003896705806255
1 0.27765977 0.18147385 0.8816567  0.56670773 0.00597732700407505
13 0.         0.29759353 0.6698241  1.         0.00596235878765583
22 0.33034578 0.48832348 0.9204569  0.7379177  0.005888538900762796
24 0.06252518 0.84629315 0.40422228 0.9753351  0.005866342224180698
21 0.         0.         0.31375414 0.34025985 0.005865996703505516
3 0.8794627 0.9135077 1.        0.9929525 0.005839793477207422
35 0.24993749 0.58702016 0.767422   0.8419814  0.0057827383279800415
38 0.01467224 0.43504125 1.         0.7990215  0.005545487627387047
14 0.00883039 0.5948897  0.29026446 1.         0.005522959865629673
24 0.48665178 0.25359043 1.         0.42828396 0.005500574596226215
35 0.11045515 0.78103435 0.42620298 0.9982585  0.005471498239785433
25 0.3537889  0.18484457 1.         0.7113751  0.00541672995314002
37 0.6029444 0.5569124 0.946607  1.        0.0054009887389838696
35 0.4180037  0.4869376  0.9018311  0.76566565 0.005377764347940683
10 0.3644532 0.        1.        0.7130543 0.005348294507712126
14 0.39768562 0.2408224  0.89845175 0.90208703 0.005331856664270163
27 0.3189539  0.83494776 0.9818577  1.         0.005282597150653601
33 0.26256576 0.44525304 0.9795746  0.7500386  0.005273993592709303
34 0.37878698 0.30138543 0.93369347 0.8409684  0.005265910644084215
25 0.42353192 0.5381576  1.         0.82427716 0.005240072961896658
29 0.3267034  0.40357086 0.926986   0.8349285  0.00520386453717947
25 0.         0.7900114  0.43471712 0.9943634  0.005137096159160137
3 0.50198615 0.8372913  0.99939376 0.9824349  0.0051218378357589245
24 0.13798921 0.53686947 0.54111284 0.8126975  0.005091480910778046
27 0.17940344 0.76261115 0.5573217  1.         0.00507613318040967
20 0.08066992 0.6434087  0.4528391  0.953991   0.005032605025917292
27 0.         0.742523   0.32456776 0.9704781  0.004973929841071367
24 0.01467192 0.5583957  0.24819824 0.8401388  0.004915969911962748
28 0.14492613 0.65150106 0.720506   0.92080826 0.004908471833914518
25 0.         0.23196523 1.         0.6020628  0.004885324276983738
10 0.87827426 0.2520872  1.         0.5369684  0.0048599992878735065
10 0.7237613  0.         1.         0.28936663 0.004843723028898239
1 0.6154237  0.22599022 1.         0.9383723  0.004837394692003727
28 0.         0.78656447 0.293765   0.9471815  0.004802734591066837
24 0.39884442 0.78356284 0.9092731  0.9948259  0.004784028977155685
38 0.20612489 0.66286427 1.         0.9580181  0.0047710128128528595
14 0.01814697 0.77525216 0.6169101  1.         0.004762271884828806
24 0.3050487  0.68125725 0.9264127  1.         0.004688550718128681
20 0.4304482  0.5102672  0.85635686 0.8008209  0.004623082932084799
40 0.77457947 0.06114138 1.         0.662592   0.004608010407537222
33 0.2949036  0.29125956 0.96045756 0.9113026  0.004597662948071957
14 0.08969206 0.449367   0.6219621  1.         0.004576414357870817
27 0.19538566 0.7433332  0.7903352  1.         0.004559411201626062
14 0.         0.86680603 0.4564083  1.         0.004518888425081968
24 0.48842326 0.26850826 0.9316007  0.48734418 0.004459686111658812
35 0.22714095 0.61632174 0.93210655 0.97227645 0.004458194598555565
3 0.19947451 0.45347053 0.8601818  0.85759026 0.004443749785423279
27 0.         0.66645306 0.41657636 0.9590779  0.004441866651177406
20 0.05168163 0.7040741  0.36128262 0.9419442  0.004401092883199453
14 0.3745048 0.8793504 1.        1.        0.004367530345916748
24 0.11859798 0.18627736 0.40727448 0.3488023  0.004365688189864159
14 0.7406101 0.4293605 0.954432  0.9406279 0.004355196841061115
25 0.       0.       1.       0.575777 0.004340632818639278
40 0.3282139  0.41161188 0.8873401  0.69003254 0.0043265013955533504
40 0.53417814 0.18145916 0.9410678  0.9252105  0.004291797988116741
24 0.02669293 0.8065707  0.22411576 0.94994324 0.004279895685613155
41 0.         0.20408888 0.9364491  0.54700583 0.004248396959155798
24 0.16649523 0.34207845 0.7904644  0.72403353 0.004241166170686483
35 0.17078407 0.5297766  0.7122281  0.79361933 0.004240137990564108
20 0.45420748 0.53855264 0.7911144  0.9158122  0.004193002823740244
34 0.14978305 0.5749584  0.9658033  0.96699995 0.004186958074569702
28 0.19180678 0.42495415 0.65930676 0.7147385  0.0041443658992648125
24 0.07282159 0.27249876 0.42193344 0.3960447  0.004132564179599285
10 0.45295888 0.4100799  0.8877459  0.768419   0.004105004947632551
14 0.24695158 0.66916096 0.70585114 1.         0.004103844054043293
25 0.11483806 0.6494279  0.78868705 0.9330663  0.004092296585440636
14 0.21247716 0.7615106  0.55592704 1.         0.004084690473973751
13 0.20566738 0.31888232 0.68280756 0.8731453  0.004057521466165781
1 0.02622752 0.2106445  0.6359563  0.56062984 0.004048995673656464
24 0.3252965 0.2812194 0.7682557 0.5372567 0.004035881720483303
24 0.03123309 0.85708886 0.2985553  0.964541   0.004029993433505297
24 0.4183339  0.29578578 1.         0.507283   0.004007651470601559
38 0.6256131  0.4199361  1.         0.83926165 0.003996675368398428
1 0.5644413  0.1789251  1.         0.67116547 0.003989978227764368
25 0.         0.48348755 0.5754816  0.9380514  0.003987578675150871
20 0.68629825 0.7999918  0.96958333 1.         0.003985076677054167
24 0.10329018 0.7545391  0.5344189  0.95498466 0.003949521575123072
25 0.         0.8474688  0.51039916 0.9911083  0.003941381815820932
25 0.73078257 0.43757823 1.         0.75454926 0.003939999267458916
24 0.72981924 0.8059419  1.         1.         0.00391881400719285
37 0.29540423 0.84934735 0.85906833 0.9942448  0.0038994248025119305
1 0.5385178  0.10939547 0.8991029  0.52734935 0.003849283792078495
1 0.13630529 0.05448965 1.         0.8821732  0.003845121478661895
22 0.22506498 0.5141727  0.81832075 0.79038507 0.003805919550359249
38 0.14773677 0.79539585 1.         0.9758918  0.0037844928447157145
40 0.43669423 0.06154727 1.         0.82780325 0.0037183219101279974
20 0.35454386 0.5621116  0.7639947  0.8286095  0.0036968181375414133
24 0.66161317 0.27056977 0.9203047  0.64093465 0.0036944944877177477
24 0.6176483  0.15913516 0.99669486 0.39180398 0.0036746205296367407
20 0.38780203 0.59305394 0.70187503 0.9323508  0.0036615754943341017
40 0.37565833 0.2827049  0.84120834 0.6767165  0.0036533200182020664
10 0.5935838  0.         1.         0.76304024 0.003650432452559471
6 0.01519772 0.76865053 0.3047249  1.         0.003644729731604457
14 0.35853916 0.7651609  1.         1.         0.0036144652403891087
20 0.7251724  0.71007997 0.9498628  1.         0.0036075979005545378
24 0.09721909 0.27887237 0.59029096 0.4269979  0.0035987982992082834
41 0.00818507 0.16765626 0.6005277  0.51894534 0.0035838165786117315
24 0.06487773 0.4295127  0.6554808  0.74913126 0.0035789497196674347
13 0.         0.7097741  0.37899065 1.         0.0035772875417023897
25 0.         0.20241359 0.5081578  0.76287353 0.0035654131788760424
1 0.36632273 0.11047385 0.8127929  0.531017   0.0035580622497946024
35 0.31419244 0.5394519  0.8061752  0.8030879  0.0035242638550698757
41 0.76217765 0.04933192 1.         0.48602727 0.003522190498188138
35 0.5324259 0.4778892 1.        0.7845132 0.00351155549287796
1 0.30668902 0.28411242 0.8875574  0.6315631  0.0034816020634025335
40 0.28901193 0.0953979  0.9759015  0.6108814  0.003480413230136037
28 0.8085938  0.4227907  0.9924024  0.98651564 0.0034724303986877203
1 0.40624622 0.26700047 0.9567193  0.71359724 0.0034329425543546677
10 0.73697484 0.         1.         0.18851121 0.0034033842384815216
24 0.8504538  0.408752   0.99323165 0.8042694  0.003376756561920047
14 0.0052376  0.8613756  0.73876405 1.         0.0033439425751566887
25 0.79623616 0.26794332 1.         0.68689466 0.0033403136767446995
1 0.51213056 0.13032651 0.80694175 0.6820684  0.0033215289004147053
25 0.24118318 0.         1.         0.6317928  0.003293990157544613
24 0.28279623 0.81534964 0.81920016 0.9866436  0.00326652848161757
37 0.48330817 0.7322375  1.         1.         0.0032591032795608044
24 0.18374503 0.20339459 0.6689246  0.43668464 0.003247524844482541
10 0.47850007 0.34461713 0.96035695 0.6976292  0.0032306599896401167
25 0.64818907 0.37161255 1.         0.71407545 0.003205996472388506
24 0.02868102 0.7264648  0.30393302 0.92597395 0.0032054928597062826
35 0.07072701 0.79274434 0.26347053 0.9904115  0.003203516360372305
28 0.4577692 0.5153267 1.        0.8111783 0.0031911456026136875
25 0.15370382 0.7126809  1.         1.         0.0031908040400594473
5 0.         0.19272386 0.76429415 1.         0.0031745429150760174
24 0.08449678 0.65682364 0.46714112 0.892569   0.0031733429059386253
24 0.17170578 0.70396376 0.8242716  0.95915985 0.003160137450322509
28 0.28663632 0.734722   1.         0.95559704 0.003160086227580905
5 0.17567253 0.27004406 0.8461021  0.7243859  0.003143176669254899
27 0.85109395 0.9194438  1.         1.         0.0031380881555378437
27 0.00133687 0.47877428 0.44982076 0.8286388  0.0031225711572915316
24 0.25653183 0.6899733  0.53253514 0.9710669  0.0030978729482740164
