1 0.2193453  0.22389257 1.         0.8163638  0.2020682692527771
1 0.20215577 0.34254217 0.91148096 0.7260524  0.17704090476036072
1 0.21832299 0.42144862 0.80937135 0.8230017  0.16739757359027863
1 0.06156637 0.09487643 1.         0.7865433  0.1434459537267685
1 0.33217207 0.30366513 0.7625348  0.88883203 0.11556980013847351
1 0.34058604 0.50065154 0.7530431  1.         0.08529049903154373
24 0.9093874  0.38942844 0.99184877 0.4667975  0.08013801276683807
24 0.9099521  0.36222625 0.99168    0.44075724 0.07773691415786743
38 0.         0.02851457 0.7002966  0.36650863 0.07652129232883453
24 0.9300007  0.37677798 0.9957785  0.4823349  0.07303941994905472
24 0.93012595 0.3497156  0.99520105 0.4567057  0.06912882626056671
38 0.         0.02341583 1.         0.31618232 0.06859733909368515
10 0.05299736 0.650245   0.8189933  0.9800751  0.06485073268413544
1 0.38830104 0.170127   0.8210275  0.749613   0.06474512815475464
24 0.84168804 0.14004317 0.99179405 0.28607804 0.06260652095079422
24 0.9108359  0.33586395 0.99232495 0.41512057 0.06158231943845749
1 0.17085241 0.5103901  0.93629783 0.87444013 0.060171570628881454
38 0.         0.04695826 0.39807782 0.4086351  0.052584338933229446
24 0.838209   0.35499555 0.9938667  0.5056037  0.05068067088723183
10 0.20145836 0.6856089  0.94204694 1.         0.05046810582280159
1 0.361175   0.2605072  0.99590516 0.6760305  0.049962904304265976
24 0.880775   0.27897087 0.99130374 0.48113516 0.049440592527389526
1 0.2456968  0.6016966  0.81972903 0.9905899  0.0481407456099987
24 0.8414727  0.30292502 0.9863262  0.45022875 0.04710795730352402
24 0.77235806 0.04137034 0.98324263 0.4509719  0.04659457877278328
1 0.39947766 0.5569038  0.94156575 0.94189376 0.04555743932723999
24 0.9095604  0.41602096 0.99279606 0.49457332 0.04546022787690163
24 0.82997733 0.0198424  0.9942146  0.2974059  0.04539157450199127
38 0.         0.04025022 0.3409518  0.29786205 0.04426504671573639
24 0.8422039  0.08822041 0.992671   0.23473531 0.0423661544919014
24 0.9295061  0.40332925 0.99658686 0.5112277  0.04114473611116409
38 0.6170841  0.01356428 1.         0.32695448 0.04035227745771408
38 0.6517746  0.07348863 1.         0.43202606 0.03968885540962219
38 0.01339953 0.08261935 0.26749086 0.45284313 0.03885793685913086
24 0.9304821  0.1623753  0.99431634 0.2653344  0.03880663216114044
24 0.84075356 0.03528512 0.9928755  0.18137373 0.03876654431223869
28 0.         0.0606517  0.24007685 0.43518358 0.03861274942755699
24 0.9298647  0.18891004 0.9940106  0.29246402 0.03841118887066841
24 0.8399058  0.19163927 0.9890125  0.33697268 0.037576787173748016
38 0.34528065 0.03192069 1.         0.40809545 0.03715698793530464
24 0.9087887  0.14621702 0.993726   0.44175944 0.03668413311243057
24 0.91103846 0.22839387 0.9964832  0.531862   0.03657154366374016
24 0.91032726 0.174947   0.99237704 0.25023612 0.03635172173380852
24 0.83480686 0.00982471 0.99611074 0.12981296 0.03594081848859787
24 0.93171847 0.2961868  0.9944884  0.40552855 0.035801853984594345
24 0.90978223 0.20125845 0.99123365 0.27688596 0.03560241684317589
28 0.         0.03185846 0.3124745  0.27103215 0.035336241126060486
28 0.         0.02632458 0.9429469  0.2675075  0.03524792939424515
28 0.         0.02553344 0.173967   0.2897538  0.03518258035182953
24 0.8789496  0.22346406 0.9896493  0.42296165 0.034655261784791946
41 0.23447043 0.42505905 0.81324273 0.72041225 0.03465224802494049
28 0.         0.07853954 0.31285477 0.34428367 0.03452973812818527
24 0.         0.03885197 0.1409983  0.28179154 0.03443978354334831
24 0.9116051  0.30889022 0.9922399  0.38950086 0.0344000905752182
24 0.8806477  0.3287319  0.99789256 0.5444871  0.034385599195957184
38 0.2857046  0.00966361 1.         0.15915057 0.0341421477496624
24 0.6976033  0.0880934  0.97090113 0.40006995 0.03258240595459938
24 0.8778273  0.11603425 0.9931174  0.31214347 0.03217658773064613
24 0.4314126  0.29409492 0.6905034  0.8561548  0.03138221800327301
24 0.8765824 0.1667584 0.9932706 0.3673362 0.031119074672460556
24 0.77281314 0.01333179 0.9900936  0.21201976 0.03094436414539814
24 0.8327095  0.00705883 0.99767    0.07409067 0.03090934082865715
14 0.88193023 0.26478308 0.9939739  0.50438535 0.030751537531614304
38 0.01571676 0.02828512 1.         0.49167243 0.030676770955324173
24 0.93101645 0.13623855 0.99464357 0.23820156 0.03035583533346653
24 0.92971194 0.21582703 0.994032   0.3199622  0.029511231929063797
24 0.9093465  0.22857723 0.99035686 0.30406022 0.029433025047183037
38 0.923249   0.3693274  1.         0.47767112 0.029373524710536003
28 0.         0.04046902 0.61736006 0.31296605 0.029260285198688507
24 0.9109608  0.14910614 0.99316317 0.2235984  0.029192708432674408
24 0.9490197  0.0036703  0.9984482  0.07935999 0.02894611284136772
38 0.         0.02912799 0.3940184  0.213172   0.028481626883149147
38 0.8169257  0.1328705  1.         0.28541753 0.028470851480960846
28 0.         0.02556661 0.43618277 0.37239695 0.027752986177802086
14 0.9094268  0.38601094 0.99396336 0.47415152 0.027630235999822617
40 0.03941851 0.25588652 0.8016803  0.8230829  0.02712390013039112
24 0.69290465 0.1660535  0.9727541  0.4970502  0.027096299454569817
24 0.9064456  0.01196981 0.9960243  0.30548716 0.02706979028880596
38 0.4647049  0.0067701  1.         0.21454403 0.026381896808743477
24 0.843752   0.2489219  0.98625034 0.39383197 0.025797929614782333
28 0.91015136 0.36206517 0.999588   0.43613294 0.02561795897781849
27 0.         0.19668633 1.         0.7235083  0.025420578196644783
14 0.8402982  0.2970104  0.99466807 0.46671236 0.02536328136920929
28 0.90980184 0.38666248 0.9987909  0.46169645 0.0250738225877285
28 0.00061363 0.02662773 0.23176995 0.2066995  0.02494370937347412
14 0.90846246 0.35930204 0.9944616  0.44765112 0.024920083582401276
14 0.92961997 0.37414137 0.99621683 0.49103242 0.02462090365588665
24 0.87570435 0.01045929 0.9957646  0.1063097  0.02461070939898491
24 0.64697564 0.02603127 0.95171803 0.29560962 0.0242376159876585
34 0.36294264 0.3679554  0.8487301  0.69367284 0.024102041497826576
24 0.8756568  0.01077012 0.99678797 0.20819412 0.02409176342189312
24 0.90831107 0.00727395 0.9970245  0.14544807 0.024068212136626244
38 0.80782866 0.00192314 1.         0.2863708  0.024065690115094185
20 0.24172163 0.31367    0.8116266  0.5572339  0.024049101397395134
38 0.9019447  0.35889345 1.         0.44062307 0.02394443191587925
38 0.07342102 0.0119399  0.65413976 0.22769552 0.023705217987298965
38 0.2675617  0.02446009 0.67455107 0.33752736 0.02361493743956089
24 0.55039555 0.01479381 0.99669814 0.15446457 0.023577746003866196
24 0.6375791  0.01197282 0.9989972  0.2110237  0.023459387943148613
1 0.37520596 0.44149345 0.8340393  0.90945816 0.02326361835002899
14 0.9086539  0.33322367 0.9947387  0.4221573  0.022884735837578773
4 0.0044839  0.5600352  0.86502445 1.         0.02251509390771389
14 0.9116798  0.41348958 0.99337596 0.5015736  0.022149303928017616
24 0.9304531  0.00478296 1.         0.05134252 0.02187427319586277
24 0.9304903  0.24160531 0.9944574  0.3493633  0.02174943871796131
24 0.42058274 0.31088132 0.83178425 0.81761694 0.021735072135925293
28 0.         0.14722866 0.30341822 0.4040536  0.021618792787194252
1 0.37093392 0.67244565 0.9671456  0.99891573 0.02152836322784424
1 0.         0.37630525 0.8015098  0.7933139  0.021303288638591766
14 0.8408505  0.34909332 0.99461085 0.52125716 0.02113472670316696
38 0.00436548 0.16926779 0.3732694  0.45186856 0.021119218319654465
38 0.         0.03891617 0.6040562  0.5395489  0.021048367023468018
1 0.         0.06406059 0.7871141  0.6636283  0.0210300050675869
14 0.6239668  0.12479886 0.9680921  0.42965811 0.02073134295642376
38 0.         0.01788838 0.5475567  0.16177684 0.020627742633223534
24 0.91012424 0.25516713 0.9906685  0.3323616  0.02061096578836441
24 0.9312508  0.1102945  0.9948255  0.21102548 0.02039453200995922
24 0.91100276 0.12306307 0.99368197 0.19700144 0.020274801179766655
24 0.9112727  0.28149813 0.99113256 0.36198556 0.020154766738414764
24 0.00194361 0.24654964 0.13954769 0.38253644 0.02014053240418434
24 0.         0.02222796 0.20773779 0.20312282 0.019782382994890213
41 0.43393186 0.29904962 0.6878772  0.86835134 0.019482027739286423
14 0.53141534 0.06595537 0.8657049  0.34493455 0.019451208412647247
24 0.         0.02890303 0.27904308 0.27370328 0.019389623776078224
28 0.9282412  0.18760292 1.         0.28494653 0.019349785521626472
28 0.8301175  0.13550095 1.         0.2847573  0.019325686618685722
38 0.         0.05152574 0.18112507 0.27902666 0.019307920709252357
14 0.9286664  0.32097536 0.9967145  0.43888184 0.01929720863699913
14 0.9111617  0.3074181  0.9937838  0.39595047 0.01907728798687458
24 0.00424547 0.07244239 0.20925744 0.4646993  0.019013846293091774
38 0.00976672 0.00882208 0.8107504  0.16659808 0.01897132769227028
14 0.11296621 0.09008303 0.9646453  0.379481   0.018855946138501167
24 0.         0.00890047 0.48832753 0.15278687 0.01880362257361412
28 0.90646386 0.13490587 1.         0.42425108 0.018690479919314384
34 0.19391157 0.31274396 0.8780173  0.6008245  0.018656475469470024
38 0.9211981  0.18414313 1.         0.2894328  0.018641531467437744
41 0.329824   0.33853334 0.75277936 0.77376336 0.01860048808157444
28 0.         0.02326595 0.31229818 0.15100044 0.018594792112708092
24 0.         0.01682539 0.33862305 0.19700198 0.018296871334314346
18 0.2902954 0.5050664 0.9561782 1.        0.01803852990269661
28 0.9284944  0.16246736 1.         0.2604924  0.01797564886510372
24 0.36879322 0.10616674 0.92432195 0.9002596  0.017906706780195236
24 0.02949661 0.03047782 0.92716736 0.2785656  0.017903873696923256
41 0.18395959 0.53155476 0.7640439  0.75622714 0.017864707857370377
28 0.82329154 0.02030675 1.         0.41553122 0.017763888463377953
24 0.911531   0.44092408 0.9947429  0.52505964 0.01766495779156685
14 0.00968385 0.17563044 0.2785705  0.4782693  0.01762893609702587
38 0.9006887  0.33309603 1.         0.41340515 0.0176202692091465
24 0.91069835 0.00358747 0.9997413  0.03616357 0.017516562715172768
28 0.8351208  0.34437004 0.9988531  0.49062726 0.017426257953047752
10 0.9285855  0.35259765 0.99454826 0.45460233 0.01740497350692749
38 0.43137848 0.02285081 0.840033   0.33651474 0.017358053475618362
28 0.90904033 0.3365531  1.         0.41011456 0.01732625998556614
28 0.39648962 0.01164274 1.         0.1490605  0.01732320711016655
24 0.         0.0805321  0.27080238 0.35121948 0.017206624150276184
21 0.05997714 0.5383924  0.75908023 0.9234406  0.01719801314175129
28 0.02292109 0.02732549 0.49422124 0.20456198 0.01699981279671192
38 0.7346292  0.00589383 1.         0.20991606 0.01683102734386921
14 0.91424626 0.21094894 0.9946993  0.5571466  0.01674310490489006
10 0.9283474  0.3260635  0.9944302  0.42945838 0.01665792614221573
38 0.8650649  0.256011   1.         0.47252804 0.016609368845820427
28 0.87424684 0.2635119  0.9997007  0.46775874 0.01656617969274521
27 0.38859296 0.21200821 0.78800094 0.91212994 0.01640738919377327
21 0.         0.338403   0.8379159  0.91220176 0.016396161168813705
14 0.53385985 0.17551757 0.9248291  0.48487824 0.01639459654688835
38 0.81895417 0.18192258 1.         0.33477563 0.01631453074514866
24 0.0047409  0.3009286  0.1414891  0.43524954 0.016281701624393463
10 0.9097635  0.33625248 0.9904982  0.41620877 0.016079401597380638
38 0.         0.02285946 0.34176973 0.15117481 0.016075756400823593
24 0.93088514 0.05769291 0.99430573 0.15745793 0.01606561616063118
34 0.        0.2570037 0.9492556 0.6777404 0.016061853617429733
24 0.33937055 0.35244092 0.73023164 0.7797155  0.01574619673192501
1 0.4803353  0.02086642 1.         0.72462606 0.015727574005723
28 0.87194747 0.10150032 1.         0.3051071  0.015690244734287262
14 0.         0.10306921 0.28142363 0.4000095  0.015673963353037834
38 0.90339977 0.40973213 1.         0.49093425 0.01562625728547573
38 0.0443779  0.23641104 1.         0.6286128  0.015519713051617146
24 0.02306407 0.18198055 0.8722541  0.76609516 0.015440207906067371
10 0.92916274 0.3793257  0.9946929  0.48126465 0.015437853522598743
14 0.         0.05588462 0.9239376  0.32375032 0.015364356338977814
38 0.8992083 0.1985021 1.        0.5077975 0.015363059006631374
5 0.         0.09721245 1.         0.70888203 0.015038084238767624
14 0.9139529  0.28070718 0.99252445 0.3677369  0.015032432973384857
24 0.         0.01087846 0.14851192 0.07215514 0.01500996295362711
38 0.89873326 0.1215756  1.         0.42573753 0.014963130466639996
24 0.93118554 0.08419193 0.994645   0.18428494 0.014916611835360527
14 0.9127492  0.22831625 0.9931249  0.31143653 0.01486941333860159
22 0.9093541  0.38664263 0.9982654  0.4574638  0.014866993762552738
38 0.8958492 0.        1.        0.2852139 0.014857575297355652
27 0.15024213 0.04628614 0.9918657  0.77855736 0.014824103564023972
28 0.87201244 0.15339513 1.         0.35634562 0.014700681902468204
38 0.59233636 0.14143969 1.         0.5079049  0.014695839956402779
38 0.8220604  0.3448009  1.         0.49524954 0.01469147764146328
14 0.9325079  0.2155329  0.99587494 0.32734385 0.014689899981021881
14 0.9144933  0.25415048 0.9926409  0.3393439  0.014612618833780289
41 0.26406747 0.69610137 0.8244875  0.9719572  0.014566609635949135
38 0.2546303  0.00593395 0.8213618  0.22078243 0.014548257924616337
24 0.91069824 0.09693188 0.9935289  0.17030425 0.014471775852143764
38 0.29984596 0.30598482 0.94183385 0.60508394 0.014350746758282185
24 0.9312593  0.42863414 0.9975534  0.54340595 0.014333326369524002
19 0.94941854 0.         0.9870915  0.08453051 0.014227496460080147
20 0.21093333 0.11209867 0.7699537  0.5486305  0.014165009371936321
38 0.8998145  0.22273415 1.         0.30314738 0.014145380817353725
27 0.02948476 0.03062799 0.88737905 0.28891155 0.014141269959509373
28 0.9089633  0.01158182 1.         0.28849706 0.014120209030807018
28 0.7651228  0.02142269 1.         0.30608028 0.014104446396231651
28 0.9070102  0.22418298 1.         0.30050352 0.01402818039059639
24 0.13197538 0.01043961 0.74523604 0.14938942 0.013955943286418915
24 0.57250255 0.03674398 0.88419354 0.3012707  0.013931887224316597
28 0.84350944 0.01034968 0.99797475 0.12304629 0.013916170224547386
41 0.13946925 0.45610204 0.9027891  0.8611662  0.013884935528039932
27 0.8281693  0.35678244 0.99112666 0.5068918  0.013871051371097565
29 0.1762644  0.25408274 0.85650635 0.7860483  0.013860209845006466
14 0.9303527  0.18882221 0.9966959  0.30103412 0.013856802135705948
4 0.        0.4063031 1.        1.        0.013816824182868004
38 0.8165877  0.07955433 1.         0.23489243 0.013724355027079582
38 0.89847475 0.17284313 1.         0.25091174 0.013584349304437637
24 0.04792844 0.02877033 0.57493246 0.32365662 0.013552368618547916
7 0.         0.15805125 1.         0.75923467 0.01355044450610876
27 0.90914685 0.36601165 0.9939644  0.43416235 0.013531756587326527
41 0.        0.619356  0.9332233 0.9549383 0.013432394713163376
1 0.1766692  0.5632396  0.7118564  0.91172457 0.013426728546619415
10 0.14479297 0.61627716 0.7823038  0.89928174 0.013420392759144306
28 0.8736569  0.20741715 1.         0.41723597 0.013269851915538311
14 0.         0.06809294 0.5976486  0.36137223 0.01326525304466486
29 0.22990485 0.46439597 0.8852389  0.92317057 0.013197624124586582
27 0.91033846 0.33952156 0.9940128  0.4082951  0.013142676092684269
10 0.19226253 0.45381075 0.9102989  1.         0.013137317262589931
28 0.83092386 0.18501295 1.         0.3336177  0.013096779584884644
28 0.12767456 0.01841651 0.7480959  0.1495792  0.013029590249061584
28 0.9070466  0.21521135 0.99983656 0.4977352  0.012823131866753101
27 0.92814666 0.3816649  0.9985721  0.47471392 0.012775287963449955
28 0.92832845 0.13669601 1.         0.23572816 0.012741521932184696
38 0.8193151  0.2883511  1.         0.44680467 0.012736850418150425
28 0.82968515 0.08121263 1.         0.23469615 0.012673722580075264
27 0.9287138  0.3546337  0.99892884 0.44574693 0.012655947357416153
27 0.90774256 0.39281836 0.9935875  0.4622429  0.01263431366533041
14 0.9105819  0.20146595 0.9942507  0.28562793 0.012631966732442379
38 0.8128878  0.00332398 1.         0.12439029 0.012626775540411472
13 0.8979639  0.35940057 0.99988383 0.4381757  0.01257496140897274
14 0.9329511  0.26924005 0.9955347  0.38304883 0.012429581955075264
14 0.01346486 0.10076024 0.5508574  0.48247647 0.012360976077616215
22 0.9099471  0.3600141  0.998007   0.42932683 0.012259227223694324
34 0.15176564 0.42286932 0.8296675  0.64863694 0.012200701981782913
38 0.41552907 0.06526123 1.         0.5690257  0.01214350014925003
28 0.83534336 0.29078937 1.         0.44417685 0.012108566239476204
38 0.8185538  0.02710116 1.         0.17915118 0.012108268216252327
10 0.13402975 0.80445373 1.         1.         0.012103596702218056
28 0.54087126 0.01514611 0.97819275 0.1990266  0.01209349650889635
25 0.90821964 0.3657253  1.         0.43562922 0.011986593715846539
14 0.83810824 0.24863864 0.99358004 0.41404992 0.01197755802422762
27 0.87433624 0.27703208 0.99217725 0.4752945  0.011963685043156147
24 0.16094452 0.01143707 0.6013831  0.2003095  0.01192515529692173
28 0.835247   0.0299675  1.         0.18219323 0.011851773597300053
28 0.         0.29007065 0.16803518 0.43319476 0.011781654320657253
34 0.56916773 0.18179272 0.969962   0.46138537 0.01167850848287344
40 0.21692336 0.18777342 1.         1.         0.011640193872153759
38 0.920961   0.2895756  1.         0.39794028 0.011615770868957043
28 0.8423836  0.01014277 0.99827576 0.07151441 0.011498519219458103
28 0.         0.234939   0.1726407  0.38216674 0.011458000168204308
27 0.9302876  0.3281969  0.99845797 0.41924155 0.0114386435598135
38 0.73548526 0.08905642 1.         0.5220773  0.011428870260715485
14 0.87758243 0.16888827 0.99455    0.39723256 0.01132927555590868
27 0.0606604  0.08062264 0.791913   0.64557916 0.011326863430440426
19 0.9304811  0.         0.9828875  0.05830612 0.011313379742205143
28 0.9087255  0.4121177  0.99777883 0.4854169  0.011242137290537357
33 0.07634041 0.3079084  0.9218685  0.6284084  0.011217793449759483
38 0.63139725 0.0059469  1.         0.14554513 0.01121679786592722
25 0.9083067  0.39124262 1.         0.46390876 0.011214151047170162
14 0.01562735 0.25291523 0.27592397 0.5662928  0.011152752675116062
28 0.5443683  0.02350304 0.8979346  0.26790816 0.011123385280370712
40 0.21745837 0.29985136 0.91667086 0.78756297 0.011087789200246334
20 0.1980837  0.07494086 0.7799169  0.3085401  0.011020176112651825
38 0.8638665  0.20233442 1.         0.41622216 0.010996886529028416
40 0.         0.160741   0.57524985 0.9021144  0.010960131883621216
21 0.02873022 0.29925498 0.9050108  0.72525066 0.010935282334685326
28 0.         0.22681244 0.29075098 0.4669807  0.01087817270308733
24 0.21054126 0.05264595 0.9651165  0.33779457 0.010821515694260597
25 0.9082607  0.33925006 1.         0.40913287 0.010813247412443161
24 0.5736372  0.01548706 0.9703684  0.42501414 0.01073542982339859
18 0.19540776 0.46727794 0.78712296 1.         0.010705403983592987
34 0.57517636 0.10636979 0.9721521  0.3872826  0.010635452345013618
10 0.9293934  0.30123276 0.9939202  0.40336493 0.01063427235931158
18 0.43312296 0.5190359  1.         1.         0.010632624849677086
14 0.83211225 0.19926095 0.9940751  0.35990554 0.010610607452690601
14 0.00930292 0.0893999  0.21834905 0.5228935  0.010602711699903011
27 0.8312661  0.30271703 0.9921267  0.44823432 0.010596560314297676
14 0.73559546 0.05540087 0.9939853  0.49996442 0.01057584211230278
13 0.89973414 0.38447085 0.99730307 0.46707064 0.010559388436377048
14 0.09123861 0.11875854 0.83229697 0.6501277  0.010552751831710339
20 0.9177004  0.4216147  0.9960653  0.49253836 0.010530341416597366
27 0.9066383 0.4193223 0.9936478 0.4922401 0.010519325733184814
7 0.         0.39575556 0.99830925 0.93262035 0.01050789374858141
16 0.9104777  0.3700408  0.98715925 0.43641645 0.010495102033019066
27 0.05962512 0.04559269 0.54152995 0.33010286 0.010491692461073399
38 0.80675775 0.00516851 1.         0.07412563 0.010464445687830448
13 0.8962021  0.33350503 1.         0.4105429  0.010390621609985828
19 0.9293735  0.34537715 0.9837776  0.46061316 0.010333267040550709
20 0.9211856  0.34309256 0.9975243  0.41050813 0.010326942428946495
38 0.92184544 0.23348315 1.         0.3421355  0.01032588817179203
