21 0.3001659  0.12145223 0.9485298  0.9572795  0.4874582290649414
1 0.54170513 0.34946433 0.8986381  0.93132186 0.4646196961402893
21 0.23669943 0.31456488 0.69463867 0.7979465  0.3178958594799042
21 0.3530091  0.27103472 0.6554741  0.8769987  0.3011772334575653
21 0.02297104 0.         0.99341476 0.6915619  0.30023959279060364
1 0.45540026 0.28802383 0.80760413 0.943764   0.288696825504303
21 0.13601415 0.22105576 0.85351217 0.84933776 0.2809634208679199
1 0.40921032 0.3128295  1.         0.9304386  0.24830785393714905
24 0.         0.54793894 0.95846176 0.9558596  0.2411361038684845
24 0.19995563 0.47985372 1.         0.84622335 0.23488342761993408
34 0.05950348 0.5110182  0.94347274 0.9268046  0.21566186845302582
24 0.00852849 0.38953996 1.         0.9152698  0.20493005216121674
34 0.         0.6716622  1.         0.99569726 0.20144352316856384
24 0.25030726 0.5392037  1.         0.9622346  0.18903039395809174
24 0.         0.22548448 0.83190966 0.76170254 0.16647383570671082
24 0.41465116 0.49927282 0.8045023  0.882226   0.15644413232803345
1 0.34010857 0.44554034 1.         0.79431516 0.15482798218727112
21 0.39495182 0.29696614 0.9117626  0.7196154  0.15265561640262604
24 0.        0.6474276 0.8552516 1.        0.15214289724826813
21 0.         0.         0.8604177  0.93297434 0.14166545867919922
21 0.04251295 0.28948173 0.7235834  0.96520674 0.1385742425918579
34 0.07213796 0.24585325 0.92672867 0.8860996  0.13075053691864014
24 0.25812674 0.52921134 0.6846378  1.         0.1290830820798874
1 0.30800223 0.36454168 0.93440706 0.7250889  0.12552206218242645
1 0.06962235 0.26387176 1.         0.9451869  0.12463539093732834
34 0.26364148 0.6189624  1.         0.9800571  0.11965332925319672
24 0.23584718 0.69809324 1.         1.         0.11310886591672897
24 0.12297084 0.54749256 0.7821348  0.9206786  0.11093902587890625
1 0.13139242 0.         1.         0.7867289  0.105829618871212
21 0.5413034  0.23455267 0.9908333  0.9406513  0.1040702536702156
24 0.14828631 0.49037498 0.5940429  1.         0.10398448258638382
24 0.2646782  0.6281033  0.83942384 1.         0.10335268825292587
1 0.410538   0.40117094 0.7221532  0.9585525  0.1024523675441742
24 0.         0.06281223 0.9001758  0.37293157 0.10137241333723068
34 0.782861  0.6804628 1.        1.        0.09246274083852768
24 0.21409617 0.4990644  0.9089023  0.6925617  0.08936283737421036
21 0.5867395 0.        0.981164  0.8427371 0.08869980275630951
24 0.         0.06606275 0.5529531  0.3888558  0.08817413449287415
21 0.46438742 0.         0.9859652  0.55574465 0.08530765026807785
34 0.17665264 0.5015327  0.8398001  0.83193713 0.08438724279403687
34 0.         0.35968187 0.66077226 0.91806585 0.08360905200242996
34 0.23935293 0.46107432 0.7340674  0.952634   0.08264889568090439
41 0.66546255 0.2269345  1.         0.94059145 0.08096359670162201
9 0.         0.78611505 0.36914927 1.         0.07879948616027832
24 0.         0.83423007 0.8588336  0.9870851  0.07637438178062439
24 0.15701574 0.04224742 0.72702056 0.39922294 0.07628615945577621
21 0.3173132  0.4558116  0.93807495 0.9527959  0.07509856671094894
24 0.76569533 0.7467884  1.         1.         0.07393761724233627
24 0.25916442 0.7789806  0.9366144  1.         0.07209286093711853
24 0.51402885 0.4067054  1.         0.9727974  0.07196669280529022
1 0.5405764  0.39809537 1.         0.8373388  0.07133964449167252
34 0.3132537 0.4358259 0.9615246 0.8812418 0.07126084715127945
1 0.55675507 0.02619263 1.         0.9047192  0.06923644989728928
21 0.39402524 0.45157564 0.6574234  0.9279707  0.06908363103866577
24 0.32274902 0.48820323 0.68623376 0.9198985  0.0685655027627945
34 0.         0.14995334 0.8617827  0.7532999  0.06725259125232697
24 0.15709358 0.5378611  0.9602926  0.7652022  0.06723880022764206
34 0.32696283 0.515047   0.682374   1.         0.06631065160036087
34 0.        0.541646  0.7236674 0.9642557 0.0658305287361145
24 0.         0.83602744 0.431713   0.9864718  0.06417220830917358
24 0.48694226 0.83619666 1.         0.9902061  0.06404036283493042
24 0.36373794 0.50898874 0.8794633  0.7880772  0.06277559697628021
24 0.00340973 0.2233929  0.6227227  0.4982545  0.0606703944504261
41 0.33648106 0.5243353  1.         0.97441137 0.060651715844869614
34 0.09917043 0.45817104 0.8324328  0.74815255 0.06051319092512131
21 0.17783006 0.37507495 0.82919675 0.73221916 0.060414012521505356
24 0.17477755 0.6521757  1.         0.9465398  0.05912074074149132
24 0.00256889 0.13439761 0.65089273 0.6290438  0.058805182576179504
21 0.16096154 0.41923115 0.6562667  0.96264714 0.05801594257354736
41 0.56523    0.49128908 1.         0.99167025 0.05596737936139107
34 0.05951243 0.5182305  0.60027575 0.9127106  0.055835071951150894
21 0.4067107  0.28824347 0.78618145 0.8630526  0.05412285402417183
21 0.35171407 0.4752027  0.58690685 0.6992408  0.054052602499723434
21 0.28249213 0.2776446  0.93233114 0.60858446 0.05371134728193283
24 0.6445695  0.40041727 1.         0.8581248  0.052840691059827805
41 0.28654182 0.4549319  1.         0.7471424  0.05238047614693642
24 0.8089786  0.65227664 1.         1.         0.05197615548968315
24 0.         0.17105626 0.8650997  0.5912064  0.051232848316431046
24 0.        0.3427144 0.6011008 0.9156189 0.05021323263645172
9 0.7317706 0.6162105 0.9933539 1.        0.04871997982263565
24 0.         0.51067454 0.61207056 0.98954564 0.048553191125392914
24 0.552993  0.7685884 1.        1.        0.048486292362213135
24 0.         0.6359387  0.48937252 1.         0.04764654114842415
24 0.         0.59854186 0.7715609  0.902046   0.04762169346213341
1 0.04868454 0.         1.         0.34129226 0.04682116210460663
24 0.00705485 0.46604866 0.7455971  0.7390986  0.046599067747592926
1 0.18221594 0.49038017 0.73349065 0.91009176 0.0457727424800396
24 0.26398152 0.05315165 1.         0.4129653  0.04539671167731285
34 0.         0.03318796 0.9772002  0.42214626 0.04495871067047119
21 0.2606489  0.45312217 0.7848688  0.8245329  0.04459916427731514
24 0.47669348 0.5457773  0.99971765 0.8745088  0.04428277164697647
21 0.2506606 0.290738  0.5881494 0.9554535 0.043241892009973526
9 0.2308371  0.62384236 0.95117384 1.         0.04154950752854347
9 0.         0.5744918  0.30149674 1.         0.040368061512708664
41 0.34564537 0.43477765 0.8375837  0.9625334  0.039884328842163086
1 0.3041026  0.29015803 0.7851382  0.79579026 0.03981539607048035
1 0.46930543 0.         1.         0.74644256 0.038872841745615005
41 0.4749575  0.48476177 0.9003451  0.9845631  0.03875262290239334
34 0.32709667 0.34550232 0.6903763  0.8510834  0.037291962653398514
1 0.32535452 0.31602135 0.64264446 0.8610472  0.03677034005522728
21 0.38054022 0.48263794 0.8981309  0.83735234 0.03657953068614006
41 0.40525404 0.5688144  0.96650445 0.89916813 0.03619784116744995
34 0.2545724  0.16312335 0.97550786 0.77582824 0.035285890102386475
24 0.55481166 0.46429515 0.8914042  0.79313755 0.03514670208096504
20 0.763844   0.70685613 0.96682334 1.         0.03482494875788689
34 0.52128744 0.71195346 1.         0.9661561  0.034819088876247406
4 0.30567527 0.5983494  1.         1.         0.034171346575021744
41 0.7159105  0.73351663 1.         0.9816982  0.0337851457297802
21 0.25891793 0.11367165 0.7700455  0.6343556  0.03353961184620857
21 0.12203606 0.2492521  0.81284213 0.643788   0.03263815864920616
34 0.8297278 0.7782527 1.        1.        0.03233741223812103
21 0.5554856  0.63469577 0.96048933 0.98327976 0.032190363854169846
41 0.27295348 0.47919774 0.69801456 1.         0.03216535970568657
24 0.06155324 0.28797933 0.61884236 0.6758829  0.03203320875763893
1 0.03186437 0.43000793 0.8596489  0.9261611  0.03190839663147926
9 0.20990488 0.3972104  0.55238414 1.         0.031866177916526794
21 0.04228653 0.         0.5720327  0.42175496 0.031790800392627716
24 0.81844383 0.494687   1.         1.         0.03177957236766815
41 0.37937436 0.519829   0.7432631  0.9953764  0.0317084863781929
34 0.08622556 0.4164973  0.6520575  0.8504788  0.03132016956806183
24 0.22345223 0.09788353 0.61947083 0.580196   0.03130267187952995
24 0.         0.40970135 0.31467387 0.92560834 0.03115943633019924
21 0.671326  0.6849628 0.9545289 0.9900626 0.030922885984182358
9 0.        0.6152983 1.        0.9943673 0.030331579968333244
24 0.69065595 0.8324869  1.         0.9797533  0.03024965524673462
24 0.08496417 0.08039352 0.42785433 0.3617444  0.03010564297437668
7 0.54121286 0.3694497  0.9047629  1.         0.029961269348859787
24 0.23001303 0.45224285 0.77020895 0.7811358  0.029625050723552704
21 0.36077154 0.15718001 0.9489651  0.57936203 0.0291669350117445
41 0.50217646 0.4635335  1.         0.81257516 0.028919273987412453
21 0.00086296 0.1244991  0.6799274  0.8475047  0.028781956061720848
21 0.08027492 0.5652888  0.9463678  0.9774694  0.028712762519717216
1 0.09221105 0.5521357  1.         0.9181557  0.02845766209065914
41 0.         0.48406097 1.         1.         0.028171775862574577
34 0.07490156 0.77176976 0.9049335  0.99451786 0.027938561514019966
34 0.         0.03820114 0.53973484 0.42934597 0.027649592608213425
24 0.05250366 0.17934994 0.5195669  0.40780935 0.027596881613135338
21 0.575759   0.21781988 0.9238681  0.7621944  0.027455244213342667
33 0.32704693 0.64791363 0.97585166 0.9687123  0.027145743370056152
24 0.12767059 0.27362546 0.49962765 0.75147617 0.026797788217663765
1 0.58624667 0.21212314 0.86012536 0.8472792  0.02651800401508808
24 0.        0.7764309 0.5264092 0.9832255 0.026349307969212532
41 0.1495044  0.47918102 0.9712906  0.8088082  0.02618752047419548
24 0.04632062 0.3912929  0.8114378  0.63100463 0.026180792599916458
41 0.20109054 0.24685855 1.         0.90783024 0.02608521655201912
24 0.11545866 0.3512091  0.7398484  0.714887   0.025899678468704224
21 0.74756306 0.58167434 0.95893496 1.         0.02499622106552124
24 0.3743099  0.2917938  1.         0.83486104 0.024856874719262123
34 0.24869198 0.39769685 0.5729242  0.9070778  0.024559544399380684
24 0.6577734  0.69747704 0.9780335  1.         0.023896474391222
24 0.50619304 0.0287221  1.         0.32540908 0.023850245401263237
24 0.13566013 0.1845222  0.8337527  0.4715442  0.023843877017498016
41 0.4293332 0.6544452 1.        0.979302  0.023791475221514702
24 0.26573437 0.15262502 1.         0.60753685 0.023677974939346313
24 0.10109154 0.77058715 0.7393079  1.         0.023455733433365822
24 0.09729742 0.32839224 0.86521304 0.5832715  0.023414578288793564
34 0.44486207 0.7710855  0.9820558  0.9773808  0.02338423579931259
24 0.863682  0.7700968 1.        1.        0.022890325635671616
10 0.47092688 0.09747335 1.         0.9255388  0.022640002891421318
41 0.77150106 0.6567014  1.         0.9985039  0.02247641049325466
10 0.3115879  0.41824448 0.69990575 1.         0.022311996668577194
1 0.1472756 0.        0.9126288 0.3396556 0.022259540855884552
1 0.66344005 0.2210282  1.         0.8921568  0.02221323363482952
41 0.02493973 0.01003517 0.682467   0.52020144 0.02207539603114128
41 0.4304304  0.16048841 1.         0.7696556  0.021762259304523468
21 0.46593782 0.23233129 0.9809711  0.6566704  0.021746912971138954
1 0.14368579 0.         0.847177   0.5104531  0.021678036078810692
24 0.         0.04535659 0.48956758 0.2923908  0.021327877417206764
24 0.6361436 0.5280793 1.        0.9414946 0.0208984836935997
9 0.         0.40441892 0.55761874 1.         0.020865648984909058
21 0.05783257 0.         0.6084895  0.70980406 0.020853061228990555
24 0.10880996 0.6239706  0.5167204  1.         0.02073020488023758
9 0.        0.        0.5422647 0.4575828 0.020670760422945023
33 0.05220309 0.50992477 0.87913513 0.91436243 0.020601514726877213
24 0.6894697 0.6219908 1.        1.        0.020330939441919327
21 0.43461543 0.75983393 0.9624215  0.97997236 0.02022499591112137
21 0.06911433 0.         0.84097755 0.37328753 0.020160580053925514
34 0.03331324 0.03231181 0.98543096 0.30634004 0.020111555233597755
20 0.6430823  0.65670854 0.9463688  0.98768294 0.019987154752016068
24 0.         0.64008415 0.32328644 0.981018   0.019969221204519272
1 0.26383507 0.         0.75550306 0.36770606 0.019849739968776703
10 0.6049477 0.0393776 1.        0.8318994 0.01954025775194168
10 0.2003331  0.12955914 1.         0.8300058  0.019167404621839523
1 0.5091167  0.19885391 0.9915214  0.77436024 0.01879737339913845
1 0.06742587 0.05867401 0.5675682  0.5478137  0.018725622445344925
41 0.5279011  0.07896759 1.         0.661309   0.018698781728744507
1 0.19576302 0.2942357  0.6941429  0.74096    0.018334897235035896
4 0.5725084  0.31765988 1.         1.         0.018301714211702347
9 0.         0.45272726 0.8054079  0.94345206 0.01826484501361847
34 0.18229035 0.47471428 0.5378712  0.9528706  0.01824800856411457
41 0.677156  0.5680874 0.9788651 0.8788138 0.018157117068767548
1 0.75569594 0.5022335  1.         0.9404114  0.01800903119146824
1 0.24755535 0.39093888 0.5307114  0.8962327  0.01792101003229618
34 0.         0.40716192 0.66966605 0.727917   0.017858564853668213
34 0.         0.8130757  0.63704985 0.99540085 0.017662031576037407
4 0.13368952 0.2735833  1.         1.         0.01764274761080742
41 0.5851484  0.76893204 1.         1.         0.017611991614103317
24 0.        0.4808756 0.3793162 1.        0.017456285655498505
24 0.1893686 0.3188665 0.5519776 0.8191489 0.017257986590266228
1 0.06634646 0.5603351  0.6427871  0.95014733 0.017224246636033058
24 0.52077633 0.50780874 1.         0.796672   0.01713614910840988
1 0.03870009 0.8102139  0.34640855 0.96288323 0.017123032361268997
33 0.07629878 0.0616369  0.5899071  0.40407375 0.017114410176873207
20 0.6724454  0.790417   0.95077723 0.9903063  0.017033498734235764
7 0.6350839  0.10985474 0.9133053  1.         0.016929809004068375
33 0.35485393 0.5995143  0.68496287 0.9566984  0.016897650435566902
34 0.         0.72794354 0.70332813 0.99842185 0.016879592090845108
18 0.33916423 0.2806692  1.         0.6619744  0.016873952001333237
24 0.3304043  0.03774241 0.95359075 0.3153944  0.01666000671684742
33 0.40943235 0.48123303 0.9882838  0.89303243 0.016615988686680794
41 0.69382197 0.4622391  1.         0.92688125 0.016383787617087364
40 0.25745076 0.3139962  1.         1.         0.016194157302379608
1 0.00181157 0.         0.651405   0.32060775 0.016164416447281837
20 0.58542514 0.7602226  0.9279657  1.         0.01593644544482231
1 0.2936723  0.         1.         0.26599324 0.01578596606850624
1 0.33918494 0.         1.         0.5256693  0.01574346050620079
24 0.24371214 0.43155244 0.8726523  0.61323446 0.015709536150097847
18 0.40111557 0.46159434 0.71941423 1.         0.01543188001960516
20 0.20499459 0.6504468  0.8839239  1.         0.015284906141459942
18 0.24921113 0.04834137 1.         0.5103348  0.015259121544659138
10 0.55922276 0.28398776 1.         0.9556349  0.015156124718487263
1 0.14155248 0.41909465 0.7403016  0.77565247 0.01509190071374178
24 0.05224002 0.15188661 0.7686816  0.40072438 0.014980428852140903
4 0.27387673 0.5344338  1.         0.91605103 0.01491845864802599
18 0.4324412  0.         1.         0.70297974 0.014910288155078888
24 0.27713677 0.37561947 0.8374973  0.6844935  0.014866617508232594
10 0.52568126 0.01270508 1.         0.6447861  0.014840599149465561
34 0.4420693  0.0222713  1.         0.31119326 0.014564535580575466
9 0.04527761 0.47006154 0.5365586  1.         0.014526053331792355
21 0.23272485 0.7055484  0.86705995 0.9693915  0.01444762758910656
1 0.08262782 0.77279717 0.6818032  0.9738083  0.014443540945649147
4 0.4321342 0.5292663 0.8283185 1.        0.014329912140965462
41 0.1629257  0.5292265  0.82097983 0.9732306  0.014320194721221924
4 0.16409925 0.525428   0.7760555  1.         0.01432010903954506
33 0.10522049 0.06418517 0.9878593  0.39870676 0.014303863979876041
24 0.         0.08679035 0.44342098 0.47708976 0.014298458583652973
24 0.8381532 0.9052416 1.        0.9950835 0.014178290031850338
4 0.30374265 0.45180055 0.6810113  1.         0.014170096255838871
24 0.94628   0.8997281 1.        1.        0.014045079238712788
18 0.16145478 0.         1.         0.66062504 0.013993880711495876
24 0.         0.47867337 0.504177   0.7637998  0.01396195963025093
34 0.         0.6353704  0.41363597 0.9953679  0.0138383898884058
34 0.         0.56726503 0.5833047  0.8624146  0.013567263260483742
41 0.11895996 0.00471029 1.         0.49550146 0.013442842289805412
1 0.07631892 0.         0.7884043  0.6710704  0.01341919880360365
9 0.         0.08040757 0.6107389  0.87061626 0.013279588893055916
21 0.307137   0.         1.         0.40213862 0.013242486864328384
1 0.40679342 0.         0.94096744 0.35320258 0.013111134059727192
9 0.5016625  0.65357625 0.98806196 1.         0.013045798055827618
1 0.176618   0.22989462 0.9025047  0.6283181  0.013023363426327705
24 0.00206343 0.06941147 0.3230993  0.3850087  0.012919812463223934
24 0.7591314  0.5252678  1.         0.89990246 0.012865418568253517
9 0.         0.02102046 0.8123476  0.35688844 0.012724440544843674
2 0.021176   0.36920294 0.96496135 0.9647968  0.012695143930613995
24 0.         0.17192966 0.4943603  0.74256694 0.01260372158139944
24 0.10561239 0.21764952 0.43273595 0.6464101  0.012438301928341389
7 0.34706935 0.26994213 0.9249561  1.         0.012301617302000523
1 0.37387607 0.15430413 0.89922965 0.6899781  0.01228339597582817
24 0.         0.22046903 0.3051675  0.71501    0.012251798063516617
25 0.14862788 0.27481595 1.         0.8087117  0.012204599566757679
24 0.9024828 0.8082671 1.        1.        0.012151460163295269
18 0.2666009  0.35041997 0.7852965  0.7646186  0.012039023451507092
34 0.1312377  0.01450785 0.7233564  0.4347631  0.011974544264376163
24 0.48496613 0.4413036  0.9597143  0.7176059  0.011969750747084618
24 0.         0.32023233 0.58772385 0.5781542  0.011794749647378922
33 0.02230141 0.0757086  0.80774385 0.33214548 0.01176771242171526
10 0.63691485 0.70437676 1.         1.         0.011739951558411121
10 0.07521233 0.03712257 0.63432986 0.48058838 0.011562974192202091
1 0.02019908 0.69953483 0.60031134 0.969456   0.011546481400728226
24 0.07688828 0.02961914 0.87132406 0.2762336  0.011510668322443962
1 0.15069726 0.04773426 0.78129184 0.42871517 0.011505868285894394
33 0.05739627 0.62084556 0.7004183  0.9258428  0.01142007578164339
25 0.9469371  0.91016716 0.99876    0.99306816 0.011417974717915058
21 0.25356475 0.         0.7639333  0.429315   0.01136066485196352
10 0.38507438 0.31567013 0.73201406 0.9265806  0.011304309591650963
2 0.08740916 0.         1.         0.38601318 0.011301125399768353
34 0.2724731  0.00806388 0.8977757  0.42015535 0.01129392720758915
34 0.11697098 0.0819664  0.9123165  0.5621671  0.011253425851464272
34 0.         0.08309596 0.7108016  0.5889204  0.011249352246522903
10 0.5556967 0.7920355 1.        1.        0.011179979890584946
2 0.1758075  0.         0.89330363 0.78717333 0.011073721572756767
34 0.06039894 0.27382064 0.6397035  0.740771   0.010954855009913445
21 0.03632062 0.         0.35022444 0.41894603 0.010925456881523132
24 0.43358135 0.10512742 0.993744   0.48322073 0.010873191989958286
7 0.21475302 0.5656595  0.8694972  1.         0.010826090350747108
9 0.09367185 0.36680546 0.57604694 0.78076    0.010798314586281776
41 0.68049985 0.03289327 1.         0.59970796 0.010781725868582726
21 0.02408197 0.78002745 0.43820065 0.998731   0.010722658596932888
9 0.18016249 0.343628   0.8276822  0.99128217 0.010653355158865452
34 0.22544734 0.4139551  0.8699211  0.6750412  0.010588889010250568
41 0.0903305  0.19051895 0.72073436 0.58329755 0.010585025884211063
18 0.14660922 0.2583441  0.97877425 0.78667724 0.010448316112160683
4 0.01892916 0.08630567 0.67739534 0.9329986  0.010439973324537277
21 0.5238582  0.         1.         0.34552786 0.01041601225733757
21 0.5616333  0.21683724 0.9588959  0.5159169  0.010409409180283546
4 0.040212  0.3793692 0.9095372 1.        0.010398759506642818
21 0.5580951 0.2926694 0.9843456 0.5724972 0.010340762324631214
33 0.34433174 0.3359953  1.         0.9309033  0.010295833460986614
20 0.38587868 0.7883458  0.8776976  1.         0.010263551026582718
24 0.5830105  0.04716494 1.         0.44120413 0.010233178734779358
