9 0.         0.35471645 0.36190692 1.         0.6482912302017212
9 0.         0.36569628 0.2629495  1.         0.6308909058570862
9 0.         0.45356122 0.339436   1.         0.48707613348960876
37 0.5280615 0.7612796 0.9999391 0.9903105 0.1532766968011856
37 0.64165974 0.8155906  1.         0.9791608  0.1438462734222412
37 0.3324926  0.38886964 0.9713339  0.9726431  0.13813874125480652
9 0.         0.43315676 0.47747773 1.         0.13300059735774994
9 0.         0.38612232 0.6736405  1.         0.12269707024097443
37 0.74741465 0.41719326 1.         0.784668   0.11775169521570206
37 0.8173751  0.32469916 1.         0.794299   0.10464644432067871
37 0.5697029  0.45051885 1.         0.7438536  0.10303417593240738
3 0.61783105 0.44542772 1.         0.70310086 0.0803169310092926
37 0.5490917  0.4631656  0.96461356 0.9751559  0.062489647418260574
37 0.7601155  0.7689915  1.         0.97736615 0.05994368717074394
37 0.37533596 0.70641655 0.8555607  0.9791097  0.056649044156074524
37 0.62294126 0.41096973 1.         0.89588237 0.05079655721783638
9 0.02996165 0.00897217 0.618223   0.18148534 0.0425022728741169
37 0.21011178 0.6602993  0.93763316 0.973111   0.04225385561585426
3 0.77651584 0.39935848 1.         0.73563206 0.0413895845413208
37 0.31794074 0.7942973  0.8960169  0.973703   0.04025646299123764
3 0.57633764 0.33663422 1.         0.971219   0.03832482174038887
9 0.         0.77067375 0.6098164  1.         0.03722790628671646
37 0.6450217 0.6764402 1.        0.9654051 0.0337020643055439
34 0.        0.3456955 0.976486  0.9549242 0.03247092664241791
37 0.45476502 0.40773815 0.92404175 0.7364795  0.03128013759851456
20 0.6887288  0.49285194 1.         0.7730309  0.03126291558146477
3 0.52705294 0.41564038 1.         0.7434966  0.026784561574459076
20 0.37196654 0.5069122  1.         0.96685123 0.02659555710852146
20 0.789465   0.41033623 1.         0.76960194 0.02392914891242981
9 0.         0.13904811 0.56044847 1.         0.023667894303798676
3 0.70903516 0.8477214  1.         0.98591757 0.023582350462675095
37 0.8094961  0.6899798  0.99504    0.95979697 0.02331455424427986
20 0.5161563 0.4848511 1.        0.7669476 0.02310306578874588
37 0.0358091  0.4374334  0.72290975 0.9608648  0.022890377789735794
3 0.40689504 0.30307516 1.         0.7908136  0.02088472619652748
3 0.67714345 0.36394626 1.         0.8539804  0.020427951589226723
3 0.82823306 0.30141836 1.         0.71327996 0.019781475886702538
20 0.66607827 0.706407   0.97903687 0.9528827  0.019014136865735054
20 0.683354   0.81291926 1.         0.9629027  0.01859726384282112
34 0.21025467 0.02717526 0.9187439  0.19083028 0.018306462094187737
37 0.65032536 0.4064958  1.         0.6713232  0.01740204356610775
3 0.64264834 0.7932069  1.         0.98199326 0.01731809601187706
37 0.5729127  0.04158208 0.92728007 0.8538729  0.01612599939107895
34 0.25816265 0.00286622 0.9241673  0.33347076 0.015536139719188213
3 0.680577   0.01325365 1.         0.12912506 0.01540596317499876
37 0.15825443 0.17872968 0.82830465 0.9644378  0.0152633897960186
9 0.        0.8027659 0.8917394 1.        0.014977224171161652
20 0.7785281  0.74835527 0.9794232  0.9573873  0.014515071175992489
24 0.8264134  0.18331969 1.         0.911595   0.014427779242396355
3 0.5384782  0.37930447 1.         0.6320643  0.013858144171535969
34 0.45719332 0.84561193 1.         0.993612   0.013343376107513905
34 0.5204547  0.01801967 0.97201794 0.14484218 0.013329108245670795
37 0.7414356 0.5257186 0.9921365 0.937676  0.01313263364136219
20 0.25412947 0.4217065  1.         0.72115433 0.012958265841007233
20 0.36320746 0.82021874 1.         0.96848047 0.012432129122316837
20 0.55517215 0.6792491  1.         0.96721476 0.012336882762610912
20 0.56377363 0.5099405  1.         0.9014875  0.0121748773381114
34 0.         0.52767885 0.8311216  0.9719431  0.012090928852558136
37 0.4379548 0.6382432 0.7485236 0.9701054 0.01185704953968525
3 0.33319575 0.48436546 1.         0.93896794 0.011603576131165028
20 0.5128634  0.8691551  1.         0.97870404 0.01156664825975895
37 0.3802215  0.46682552 0.89837945 0.8102204  0.011408639140427113
34 0.25228584 0.80003715 1.         0.99768525 0.011339658871293068
37 0.34032646 0.55868495 0.8066602  0.9325177  0.011215250007808208
3 0.68059546 0.31440315 1.         0.65091914 0.011108110658824444
3 0.793618  0.7900379 1.        0.9868095 0.011024847626686096
20 0.69330806 0.41310757 1.         0.696648   0.010939461179077625
3 0.61028224 0.         0.9642122  0.8403138  0.010714464820921421
24 0.69583285 0.         1.         0.18333285 0.010470686480402946
33 0.5659613  0.03145064 0.9807516  0.13974272 0.009908744134008884
37 0.28415924 0.42668757 0.8200646  0.699959   0.009455587714910507
20 0.50454336 0.4153867  1.         0.6891198  0.00934581272304058
24 0.70426947 0.81000054 1.         1.         0.009090275503695011
9 0.         0.253098   0.24072032 0.9068478  0.00890972651541233
37 0.5402658  0.5992704  0.8724316  0.95921695 0.008908392861485481
9 0.         0.3824085  0.43628812 0.8458797  0.008874410763382912
21 0.08240379 0.         0.6688553  0.16143286 0.008816876448690891
37 0.25410733 0.6949908  0.67901486 0.9615992  0.008701971732079983
3 0.64319915 0.47056866 1.         0.9517062  0.008625647984445095
3 0.4459355  0.4625996  0.96058863 0.7964482  0.008613429963588715
34 0.44478935 0.01974367 0.9665734  0.26327333 0.007995718158781528
34 0.2441564 0.0406573 0.9351507 0.7940051 0.007945996709167957
34 0.6237724  0.68848264 0.9868751  0.9973334  0.007907637394964695
9 0.         0.         0.5368922  0.83737755 0.007888960652053356
34 0.6342294 0.7977245 0.9994593 1.        0.007528578396886587
34 0.         0.7118029  1.         0.97616965 0.00748397596180439
24 0.6610894  0.31917492 1.         0.8557323  0.007455606013536453
20 0.         0.37784547 0.3184476  0.8951287  0.007316394243389368
20 0.38947436 0.71628785 0.9847395  0.94755435 0.007287234533578157
9 0.02217804 0.39994586 0.81968546 1.         0.007253206335008144
20 0.11202312 0.41313812 1.         0.81686425 0.007174395024776459
3 0.28141552 0.4497518  0.8689369  0.71391743 0.007134194951504469
37 0.75167286 0.30201346 1.         0.6518426  0.007075170520693064
20 0.71441215 0.33304557 1.         0.61384535 0.006988178938627243
33 0.17312682 0.05117432 0.81168187 0.23959202 0.006726291961967945
34 0.37172037 0.4203618  0.9605286  0.7667401  0.006646011956036091
3 0.70324576 0.         1.         0.18600005 0.006494814530014992
24 0.6039584 0.7322688 1.        1.        0.006482590921223164
38 0.7740627  0.09217367 1.         0.90046644 0.006437449716031551
3 0.35160774 0.40264705 0.9007394  0.6588394  0.0064168344251811504
24 0.         0.28407228 1.         1.         0.006413129158318043
9 0.         0.6808022  0.43078318 1.         0.006402443163096905
3 0.7683213 0.621328  1.        0.9565686 0.006269237492233515
34 0.7487639  0.01951803 0.9788085  0.2685013  0.006183112505823374
24 0.2820319  0.03558928 1.         0.25869203 0.006119288969784975
9 0.         0.71685576 0.66474235 1.         0.006091483402997255
34 0.2404288  0.44250906 1.         0.9686751  0.006075030192732811
33 0.3610883  0.02073912 1.         0.17455761 0.006050825119018555
34 0.48138887 0.6496863  1.         0.9762017  0.005873152520507574
37 0.2568119  0.4636146  0.75946254 0.82850546 0.005480948835611343
9 0.         0.0150642  0.64130694 0.3161189  0.00545980641618371
33 0.09874573 0.03428252 0.9135003  0.16995604 0.005428067408502102
20 0.39201707 0.3429956  0.98694766 0.6328454  0.005344243720173836
20 0.50696546 0.19041169 0.97369623 0.91597086 0.005286367144435644
37 0.3198216  0.59884554 0.612806   0.957679   0.005199882667511702
37 0.72831213 0.01947123 0.9850401  0.1504142  0.005191984120756388
33 0.7043127  0.02101916 0.98418355 0.18910073 0.005180721636861563
38 0.7195964  0.27372998 1.         0.86649936 0.005062100477516651
38 0.6699312 0.        1.        0.388342  0.00505898566916585
27 0.4049652  0.79654276 1.         1.         0.005041569471359253
3 0.35344198 0.8336202  1.         0.9657775  0.005023863632231951
34 0.6988757  0.30948344 0.9582807  0.7571392  0.0049522640183568
20 0.7613921  0.04371999 1.         0.19949366 0.004943915642797947
3 0.582352   0.         0.9933483  0.15492195 0.004904069937765598
34 0.        0.3478945 0.6949605 0.8476415 0.004843990318477154
27 0.55203223 0.8411713  1.         1.         0.004729525651782751
33 0.54717886 0.02988122 1.         0.20624049 0.0046796659007668495
34 0.41860357 0.1927165  0.9413393  0.9093027  0.00463479058817029
37 0.08034515 0.4392513  0.50018543 0.900084   0.0045822844840586185
9 0.         0.07307617 0.41389886 0.9487561  0.004579656291753054
20 0.45787326 0.26224115 0.98450553 0.57432145 0.004578127525746822
20 0.         0.41118708 0.45153326 0.89545536 0.004519975744187832
27 0.6361065  0.01959301 1.         0.13293734 0.004507753532379866
37 0.63998944 0.09683314 1.         0.74585855 0.0045043472200632095
24 0.02542125 0.04266875 0.661157   0.21270804 0.004502549301832914
3 0.83828217 0.7048146  1.         0.96765035 0.004476852715015411
37 0.22398911 0.4147689  0.6763866  0.73147005 0.004460086114704609
14 0.69090694 0.23216368 0.99836904 0.9716877  0.0044504618272185326
9 0.11971891 0.75330985 0.79150474 1.         0.00442102225497365
3 0.         0.40725976 1.         0.9436197  0.004412614740431309
37 0.45757294 0.22547343 0.99749637 0.67057556 0.004411737900227308
20 0.7110363  0.61409944 0.9822835  0.9272998  0.00439608795568347
27 0.36081597 0.40303257 1.         0.98079216 0.00433226628229022
34 0.        0.8383359 1.        0.9748034 0.004295009654015303
20 0.815494   0.05943262 0.99896955 0.26152498 0.004279089160263538
24 0.7898211 0.7263204 1.        1.        0.004265207331627607
3 0.69575626 0.         1.         0.6393212  0.0041949134320020676
33 0.         0.04656592 0.9365663  0.2918655  0.0041708932258188725
24 0.60754895 0.         1.         0.25889397 0.0041627902537584305
20 0.27030385 0.27904877 0.82851666 0.6042272  0.0041501689702272415
3 0.17365113 0.09542837 1.         0.89768505 0.004085690248757601
37 0.16217051 0.64818394 0.62523645 0.94894403 0.004085404798388481
34 0.         0.00112521 0.86685956 0.32532024 0.004045375157147646
20 0.59581196 0.18499309 1.         0.6987159  0.004043794237077236
20 0.5138215  0.37278587 1.         0.595311   0.0040421513840556145
3 0.48731965 0.30574718 0.95091766 0.6249751  0.004034162033349276
3 0.5327334  0.14374995 1.         0.5777145  0.00402836361899972
3 0.29850724 0.6836709  1.         0.9591846  0.003995310049504042
9 0.3228803  0.40178055 0.8471074  0.87213767 0.003976572770625353
20 0.06875229 0.574382   1.         0.9247034  0.003892872715368867
27 0.70038944 0.804005   1.         1.         0.003760236781090498
34 0.        0.3485762 0.9461111 0.8389661 0.0037401062436401844
34 0.67753774 0.00909884 0.98173535 0.19601041 0.003732468234375119
9 0.36104563 0.40266383 0.8808174  1.         0.0036599335726350546
3 0.30560905 0.         0.93776095 0.21272469 0.003600230673328042
14 0.63482463 0.         1.         0.20607473 0.0035626855678856373
24 0.7973405 0.        1.        0.2337537 0.0035481411032378674
34 0.7337812 0.7390028 0.9841209 1.        0.003536999924108386
27 0.18599556 0.27285397 1.         1.         0.0035181427374482155
3 0.44163963 0.7513543  0.9653419  0.9635782  0.0034908305387943983
3 0.78210795 0.00175037 1.         0.16832364 0.0034836509730666876
9 0.45514396 0.8320794  0.91889846 1.         0.0034327369648963213
3 0.84395826 0.         1.         0.22491966 0.0034112182911485434
20 0.11668205 0.73469055 0.89591056 0.94442874 0.003367283381521702
38 0.46332484 0.27078083 1.         0.7576684  0.003336339257657528
20 0.03758774 0.4061049  0.9463515  0.6534888  0.0033303024247288704
20 0.         0.5142673  0.37059027 0.9340798  0.003321323310956359
41 0.14975147 0.00381442 0.80132174 0.21227026 0.0032441681250929832
38 0.5800532  0.00373152 1.         0.2180031  0.0032224322203546762
34 0.19903669 0.         0.77033836 0.28854838 0.003198576858267188
24 0.5442562  0.25817028 1.         1.         0.0031921318732202053
24 0.8383886 0.        1.        0.3406748 0.003184238914400339
34 0.         0.03086436 0.9149923  0.7664767  0.003155215410515666
14 0.6272711  0.         0.9778498  0.43259543 0.003109484212473035
9 0.         0.03852206 0.6705294  0.55052704 0.0030690396670252085
34 0.06550542 0.02242609 0.77937555 0.21487902 0.003068369347602129
3 0.624422   0.63970244 1.         0.96189487 0.003038502996787429
37 0.03946294 0.5787669  0.6629039  0.92462873 0.0030373428016901016
24 0.27735898 0.05678775 0.6254276  0.33300972 0.0030240865889936686
24 0.41702345 0.07289266 1.         1.         0.003008107887580991
33 0.32363123 0.02306842 1.         0.27947685 0.0030020412523299456
37 0.44246572 0.5300305  0.9835025  0.8330747  0.0029934921767562628
9 0.        0.6160368 0.5485128 1.        0.0029855486936867237
24 0.         0.15036668 0.65627074 1.         0.002961447462439537
34 0.5243867  0.45768493 0.9660971  0.81471276 0.0029456971678882837
37 0.37320024 0.37166303 0.9065782  0.63118225 0.0029208865016698837
33 0.37085012 0.4819322  0.93624353 0.7475183  0.002895104931667447
20 0.6560564  0.25173545 1.         0.5408192  0.0028927738312631845
34 0.33686724 0.5062645  0.94839203 0.83885497 0.0028902788180857897
14 0.8066597  0.         0.97606367 0.35077858 0.002816129243001342
24 0.7521855 0.5691155 1.        1.        0.0027952343225479126
34 0.42048907 0.00264512 0.79174095 0.34971416 0.0027842686977237463
3 0.7844089  0.48008433 1.         0.9173962  0.0027765908744186163
24 0.2859553  0.05865053 0.92287266 0.31790304 0.0027725640684366226
20 0.01751709 0.81828743 0.96031487 0.9659231  0.002708618761971593
14 0.7640427  0.         1.         0.26112252 0.002699977485463023
27 0.7420383  0.02755789 0.991052   0.18047538 0.0026936184149235487
38 0.81877506 0.         1.         0.33192688 0.002683592727407813
24 0.4355054  0.03689376 1.         0.36305228 0.0026645225007086992
24 0.6928594  0.         1.         0.39808062 0.0026324971113353968
34 0.         0.5481732  0.89793867 0.93445265 0.0026205892208963633
3 0.6865538  0.5092029  1.         0.80118114 0.0025990076828747988
27 0.6140264  0.03603731 1.         0.20022653 0.002571958815678954
37 0.7184532  0.01963337 0.9871063  0.23255149 0.0025613345205783844
33 0.6972546  0.38024652 0.9525767  0.748653   0.002551253652200103
37 0.8444019  0.01064536 0.9928819  0.28065273 0.002542401198297739
9 0.         0.58875877 0.7731271  1.         0.0025390952359884977
20 0.21279643 0.60311395 0.8632638  0.8937504  0.002522781491279602
27 0.65799564 0.45554093 0.99525934 0.7767229  0.0025182352401316166
38 0.6546354 0.        1.        0.1552242 0.0025047361850738525
14 0.44008392 0.26176348 0.9871387  0.91852766 0.002504410920664668
3 0.14868785 0.21061371 1.         0.71704197 0.0025003738701343536
3 0.56076694 0.         1.         0.23891455 0.002496381290256977
1 0.33492413 0.         1.         0.2220736  0.0024797338992357254
20 0.6509055  0.04088484 1.         0.14428744 0.002455806592479348
20 0.         0.4572124  0.98826927 0.9719033  0.0024139664601534605
38 0.45528516 0.23228684 1.         1.         0.0024067675694823265
34 0.        0.2692111 0.965518  0.7627304 0.0023691176902502775
34 0.         0.39756677 0.47091118 0.92328817 0.002341746585443616
34 0.        0.5378395 0.641175  0.848301  0.0023296300787478685
20 0.         0.41515934 0.66453546 0.848921   0.0022895783185958862
34 0.61017877 0.01785154 0.9645563  0.37546498 0.0022888006642460823
33 0.7593838  0.03174128 0.98690045 0.26229185 0.002242585876956582
9 0.53735656 0.35379905 0.88014245 1.         0.002210852224379778
20 0.7098058  0.05574551 1.         0.26058674 0.002209145575761795
24 0.21744213 0.77337587 1.         1.         0.0022056889720261097
37 0.20904648 0.37980667 0.46269572 0.83486277 0.002195582026615739
14 0.3016221  0.1910962  0.8847688  0.94271255 0.002182090189307928
34 0.18631823 0.         0.97095037 0.47098124 0.0021062884479761124
33 0.53760207 0.04332063 1.         0.31994218 0.0020966881420463324
20 0.6116596  0.57481664 1.         0.82655615 0.0020933353807777166
9 0.02465291 0.41427746 0.6985617  0.8155726  0.0020424944814294577
20 0.         0.32340983 1.         0.9428523  0.002004617126658559
37 0.24200507 0.51555294 0.5349798  0.9460793  0.0019987630657851696
24 0.3273518  0.22758727 1.         0.9807229  0.001988277304917574
3 0.6291606  0.         0.97120404 0.46395427 0.001986871473491192
24 0.8307614 0.6313552 1.        1.        0.001971895107999444
27 0.03433517 0.36930752 0.9727822  0.8501795  0.0019587907008826733
34 0.6563759  0.5876724  0.95426005 0.94402933 0.001951756188645959
38 0.7547343  0.         1.         0.22197945 0.0019385223276913166
37 0.06084687 0.2738016  0.79507303 0.7680947  0.0019276861567050219
33 0.15333787 0.47395784 0.8748668  0.7667468  0.0019223096314817667
37 0.51746166 0.2824643  0.9743668  0.597864   0.001921182731166482
9 0.19022217 0.03052427 0.72869694 0.2321832  0.0019134768517687917
24 0.4525432  0.2934941  0.96515995 0.8016792  0.0019012573175132275
33 0.         0.49226773 0.8169079  1.         0.0018966137431561947
33 0.516288   0.869779   0.88850945 0.99160105 0.0018931980011984706
14 0.47405228 0.7161491  0.9701408  1.         0.0018679655622690916
33 0.         0.3994408  0.83792675 0.8596557  0.001855900278314948
27 0.6029637  0.05760208 0.988065   0.3123779  0.0018498904537409544
3 0.45824525 0.         1.         0.60386753 0.0018431571079418063
34 0.14681701 0.7236696  0.9716734  0.99178797 0.001823992352001369
34 0.5743456  0.34298158 0.9552959  0.697656   0.0018194855656474829
35 0.691362   0.00991718 0.9851946  0.16438286 0.0018039003480225801
24 0.17557622 0.6310393  1.         1.         0.001762552885338664
3 0.78266317 0.23539259 1.         0.5787199  0.0017583892913535237
33 0.26832634 0.4988758  0.89671683 1.         0.0017336924793198705
20 0.15722504 0.48384804 0.86699677 0.79893625 0.0017291109543293715
20 0.312558   0.70464176 0.7994953  0.92587966 0.0017222233582288027
20 0.         0.30866504 0.384725   0.80342734 0.0017189552308991551
14 0.13276146 0.06123474 0.8967367  1.         0.0017024630215018988
20 0.34514394 0.21021114 0.8907668  0.53511274 0.0016855548601597548
34 0.11250847 0.35800838 0.90158284 0.7301384  0.0016583472024649382
9 0.         0.33155546 0.3079095  0.7919661  0.0016555595211684704
14 0.6156317  0.75770336 0.9939185  1.         0.0016550753498449922
20 0.7243423 0.0707696 0.998669  0.3716784 0.001653976389206946
24 0.7559978  0.17759219 1.         0.7522453  0.0016400248277932405
37 0.18433596 0.79093355 0.70327616 0.9598014  0.0016215710202232003
34 0.4701876  0.03635084 0.95267624 0.6205697  0.001612288411706686
25 0.04269552 0.         0.9475515  0.23637937 0.0016008656239137053
37 0.35488284 0.27592656 0.7938189  0.62709135 0.0015960974851623178
9 0.14087738 0.         0.63999766 0.34734055 0.0015598692698404193
34 0.         0.5116999  0.53583586 1.         0.0015527905197814107
27 0.35570997 0.41759738 0.9927997  0.7274095  0.0015457413392141461
33 0.         0.4762666  0.55495954 1.         0.0015297094359993935
41 0.01690862 0.01967608 0.6234174  0.2744892  0.0015282484237104654
3 0.4196615  0.5662128  0.88798314 0.922994   0.0015266286209225655
9 5.9883618e-01 3.2112122e-04 9.2012340e-01 1.6950379e-01 0.001523934886790812
14 0.        0.        0.6211606 1.        0.001511993003077805
27 0.75625765 0.39012453 1.         0.80963993 0.001507901935838163
37 0.         0.15817094 0.44980165 0.9356049  0.001504120184108615
24 0.10430817 0.05899211 1.         0.35271308 0.0014912657206878066
34 0.59380656 0.5236881  0.9613526  0.8835924  0.0014831196749582887
24 0.4507193 0.6416747 1.        1.        0.0014824384124949574
37 0.07104988 0.4470183  0.32855615 0.9123629  0.001479546190239489
27 0.         0.19772467 0.977142   1.         0.0014726273948326707
37 0.5910908  0.02432278 0.94306666 0.19760016 0.0014707214431837201
29 0.24569593 0.         0.77696055 0.32760087 0.0014674743870273232
9 0.4753503  0.06856792 0.8612137  1.         0.0014599071582779288
9 0.01307251 0.         0.5068407  0.2693735  0.0014484371058642864
