26 0.10860711 0.3347825  0.5211626  0.79032207 0.8644976615905762
12 0.5247676  0.17785856 0.96368307 0.64690983 0.6459875106811523
12 0.36876744 0.3054421  1.         0.62864554 0.6108807921409607
12 0.40061915 0.21526854 0.832284   0.6783214  0.5783749222755432
26 0.16814975 0.39034876 0.6191855  0.83725035 0.5697343349456787
26 0.13042629 0.29250857 0.68835646 0.75328755 0.5537242293357849
26 0.1374949 0.2537331 0.5406283 0.6038208 0.3088323473930359
26 0.08785792 0.35773    0.6046604  0.6047238  0.3011113107204437
26 0.14020002 0.44562197 0.71989167 0.91116154 0.2929532527923584
26 0.11763716 0.33797276 0.8741604  0.66695917 0.29038870334625244
41 0.         0.33400783 0.953761   0.7724453  0.2779027223587036
12 0.5777929  0.283688   1.         0.65212137 0.21806344389915466
17 0.15196338 0.21197984 0.5380425  0.7097845  0.14285950362682343
12 0.41977715 0.03631823 1.         0.6261595  0.1404983103275299
12 0.73978823 0.16991061 1.         0.6503532  0.138015016913414
26 0.12803437 0.20259142 0.6988784  0.56098086 0.13523811101913452
41 0.01452428 0.21083136 0.8255175  0.8159969  0.1329401135444641
18 0.        0.        0.5836902 0.9693629 0.1312621384859085
17 0.10286669 0.09380855 0.5501202  0.89008975 0.128559872508049
1 0.3506178 0.        1.        0.8869712 0.11969400197267532
16 0.37635064 0.29526338 1.         0.7599521  0.10682403296232224
2 0.5321913  0.07184428 0.95178694 0.7897279  0.1059180200099945
17 0.19310369 0.23968141 0.46581683 0.8575206  0.10510402172803879
2 0.49280202 0.29584408 0.90142226 0.70486337 0.10071165859699249
16 0.33861828 0.21289012 0.7662975  0.8643073  0.09093144536018372
26 0.10826322 0.41909444 0.646381   0.66686314 0.09083835780620575
18 0.03475825 0.         0.48284975 1.         0.08670897036790848
16 0.17930564 0.2752855  0.5164924  0.9099209  0.08394207060337067
16 0.15914412 0.33128175 0.3689016  0.8507363  0.07612397521734238
42 0.         0.8720081  0.11492074 1.         0.07402361184358597
41 0.12727197 0.29110572 0.8292579  0.6695331  0.07101494818925858
24 0.5988028  0.14111036 0.89887166 0.74151564 0.07070815563201904
41 0.23117162 0.31864086 0.8602763  0.87443006 0.07059462368488312
17 0.13420899 0.10151505 0.8576105  0.99441814 0.06966172158718109
17 0.08905059 0.27888682 0.4556503  0.99006504 0.0684053897857666
42 0.         0.92863375 0.11667084 0.9995393  0.0679311528801918
33 0.50814074 0.09115876 1.         0.9383893  0.06748903542757034
18 0.05818665 0.08287995 0.5072402  0.8681183  0.06634789705276489
42 0.01270193 0.9054659  0.09713838 0.9999929  0.06562148779630661
24 0.64300066 0.3247924  0.87624454 0.7592148  0.06545713543891907
42 0.03543507 0.90275323 0.1265405  0.9993332  0.06469915062189102
33 0.18800019 0.10610606 1.         0.84164584 0.06466631591320038
41 0.06758024 0.4336018  0.74579996 0.7034055  0.06394968181848526
16 0.5241633  0.36643335 0.9105597  0.7697405  0.06139387562870979
42 0.         0.8636591  0.13961744 0.9475712  0.06122070550918579
42 0.        0.8299646 0.080658  1.        0.0610257051885128
42 0.         0.83947116 0.07946989 0.92021316 0.060909170657396317
42 0.         0.88971317 0.14189748 0.97278243 0.05993657931685448
2 0.35953113 0.2541235  0.9385049  0.78139806 0.059483181685209274
26 0.18409707 0.48420274 1.         0.8517934  0.05924438685178757
42 0.        0.8123373 0.0798813 0.8944902 0.059086110442876816
42 0.         0.86619323 0.07970374 0.9461652  0.05884812772274017
18 0.93814397 0.         0.9944999  0.06045168 0.05797906219959259
42 0.         0.83697134 0.13746852 0.92131096 0.05777442455291748
16 0.29532352 0.16393016 0.8113269  0.6752222  0.05758790299296379
42 0.         0.7993528  0.06785588 0.96492803 0.05742192268371582
18 0.         0.         0.86425775 0.99757856 0.05736364424228668
42 0.         0.89267033 0.08008358 0.9720726  0.05713016167283058
33 0.5145866  0.32982615 1.         0.7637549  0.05701467767357826
24 0.5813356  0.28778595 0.8163763  0.71431    0.0569908432662487
42 0.         0.9185007  0.08032735 0.99799573 0.056538280099630356
26 0.138895   0.4279896  0.44971862 0.84747946 0.05644773319363594
42 0.         0.79791224 0.05619113 0.9111837  0.05634888634085655
41 0.5588167 0.2985421 0.8963536 0.7963851 0.054776161909103394
17 0.09513763 0.2261193  0.6516699  1.         0.05399070307612419
18 0.8612191 0.        0.997416  0.0834664 0.053779684007167816
42 0.         0.85256165 0.05616338 0.9614236  0.05346677079796791
24 0.6619352  0.29442626 0.9450201  0.83197135 0.05342146009206772
42 0.         0.88025594 0.06838366 1.         0.05339872092008591
42 0.         0.80098903 0.03938865 0.96311283 0.05329550430178642
29 0.5723298  0.28113276 0.84106153 0.97592777 0.053162239491939545
12 0.5973712  0.17098422 1.         0.76928705 0.05280512571334839
26 0.13351727 0.27194837 0.3787396  0.8529895  0.04998677223920822
42 0.         0.8548874  0.03975319 1.         0.047713056206703186
42 0.        0.7845198 0.0812995 0.8692795 0.04670535773038864
42 0.         0.80965036 0.13860156 0.89452994 0.045265305787324905
41 0.44036174 0.15814875 0.9329137  0.82264227 0.04513319581747055
42 0.         0.93134594 0.05586295 1.         0.044077251106500626
18 0.89310205 0.         0.9948314  0.11965831 0.04399536922574043
2 0.6594033  0.2519544  0.94150627 0.701501   0.042755600064992905
18 0.         0.         0.37284476 1.         0.04231181740760803
41 0.         0.12534577 0.92831707 0.54954207 0.04175341874361038
24 0.48071828 0.26869434 0.7347042  0.76294357 0.0415390282869339
10 0.52054036 0.20750895 0.9627507  0.83995986 0.04146311432123184
41 0.         0.37768382 0.7746514  0.6394908  0.040795259177684784
10 0.700364   0.17136304 0.9914807  0.87917393 0.03958115726709366
16 0.44902578 0.4227938  0.9526825  0.69865257 0.03953029215335846
1 0.26211843 0.0049513  0.926933   0.7413911  0.038311123847961426
41 0.65247905 0.32662657 0.96705914 0.8177277  0.038294367492198944
33 0.7035259 0.3433567 1.        0.7781916 0.03829222172498703
29 0.60840946 0.3323759  0.9459284  0.877415   0.03824025020003319
16 0.19077149 0.18755138 0.48468938 0.6024642  0.03810981661081314
24 0.789995   0.22891235 0.96840936 0.59342337 0.03808039054274559
42 0.         0.84713095 0.17284435 0.99938375 0.03781789168715477
41 0.43240592 0.2996094  0.79239523 0.78682953 0.03726024180650711
2 0.40223834 0.27299187 0.819699   0.6811718  0.03710971400141716
41 0.04257085 0.1513426  0.612591   0.6972675  0.03684789687395096
18 0.00167756 0.79747605 0.05475577 0.9021763  0.03670389950275421
24 0.62162143 0.23199484 0.91544133 0.57147616 0.03663860261440277
32 5.4457985e-05 8.2658476e-01 5.3993635e-02 9.3012655e-01 0.03654910624027252
18 0.00130641 0.80147946 0.0385457  0.95314366 0.03627479076385498
16 0.22781597 0.20872936 0.56292844 0.8061257  0.03626585006713867
18 0.         0.00353022 0.58382756 0.6312395  0.036057207733392715
32 0.         0.8406701  0.07566653 0.9156754  0.035803746432065964
18 0.00171575 0.825703   0.05448474 0.9284751  0.035693246871232986
32 0.         0.8129343  0.07663746 0.8888735  0.03564343973994255
24 0.7780881  0.27741382 0.9717813  0.7603834  0.035405103117227554
32 0.         0.85394007 0.0535174  0.9573021  0.03537238389253616
41 0.12035744 0.22478391 0.61129874 0.5824169  0.03535968437790871
18 0.00273898 0.79779774 0.06631524 0.9533278  0.03528958559036255
32 5.9369406e-05 7.9957205e-01 6.5213963e-02 9.5683527e-01 0.035022422671318054
8 0.        0.8522803 0.0561907 0.9594731 0.03466089069843292
32 0.         0.86773646 0.0753345  0.942735   0.0344732441008091
18 0.00293164 0.81243384 0.07741972 0.8872511  0.0344126857817173
32 4.4265113e-04 8.3293480e-01 7.6085329e-02 9.9658895e-01 0.034373823553323746
18 0.0043779  0.83196294 0.07794315 0.9938183  0.0342845544219017
8 0.         0.82560575 0.05619296 0.9324958  0.03427857160568237
18 0.00483863 0.9214145  0.07813385 0.99620354 0.034253984689712524
18 0.00307412 0.8824627  0.06642716 0.9973506  0.03422057628631592
24 0.4583596  0.22789972 0.9793379  0.8857479  0.03411751613020897
41 0.00372171 0.84444773 0.07665254 0.91813684 0.03411305695772171
41 0.00227505 0.8304707  0.05433223 0.9335566  0.034088488668203354
32 1.4089585e-04 7.9771262e-01 5.4804891e-02 9.0313601e-01 0.0340854674577713
8 0.         0.8546203  0.03956092 0.9984358  0.033984631299972534
18 0.00126788 0.8566058  0.03856257 0.99733055 0.03374065086245537
18 0.00199997 0.85243005 0.05451356 0.9555475  0.03373461589217186
41 0.00360873 0.8181134  0.07711909 0.8922755  0.033608537167310715
41 0.00394917 0.87111807 0.07647764 0.94452566 0.03349508345127106
41 0.00326653 0.80935687 0.06561945 0.9616022  0.03345930576324463
18 0.00197162 0.93305033 0.05481575 0.99894816 0.033435333520174026
32 5.9798560e-05 8.0149406e-01 3.8475987e-02 9.5404714e-01 0.03340211510658264
41 0.00210517 0.8040944  0.05461243 0.9075465  0.03318637236952782
18 0.0032785  0.84007084 0.07726552 0.913912   0.03317738324403763
24 0.5156471  0.11863785 0.92829895 0.59644884 0.033110134303569794
42 0.01355248 0.76653284 0.09680501 0.9386533  0.032860878854990005
1 0.41291356 0.         0.8535172  0.9143288  0.03278256580233574
32 0.         0.8802583  0.05350425 0.98384595 0.03266539052128792
32 0.         0.8943034  0.07570605 0.9695807  0.03254806250333786
41 0.00252113 0.85701245 0.05422085 0.9597641  0.032526757568120956
16 0.29905754 0.3141956  0.67007196 0.9418148  0.03245525807142258
32 0.         0.8568742  0.0380577  0.99687093 0.03234323859214783
2 0.2812217  0.12432355 0.99158245 0.71166486 0.03226741403341293
8 0.         0.88066065 0.0683145  1.         0.032196044921875
18 0.00472919 0.8940805  0.07749952 0.9684069  0.032136160880327225
18 0.02169379 0.9102499  0.0943398  0.99684817 0.03205395117402077
41 0.00152644 0.80883545 0.03845767 0.9593736  0.032035328447818756
18 0.02092327 0.855562   0.0937297  0.99325603 0.03199072554707527
18 0.8917332  0.         0.996886   0.23343374 0.03196638077497482
26 0.20915945 0.27048215 0.92504305 0.53978854 0.03180671110749245
2 0.75442517 0.2926652  0.9641562  0.73399913 0.03168226778507233
10 0.9247278  0.00291509 1.         0.05691839 0.03158049285411835
32 0.2143217  0.266267   0.5397342  0.63440526 0.03152686730027199
8 0.         0.8010434  0.03959168 0.95524895 0.03151072561740875
18 0.00394834 0.8669409  0.07731646 0.9410171  0.03142400085926056
12 0.61556035 0.38762158 1.         0.68527997 0.03134622052311897
12 0.8209247  0.05117078 1.         0.61367625 0.03132141754031181
41 0.00450541 0.89771026 0.07624327 0.9710898  0.03088746778666973
8 0.         0.86667746 0.0800503  0.9453227  0.03066250868141651
8 0.         0.840074   0.07993862 0.9185418  0.030651671811938286
18 0.00986581 0.9335936  0.11287732 0.99768823 0.030632440000772476
42 0.         0.74327016 0.04036963 0.9121265  0.030444735661149025
8 0.         0.9321279  0.05578974 0.9995925  0.030259614810347557
32 0.01598206 0.85431105 0.09177141 0.99478954 0.03014875389635563
41 0.0052204  0.841505   0.07669097 1.         0.03014783374965191
18 0.05392677 0.29586864 0.6311055  0.9534362  0.03011145442724228
18 0.8803922 0.8586444 1.        1.        0.030046723783016205
33 0.36470136 0.37342086 1.         0.65339136 0.029958738014101982
41 0.00285028 0.88321584 0.05422004 0.9860359  0.029813170433044434
41 0.3567612  0.3042874  0.70534396 0.7585907  0.02953595295548439
8 0.         0.79980123 0.06842595 0.9594338  0.02947058342397213
32 9.1829301e-05 9.2073691e-01 7.6735444e-02 9.9599797e-01 0.029460391029715538
8 0.         0.79852414 0.05642873 0.904917   0.02930586412549019
8 0.         0.89300185 0.08032766 0.97207594 0.029302584007382393
8 0.         0.8298724  0.08081397 1.         0.029254993423819542
41 0.00180425 0.86066264 0.03849911 1.         0.02916669473052025
20 8.165995e-04 9.490382e-01 7.816882e-02 9.974867e-01 0.029081866145133972
18 0.00351724 0.7832237  0.07772278 0.86111003 0.029076460748910904
16 0.24326392 0.232429   0.51435083 0.67063254 0.02903377078473568
32 0.         0.93269765 0.05413401 0.99807465 0.028976282104849815
16 0.66262335 0.41395423 0.94739187 0.75128394 0.02897212654352188
20 8.719826e-04 8.794964e-01 5.485008e-02 9.798874e-01 0.028693243861198425
20 0.0020093  0.89408976 0.0779236  0.9667043  0.028652114793658257
24 0.00219928 0.93523    0.053045   0.9971034  0.02863800711929798
20 6.0132344e-04 9.3325818e-01 5.4817494e-02 9.9637973e-01 0.028585679829120636
43 0.00239674 0.8267191  0.0550629  0.9310469  0.028340935707092285
16 0.4131922  0.36786062 0.871935   0.84933424 0.028092456981539726
24 0.5325386  0.35755113 0.9829254  0.623433   0.02803035080432892
41 0.02107048 0.86312807 0.09210672 0.99968857 0.02802036516368389
20 0.00148107 0.9213965  0.07821064 0.99351645 0.02799159847199917
15 0.4857755  0.15299922 0.9719916  0.76327163 0.027963822707533836
43 0.00250422 0.8528805  0.05532821 0.9573981  0.027915695682168007
41 0.0031756  0.93483645 0.05451417 0.9990603  0.02785634435713291
43 0.00417155 0.8412795  0.07875443 0.9156612  0.02780384197831154
20 9.4178203e-04 8.5318458e-01 5.4643136e-02 9.5338166e-01 0.027769848704338074
24 0.00135344 0.9132873  0.03776931 0.9968788  0.02774082124233246
39 0.00166455 0.8513323  0.08202634 0.95750177 0.02768414095044136
18 0.05175542 0.9106704  0.12285941 0.9954893  0.027682872489094734
20 0.00205666 0.8338255  0.07772495 0.98907393 0.02766033634543419
24 0.00326379 0.9505184  0.07477491 0.99823713 0.027577193453907967
8 0.         0.9194034  0.07988629 0.998188   0.027486106380820274
16 0.1861614  0.2878773  0.44797435 0.7477538  0.027469469234347343
14 0.00200755 0.8067992  0.03674162 0.95344263 0.02736341953277588
16 0.31739905 0.4082329  0.7967701  0.77904403 0.0272813830524683
39 0.00173209 0.892021   0.07630607 0.9691306  0.027272267267107964
14 0.00388322 0.95079225 0.0755101  0.9987952  0.027250029146671295
24 0.00386068 0.9374428  0.1051691  0.9988358  0.02722715213894844
39 0.00138485 0.83985585 0.07690412 0.9172389  0.027211880311369896
14 0.00252461 0.93536204 0.05350435 0.99858063 0.02719092182815075
43 0.00414455 0.83345807 0.07991843 0.9941429  0.027180036529898643
32 0.0159977  0.9089368  0.09283204 0.99645287 0.027167707681655884
41 0.00520418 0.92436457 0.07658299 0.996926   0.027161335572600365
20 0.00179026 0.8673155  0.07774422 0.93987024 0.027079761028289795
8 0.         0.8130316  0.08013217 0.8915789  0.026984678581357002
24 0.01789368 0.9151467  0.0892067  0.99871993 0.026950020343065262
18 0.00233935 0.7669431  0.05528811 0.877191   0.026915930211544037
17 0.23287182 0.28644103 0.5259839  0.98363346 0.02690650336444378
14 0.00347775 0.80638623 0.06252307 0.95567703 0.02681795321404934
19 0.         0.85962343 0.05626535 0.9556708  0.02681318111717701
19 0.         0.88543105 0.05622545 0.9829599  0.026803191751241684
43 0.00444558 0.86786145 0.07921271 0.9420849  0.02675209753215313
14 0.00421614 0.8409284  0.07537249 0.99598044 0.026733074337244034
14 0.00279588 0.80250686 0.05149967 0.902405   0.026721714064478874
20 5.5610656e-04 9.1097224e-01 3.8880978e-02 9.9615532e-01 0.026662344112992287
16 0.00272326 0.9121735  0.03467309 1.         0.026618435978889465
33 0.         0.08494431 0.96639246 0.9592393  0.02657264471054077
43 0.00134213 0.8551647  0.03905658 0.9969982  0.02650274522602558
43 0.00311735 0.88184214 0.0678208  0.99623364 0.026498837396502495
41 0.04815186 0.11593027 0.55208683 0.53630793 0.026440419256687164
19 0.         0.8633187  0.03957491 0.9955575  0.026435496285557747
29 0.43256024 0.37220943 0.9497274  0.7706655  0.026424841955304146
23 0.         0.882859   0.06619039 0.9972806  0.026398083195090294
14 0.00251179 0.8301828  0.05227306 0.93017024 0.026353158056735992
18 0.8422748  0.89583725 1.         0.9991553  0.026346540078520775
14 0.00329088 0.8872863  0.06456383 0.99783397 0.026335684582591057
20 0.01762657 0.8548814  0.0933736  0.990459   0.02625351957976818
10 0.00265851 0.27836213 0.854361   0.9856229  0.02624514140188694
24 0.00241302 0.887032   0.06411994 0.99679375 0.026230962947010994
24 0.00315652 0.8857141  0.10285076 0.99977237 0.026217510923743248
20 0.0176195  0.91006124 0.09403969 0.99474245 0.026165109127759933
23 0.         0.92113763 0.07673553 0.99538445 0.026082105934619904
14 0.00181733 0.91355896 0.03798679 0.9984247  0.026032453402876854
42 0.         0.7935206  0.16574305 0.96038157 0.026015257462859154
39 0.0024297  0.81518257 0.10948337 0.9961369  0.025997988879680634
20 5.9430761e-04 8.5687774e-01 3.8873274e-02 9.9312556e-01 0.025894980877637863
41 0.25071487 0.34862372 0.64838505 0.77170724 0.025890929624438286
14 0.01936155 0.86359346 0.09055703 0.99548393 0.025862837210297585
39 0.01698388 0.8486679  0.09252629 0.9965018  0.02585667371749878
14 0.00242106 0.857091   0.05270316 0.95730585 0.025850780308246613
20 8.5145317e-04 8.2661575e-01 5.4513235e-02 9.2735070e-01 0.025827499106526375
20 0.00121702 0.8026322  0.06545044 0.9503181  0.025827277451753616
18 0.8885231  0.073145   1.         0.32504284 0.02581297792494297
19 2.1967888e-05 9.1418183e-01 3.9087653e-02 9.9772614e-01 0.025765137746930122
20 0.0016431  0.8407769  0.07758763 0.9136005  0.025724492967128754
10 0.83967644 0.00308214 1.         0.08083209 0.025724248960614204
41 0.00352162 0.79074335 0.0769705  0.8667218  0.02571238949894905
39 0.00171432 0.9174984  0.07569098 0.9949441  0.02568543702363968
18 0.83991235 0.6494095  1.         1.         0.025645483285188675
14 0.00430947 0.8976735  0.0748314  0.96964365 0.02562555857002735
39 4.6864510e-04 9.0784925e-01 3.7657518e-02 9.9678135e-01 0.025611037388443947
14 0.01966735 0.91493714 0.09079469 0.99701947 0.025599386543035507
19 0.         0.83340526 0.0562933  0.9283884  0.02559385634958744
29 0.41648927 0.35319167 0.9014191  0.9864146  0.025537751615047455
14 0.00410767 0.8708133  0.07417032 0.9430566  0.02550385892391205
12 0.3443495  0.22460192 1.         0.7767927  0.02549300156533718
14 0.00387014 0.8440452  0.07374909 0.9159123  0.02546602487564087
4 0.46538752 0.13403799 1.         0.9423675  0.025461625307798386
23 0.         0.8945806  0.07645196 0.9695358  0.02542136423289776
14 0.00392563 0.81678164 0.07293695 0.8886364  0.025418870151042938
43 0.00456556 0.89415634 0.07943407 0.968572   0.0253481213003397
39 7.8718190e-04 8.7893426e-01 6.5165542e-02 9.9652642e-01 0.025336019694805145
24 0.00118715 0.8077139  0.03762516 0.9536209  0.025335291400551796
43 0.00160896 0.80272686 0.03867166 0.95503926 0.025331903249025345
23 0.         0.8579293  0.03808801 0.99874043 0.025286400690674782
16 0.00373755 0.9336867  0.04869412 1.         0.02526656910777092
43 0.00454665 0.81415355 0.07817703 0.8889142  0.02512720786035061
24 0.5289992  0.40873256 0.92083216 0.6983505  0.0250852070748806
19 0.         0.84571433 0.08141997 0.9933936  0.025073902681469917
43 0.01974511 0.8558598  0.09600357 0.99249923 0.02501516416668892
43 0.00382017 0.8021453  0.06702098 0.95623994 0.02500719018280506
23 0.         0.83453333 0.07758387 0.9959259  0.02493392303586006
18 0.01700048 0.8938829  0.13390684 0.96809614 0.024871597066521645
19 0.         0.936109   0.05535088 0.99789816 0.02485884726047516
39 0.00351334 0.9278875  0.10900207 0.9970041  0.02485678531229496
19 0.         0.8463725  0.08004163 0.91405135 0.02484711818397045
19 0.         0.8732068  0.08024646 0.94111025 0.024829043075442314
24 0.00267518 0.8982353  0.07377133 0.9702193  0.024797901511192322
32 0.         0.7839758  0.07861269 0.86204845 0.02473745308816433
24 0.00264141 0.84046316 0.07504002 0.9969622  0.024708550423383713
23 0.         0.9333064  0.05385863 0.9980293  0.024656498804688454
16 0.3936622  0.14289981 0.95215815 0.87072086 0.024563459679484367
11 0.6057569  0.33389407 1.         0.7666076  0.024438316002488136
23 0.         0.85387313 0.05382519 0.9583504  0.02442200854420662
39 5.9615931e-04 9.3053752e-01 5.3180452e-02 9.9704409e-01 0.024417586624622345
19 0.         0.8998057  0.08042044 0.9681098  0.024314729496836662
43 0.0037822  0.92071533 0.07976657 0.994292   0.024311615154147148
20 4.4894379e-04 8.0382282e-01 3.8642917e-02 9.5075327e-01 0.02429886721074581
17 0.1471536  0.08324473 0.703771   0.7267568  0.02424943819642067
23 0.         0.87785393 0.10884659 0.99529654 0.02419513836503029
24 0.00163127 0.85737234 0.0531508  0.9574403  0.024083396419882774
19 0.         0.9265608  0.08016875 0.9951045  0.024080710485577583
