29 0.08776395 0.         0.71972036 0.8506664  0.47144168615341187
10 0.6117423  0.1574114  0.88727194 0.77060765 0.30357158184051514
29 0.3576639  0.00652184 1.         0.63214755 0.2760332524776459
29 0.03870458 0.01937643 0.47330105 0.944787   0.2590116262435913
29 0.2725663  0.156942   0.99204123 0.705173   0.25678515434265137
24 0.7253189  0.         1.         0.56081563 0.2416398972272873
29 0.18731181 0.14650121 0.78360295 0.7688227  0.21732158958911896
39 0.         0.86483586 0.13603577 0.9844924  0.20858125388622284
15 0.58523864 0.17956898 1.         0.86541474 0.2024310678243637
10 0.17684846 0.07622688 0.87500876 0.6901032  0.20016510784626007
15 0.38531908 0.01339091 0.9896542  0.33340523 0.19220070540905
19 0.50215596 0.         1.         0.4478078  0.18553607165813446
19 0.46715674 0.         0.76780975 0.38233298 0.18121902644634247
39 0.         0.9039501  0.18390004 0.98450655 0.176133930683136
41 0.6172057  0.16472197 0.949148   0.7414852  0.17403002083301544
10 0.61322016 0.278028   0.9451409  0.6929303  0.16242806613445282
29 0.3215013  0.22871128 0.96308655 0.9531761  0.1606154590845108
24 0.69583786 0.09300665 0.999213   0.3937693  0.15262620151042938
24 0.5842577  0.01803853 1.         0.51901096 0.14988470077514648
31 0.32686353 0.         0.8405987  0.4597222  0.1484471559524536
39 0.         0.8214437  0.10014373 0.9833319  0.14265239238739014
10 0.44354492 0.2251396  0.8628665  0.9092152  0.13802434504032135
39 0.3192417  0.45924318 1.         0.9658471  0.13691656291484833
15 0.512499   0.06616081 1.         0.6630135  0.13582944869995117
19 0.38700908 0.         0.6929243  0.35336232 0.13519713282585144
29 0.25012863 0.         0.83152175 0.88298506 0.13516823947429657
29 0.12749635 0.01544946 0.93856895 0.3148458  0.13514672219753265
24 0.67632806 0.11164991 0.94926405 0.66882277 0.13292287290096283
19 0.25984362 0.         0.72151613 0.39766786 0.13204076886177063
10 0.27096063 0.08563024 0.83193344 0.942016   0.13093943893909454
29 0.15740477 0.         0.7743818  0.5011625  0.12946461141109467
15 0.638298   0.19430743 0.9587919  0.65496576 0.1285220980644226
31 0.4266908  0.02156794 0.766631   0.37574467 0.12503980100154877
10 0.22632249 0.08613298 0.9824113  0.51000357 0.1089073047041893
39 0.         0.         0.36367437 0.18840416 0.10249976813793182
29 0.04696973 0.18068205 0.7114001  0.99845684 0.1002114787697792
39 0.46527618 0.23025295 1.         0.93042135 0.09919387847185135
39 0.         0.49588212 0.9691368  0.9977372  0.09784864634275436
27 0.43751934 0.01058294 1.         0.4465609  0.09535688161849976
40 0.         0.06760905 0.7897104  0.6072956  0.08919276297092438
27 0.36618996 0.         1.         0.58870566 0.08739589154720306
15 0.6149399  0.06569967 0.9876825  0.48170564 0.08651057630777359
29 0.1419036  0.30698007 0.8615549  1.         0.08642008900642395
41 0.6295636 0.2577197 0.9720679 1.        0.07715243101119995
40 0.         0.04535528 0.39196682 0.8816809  0.07677693665027618
40 0.04589016 0.01195691 0.4096039  0.5335009  0.07626159489154816
39 0.         0.         0.62100524 0.1760202  0.07256284356117249
29 0.46603832 0.10634566 1.         0.3739785  0.07233500480651855
41 0.6654707  0.2439545  1.         0.69566387 0.07181666046380997
14 0.0145999  0.8252974  0.28801504 0.98707706 0.07153771817684174
41 0.45913616 0.21931049 0.97704655 0.76276773 0.06972949951887131
2 0.         0.00799922 0.42115775 0.8099677  0.0686509758234024
39 0.         0.5391466  0.41940063 0.9434325  0.06847475469112396
39 0.         0.8155062  0.36383072 0.9850796  0.06786037981510162
15 0.         0.17683694 0.67964685 0.94625205 0.0671762079000473
29 0.5189353  0.28271827 1.         0.9600579  0.06654362380504608
15 0.        0.4415216 0.5327209 0.9502827 0.06553047895431519
29 0.6290244  0.06831477 1.         0.69511604 0.06312746554613113
2 0.00839747 0.02145755 0.6368862  0.5918098  0.0629744604229927
41 0.18026693 0.3081829  0.97439885 0.7212507  0.06288261711597443
15 0.27072692 0.         0.7377944  0.3690035  0.06180283799767494
14 0.01841357 0.5513028  0.51024926 0.96481955 0.061537157744169235
39 0.         0.92964965 0.06438647 0.98676884 0.05901361629366875
2 0.017087   0.04011653 0.30139253 0.74074584 0.058441635221242905
21 0.04021533 0.04552719 0.75601715 0.45544317 0.05836349353194237
15 0.13460702 0.04791822 0.79768544 0.7687499  0.05813121050596237
15 0.21776849 0.02831179 0.9253045  0.62539357 0.05802248790860176
41 0.67718405 0.04188848 0.9674842  0.62781006 0.057489532977342606
41 0.6233565  0.09567894 0.98006725 0.42852256 0.05690443515777588
14 0.01273809 0.8376945  0.08407893 0.968561   0.05656467005610466
19 0.45981    0.03557361 1.         0.65232056 0.05615060776472092
14 0.5966988 0.5372478 1.        0.9335659 0.05607705935835838
21 0.21886651 0.03563044 0.911391   0.42541826 0.055699896067380905
10 0.48393348 0.1634909  0.97116804 0.6317805  0.05548776686191559
41 0.5821193  0.1988623  0.96549463 0.41112    0.055276911705732346
15 0.08599752 0.23441806 1.         0.90332687 0.054843343794345856
14 0.0123431  0.87885356 0.11453497 0.9775464  0.0531669445335865
15 0.5411126  0.08204546 0.98523146 0.323125   0.05272332578897476
41 0.10971319 0.19377747 0.80261815 0.66762567 0.05269397422671318
39 0.5912426 0.5206004 1.        0.9618914 0.05267760157585144
15 0.         0.4781764  0.79065716 0.9973462  0.051321275532245636
25 0.32842493 0.01476044 1.         0.28731358 0.05114036798477173
24 0.59777516 0.07164638 0.9941979  0.74562967 0.0491659976541996
10 0.56699365 0.22958894 0.9904399  0.53601336 0.048812638968229294
24 0.436797   0.07409583 1.         0.42656153 0.04853907227516174
7 0.40872246 0.1089683  1.         0.6163161  0.048038728535175323
14 0.01185278 0.9109297  0.1623516  0.9818788  0.047909680753946304
41 0.51184833 0.13102032 0.9297553  0.40220454 0.04766311123967171
41 0.66215557 0.19439557 0.9744196  0.49707887 0.04702128469944
40 0.02689318 0.01274801 0.67799056 0.45831484 0.046973228454589844
29 0.02951983 0.3282093  0.48190492 1.         0.04655347019433975
14 0.0270291  0.76719797 0.4325559  0.9996834  0.04648509621620178
29 0.32481366 0.01784739 0.7162254  0.42079246 0.04635142162442207
31 0.44738108 0.02576658 0.9210066  0.48570272 0.04619758576154709
39 0.         0.74367374 0.2597435  0.9831197  0.045544516295194626
15 0.5598106  0.19103724 0.99493796 0.44062337 0.0454992912709713
15 0.38801035 0.01599396 0.96503836 0.13057485 0.04476834088563919
21 0.42537776 0.08535549 0.9565367  0.37319008 0.04476410895586014
39 0.        0.5821929 0.6700891 1.        0.044217754155397415
15 0.         0.03881922 0.61476755 0.76530087 0.044133517891168594
41 0.46476594 0.3404606  0.9461236  1.         0.04413316398859024
27 0.25830755 0.00785141 0.6903248  0.45990595 0.04384830966591835
19 0.08496923 0.00848802 0.9526976  0.37823328 0.04379355162382126
27 0.18627155 0.0111453  0.8952363  0.572166   0.04371434822678566
10 0.11152476 0.04238644 1.         0.31232587 0.04359365999698639
10 0.3193374  0.10743466 0.9559954  0.40932637 0.0435372069478035
21 0.         0.         0.42676505 0.47681215 0.043092891573905945
40 0.         0.07504682 0.69702387 0.9086431  0.042276084423065186
41 0.29086384 0.09668058 0.8121791  0.3307481  0.04192356765270233
14 0.72395736 0.835557   1.         0.9760357  0.04157052934169769
29 0.55334496 0.10851093 1.         0.52812856 0.04119070619344711
41 0.45701763 0.19228867 0.9195685  0.517077   0.041137803345918655
14 0.02586624 0.76064134 0.20345946 0.9865322  0.04078192636370659
19 0.5287766  0.12345035 1.         0.47805288 0.040759775787591934
14 0.29508558 0.61472696 0.6893008  1.         0.04070035740733147
20 0.5922588  0.17097677 0.95411694 0.7423696  0.04064759612083435
29 0.43815598 0.         0.7547624  0.45789063 0.03862379863858223
27 0.44906312 0.         0.97631687 0.48693573 0.03854772448539734
40 0.         0.06514014 0.929491   0.35322288 0.03848714381456375
14 0.0283327  0.60189474 0.3291453  0.9528096  0.038446567952632904
21 0.1296817  0.07999697 0.8529874  0.61422414 0.03824606165289879
29 0.39933902 0.01849573 1.         0.34490737 0.037928733974695206
34 0.5787256  0.03999532 1.         0.51620096 0.03792693093419075
41 0.25832608 0.36098912 0.88289326 1.         0.037312768399715424
14 0.19258654 0.5870918  0.5881641  0.9904775  0.037302933633327484
14 0.6638734  0.78534496 1.         0.98041415 0.037252187728881836
24 0.        0.1622177 0.2575385 0.3971255 0.036874670535326004
31 0.33839768 0.00611013 1.         0.5744807  0.036522120237350464
30 0.35550416 0.01760287 0.6616696  0.5466608  0.03641631454229355
34 0.066204   0.10268649 0.7803661  0.5468573  0.03611094504594803
2 0.0824509  0.         0.83088094 0.49521816 0.03601706400513649
19 0.12012683 0.00845446 0.74106663 0.48494753 0.03594891354441643
41 0.03712659 0.21308398 0.3046805  0.811678   0.035460248589515686
15 0.         0.49394763 0.5528499  0.79538417 0.03503738343715668
15 0.45339215 0.01124774 0.7970444  0.33227473 0.034981127828359604
39 0.30242005 0.         1.         0.14497887 0.034440863877534866
27 0.17797598 0.15879375 1.         0.8320279  0.03417540341615677
41 0.5803573  0.00803151 0.9866366  0.18036869 0.033868107944726944
14 0.7597411  0.5264002  0.99657726 0.9215788  0.03358910605311394
20 0.47652116 0.54394084 0.9683309  0.895445   0.03342803195118904
1 0.6043575  0.         1.         0.46476522 0.033363450318574905
10 0.36056423 0.09413557 0.76177865 0.5262844  0.03325223922729492
34 0.0473365  0.08444575 0.5362225  0.7864988  0.03325163945555687
37 0.54247075 0.06899209 1.         0.43969855 0.0332498699426651
39 0.08865016 0.11500768 1.         0.9131338  0.033142417669296265
29 0.10969129 0.11146444 0.58642304 0.7480676  0.03299681842327118
15 0.14136754 0.5150767  1.         0.9741877  0.032950494438409805
39 0.6046557  0.81505615 1.         0.988336   0.0326760858297348
21 0.38067868 0.05060646 0.9612091  0.50109935 0.03263268247246742
29 0.06136344 0.         0.48643702 0.46737185 0.03262756019830704
10 0.09713727 0.28687817 0.84544414 0.8391515  0.032591450959444046
20 0.59436274 0.10030115 0.9547754  0.42295772 0.032340168952941895
41 0.21067384 0.08315842 0.8284336  0.44844866 0.032217442989349365
40 0.         0.22773968 1.         0.7374637  0.032084450125694275
24 0.         0.24995987 0.32022735 0.701234   0.031973935663700104
2 0.04824544 0.14480843 0.87155956 0.74669546 0.03195185214281082
34 0.00964872 0.10177123 0.38984036 0.40453365 0.03158484771847725
14 0.30633968 0.5641578  1.         0.9724465  0.031245317310094833
14 0.11546127 0.8287047  0.6840074  1.         0.03097338229417801
24 0.        0.2523646 0.2376348 0.6136892 0.030823983252048492
27 0.34894028 0.01113213 0.7937034  0.51141286 0.030676860362291336
41 0.7655717  0.         1.         0.18263334 0.030673198401927948
14 0.41127172 0.832816   1.         0.9851058  0.030659250915050507
14 0.85259175 0.6939249  0.98721236 0.9730873  0.0306367389857769
14 0.         0.48650616 0.7959049  0.983442   0.030553139746189117
41 0.06707756 0.20364854 0.51530683 0.7756987  0.030500104650855064
2 0.02727103 0.01847275 0.38722154 0.5358985  0.0304802767932415
14 0.3946292 0.6318223 0.7852954 1.        0.03018222562968731
21 0.03834859 0.09530121 0.6254579  0.61110246 0.030174531042575836
39 0.        0.6794869 0.18587   0.9927234 0.030058180913329124
14 0.01775707 0.69735867 0.1370885  1.         0.029976708814501762
27 0.42081392 0.         0.7521313  0.37785774 0.029935427010059357
7 0.39612734 0.12561715 1.         0.41793314 0.029611041769385338
41 0.30194882 0.1322102  0.6831152  0.40963492 0.029519371688365936
7 0.         0.29150695 1.         0.95332265 0.029227709397673607
39 0.4636824  0.04020493 0.9916282  0.80138797 0.028950201347470284
14 0.51906526 0.60498756 0.9446929  0.9660679  0.028913430869579315
39 0.34473455 0.49012545 1.         0.80545247 0.028842955827713013
29 0.5480446  0.16839153 1.         0.40463394 0.028772573918104172
14 0.8033182  0.77551925 1.         0.9749809  0.028730610385537148
19 0.60900456 0.05407087 1.         0.3835946  0.028710098937153816
14 0.10215622 0.64373946 0.959431   0.96310914 0.028618765994906425
10 0.1668147  0.07579423 0.77639854 0.4602612  0.028434887528419495
34 0.02446421 0.07225432 0.47491777 0.48602796 0.028272220864892006
19 0.4848092  0.01999971 0.99864537 0.17010999 0.028184618800878525
11 0.3083163  0.         0.70692235 0.39847964 0.02818230167031288
39 0.8049868 0.9048505 1.        0.9913485 0.027997145429253578
41 0.07633893 0.35793698 0.32773933 1.         0.02774186059832573
19 0.15412776 0.         1.         0.54351676 0.0274968259036541
10 0.29388434 0.20624432 0.994253   0.55814517 0.027169320732355118
14 0.89323986 0.88361555 0.99042267 0.98250794 0.027080504223704338
30 0.23783687 0.0078993  0.6097997  0.45633912 0.027071014046669006
39 2.8387195e-01 7.5533550e-04 9.3205100e-01 3.2057235e-01 0.027036970481276512
41 0.1332239  0.14382514 0.73547345 0.49835756 0.026870304718613625
19 0.42580724 0.01237735 1.         0.3238483  0.02642434649169445
14 0.00840819 0.9354983  0.05938651 0.9847097  0.026164604350924492
21 0.09424215 0.03664194 0.92116743 0.29696566 0.02605457790195942
41 0.00271648 0.09045876 0.2476298  0.5311603  0.02590067684650421
41 0.38284537 0.3662031  0.93975383 0.8407184  0.025677725672721863
29 0.23559093 0.         0.6613016  0.35424075 0.025489380583167076
34 0.10547486 0.09231747 0.8774651  0.33610526 0.02548281103372574
32 0.28268072 0.04354033 0.69611967 0.4050341  0.02536485344171524
21 0.4372339  0.17169915 1.         0.44747987 0.025198020040988922
29 0.66777956 0.17113078 0.9484087  0.76262635 0.02514025568962097
24 0.         0.19472522 0.31077033 0.5247561  0.02512778528034687
2 0.6296016  0.01376475 0.93840915 0.7037946  0.025023797526955605
32 0.3815853  0.04538681 0.6460712  0.347155   0.02484646812081337
7 0.10531947 0.17256686 1.         0.64736533 0.02468884550035
39 0.2619477  0.8102993  1.         0.98404586 0.024362754076719284
41 0.6109201  0.12115156 0.90978926 0.584143   0.024357229471206665
1 0.6412786 0.        1.        0.4120057 0.02434559538960457
24 0.         0.09933922 0.6808064  0.5752009  0.024255001917481422
24 0.74854726 0.01605378 0.991563   0.32155636 0.02411065623164177
20 0.24918728 0.5560885  0.92132753 0.901962   0.02408195659518242
2 0.03823351 0.00340632 0.21099745 0.65456474 0.02401508018374443
10 0.03981163 0.13341007 0.7925269  0.5775902  0.023941678926348686
28 0.09522807 0.03542736 0.8625574  0.42828664 0.023781253024935722
21 0.5228605  0.07669751 0.95097345 0.63925415 0.02371831052005291
24 0.6792439  0.22064108 0.98056155 0.54453063 0.02354300580918789
40 0.03299693 0.         0.30276564 0.6309443  0.023325029760599136
20 0.00825    0.5867834  0.5488603  0.88478214 0.02312619239091873
19 3.2526961e-01 6.1419170e-04 9.2851758e-01 2.1342845e-01 0.023085961118340492
33 0.6742484  0.08356646 0.92363805 0.46694234 0.022874295711517334
10 0.07320269 0.17018224 0.56232953 0.65050656 0.022730065509676933
14 0.86013716 0.9089889  0.99782556 0.98109806 0.022651147097349167
7 0.13491715 0.06510202 1.         0.48410225 0.02251627668738365
7 0.30529103 0.06213145 1.         0.37401423 0.02251421846449375
42 0.35868302 0.39008495 0.9673954  1.         0.022312553599476814
34 0.6291448 0.1206717 0.9978806 0.6077353 0.022099105641245842
14 0.34212032 0.77731454 0.7182626  1.         0.02192593365907669
28 0.         0.02506472 0.72321767 0.3613886  0.021924586966633797
7 0.34086174 0.21663457 1.         0.9327437  0.021876685321331024
15 0.40202802 0.31203368 1.         0.854436   0.02184181846678257
15 0.62320286 0.13832174 0.94998944 0.3738224  0.02156200259923935
39 0.714182  0.7660121 1.        0.9877105 0.021554647013545036
41 0.41199052 0.14504673 0.7517293  0.41868386 0.021541250869631767
14 0.27270472 0.8338813  0.83262986 0.99717826 0.021511081606149673
39 0.         0.2578018  0.67628694 0.94710815 0.021472107619047165
10 0.0026229  0.09254945 0.18631236 0.3725487  0.021402878686785698
20 0.         0.5331723  0.5238246  0.78497225 0.021324170753359795
41 0.00732075 0.12252559 0.37841493 0.55945206 0.02117069624364376
41 0.5111128  0.13498102 0.73985845 0.37284663 0.021166741847991943
29 0.00760276 0.38994434 0.35759547 1.         0.02108943648636341
41 0.0496791  0.24414368 0.40575567 0.95276535 0.020961390808224678
27 0.41315904 0.15302187 1.         0.50213957 0.020932357758283615
20 0.6662281  0.06886655 0.9220494  0.5768343  0.02089131623506546
14 0.08595223 0.6934935  0.61937565 0.9937735  0.02083723433315754
15 0.3047431  0.20633215 1.         0.6401499  0.02059817686676979
20 0.37540296 0.18368752 0.93056756 0.6901346  0.020549966022372246
15 0.07617254 0.5183888  0.7149607  0.82904035 0.020376775413751602
41 0.50577676 0.06746686 0.92701805 0.319769   0.020367790013551712
20 0.0306899 0.5312649 0.7632432 0.9092073 0.020347794517874718
39 0.        0.7550496 0.5719876 0.9898097 0.0202224999666214
41 0.46730042 0.19195741 0.8332122  0.4332114  0.020133379846811295
41 0.06817866 0.06305204 0.43019015 0.46861747 0.02005976438522339
19 0.49108756 0.2185069  1.         0.98034734 0.0199297945946455
14 0.42635277 0.78556234 0.80848706 0.9981037  0.01987384632229805
24 0.5428782  0.         1.         0.35579377 0.019858404994010925
29 0.41137    0.05141913 0.86101484 0.41872844 0.01985182799398899
21 0.01133428 0.015899   0.48051143 0.7806201  0.0196140855550766
10 0.31781304 0.0401548  0.76722616 0.37738696 0.019550828263163567
32 0.22318164 0.08654968 0.86194247 0.5619318  0.019437603652477264
19 0.52944475 0.10036626 1.         0.8150617  0.019428230822086334
20 0.         0.4399029  0.46069658 0.8620742  0.019413409754633904
2 0.         0.04512454 0.5948859  0.8759947  0.019307341426610947
41 0.13791753 0.07166306 0.65457445 0.3998202  0.019105440005660057
39 0.00942289 0.         0.8151128  0.15868711 0.019103696569800377
4 0.         0.21580835 0.6864796  0.7255415  0.019097451120615005
24 0.62220544 0.16477135 0.9046728  0.78630996 0.01898363046348095
20 0.00940963 0.8347163  0.3986     0.9691051  0.01898203417658806
1 0.33244476 0.         1.         0.395264   0.018861176446080208
41 0.4745407  0.27579385 0.96420324 0.47064307 0.018820933997631073
2 0.605824  0.        1.        0.8579522 0.018816664814949036
1 0.4788204  0.04125972 1.         0.49339768 0.018719837069511414
10 0.05016538 0.18507065 0.31422663 0.7440916  0.01869291067123413
41 0.7447173  0.38425797 0.9947194  0.93205833 0.01867428980767727
31 0.45495108 0.13649923 1.         0.4372742  0.018660439178347588
19 0.6716381  0.11904452 0.9865729  0.71792555 0.018618842586874962
1 0.65164745 0.         0.97239333 0.69593215 0.018465710803866386
14 0.34924373 0.69397366 0.99863774 0.98744357 0.018400274217128754
41 0.7020077 0.4373443 1.        0.812484  0.018333423882722855
1 0.72889143 0.         1.         0.56572133 0.018305908888578415
24 0.22614472 0.05541578 1.         0.33039856 0.01829160377383232
20 0.56610423 0.         0.9342769  0.5596412  0.01822824403643608
41 0.8215401 0.4511604 1.        1.        0.018179260194301605
29 0.         0.4588959  0.56488913 0.8587485  0.018171481788158417
24 0.42453742 0.17367232 1.         0.49390784 0.018167981877923012
7 0.48872992 0.204257   0.94022787 0.49929735 0.018119771033525467
37 0.578986   0.         1.         0.65305656 0.01810642145574093
34 0.00780443 0.12436992 0.3826152  0.7216122  0.018087880685925484
39 0.33482623 0.         0.96247745 0.6301681  0.01802675426006317
15 0.361083   0.51681703 1.         0.8161303  0.018022753298282623
30 0.06002564 0.04510061 0.69939244 0.615544   0.017946787178516388
20 0.3909961  0.55623525 0.7392914  0.88842696 0.017884738743305206
30 0.37921366 0.0100075  0.7953278  0.59286857 0.017781652510166168
15 0.0041389  0.90527415 0.182076   0.9958003  0.017763594165444374
10 0.09548979 0.14580803 0.6404178  0.88589764 0.017740046605467796
27 0.00172587 0.01130452 1.         0.35685986 0.017641481012105942
39 0.23248091 0.         0.6627292  0.3020195  0.017640985548496246
33 0.02733266 0.         0.564875   0.6054383  0.017603738233447075
