1 0.3911912  0.6035087  1.         0.97557133 0.6098790168762207
1 0.47414547 0.74473774 1.         1.         0.47132185101509094
1 0.36541215 0.40247828 1.         0.93882346 0.4487178921699524
1 0.2980155  0.31798682 1.         0.86815166 0.3023780882358551
1 0.38519344 0.45871705 0.94660604 0.82177246 0.25718244910240173
24 0.688395  0.5937743 1.        0.8108123 0.22161532938480377
1 0.55828977 0.6736538  0.960364   1.         0.20052795112133026
24 0.4533368  0.42698652 0.9304989  0.89083827 0.19307300448417664
24 0.6923132  0.64777416 1.         0.86428976 0.19005820155143738
24 0.4910666 0.1260494 0.9310369 0.7376591 0.17535507678985596
24 0.5156394  0.17192172 0.90089357 0.55368644 0.1626247763633728
24 0.5171834  0.50984263 0.9812551  0.8362267  0.1611502319574356
10 0.297786   0.82118964 0.9592672  0.9555412  0.15909990668296814
24 0.75807285 0.59698564 0.9794929  0.9085552  0.1589226871728897
1 0.38160133 0.80345464 1.         0.98133314 0.1283503919839859
1 0.4843357 0.4994447 0.9343093 0.94779   0.12768679857254028
41 0.02588287 0.66649973 1.         0.9317755  0.12765483558177948
24 0.5477362  0.7616313  1.         0.95453787 0.12469197064638138
24 0.57021534 0.61797273 0.99241936 0.9230224  0.11989032477140427
24 0.01671088 0.04039561 0.2036995  0.28140616 0.11230633407831192
2 0.47098085 0.15065575 0.96387434 0.8842206  0.10920415073633194
24 0.5502332  0.05124062 0.8849146  0.49884138 0.10781621932983398
24 0.572329  0.4095629 0.9582776 0.741805  0.10634700208902359
10 0.38266233 0.18193673 0.9223185  0.7928633  0.10347786545753479
24 0.6977878 0.8428243 1.        0.9583203 0.1031632050871849
24 0.5350006  0.32010072 0.9181635  0.66674286 0.10310351103544235
2 0.47210172 0.24875198 0.94324344 0.57696277 0.09764845669269562
24 0.45188284 0.4256602  0.9293267  0.69157267 0.09596028178930283
24 0.55096245 0.55340576 1.         0.78062797 0.09570527076721191
24 0.43186605 0.09679116 0.9833951  0.56702524 0.09381478279829025
24 0.7023492  0.72971624 1.         0.9300223  0.09367506951093674
27 0.1658879  0.01106277 1.         0.55658096 0.09344176203012466
24 0.47815135 0.10394239 0.7761707  0.5470053  0.09159038215875626
21 0.09812637 0.13411121 0.9405121  0.6881406  0.08638782799243927
24 0.30190724 0.30527952 0.9212823  0.91490847 0.08579587936401367
41 0.27964732 0.83815736 1.         0.9673934  0.08523979038000107
40 0.03407181 0.06129044 1.         1.         0.08411847054958344
41 0.30579916 0.64639884 0.9673696  0.9244658  0.08132265508174896
41 0.12167826 0.51691115 1.         0.9309741  0.07809647172689438
41 0.5205594  0.85257894 0.9966832  0.98683107 0.07731208205223083
24 0.6666261  0.44829673 0.9593269  0.8814012  0.07705724239349365
24 0.329502   0.60760105 1.         0.90093994 0.07631158083677292
24 0.51411504 0.84466755 0.9970046  0.97128195 0.07601922750473022
1 0.190129   0.         1.         0.77875274 0.07152947783470154
40 0.2022138  0.02579348 1.         0.79767764 0.07060936093330383
10 0.21076982 0.38824838 0.9199807  0.8899984  0.06913638859987259
24 0.43835065 0.24770805 0.9663661  0.5215794  0.06500305980443954
10 0.23607217 0.6151388  0.98769534 0.9109638  0.06384400278329849
10 0.24787171 0.11178859 0.7789783  0.836972   0.06362982839345932
27 0.         0.02573307 0.13929981 0.279201   0.06307756900787354
2 0.35506457 0.22339907 0.8275998  0.56417197 0.06295187026262283
24 0.00921317 0.01286125 0.2141949  0.2067319  0.06168309971690178
41 0.16654074 0.42065537 0.9192969  0.81456196 0.06135367602109909
29 0.40509954 0.0963444  0.8960899  0.8173596  0.061190165579319
21 0.26483956 0.11590612 0.9917343  0.558375   0.06007828563451767
1 0.5328018 0.267013  0.9973339 1.        0.059425197541713715
24 0.4962787  0.2029651  0.9866017  0.46409953 0.05871608108282089
24 0.3897952  0.69987166 1.         0.92133546 0.05837860703468323
41 0.17359081 0.7375564  1.         0.9522151  0.052930571138858795
24 0.7656641  0.78062224 0.98066777 0.9453889  0.052360501140356064
4 0.15758596 0.4465032  1.         0.9822501  0.05147511884570122
10 0.37169334 0.29716814 0.8710108  0.5752086  0.050257205963134766
29 0.5880033  0.30302793 0.9736535  1.         0.049348048865795135
1 0.72134465 0.5147183  0.93995076 1.         0.04927380010485649
24 0.02464976 0.02045996 0.6338227  0.31310818 0.04913530498743057
2 0.4960705  0.11640903 0.8983832  0.55598074 0.048652369529008865
27 0.03703593 0.         0.74598056 0.35788587 0.04824573174118996
24 0.19086874 0.21113841 0.8325751  0.7647224  0.04794701188802719
24 0.581141   0.22022286 0.96213514 0.8299271  0.047719649970531464
1 0.47025025 0.0498056  1.         0.8888191  0.04724583402276039
2 0.4061783  0.00935059 0.9466788  0.6184964  0.04696362838149071
27 0.03680756 0.00265255 1.         0.30133042 0.04671754688024521
1 0.42405486 0.29576126 1.         0.72300327 0.04595523700118065
24 0.00599627 0.01627089 0.28972736 0.25663373 0.045231569558382034
41 0.         0.54665214 1.         0.86752045 0.044634800404310226
41 0.         0.38118327 1.         0.84738916 0.04427549988031387
10 0.30794257 0.77408993 0.74103236 0.98601747 0.04249028116464615
24 0.16313283 0.5021304  0.96441674 0.8761774  0.03967425227165222
1 0.10679581 0.4333637  1.         0.8292189  0.03934203460812569
21 0.16363212 0.2771629  0.82529867 0.727986   0.038112640380859375
24 0.26098403 0.14197086 0.93963623 0.42728993 0.03779265284538269
27 0.37255102 0.10489917 1.         0.77228713 0.03703216835856438
1 0.6273851 0.55806   0.9294281 0.9785638 0.035779669880867004
27 0.11382142 0.11922269 1.         0.8433822  0.035706255584955215
2 0.5289484 0.3281597 0.9581293 0.6895207 0.03519131988286972
24 0.4989502 0.277509  0.7989427 0.7218054 0.03462478145956993
24 0.64698446 0.13496456 0.9247985  0.57783055 0.034511469304561615
41 0.         0.40681967 0.82559454 0.66658694 0.03376294672489166
41 0.40433678 0.7567015  0.99828565 0.9598806  0.03342359885573387
21 0.         0.30101746 0.89470524 0.84807134 0.03236803039908409
27 0.03090205 0.         0.7165739  0.17200126 0.032279856503009796
41 0.32417658 0.7282537  0.85629416 0.94884026 0.03166474029421806
24 0.24406642 0.21062434 0.8504443  0.5022511  0.03147359937429428
24 0.81700855 0.7187592  0.9776876  0.91408044 0.031023314222693443
33 0.49277   0.201379  0.9381303 0.5832044 0.030518068000674248
29 0.46551424 0.5103092  0.9434447  1.         0.029662933200597763
7 0.11119309 0.31059507 0.9810592  0.9128251  0.028838826343417168
41 0.3156103  0.17203334 0.903644   0.61211735 0.02813038043677807
40 0.26019093 0.31625655 1.         1.         0.027773186564445496
34 0.35176808 0.1531059  1.         0.5983793  0.027706803753972054
24 0.2562511  0.29616213 0.80673003 0.54377455 0.027623888105154037
7 0.0057578  0.5370993  0.81023854 0.9588584  0.027595866471529007
2 0.45569834 0.0526253  0.78666615 0.59528106 0.027502797544002533
24 0.5627623  0.29404536 0.9754165  0.5565161  0.027346521615982056
10 0.18144356 0.3977618  0.6849709  0.66575956 0.026919998228549957
28 0.         0.0468017  0.42326823 0.23600724 0.026550455018877983
12 0.37130663 0.24299592 1.         0.82483166 0.026471953839063644
10 0.14291233 0.3077139  0.78031975 0.79296345 0.02621135115623474
27 0.         0.00512121 0.1861632  0.2032176  0.025673994794487953
2 0.5032717  0.17297514 0.8030856  0.7109117  0.025553451851010323
24 0.00091086 0.01860938 0.29322582 0.14965671 0.025497019290924072
7 0.11642823 0.66076756 0.9161171  1.         0.02534743957221508
12 0.27425823 0.32710773 1.         0.6346995  0.025106526911258698
2 0.5942984  0.04031105 0.88557607 0.62760806 0.025063378736376762
12 0.44164246 0.19459867 0.934922   0.7055435  0.024951038882136345
1 0.22812155 0.21190174 1.         0.5892276  0.024741826578974724
41 0.4894249  0.44667757 0.9310541  0.939721   0.024513615295290947
10 0.22565883 0.34284547 0.84346473 0.6149659  0.024127304553985596
40 0.34015027 0.77962685 1.         1.         0.023975888267159462
24 0.18190174 0.01006011 0.9315778  0.15171833 0.023744657635688782
24 0.30845892 0.81361645 1.         0.9774796  0.023676477372646332
21 0.42270643 0.21969981 0.9165826  0.5081068  0.023318814113736153
41 0.1216239  0.3245267  0.97165936 0.68573684 0.02325340546667576
40 0.20157777 0.6890827  1.         1.         0.02321639657020569
41 0.2873341  0.5815943  0.8031835  0.87352926 0.023025164380669594
40 0.         0.09843806 1.         1.         0.022930355742573738
24 0.3888526  0.27652645 0.7893222  0.6128883  0.02278992533683777
24 0.         0.03031216 0.48599616 0.24003713 0.022421477362513542
12 0.44681224 0.2727622  1.         0.6259422  0.022407423704862595
10 0.5408724  0.25099894 0.893491   0.5962214  0.02237788401544094
21 0.1795444  0.29625887 0.86521274 0.48941234 0.022163279354572296
2 0.67181873 0.21879725 0.98071116 0.87254214 0.021543605253100395
24 0.24051474 0.01539134 0.5808691  0.32149637 0.021514445543289185
40 0.20419729 0.2666499  1.         0.611218   0.021196940913796425
4 0.08953898 0.6494279  1.         1.         0.020687157288193703
40 0.         0.51655257 1.         1.         0.020585190504789352
21 0.24013706 0.8293491  0.8828234  0.96658784 0.020538730546832085
24 0.18536133 0.7535221  1.         0.9404528  0.02039511688053608
24 0.6877213 0.4653523 0.980545  0.713974  0.020385339856147766
24 0.5738145  0.20737986 0.8581543  0.65181786 0.020287318155169487
27 0.3549064  0.18923832 1.         0.50302136 0.020122690126299858
34 0.47415346 0.17557833 1.         0.5297275  0.019941195845603943
27 0.3457656  0.09000443 0.99571484 0.5910727  0.019910966977477074
27 0.17434993 0.         0.69414616 0.27860677 0.019853942096233368
10 0.2000325  0.18179616 0.82059294 0.6530251  0.019782643765211105
41 0.1498055  0.40738657 0.72988224 0.7301398  0.019407907500863075
41 0.2485426 0.3788614 0.8882348 0.6154288 0.019073644652962685
41 0.273563  0.3277877 0.8403386 0.5526536 0.018920354545116425
24 0.         0.0164092  1.         0.26950464 0.018691398203372955
29 0.35179016 0.29114825 0.88996655 0.5994492  0.018634460866451263
10 0.46624076 0.14415772 0.9009723  0.6584501  0.018578609451651573
1 0.06438696 0.5605456  1.         0.8900408  0.018547233194112778
24 0.33242077 0.3921486  0.8885869  0.6543119  0.018089741468429565
2 0.289172   0.03797274 0.86128074 0.83839947 0.017888233065605164
18 0.26366842 0.4509496  1.         1.         0.017664605751633644
24 0.68259186 0.195122   0.94883657 0.6654289  0.017604591324925423
1 0.6553744 0.7944412 0.9273747 1.        0.017506595700979233
9 0.2149391  0.11534239 0.91594666 0.5607972  0.017457596957683563
24 0.06870295 0.00865318 0.7973272  0.19461067 0.017430497333407402
24 0.16253133 0.         0.6760909  0.23459174 0.017412841320037842
29 0.5016667  0.2976297  0.9546637  0.71162885 0.017284929752349854
41 0.3241575  0.35072944 0.7967377  0.6837524  0.017097139731049538
34 0.5091949  0.4453763  1.         0.84872335 0.017073774710297585
10 0.4850753  0.38261396 0.9548233  0.899048   0.01695815846323967
28 0.01780027 0.03296265 0.38387787 0.14058347 0.016905032098293304
41 0.38345912 0.5566462  0.9255139  0.8233185  0.016688941046595573
27 0.3524305  0.0153731  0.7787473  0.66555643 0.0164792537689209
41 0.57396674 0.7659284  0.97806686 0.9862515  0.016429182142019272
18 0.40018165 0.770433   1.         1.         0.016419872641563416
2 0.35091135 0.33505455 0.8870793  0.9236143  0.016364986076951027
38 0.         0.04879908 0.26715806 0.27914578 0.01612452231347561
24 0.         0.57619226 0.9281155  0.85033    0.016081346198916435
10 0.37502575 0.22157593 0.7698537  0.6360955  0.015934821218252182
10 0.08053251 0.4141293  0.6541616  0.86705935 0.015558095648884773
4 0.12408961 0.22897632 1.         0.869133   0.01538065355271101
29 0.24199995 0.20641229 0.7850612  0.98073    0.015346555970609188
24 0.00316027 0.12536332 0.30059946 0.38839605 0.015140692703425884
27 0.16733663 0.00469837 1.         0.1612716  0.015077795833349228
24 0.         0.38660794 0.9032581  0.8445089  0.015017295256257057
2 0.435895   0.21635523 0.71942824 0.77543515 0.014966923743486404
24 0.11132564 0.05124961 1.         0.41024292 0.014907600358128548
41 0.27165133 0.47985977 0.68255913 0.8918435  0.01481411699205637
38 0.00088824 0.01482115 0.2699986  0.18517047 0.014722548425197601
10 0.00353802 0.         0.1286454  0.3101963  0.014714645221829414
27 0.         0.00292323 0.26912457 0.24911693 0.014135054312646389
2 0.16336879 0.10458659 0.76212126 0.76646316 0.013988669961690903
24 0.         0.02271468 0.46443543 0.14843398 0.013972724787890911
38 0.         0.01915192 0.3785683  0.2354862  0.01392137911170721
27 0.3588085 0.6004936 1.        1.        0.01370937004685402
24 0.24078189 0.         0.7778428  0.30544293 0.013661831617355347
27 0.07374286 0.         0.8584826  0.22462578 0.013639096170663834
2 0.591035   0.21823466 0.9826691  0.64543104 0.013546962291002274
2 0.3975971  0.19410323 0.96042097 0.5080487  0.013525267131626606
18 0.8715438 0.8584701 1.        1.        0.013427725993096828
24 0.83494693 0.9172936  0.986861   0.972776   0.013378815725445747
33 0.4228172  0.12042847 1.         0.80506074 0.013304785825312138
34 0.52583754 0.29904464 1.         0.7764105  0.01317386794835329
25 0.         0.54625034 1.         0.893826   0.013091256842017174
24 0.0191544  0.01083303 0.16153482 0.06999774 0.01307840459048748
2 0.5921038  0.47917625 0.9821004  1.         0.012978688813745975
27 0.24921808 0.         0.6335265  0.36501727 0.012975038029253483
10 0.1639651  0.81212974 0.8437021  0.9773896  0.01287938468158245
9 0.35568953 0.25895202 0.87615675 0.54067343 0.012644832022488117
29 0.34747648 0.26942024 1.         0.90674126 0.01257982850074768
21 0.         0.14401558 0.6919676  0.64831585 0.012087443843483925
24 0.7315253  0.31471792 0.9794216  0.70671815 0.012024843133985996
41 0.40831167 0.25931284 0.8440433  0.6471212  0.011876043863594532
24 0.37581095 0.17555135 0.6982066  0.67288804 0.011642428115010262
1 0.39374363 0.154472   0.9592583  0.7756216  0.011625166982412338
29 0.32295188 0.3783115  0.8870687  1.         0.011422696523368359
27 0.24262437 0.24686813 1.         0.561641   0.011401220224797726
10 0.27626154 0.6830174  0.8373326  0.96542877 0.011289888992905617
1 0.74255675 0.7305306  0.94835013 1.         0.011257193051278591
21 0.03575262 0.20415424 0.8400573  0.5779114  0.011057905852794647
18 0.84206504 0.6882894  1.         1.         0.010962732136249542
12 0.30855602 0.2925964  1.         0.54827124 0.010853171348571777
34 0.24294594 0.4860507  0.9816504  0.8527697  0.01080496795475483
24 0.         0.08712611 0.39948115 0.36574835 0.010762677527964115
28 0.00153636 0.06792961 0.5299405  0.31803685 0.010750642977654934
29 0.47851267 0.20007032 0.88406456 0.6590409  0.01074615865945816
27 0.         0.         0.56791824 0.24587779 0.010711580514907837
25 0.4502883  0.72095585 1.         0.9710843  0.010481437668204308
25 0.4747454  0.56950665 1.         0.94549006 0.010385948233306408
24 0.3349196  0.50995636 0.83716613 0.8534247  0.010294144973158836
27 0.46049133 0.34059662 1.         0.93831486 0.01023062039166689
10 0.45829794 0.7083139  0.98986036 0.9619778  0.010150817222893238
7 0.32714805 0.84422565 0.9249816  1.         0.009937001392245293
27 0.43655142 0.3084664  1.         0.6414962  0.0099249966442585
13 0.4174097  0.05874329 0.99371636 0.7609963  0.009816625155508518
2 0.3984222  0.08787191 0.7304416  0.6729012  0.009814637713134289
14 0.         0.01043666 0.20286585 0.33471605 0.009728626348078251
2 0.7617842  0.4147599  0.9750935  0.98483104 0.009572230279445648
24 0.60034895 0.09266625 0.9502645  0.4149501  0.009546742774546146
33 0.4582191  0.28117356 1.         0.6536428  0.009444878436625004
10 0.25331107 0.35596845 0.6646822  0.74530405 0.009362403303384781
10 0.         0.90825135 0.2279213  0.9925124  0.009309726767241955
27 0.41342115 0.7011843  0.85862756 1.         0.00921215396374464
34 0.34167063 0.37800273 1.         0.77575403 0.008902782574295998
1 0.5396898  0.         0.95285994 0.6621625  0.008893788792192936
21 0.290296   0.24049078 0.9185517  0.4453453  0.008838956244289875
27 0.2452508 0.5360474 1.        1.        0.008768284693360329
41 0.51891404 0.31141913 0.91900474 0.8321656  0.008762752637267113
16 0.28148848 0.44812167 0.770024   0.8255402  0.008749451488256454
41 0.34284806 0.31210658 0.6802428  0.77377754 0.00866573117673397
41 0.2794026  0.28469187 0.68332237 0.58130056 0.008650467731058598
27 0.         0.23824568 1.         0.9951638  0.008636140264570713
16 0.49123242 0.31760994 0.8813314  0.58468777 0.008616640232503414
27 0.40577343 0.7607009  1.         1.         0.008569912053644657
12 0.32371292 0.16862684 1.         0.6558592  0.008569369092583656
27 0.51908845 0.         1.         0.66849285 0.008532368578016758
41 0.08936801 0.26274446 0.8729115  0.59542197 0.008432367816567421
40 0.35548383 0.18981664 1.         0.5447782  0.008377655409276485
21 0.46004486 0.2863781  0.9222916  0.72685945 0.00836368277668953
10 0.        0.8826164 0.1652535 0.9942635 0.00833602249622345
10 0.47352377 0.20308279 0.8231018  0.58132315 0.00829892698675394
21 0.00107    0.61820984 0.9200914  0.9428866  0.008281496353447437
27 0.00091587 0.00651814 0.07415621 0.1391282  0.008255151100456715
7 0.20571841 0.8012899  0.78398836 1.         0.008184518665075302
1 0.41292357 0.         1.         0.5585606  0.008180529810488224
41 0.4629263  0.11888205 0.91143864 0.5587806  0.008108481764793396
2 0.76571554 0.5341238  1.         0.8896494  0.008085640147328377
21 0.17393962 0.3409909  0.8886538  0.548396   0.008071095682680607
25 0.59996146 0.60852957 1.         0.84622985 0.008066361770033836
24 0.39259496 0.33714783 0.72805315 0.7918391  0.008053846657276154
4 0.13310522 0.12837158 1.         0.55954754 0.008041328750550747
24 0.         0.10680506 0.22529425 0.46145296 0.007922752760350704
10 0.26103356 0.6028757  0.69753754 0.9861367  0.007913078181445599
21 0.1598727  0.7861888  0.75787413 0.98597556 0.007899452932178974
27 0.3043698  0.         1.         0.25584528 0.00781333353370428
2 0.34084353 0.290223   0.7927817  0.6473148  0.007800424471497536
4 0.07727549 0.30299813 0.92274415 0.923327   0.007798670791089535
40 0.51931286 0.         0.9794788  0.73433536 0.007792789954692125
24 0.10163915 0.32732478 0.9208073  0.6904315  0.0077764797024428844
41 0.32147962 0.2676416  0.821761   0.48973364 0.007664733100682497
35 0.2713096  0.10550324 1.         0.6500648  0.007629064377397299
34 0.44838345 0.85389984 0.98162293 0.9604162  0.007581260055303574
1 0.         0.         1.         0.54262155 0.007532443385571241
25 0.35277915 0.8295433  1.         0.97532594 0.007530244532972574
13 0.         0.         0.20248236 0.34997234 0.007503074128180742
9 0.3754798  0.15944579 0.79485714 0.5194365  0.007480491418391466
21 0.37832096 0.71106577 0.99520725 0.9452503  0.007456558756530285
28 0.         0.02209328 0.52221155 0.1477014  0.0074545517563819885
1 0.         0.         0.46584016 0.5032161  0.007407756522297859
21 0.26125887 0.5228183  0.8723347  0.89085585 0.0073638055473566055
16 0.36718193 0.39530307 0.8413971  0.78488404 0.007348842453211546
24 0.5637182  0.02780266 1.         0.13997224 0.007330801337957382
10 0.19910997 0.4122844  0.59435874 0.7924792  0.00727113988250494
9 0.22640058 0.19803458 0.8709192  0.48437822 0.0072013139724731445
21 0.37872592 0.3032243  0.9603117  0.525876   0.007198700215667486
10 0.47760463 0.83486307 1.         0.9724676  0.0071813566610217094
1 0.3373804  0.05214605 0.8823072  0.61782515 0.007170405704528093
18 0.83412445 0.8948103  1.         1.         0.007134228944778442
27 0.37361413 0.16700794 0.8074809  0.87983555 0.00713060237467289
40 0.11063401 0.05666617 1.         0.48147452 0.007020908873528242
1 0.8347677  0.         1.         0.51972455 0.006997477263212204
25 0.2653917  0.7748298  1.         0.96271235 0.006886948365718126
9 0.4802467  0.10646215 0.8568501  0.5472995  0.006859188433736563
18 0.47624752 0.63291055 1.         1.         0.006751672830432653
18 0.35946748 0.7098388  0.77739817 1.         0.006740696262568235
24 0.         0.11568438 0.907064   0.51390517 0.0067340959794819355
