9 0. 0. 1. 1. 0.4190479815006256
9 0.         0.01358236 0.70614815 1.         0.2721650004386902
9 0.         0.13204056 0.3497701  1.         0.22018511593341827
9 0.         0.1167453  0.59423524 1.         0.1425618827342987
9 0.         0.17718469 0.48431683 0.78378695 0.0692550390958786
9 0.26482847 0.         1.         1.         0.05158187821507454
9 0.         0.10789403 0.89213705 0.9700855  0.027723226696252823
9 0.         0.33893698 1.         1.         0.014025984331965446
9 0.        0.4928535 0.6454533 1.        0.011290009133517742
9 0.         0.5548605  0.38651854 1.         0.009591389447450638
9 0.         0.6199482  0.51865715 1.         0.007275873329490423
9 0.         0.1942329  0.43043828 0.58903164 0.006610353011637926
9 0.         0.14531438 0.8181011  0.6609868  0.006080277264118195
9 0.55333775 0.05127101 1.         1.         0.005021913442760706
9 0.11497272 0.20865005 0.6473623  1.         0.0038699330762028694
9 0.         0.5247788  0.98619306 1.         0.0037722205743193626
9 0.18659882 0.34438375 1.         1.         0.003379207570105791
9 0.3063043 0.1008225 0.9948618 1.        0.0032264997716993093
9 0.         0.5662737  0.77950245 1.         0.0029641124419867992
9 0.58489275 0.16121875 1.         0.8698782  0.002869618823751807
9 0.         0.2902346  0.65060353 0.8955836  0.0027078858111053705
9 0.12500647 0.15259695 0.9492554  0.8159578  0.0025800804141908884
9 0.1753319  0.09067713 0.71529675 1.         0.0016047983663156629
9 0.         0.09156352 0.8979532  0.5631492  0.0015440345741808414
9 0.         0.32817414 0.5383966  1.         0.0014386959373950958
9 0.         0.11254822 0.514262   0.52785563 0.0013437664601951838
9 0.1762154  0.44486323 0.7574281  1.         0.0010393058182671666
9 0.48576337 0.3758529  1.         1.         0.0009898911230266094
9 0.07155996 0.2650068  0.8394843  0.9745476  0.0006930318777449429
9 0.         0.05345201 0.832498   0.4106829  0.0005297578172758222
9 0.05872307 0.08576798 0.7591961  0.56134677 0.0004349282244220376
24 0.30393 0.      1.      1.      0.00035248417407274246
24 0.2302767  0.60554427 1.         1.         0.00023595007951371372
9 0.3818288 0.1412994 0.9404842 0.7382931 0.00022180959058459848
24 0.71690536 0.34945035 1.         1.         0.0002069542242679745
24 0.         0.04531804 1.         1.         0.0001908962440211326
24 0.4664621  0.65352196 1.         1.         0.0001642930437810719
24 0.22677287 0.3051764  1.         1.         9.53373164520599e-05
20 0.01159798 0.22709313 0.32040468 0.87863374 8.118203550111502e-05
34 0.         0.04649244 1.         0.3155859  7.73148494772613e-05
24 0.        0.6921405 1.        1.        6.902184395585209e-05
24 0.        0.5175826 1.        1.        6.79214354022406e-05
34 0.6729372  0.44914612 1.         0.96628886 6.750297325197607e-05
24 0.3717372  0.48665264 1.         1.         6.106171349529177e-05
34 0.         0.23935026 1.         0.7673232  4.246243042871356e-05
24 0.         0.00590528 1.         0.4309486  4.171444015810266e-05
24 0.         0.0592688  1.         0.66719323 3.75436466129031e-05
20 0.00505595 0.18297221 0.4141344  1.         3.2419604394817725e-05
34 0.64062977 0.2946828  1.         0.735212   3.2179566915147007e-05
35 0.         0.40664953 0.82988936 0.9778799  2.9215421818662435e-05
24 0.         0.12106319 0.38609985 0.97993535 2.9082650144118816e-05
24 0.73402387 0.0586849  1.         1.         2.7990317903459072e-05
24 0.       0.       0.991224 1.       2.6565803636913188e-05
20 0.         0.16590169 1.         1.         2.617025893414393e-05
21 0.47462296 0.         1.         1.         2.3988472094060853e-05
34 0.50969934 0.5106905  1.         0.95916194 2.3183474695542827e-05
24 0.39735046 0.00306137 1.         1.         2.1446539903990924e-05
20 0.         0.35266885 0.3082926  1.         2.1116960851941258e-05
24 0.         0.10128332 0.5313704  1.         1.9689754481078126e-05
34 0.         0.12007125 1.         0.45581743 1.9132252418785356e-05
24 0.6150531  0.13623053 1.         0.89807785 1.8759406884782948e-05
34 0.06479518 0.2025729  1.         0.86482507 1.7875288904178888e-05
24 0. 0. 1. 1. 1.647733006393537e-05
20 0.02390086 0.19447125 0.44632304 0.64608014 1.592419903317932e-05
1 0.58379066 0.         0.9809654  0.68995005 1.5625280866515823e-05
24 0.         0.09808164 0.5319753  0.5977249  1.5148812963161618e-05
1 0.669588  0.5019983 0.9249105 0.9358366 1.48455756061594e-05
34 0.32999814 0.63551605 1.         0.9780473  1.4617701708630193e-05
24 0.11294739 0.14251979 1.         0.73091793 1.380376943416195e-05
35 0.         0.36674917 0.23432241 0.77848685 1.352994058834156e-05
34 0.55877984 0.35739312 1.         0.82505304 1.3314281204657163e-05
24 0.53344923 0.17841004 1.         1.         1.2604660696524661e-05
1 0.8362339  0.13194542 0.9646642  0.91940653 1.170145424111979e-05
24 0.         0.03716995 0.6900935  0.9075991  1.1204948350496124e-05
1 0.31257382 0.         1.         0.62088215 1.0950411706289742e-05
24 0.         0.         0.83147705 0.5230447  1.0283970368618611e-05
1 0.7426747  0.38861635 0.94466656 0.9289055  9.685365512268618e-06
33 0.5533469  0.5194178  0.95064914 1.         9.432191291125491e-06
34 0.22327754 0.24772088 1.         0.72077346 9.184418559016194e-06
1 0.50565535 0.52762043 0.885139   0.9456215  9.099543603952043e-06
2 0.29779756 0.         1.         1.         8.734768016438466e-06
14 0.04479432 0.         0.22938727 1.         8.714298928680364e-06
35 0.         0.6415026  0.73996663 1.         8.610362783656456e-06
21 0.11072052 0.         1.         0.99562603 8.472101399092935e-06
34 0.        0.199357  1.        0.6341141 8.247482583101373e-06
1 0.40639788 0.5866531  0.8192162  0.9377698  7.96700896898983e-06
34 0.45869458 0.3286767  1.         0.63225204 7.813367119524628e-06
20 0.46930584 0.12704936 0.9904876  1.         7.751888915663585e-06
24 0.        0.7010545 1.        1.        7.536943030572729e-06
35 0.         0.41133443 0.29207304 0.9559196  7.2462476055079605e-06
34 0.         0.5050711  1.         0.93863124 7.193104465841316e-06
2 0.81739414 0.01124064 1.         1.         7.16710337655968e-06
33 0.760633   0.41194043 0.9788723  0.727977   7.04979265719885e-06
20 0.00572461 0.19105302 0.7762246  0.9145803  6.846571068308549e-06
1 0.44008556 0.39607126 0.9141391  0.8928621  6.844393283245154e-06
34 0.        0.2088005 1.        0.4769859 6.810762442910345e-06
1 0.31764644 0.         0.9839256  0.7440911  6.7115897763869725e-06
34 0.         0.19153412 0.40347517 0.6813982  6.47502292849822e-06
35 0.         0.47503373 1.         1.         6.470866537711117e-06
34 0.        0.6537817 1.        0.9664335 6.2779140534985345e-06
20 0.37754485 0.0401921  0.9353283  0.2934175  6.249885245779296e-06
24 0.         0.36188355 0.38247442 1.         6.20642140347627e-06
34 0.         0.07849587 0.7826925  0.41488102 6.181338903843425e-06
34 0.        0.2801939 1.        0.5006227 6.1601417655765545e-06
2 0.54936993 0.         1.         1.         6.031975772202713e-06
24 0.         0.42975616 1.         1.         5.757426151831169e-06
34 0.18378703 0.32315025 1.         0.58553296 5.666541710525053e-06
35 0.4120546  0.72179395 1.         1.         5.6654730542504694e-06
24 0.08216782 0.4895254  0.9608911  1.         5.539980065805139e-06
1 0.36273602 0.25805002 0.96109986 0.8662102  5.489149316417752e-06
2 0.16030829 0.         1.         0.46288916 5.341327323549194e-06
24 0.4137205  0.10355609 1.         0.69614166 5.250014510238543e-06
1 0.5847932  0.15096532 0.9413712  0.88586813 5.248230081633665e-06
24 0.         0.6142692  0.54512715 1.         5.140104349266039e-06
35 0.        0.595981  0.1980526 1.        5.127797066961648e-06
34 0.14843018 0.10855021 1.         0.4272563  4.946603894495638e-06
34 0.         0.21428238 0.95861655 0.8978186  4.865828941547079e-06
34 0.31821814 0.2730001  1.         0.5336829  4.851718131249072e-06
33 0.77831197 0.6579353  0.9932717  0.9359184  4.593915036821272e-06
20 0.7579657  0.20744294 1.         0.7044584  4.244338470016373e-06
20 8.3826703e-04 6.2135357e-01 3.8442257e-01 1.0000000e+00 4.180338237347314e-06
35 0.06231369 0.73778814 0.9553447  1.         4.167976840108167e-06
35 0.6335279  0.69040465 0.9988764  1.         4.142227680858923e-06
21 0.7241693  0.         0.97020906 0.8151029  4.099498255527578e-06
20 0.         0.19041273 0.5931837  0.74116886 4.068373527843505e-06
34 0.         0.17841515 0.7268644  0.7455224  4.043669378006598e-06
20 0.06135417 0.15918465 0.36027336 0.4639383  4.040143267047824e-06
35 0.         0.81260604 0.42718455 1.         4.029325282317586e-06
35 0.758064   0.56537926 0.9941075  1.         4.0261320464196615e-06
35 0.         0.2859476  0.31797925 0.61603916 3.9034648580127396e-06
35 0.        0.3394772 0.3926943 0.8419756 3.876055416185409e-06
35 0.         0.54813635 0.48607606 1.         3.838627890218049e-06
2 0.56974405 0.34472007 1.         1.         3.7944739688100526e-06
34 0.25588584 0.40152246 1.         0.90752107 3.761003654290107e-06
33 0.12957843 0.53860146 0.9267762  0.9801365  3.753797045646934e-06
1 0.65171766 0.40335387 0.870307   0.90292877 3.628406375355553e-06
36 0.5673634 0.        0.8680568 1.        3.5274440506327664e-06
34 0.         0.17203934 0.50986356 0.4310188  3.4633721952559426e-06
34 0.        0.3633172 1.        0.8874346 3.4359054552624e-06
34 0.44214022 0.21813688 1.         0.5004475  3.324679255456431e-06
34 0.         0.20166303 0.90807134 0.4633306  3.3152709875139408e-06
16 0.        0.6642558 0.671458  1.        3.309888825242524e-06
20 0.60848135 0.14424868 1.         0.55273324 3.137542080366984e-06
34 0.         0.19905993 0.5529076  0.56331646 3.119601842627162e-06
2 0.03708089 0.09930888 0.5017496  0.5965097  3.0021390102774603e-06
20 0.76305217 0.40832502 1.         1.         2.9394045668595936e-06
21 0.06666528 0.         0.33505285 0.7926611  2.911423734985874e-06
34 0.         0.07388345 0.5123349  0.39492986 2.9096008802298456e-06
20 0.6702996  0.17866108 0.97954684 0.46645835 2.9004643238295102e-06
21 0.05908936 0.         0.8164683  0.87106365 2.886136371671455e-06
37 0.43098268 0.26472473 0.85230595 0.9270522  2.7888486329175066e-06
2 0.34041557 0.06082008 1.         0.62121034 2.7759708700614283e-06
33 0.6920643  0.73610324 0.9920748  0.96341974 2.7517814942257246e-06
34 0.        0.5543864 1.        0.9435951 2.7342007342667785e-06
24 0.         0.22903204 0.538673   0.83477056 2.729547759372508e-06
33 0.13999443 0.11252379 0.8963585  0.306437   2.6746206458483357e-06
33 0.20044439 0.33223847 0.9046214  0.7162068  2.6721111225924687e-06
20 0.6268754  0.55249155 1.         1.         2.6308989617973566e-06
2 0.10164926 0.         0.358679   1.         2.6210905161860865e-06
37 0.19638899 0.07993101 1.         0.38654605 2.595354089862667e-06
35 0.         0.7509513  0.26182464 0.99223125 2.5884746719384566e-06
20 0.         0.43370724 0.7930853  1.         2.5392141651536804e-06
21 0.51380944 0.46021134 0.9699209  0.9742454  2.436582690279465e-06
35 0.34952855 0.45191213 0.96392864 0.95912856 2.4175544695026474e-06
41 0.         0.12820926 0.33240545 0.6938791  2.4097457753669005e-06
1 0.66755456 0.         1.         0.59531265 2.4059736460912973e-06
41 0.01574234 0.29282898 0.24390109 1.         2.3955026335897855e-06
3 0.20569217 0.31041998 0.8234363  0.74730515 2.391807356616482e-06
14 0.06444073 0.         0.2789149  0.95267063 2.387066842857166e-06
21 0.15267238 0.         1.         0.6204104  2.338232661713846e-06
33 0.44180605 0.49378756 0.9810375  0.9369034  2.333203838134068e-06
20 0.        0.7198387 0.5625409 1.        2.298120307386853e-06
41 0.5294821  0.19933188 0.97733766 1.         2.2667006760457298e-06
33 0.03960286 0.40302572 0.3114054  0.89365095 2.2593246740143513e-06
1 0.25339487 0.4747351  0.81701064 0.9123251  2.2519484446092974e-06
20 0.14595027 0.4407951  1.         1.         2.250977104267804e-06
20 0.57933414 0.19450982 1.         0.8848233  2.2444603473559255e-06
2 0.10710925 0.         0.8640515  0.6964095  2.199784375989111e-06
2 0.07048831 0.         0.5777045  0.6865028  2.1466701127792476e-06
20 0.18388596 0.04860766 0.7976779  0.30312777 2.1315779576980276e-06
21 0.24696514 0.         0.94083196 0.364953   2.078481657008524e-06
20 0.21864049 0.16133334 1.         0.89446485 1.986556981137255e-06
20 0.32108638 0.12907341 1.         0.67072624 1.950822024809895e-06
2 0.13235645 0.         0.70997053 1.         1.9284968857391505e-06
20 0.7205183  0.21212018 1.         0.5390081  1.9278033960290486e-06
1 0.65727574 0.00283595 0.98575    0.68367106 1.9147066723235184e-06
33 0.5894363  0.46165395 0.9897161  0.8791332  1.8889801367549808e-06
37 0.6004265  0.25352427 0.8261964  0.99031794 1.8822830725184758e-06
20 0.415171   0.60818326 1.         1.         1.872105713118799e-06
41 0.09807653 0.33783814 0.885763   1.         1.8539811890150304e-06
25 0.28481114 0.         0.9676516  0.8736794  1.851984734457801e-06
14 0.06921151 0.         0.30010322 0.6781715  1.8512071164877852e-06
20 0.00872401 0.31090036 0.49929166 0.79947877 1.8412271174383932e-06
33 0.47285545 0.3027312  0.9767626  0.6826966  1.8343582723900909e-06
41 0.         0.09139507 0.74042624 0.42553782 1.8310610130356508e-06
35 0.        0.7884547 0.5776031 1.        1.820288275666826e-06
37 0.8380536  0.35357866 0.9555996  0.81772405 1.8003125887844362e-06
20 0.         0.56991166 0.6282188  1.         1.7946450725503382e-06
14 0.00834432 0.         0.6297369  1.         1.7864198298411793e-06
20 0.         0.13449074 0.97344834 0.70260316 1.7618087895243661e-06
1 0.22261557 0.         0.8730798  0.5468786  1.7577015114511596e-06
36 0.20731509 0.         0.7956403  1.         1.7404347545380006e-06
33 0.690456   0.40874416 0.9669033  0.6551665  1.7329878119198838e-06
1 0.19325626 0.28823206 0.8184482  0.85767967 1.7328201238342444e-06
14 0.05551351 0.         0.32134178 1.         1.7256970750167966e-06
24 0.20083477 0.04772868 1.         1.         1.7198765362991253e-06
16 0.01080987 0.72024465 0.4255003  1.         1.7144949424618972e-06
2 0.42399684 0.21780396 1.         1.         1.7129710840890766e-06
34 0.         0.08537374 1.         0.5560275  1.6906702740016044e-06
41 0.26277816 0.29213512 1.         1.         1.6731661389712826e-06
35 0.4877243  0.665537   0.93300456 0.9977805  1.6633090353934676e-06
24 0.         0.07121415 0.82675123 1.         1.6608229316261713e-06
25 0.         0.         0.93602306 0.39473116 1.650802232688875e-06
35 0.         0.15599258 0.28757656 0.46236137 1.6215942650887882e-06
1 0.80896586 0.         0.9972534  0.7019289  1.601936105544155e-06
33 0.09433629 0.19133554 0.73797417 0.51304436 1.6010761783036287e-06
33 0.5592925  0.36342928 0.9861055  0.7567323  1.59980720582098e-06
36 0.        0.        0.6041814 1.        1.5891490647845785e-06
37 0.48020834 0.22263214 0.9241201  0.8055428  1.5862793816268095e-06
25 0.         0.         0.8348755  0.28034744 1.582633558427915e-06
37 0.24995518 0.34130222 0.68526626 0.94157726 1.5799794255144661e-06
37 0.36378407 0.16929658 0.85728973 0.75454986 1.5644751556465053e-06
33 0.576856   0.39221758 0.9787309  0.61656076 1.5178782177827088e-06
36 0.63152933 0.57422495 0.9772216  1.         1.5030287841000245e-06
16 0.00114085 0.570808   0.18515708 0.8197075  1.4926023368388996e-06
33 0.04187445 0.2332543  0.29437688 0.5849588  1.4897483424647362e-06
25 0.14802659 0.0184772  0.9830919  0.28976595 1.4774203691558796e-06
1 0.3263809  0.04248723 0.81649446 0.39540255 1.4603499494114658e-06
33 0.0482355 0.2783516 0.3521125 0.5221026 1.4591656736229197e-06
2 0.14455561 0.         1.         1.         1.446308488084469e-06
16 0.00604523 0.68208706 0.23928559 1.         1.4422701042349217e-06
33 0.3201045 0.2256537 0.9023289 0.5448984 1.4330057638289873e-06
21 0.6887685  0.42580384 0.95663464 0.9337637  1.3981891697767423e-06
36 0.         0.         0.175773   0.86825585 1.3716362445848063e-06
3 0.6449961  0.35071874 0.92942446 0.7818016  1.3568131862484734e-06
16 0.75526917 0.6303259  0.99755067 1.         1.3562788581111818e-06
20 0.22304077 0.6713098  0.8781403  1.         1.3239150575827807e-06
2 0.12494267 0.         0.4869369  1.         1.3109670362609904e-06
41 0.83768415 0.42539573 1.         1.         1.3075224387648632e-06
41 0.7358017 0.5556718 1.        1.        1.2892162430944154e-06
33 0.4156553  0.29501653 0.96589196 0.5538581  1.2671409876929829e-06
37 0.64035195 0.26950163 0.9266884  0.801012   1.2585298918565968e-06
21 0.7867031  0.25507036 0.94274354 0.93763244 1.2559388551380835e-06
20 0.6393434  0.27082044 1.         0.6309312  1.2464859082683688e-06
16 0.6237093  0.69833773 0.9737085  1.         1.2016209893772611e-06
33 0.04345757 0.47950968 0.57755464 0.9216166  1.197073743242072e-06
21 0.0000000e+00 9.0972905e-04 9.5757979e-01 5.3587508e-01 1.1909825161637855e-06
1 0.162874   0.         0.6996999  0.33433992 1.186177314593806e-06
2 0.08070931 0.         0.48547822 0.9566626  1.1726928050848073e-06
24 0.        0.3436142 0.5994873 1.        1.1687318419717485e-06
14 0.079694  0.        0.4502764 1.        1.1592438795560156e-06
41 0.3554656  0.07702034 0.92164725 0.38168073 1.153402195086528e-06
20 0.05239978 0.19147755 0.67357874 0.47073874 1.1354960633980227e-06
41 0.        0.1241035 0.5746055 0.6787665 1.1197100775461877e-06
20 0.44678494 0.17261764 0.9565847  0.49745703 1.0889935992963728e-06
1 0.05585982 0.         0.39456773 0.37487844 1.078734953807725e-06
1 0.20578596 0.60612273 0.6087001  0.9399827  1.074117449206824e-06
3 0.07464633 0.30026346 0.25497833 0.6398858  1.0681166031645262e-06
33 0.03694076 0.28983688 0.3366528  0.7749665  1.0565167940512765e-06
1 0.14448161 0.         1.         0.2600203  1.0363446563133039e-06
25 0.         0.02460732 0.3610198  0.42572346 1.0117595365954912e-06
35 0.         0.22969382 0.36932656 0.5245157  1.009335505841591e-06
16 0.43772808 0.7387159  0.94729334 1.         1.0092032880493207e-06
27 0.         0.00233309 0.25679883 0.7943863  1.0083800816573785e-06
3 0.7490506 0.6855052 0.9581123 0.8402313 1.0035535069619073e-06
33 0.34027332 0.27115738 0.9030194  0.46735826 1.0016526630352018e-06
25 0.         0.         1.         0.82812816 9.971931831387337e-07
16 0.00962386 0.62169945 0.32798868 0.9203874  9.92841364677588e-07
3 0.41497993 0.27624497 0.98903537 0.69392055 9.866306527328561e-07
20 0.1180921  0.09289633 0.9052635  0.44002065 9.818903663472156e-07
1 0.30920008 0.56493837 0.68965787 0.9229825  9.733503247844055e-07
24 0.        0.4854939 0.7386363 1.        9.66532184065727e-07
2 0.12006315 0.         0.64897704 1.         9.664589697422343e-07
35 0.         0.2602589  0.73366255 0.7451268  9.5946597866714e-07
2 0.44462484 0.02712568 1.         0.7886373  9.589210776539403e-07
36 0.16259614 0.02439592 0.84801596 0.2956178  9.553648396831704e-07
33 0.08387225 0.3555137  0.75120026 0.7649583  9.513423151474854e-07
41 0.00656336 0.14422028 0.6082672  1.         9.485649457019463e-07
16 0.44818142 0.6085209  0.84293586 1.         9.45684746511688e-07
36 0.         0.0881196  0.25691625 0.51083314 9.431652756575204e-07
1 0.5358363  0.         1.         0.61651117 9.315688203059835e-07
1 0.10957212 0.         0.61573577 0.47040778 9.285099054068269e-07
37 0.12618975 0.11295465 0.74211234 0.53357357 9.27557493923814e-07
1 0.01986056 0.         0.39813238 0.28772274 9.175763011626259e-07
37 0.54926604 0.19617027 0.8656828  0.6237541  9.126334816755843e-07
1 0.06139775 0.05126207 0.42570832 0.32315806 9.124356665779487e-07
1 0.7638915  0.04651581 1.         0.5106687  9.076738933799788e-07
21 0.46283194 0.00844994 1.         0.6357893  9.07013884443586e-07
3 0.33476216 0.08296594 0.9629234  0.26866877 8.837147333906614e-07
37 0.83571327 0.51397026 0.9710712  0.8606304  8.812808118818793e-07
33 0.55118066 0.77136946 0.9642799  0.96068954 8.795327630650718e-07
1 0.1714756  0.04276111 0.8892482  0.79665196 8.726825058147369e-07
41 0.8164994  0.18451162 1.         1.         8.639568136459275e-07
2 0.7572756 0.        1.        1.        8.5929821125319e-07
1 0.0525524  0.00822263 0.32383224 0.4863381  8.584145234635798e-07
14 0.09651551 0.         0.47652528 0.7076894  8.560358537579305e-07
33 0.15501127 0.33420166 0.7523966  0.64299977 8.532412607564765e-07
35 0.         0.2228613  0.55440754 0.44565237 8.491077210237563e-07
35 0.         0.5301103  0.22826931 0.8662609  8.479932489535713e-07
33 0.08493965 0.26792023 0.5583659  0.4996599  8.478615427520708e-07
