37 0.6409952 0.1698807 1.        0.9360606 0.33018696308135986
37 0.11000226 0.         0.87236494 0.3736464  0.2717195749282837
37 0.5416545  0.09207582 0.9888359  0.47602728 0.2700268030166626
3 0.18689904 0.09994445 0.7325651  0.33569312 0.2219279259443283
31 0.57954776 0.28959978 1.         0.5480629  0.21365053951740265
37 0.5415892 0.1146473 1.        0.6357073 0.21163104474544525
3 0.15705076 0.09226855 0.6135128  0.28845364 0.2073981910943985
29 0.42588875 0.1616733  1.         0.9880718  0.19967280328273773
38 0.03257322 0.3080833  0.5009214  0.79668194 0.19088546931743622
27 0.18308924 0.00103334 1.         0.40576565 0.19036298990249634
27 0.         0.05661758 1.         0.5675199  0.1899387091398239
27 0.         0.15045302 0.8620909  0.8139071  0.18620769679546356
30 0.53653616 0.29940063 1.         0.55279833 0.17665360867977142
38 0.03280055 0.3238812  0.9593325  0.9727197  0.1733323633670807
3 0.37338752 0.0775722  0.808516   0.27462417 0.1670985221862793
37 0.4321871  0.04993591 1.         0.8014777  0.16187457740306854
38 0.11870809 0.15050624 1.         0.8648501  0.16067485511302948
3 0.4511422  0.27429593 0.9008483  0.8373368  0.16038911044597626
3 0.3430504  0.18088874 0.82232976 0.5976262  0.15332941710948944
30 0.5268595  0.16800162 0.9454413  0.55130506 0.15309016406536102
37 0.60492545 0.482139   1.         0.9112736  0.15045391023159027
37 0.61556894 0.07119325 0.8749993  0.4670202  0.14793787896633148
3 0.34037352 0.13721305 0.75320476 0.42439428 0.1381012350320816
37 0.32432675 0.02762666 1.         0.28925645 0.1380048543214798
27 0.2920986  0.09873731 0.99816847 0.49602732 0.13240814208984375
33 0.16507475 0.06656899 0.9651427  0.7326805  0.1300685852766037
37 0.5580479  0.21747215 0.9585123  0.4704604  0.12962232530117035
38 0.         0.23440509 1.         0.72355145 0.12869031727313995
3 0.12151238 0.13513003 0.56031334 0.40425333 0.12465707957744598
33 0.0277976 0.014117  0.7967078 0.6614562 0.12263353914022446
20 0.         0.3435869  0.30478883 0.6934641  0.11999068409204483
31 0.6407354  0.1756177  0.99181    0.59038335 0.11923909187316895
3 0.53089947 0.35587668 0.8774876  0.96438307 0.11686883121728897
3 0.34015712 0.10501519 0.66970545 0.2939704  0.11558479070663452
27 0.3746325  0.02273748 1.         0.5681705  0.11326718330383301
37 0.15940717 0.         0.96138066 0.5594037  0.10813841968774796
27 0.58504194 0.01862483 0.9998691  0.5758752  0.10727328062057495
30 0.5613921  0.24542512 1.         0.77576274 0.10354305058717728
30 0.50079674 0.35698706 1.         0.6090167  0.09959070384502411
3 0.6071229  0.33639413 0.9069616  0.8480669  0.09859491884708405
38 0.28305292 0.30725363 1.         0.76963145 0.09593842923641205
33 0.41286048 0.21780014 1.         0.6580231  0.09585054218769073
3 0.5259451  0.17451009 0.9094723  0.6599433  0.0938776507973671
37 0.6595512  0.246945   1.         0.58336705 0.09273821860551834
20 0.53246707 0.5759499  1.         0.85022086 0.09221848845481873
37 0.6658865  0.10588685 0.9131529  0.53998643 0.09169919043779373
29 0.23950374 0.0417778  1.         1.         0.0878586545586586
3 0.30933133 0.25339457 0.8381409  0.91807276 0.0876656025648117
37 0.655715   0.2706518  0.9272878  0.77312225 0.0875985398888588
3 0.600862   0.17789431 0.9116483  0.5254348  0.0868925079703331
10 0.24855296 0.00108627 0.76948905 0.64327294 0.08681859821081161
3 0.26860428 0.05513928 0.6414952  0.22981589 0.08634066581726074
30 0.62340415 0.09196346 0.9533341  0.8209618  0.0859382376074791
27 0.         0.34987682 0.35724485 0.73198813 0.08501957356929779
27 0.22201797 0.07097354 1.         0.82352513 0.08388441801071167
37 0.6334939  0.03761224 1.         0.38033992 0.08339718729257584
38 0.18926163 0.08023936 1.         0.58562255 0.0831717923283577
30 0.27629587 0.24116275 1.         0.70528495 0.08262824267148972
3 0.         0.18296327 0.5879279  0.6193354  0.08259016275405884
37 0.69882095 0.16396058 0.9784429  0.64261776 0.0825839415192604
37 0.4275766  0.09356644 0.8613959  0.39126024 0.08255577087402344
29 0.58578444 0.29670903 0.9997449  0.98736125 0.08008518069982529
3 0.27970272 0.10752463 0.60295653 0.34177396 0.0790533646941185
37 0.         0.32487714 0.33266643 0.75573623 0.07811298221349716
27 0.         0.13350515 0.38225672 0.8582572  0.07685579359531403
31 0.5418509 0.2040104 1.        0.7091436 0.07571084797382355
37 0.43899664 0.16958678 0.9010342  0.46821803 0.0754811093211174
33 0.25137392 0.3179803  1.         0.77213    0.07546935975551605
27 0.         0.01375753 0.9131082  0.3883154  0.0749906674027443
38 0.5389476 0.1158074 1.        0.9040801 0.07475195825099945
37 0.71941435 0.13114597 0.9765246  0.4788043  0.07437337934970856
3 0.00267352 0.17513855 0.8365601  0.6658312  0.07199840247631073
27 0.03752965 0.25147247 1.         1.         0.07196774333715439
3 0.52518994 0.14228192 0.8830228  0.46408305 0.07143473625183105
37 0.2639554  0.19939864 1.         0.67769825 0.0707627534866333
3 0.5379066  0.24033697 0.7946187  0.6080003  0.06732267886400223
30 0.42485675 0.26092958 0.9834567  0.50283366 0.06620761752128601
27 0.38480732 0.34290406 1.         1.         0.06471161544322968
30 0.27163622 0.05813718 0.9576597  0.6889516  0.06414640694856644
30 0.6559891  0.12227423 0.91952455 0.48838285 0.06407012790441513
31 0.45526814 0.20128947 1.         0.5504707  0.06353326141834259
29 0.53381807 0.01250061 0.94963735 0.9607659  0.06327548623085022
3 0.52617115 0.09736462 0.83714724 0.34914348 0.0630263090133667
14 0.         0.33562288 0.3602671  0.7482406  0.062479738146066666
3 0.50750244 0.49665815 0.901757   1.         0.062298282980918884
37 0.33259514 0.         0.8152545  0.33208504 0.06183696538209915
37 0.55665267 0.30480874 1.         0.9132066  0.060787755995988846
30 0.6632121 0.2871493 0.9530346 0.5308486 0.06017593666911125
30 0.2581121  0.08010558 0.9032129  0.49303707 0.05935101583600044
20 0.24882053 0.13571376 1.         0.75492764 0.058392234146595
27 0.33357856 0.01799721 0.73730904 0.52682924 0.05835945904254913
37 0.79329    0.29177308 1.         0.65833586 0.05767509341239929
37 0.6015857  0.16600668 0.8488547  0.6267602  0.05683169886469841
30 0.4670086  0.21341427 0.9016318  0.4621181  0.05629507452249527
27 0.02657448 0.4860677  0.86364645 1.         0.055204346776008606
33 0.32977933 0.4613781  0.89651877 0.7359533  0.054024264216423035
38 0.01540558 0.26573783 0.3802736  0.669282   0.05326079949736595
3 0.         0.13825709 0.4665972  0.4897383  0.05295027792453766
27 0.09078855 0.01738192 0.7844935  0.48348165 0.05273815989494324
27 0.5174584 0.        1.        0.4338209 0.05179064720869064
10 0.6318852  0.         0.84327537 0.6492482  0.05087067931890488
38 0.         0.12199125 0.8413216  0.9295369  0.04973874241113663
30 0.5231041 0.3651471 1.        0.9197444 0.04959402605891228
38 0.         0.380256   0.7260588  0.78053004 0.04920642822980881
30 0.56706196 0.32626995 1.         0.6676339  0.0491887591779232
29 0.59506947 0.12421425 1.         0.8161654  0.0491238608956337
33 0.44794914 0.2851328  1.         0.5635252  0.048491306602954865
31 0.6215387 0.2656177 1.        0.9391842 0.048402052372694016
20 0.5413366  0.45708895 0.9757762  0.9105479  0.04838067665696144
3 0.597531   0.10774027 0.86324424 0.41116974 0.047848545014858246
3 0.48330376 0.34790325 0.8161313  0.793644   0.04758184775710106
33 0.4622976  0.26388103 0.8914976  0.67357516 0.047387681901454926
31 0.5488677  0.35358694 1.         0.6197681  0.04706890881061554
38 0.03562922 0.1805701  0.46626502 0.9741274  0.0464816652238369
29 0.13282458 0.14233707 0.90714926 0.9539894  0.04536421224474907
38 0.25162578 0.39791393 1.         0.82349795 0.04517880082130432
37 0.80078155 0.09786393 0.9954439  0.54170185 0.045150868594646454
37 0.07650983 0.04270599 0.7491505  0.692053   0.04452322795987129
37 0.04155271 0.01045759 0.74404746 0.2879656  0.04398156702518463
3 0.6238301  0.48651347 0.90869105 0.94775945 0.04286108538508415
33 0.51077086 0.10620707 0.9404864  0.79919636 0.0420396588742733
10 0.54656774 0.12752342 0.8421915  0.64540684 0.04168064892292023
3 0.41652867 0.21089831 0.79011446 0.46914175 0.04138829559087753
33 0.485079  0.3513458 1.        0.835447  0.04130970686674118
38 0.59168446 0.34139523 1.         0.9221098  0.04065724462270737
3 0.5442271  0.30341825 0.91352427 0.593361   0.04024656116962433
38 0.04314413 0.47662303 0.49836472 0.8743851  0.03965872526168823
31 0.53714705 0.39030874 1.         0.80212605 0.0393390990793705
29 0.38149628 0.23398967 1.         0.6087074  0.03874288499355316
10 0.6858871  0.02714083 0.8727592  0.57298005 0.03831053897738457
3 0.45103505 0.27192557 0.8479461  0.5500313  0.0379074364900589
33 0.32654065 0.06122612 0.9364805  0.5910034  0.03783148527145386
27 0.5097832 0.1963763 1.        0.9456643 0.037670157849788666
3 0.65673494 0.06026554 0.9301674  0.3027378  0.03737823665142059
20 0.46269137 0.32864243 1.         0.87872726 0.037144970148801804
37 0.44464794 0.3956674  0.961669   0.88374627 0.036826469004154205
27 0.07112119 0.         0.84816116 0.33798316 0.03638419881463051
33 0.08110441 0.         0.70969486 0.45059562 0.03617633134126663
3 0.4076258  0.11765662 0.7152558  0.33661354 0.035278137773275375
10 0.49000633 0.         0.8077123  0.6627273  0.03495299071073532
24 0.11461592 0.         0.511972   0.6159899  0.034752652049064636
3 0.16494372 0.1414316  0.6537965  0.4976025  0.03436163812875748
37 0.40871593 0.04198817 0.70030755 0.37188172 0.034130074083805084
38 0.5564975  0.02421913 1.         0.5432006  0.03410549834370613
37 0.64172983 0.35461873 1.         0.67224437 0.034072257578372955
38 0.4777244  0.20577887 1.         0.70370686 0.03369573503732681
14 0.         0.25602362 0.24158697 0.7737086  0.03343985229730606
25 0.         0.29865676 1.         0.84962153 0.033226706087589264
30 0.7007741  0.23224635 0.98060733 0.7693412  0.032768215984106064
27 0.31690526 0.53319085 0.94506836 0.8682713  0.0326681062579155
3 0.4058621  0.03892168 0.8171748  0.17125882 0.03260686621069908
20 0.61170375 0.21080168 0.9706183  0.89591646 0.032016634941101074
20 0.5451417 0.5126281 0.9511023 0.7968842 0.031772684305906296
24 0.6844866  0.3283857  1.         0.92561626 0.03159639239311218
10 0.6062527  0.         0.85593134 0.9549435  0.030784396454691887
20 0.3842296  0.53062725 0.8802785  0.80418336 0.03047352470457554
25 0.04425395 0.36231437 0.9640458  0.7580365  0.03007485531270504
27 0.06862397 0.50184655 0.639292   0.8399859  0.02999054454267025
27 0.         0.01394943 0.56511956 0.6296448  0.029733726754784584
32 0.6071064  0.1210005  1.         0.57074606 0.02945881523191929
29 0.01683729 0.         0.8205363  1.         0.029048174619674683
30 0.40427044 0.1157339  1.         0.60660404 0.02869679406285286
10 0.64189655 0.13715395 0.8866351  0.61812073 0.028643500059843063
37 0.473831  0.5876076 1.        0.8935478 0.028599442914128304
3 0.07415861 0.1970575  0.7919516  0.889053   0.02846120297908783
20 0.02946143 0.06224523 0.31530416 0.5792127  0.028368400409817696
33 0.         0.28167236 0.28404772 0.6453996  0.02833828143775463
14 0.         0.4366151  0.40183607 0.8703642  0.02797638066112995
28 0.04259923 0.35106972 1.         0.80600214 0.027936836704611778
10 0.39244092 0.03949954 0.8669964  0.8158107  0.027375584468245506
3 0.6957651  0.19670027 0.93759626 0.48178875 0.02736797370016575
38 0.28255665 0.48256853 1.         0.98891485 0.027323167771100998
27 0.23007497 0.         0.6518847  0.4716632  0.027155527845025063
14 0.07268565 0.06458788 0.9970859  0.8671201  0.026649540290236473
31 0.62852705 0.263461   1.         0.63234663 0.02636164240539074
25 0.5257112  0.38383558 1.         0.86426616 0.025829654186964035
31 0.68579715 0.20875098 1.         0.49544546 0.025718024000525475
25 0.         0.12870285 0.9733954  0.78217566 0.025703810155391693
20 0.3499544  0.37953532 0.9447057  0.76507497 0.025373194366693497
20 0.13743871 0.07722579 1.         0.38379976 0.025336166843771935
31 0.63998026 0.34801146 1.         0.7856647  0.025225041434168816
27 0.3992392  0.26315084 1.         0.56379664 0.02498737908899784
25 0.14260478 0.45675242 1.         0.8973184  0.024980835616588593
10 0.16051972 0.         0.7334535  0.29790297 0.024972522631287575
24 0.10779883 0.05133169 0.3420207  0.54684716 0.02474716305732727
33 0.        0.3908479 0.3525423 0.675277  0.02467244863510132
3 0.19652022 0.04352436 0.5530967  0.17328425 0.02463020384311676
37 0.         0.04268636 0.37066403 0.7514894  0.02436324954032898
37 0.57513106 0.46305406 1.         0.78529006 0.02419830858707428
37 0.6996154 0.5840963 1.        0.9779684 0.024013323709368706
24 0.12174842 0.39009178 0.35940924 0.6455595  0.023586619645357132
37 0.53053504 0.04792812 0.83617    0.3261887  0.023565717041492462
27 0.         0.05202883 0.9530668  0.28006318 0.023387504741549492
24 0.09905168 0.30157948 0.26373562 0.57141584 0.02338446117937565
15 0.         0.22082451 0.3243572  0.76490104 0.023174917325377464
25 0.19940186 0.40128446 1.         0.713872   0.023086121305823326
27 0.49408305 0.2243174  0.8625177  0.7689189  0.023043600842356682
30 0.42156786 0.14960018 0.6985466  0.5022163  0.02297986112535
3 0.3222711  0.27627355 0.8278765  0.49492228 0.022913876920938492
33 0.05505905 0.42773435 0.6648552  0.71645504 0.02287817746400833
27 0.         0.31704438 0.31952587 0.9446576  0.022807378321886063
24 0.23546392 0.03324682 0.65572315 0.6724138  0.022675666958093643
35 0.38409072 0.3448757  1.         1.         0.022355789318680763
3 0.5482802  0.03358953 0.8697624  0.19518802 0.022260542958974838
38 0.43592897 0.5629058  1.         0.98817986 0.022060537710785866
24 0.11631627 0.28962046 0.33918113 0.5947102  0.02193049155175686
20 0.4955128  0.42963767 0.88534576 0.750642   0.021675225347280502
37 0.0399543  0.         0.5481658  0.71511525 0.02161654829978943
27 0.66779894 0.06436582 1.         0.52882516 0.02153681218624115
32 0.33637926 0.1991672  1.         0.54568434 0.021517779678106308
27 0.56727713 0.4062727  1.         0.9714633  0.021298440173268318
29 0.3588666  0.09092995 1.         0.6925043  0.0212630033493042
38 0.         0.09570132 0.956743   0.66498375 0.021189045161008835
32 0.5872303 0.        1.        0.8299619 0.02114175260066986
3 0.6161643  0.0236639  0.90593314 0.15383962 0.021100964397192
3 0.40499356 0.13466372 0.6000685  0.36154914 0.020925646647810936
27 0.         0.45521975 0.5342017  0.75042963 0.020741218701004982
33 0.         0.31662568 0.47412696 0.66450673 0.020708896219730377
33 0.5173403  0.35361803 0.9479754  0.65594935 0.0206169243901968
33 0.4127257  0.21421626 0.9900983  0.50421673 0.020423881709575653
20 0.52481294 0.01760366 0.9870273  0.94917524 0.02036275714635849
27 0.         0.47793353 0.36083323 0.79312617 0.020141685381531715
25 0.         0.05999194 1.         0.56214297 0.02010057307779789
38 0.452768   0.38415858 1.         0.67465776 0.020052891224622726
6 0.10537624 0.27199084 0.7323414  0.9844163  0.020011739805340767
43 0.00430954 0.18740739 0.26479265 0.57857925 0.01987709477543831
20 0.         0.25412935 0.3860033  0.7866849  0.019821204245090485
20 0.45090866 0.21605729 0.997863   0.72989404 0.019785087555646896
25 0.09320104 0.15516974 1.         0.37295014 0.019691284745931625
25 0.         0.28255808 1.         0.64847577 0.01955168880522251
10 0.1218574  0.03044487 0.5792688  0.59714854 0.019367016851902008
3 0.37804735 0.28604147 0.76325154 0.6023531  0.0192423053085804
10 0.21236181 0.11366407 0.7093522  0.9215754  0.01914447546005249
14 0.35852778 0.         1.         0.99464685 0.018918342888355255
33 0.15090996 0.47327298 0.80319625 0.7451845  0.018823951482772827
38 0.         0.2107908  0.55479515 0.71503234 0.01872243918478489
33 0.14632037 0.39238542 0.78421783 0.6858007  0.018674256280064583
14 0.         0.27586067 0.52977437 0.7655727  0.018637511879205704
20 0.07302236 0.05548776 1.         0.29485363 0.018587453290820122
29 0.49740043 0.3097097  1.         0.70248944 0.018541524186730385
25 0.25712246 0.14711283 1.         0.6848868  0.018476014956831932
31 0.42596218 0.11920793 0.7979448  0.51640743 0.018364189192652702
25 0.5515636  0.046287   1.         0.45812145 0.01811175048351288
13 0.         0.         0.66361076 1.         0.018107373267412186
33 0.23229407 0.0391997  0.815574   0.5178621  0.018088215962052345
30 0.6697867  0.20218706 0.9309016  0.6123498  0.01779351755976677
3 0.5713237  0.22292125 0.87477714 0.44015637 0.01770184002816677
27 0.3592267  0.1643433  0.89000326 0.56538343 0.017567109316587448
27 0.         0.2542726  0.39181057 0.6642053  0.017438795417547226
25 0.         0.12201162 0.3950913  0.92604625 0.01731136254966259
20 0.6992039  0.4892885  0.99680024 0.89713943 0.017308004200458527
3 0.34350857 0.3614118  0.84331864 0.6223588  0.017277264967560768
33 0.3971313  0.18830055 0.7994287  0.6678013  0.01726498454809189
33 0.5948218  0.22227313 0.96407586 0.70669323 0.017167240381240845
20 0.6049069  0.06704897 1.         0.548665   0.01710497960448265
24 0.22801733 0.42118508 0.5940425  0.7686952  0.01690586656332016
3 0.3172389  0.22505148 0.6926708  0.46082428 0.01678226888179779
3 0.19694726 0.421654   0.85177225 0.9622782  0.016769155859947205
14 0.         0.01881256 0.35696808 0.9594778  0.01673055812716484
20 0.13698858 0.0215874  1.         0.51078546 0.016650782898068428
19 0.37035403 0.         0.8800225  0.77540386 0.01656763069331646
32 0.35672766 0.07210378 1.         0.682782   0.01656646840274334
14 2.6442209e-04 0.0000000e+00 2.7124366e-01 7.7583307e-01 0.01655169390141964
24 0.3024042 0.        0.7679596 0.769558  0.016526583582162857
20 0.62936425 0.61851954 0.976183   0.87244916 0.0165143683552742
27 0.35054886 0.1944697  0.7636559  0.7104604  0.016418861225247383
24 0.65876794 0.17484829 0.96276194 0.9880945  0.016402889043092728
31 0.27415565 0.1465608  1.         0.5827074  0.016317492350935936
25 0.         0.01921003 0.93805116 0.38193768 0.016188500449061394
27 0.36444417 0.00388705 0.8445226  0.40150088 0.016171442344784737
24 0.13109584 0.44076422 0.38684916 0.6984561  0.01595514826476574
30 0.51567775 0.26542547 0.88495994 0.6721208  0.015839694067835808
24 0.31814867 0.4311974  0.6680134  0.80856    0.01583644561469555
20 0.5762992  0.70343083 1.         0.8999448  0.01579795591533184
20 0.61823773 0.06982688 1.         0.35155782 0.015767274424433708
25 0.27992627 0.05006447 1.         0.37804207 0.015707746148109436
37 0.38749725 0.01431613 1.         0.20639563 0.015608432702720165
27 0.39712545 0.35330725 0.9282261  0.7020294  0.015488753095269203
31 0.55524486 0.44025433 1.         0.9713552  0.015320898033678532
3 0.         0.3723169  0.23428132 0.76554424 0.015297502279281616
37 0.03509745 0.         0.5891075  0.44463533 0.01529423426836729
27 0.41813946 0.419867   1.         0.76994616 0.015218428336083889
25 0.4551877  0.25757787 1.         0.67978126 0.015218105167150497
3 0.12396923 0.05955556 0.41468233 0.21298274 0.015134363435208797
20 0.7528464  0.25623277 0.9736133  0.68712777 0.015101813711225986
14 0.47589052 0.05077189 1.         0.57018584 0.015005085617303848
3 0.7530881  0.37538427 0.9443807  0.68697304 0.014884584583342075
37 0.7638442  0.37172458 1.         0.71622825 0.014883138239383698
10 0.46834388 0.1981834  0.8843196  0.59682006 0.014832701534032822
24 0.24410386 0.02082485 0.85851526 0.23296607 0.014631231315433979
20 0.50182587 0.12327272 1.         0.43627512 0.01461571641266346
38 0.51945716 0.30682448 1.         0.6185554  0.014590621925890446
24 0.18753745 0.         0.70909864 0.38144135 0.014488289132714272
37 0.27816984 0.01984647 0.7281179  0.4329824  0.014293234795331955
19 0.         0.2239062  0.14700457 0.89957136 0.014263229444622993
33 0.         0.25307906 0.3377368  0.77662927 0.014236104674637318
10 0.28493607 0.06902156 0.8531867  0.50810874 0.014227556064724922
14 0.         0.24360561 0.69996494 0.8792631  0.014183013699948788
33 0.5422381  0.13193423 0.9256495  0.49453324 0.014175002463161945
24 0.3822301 0.        1.        0.6459025 0.014120647683739662
