42 0.33353943 0.2614066  0.7956697  0.7219206  0.3612900674343109
7 0.         0.4298875  0.54373986 0.9605276  0.33423012495040894
7 0.         0.31905356 0.8007362  0.9231508  0.29550713300704956
7 0.         0.39182505 0.40591913 0.95691866 0.25189805030822754
21 0.         0.25853375 0.49033052 0.89790183 0.17185646295547485
41 0.05766647 0.47963822 0.73104125 0.827202   0.17040197551250458
42 0.4580194  0.25351653 0.94287246 0.7225704  0.15904897451400757
42 0.01034053 0.29951146 0.8722577  0.8837081  0.1461094468832016
21 0.         0.00570038 0.54446286 0.9002779  0.14546412229537964
7 0.         0.25011736 0.5720333  0.9235281  0.10880246758460999
42 0.29041147 0.15594956 0.90229565 0.6793378  0.10035708546638489
42 0.18367183 0.23668748 0.84049773 0.7781209  0.09810683876276016
42 0.10947383 0.3686948  0.65998346 0.73032933 0.09298422932624817
7 0.         0.13257657 0.91039866 0.9096374  0.08653915673494339
21 0.         0.35955992 0.5186819  0.78806925 0.08448543399572372
42 0.50715363 0.04702731 0.9678289  0.7434885  0.08102047443389893
41 0.06650347 0.40560925 0.71334535 0.65880454 0.08009559661149979
41 0.147893   0.46606803 0.7514133  0.70623416 0.07566443085670471
21 0.         0.09983099 0.38264507 0.8049186  0.07517380267381668
41 0.06428713 0.28710973 0.664446   0.85306567 0.069332055747509
42 0.25573194 0.38149038 0.71556115 0.8062921  0.06579335778951645
34 0.         0.27681834 0.8911429  0.8513778  0.06552952527999878
43 0.4292403  0.24954543 0.89481205 0.7312828  0.06417126953601837
42 0.38323712 0.15007825 0.92323226 0.9336732  0.06242847070097923
41 0.        0.4910784 0.5980672 0.9324041 0.06164734438061714
4 0.07079259 0.34707054 0.6511359  1.         0.06118481233716011
42 0.25359088 0.3128924  0.78324395 0.6216708  0.06076643243432045
42 0.15206906 0.4325067  0.5769051  0.8864399  0.05897912383079529
42 0.26925904 0.3214955  0.5434491  0.8135415  0.05852250009775162
43 0.         0.03386803 0.9785645  0.8603928  0.057654816657304764
42 0.         0.19527835 0.62908715 0.67255557 0.05736735463142395
43 0.12405998 0.19070703 0.96758926 0.7431417  0.055035222321748734
38 0.8785615  0.32438463 0.9947731  0.5956213  0.05476030334830284
24 0.68521374 0.8822574  0.8945466  0.99359125 0.05117735639214516
29 0.27353436 0.4569692  0.9489622  0.8694461  0.05105216056108475
41 0.23477489 0.39233816 0.5464338  0.8281745  0.05051668360829353
34 0.2777935  0.11384051 1.         0.8019258  0.050483208149671555
38 0.9053553  0.         0.99403036 0.15630785 0.050158772617578506
24 0.93607914 0.00427476 1.         0.05393854 0.0478566475212574
42 0.04625778 0.28031436 0.55832803 0.8012227  0.04748048260807991
38 0.8282625  0.11903156 0.99605644 0.8748747  0.04741581901907921
24 0.89764315 0.34955227 0.9942006  0.56542885 0.04701240360736847
21 0.01874442 0.29685098 0.31954932 0.8716122  0.046947598457336426
40 0.         0.06197505 1.         1.         0.04586871340870857
18 0.14007273 0.11191953 0.78368807 0.8132898  0.043839529156684875
41 0.15912817 0.47927856 0.8744279  0.9563011  0.04360660910606384
24 0.6334623  0.8814539  0.83655816 0.9929147  0.043287329375743866
38 0.870637   0.0025263  0.9948782  0.11647638 0.04160019010305405
38 0.8765092  0.24554625 0.9960374  0.5108494  0.040653619915246964
34 0.40337712 0.2998234  0.9712589  0.6929258  0.040646445006132126
24 0.8566913  0.19154854 0.9940021  0.7913603  0.04053634777665138
24 0.85337365 0.00431557 1.         0.07745026 0.03959501534700394
29 0.18116565 0.37420237 0.7729325  0.8298377  0.03941871598362923
10 0.03332426 0.44635305 0.57234263 0.92055523 0.03931879997253418
38 0.842659   0.43404654 0.993669   0.63358474 0.0392589196562767
34 0.05439815 0.12170614 1.         1.         0.038971174508333206
24 0.9196243 0.0069861 1.        0.1524474 0.03880874812602997
24 0.8973398  0.27139318 0.9953458  0.49115622 0.03856467083096504
24 0.89082897 0.00937089 1.         0.10987008 0.0379292294383049
38 0.9058636 0.8220016 0.9936926 1.        0.037194252014160156
38 0.8735046  0.         0.99327326 0.23085953 0.03711579367518425
38 0.6698838  0.         1.         0.15281302 0.0369744747877121
34 0.        0.163147  0.727575  0.6573236 0.03650620952248573
24 0.6627188  0.913401   0.92836344 0.9949515  0.03485022485256195
38 0.8405711  0.0910492  0.9919505  0.28622276 0.03482665494084358
8 0.4163111  0.2618307  0.95734197 0.77637553 0.034319303929805756
41 0.        0.5880125 0.7937713 0.9836394 0.03389950096607208
41 0.20622328 0.379919   0.8599947  0.80382454 0.0334969125688076
38 0.8756355  0.6019913  0.99445915 0.861249   0.03292842209339142
41 0.31660566 0.3785927  0.72036797 0.73925054 0.032832544296979904
38 0.8709973  0.87302005 0.9935688  1.         0.03222261369228363
24 0.8649921  0.45214185 0.9941451  0.6127176  0.0318872407078743
24 0.94043833 0.9399772  0.9971272  0.99870056 0.03184308111667633
38 0.8239509  0.9029232  0.99334437 1.         0.03183755651116371
41 0.5127802  0.3126712  0.92914647 0.68552554 0.03160262480378151
38 0.8412472  0.48944473 0.99435395 0.6871996  0.031371891498565674
38 0.8413684  0.54632246 0.9946277  0.7414479  0.03124265931546688
43 0.5057027  0.16398855 0.9617328  0.85102093 0.03095264546573162
41 0.5610295  0.28392735 0.9644627  0.57954985 0.030924253165721893
24 0.22390336 0.33690807 0.5115817  0.668266   0.030696900561451912
34 0.         0.433713   0.94928294 0.99612135 0.030576108023524284
34 0.         0.04359091 0.9833484  0.28969544 0.030300280079245567
29 0.28983632 0.27025148 1.         0.97566706 0.03017449751496315
38 0.84011656 0.14292216 0.99258596 0.3379487  0.029923653230071068
38 0.8248081 0.        0.9940175 0.6083068 0.02989831194281578
24 0.02468175 0.3220131  0.59512466 0.6999311  0.029772458598017693
38 0.87271184 0.7649984  0.9949044  1.         0.029717128723859787
38 0.8281732  0.         0.9913605  0.32550114 0.029084041714668274
38 0.76241714 0.         0.9972361  0.22286536 0.028833411633968353
1 0.00646792 0.7657803  0.5267325  0.9847154  0.02864013984799385
24 0.8927638  0.01024932 1.         0.21642604 0.02852426841855049
24 0.8956808  0.45581192 0.99565756 0.6673773  0.028208890929818153
38 0.7810233  0.21930532 0.981466   0.76708966 0.028099287301301956
24 0.8577938  0.91846013 1.         0.9977804  0.027509598061442375
41 0.5490216  0.10412898 0.9229566  0.6777389  0.027407653629779816
38 0.6564403 0.8726567 0.9010547 1.        0.027295924723148346
38 0.8208531 0.671335  0.9957114 1.        0.027141781523823738
21 0.         0.2956064  0.42376363 0.7144074  0.02708384580910206
38 0.9225278  0.92826945 0.9937332  1.         0.02707292139530182
24 0.86327904 0.16139956 0.99442977 0.32153    0.026575660333037376
34 0.1809746  0.1294109  0.9608092  0.47552013 0.026536762714385986
38 0.7576232  0.7562141  0.99776727 1.         0.026399286463856697
24 0.92229533 0.84630406 0.9977273  1.         0.02634890191257
34 0.        0.3344312 0.6444858 0.7593234 0.026213612407445908
24 0.82319206 0.21872494 0.9812892  0.64959604 0.02609114907681942
38 0.8758818  0.13824582 0.9943948  0.40004015 0.025868549942970276
24 0.8532184  0.02063535 0.9991891  0.5681904  0.025815170258283615
34 0.05737879 0.15874046 0.9686247  0.63168186 0.02577473782002926
41 0.27561313 0.49117392 0.80735385 0.7627137  0.02551211416721344
24 0.895705  0.8912903 1.        0.9989787 0.02524854801595211
41 0.4701764  0.19580884 0.8911527  0.74783146 0.024925164878368378
24 0.86456156 0.21461684 0.99453676 0.3778011  0.02483675815165043
24 0.8002129  0.7877138  0.99990124 0.9969662  0.02473171055316925
4 0.         0.28784764 0.37681362 1.         0.02455470710992813
40 0.         0.2691808  0.75877666 1.         0.024400202557444572
24 0.8634373  0.10815885 0.99335676 0.26639387 0.024389449506998062
38 0.8233714  0.00412754 0.99842715 0.08226338 0.024387897923588753
38 0.83711135 0.19474603 0.9959537  0.39144272 0.02412988990545273
24 0.854515   0.01004353 1.         0.30896327 0.024129701778292656
43 0.6178521  0.26557267 0.9140203  0.568352   0.023904036730527878
34 0.06603521 0.3158188  0.7409514  0.68718976 0.023696864023804665
33 0.10732669 0.4729902  0.496663   0.9255719  0.023579644039273262
7 0.        0.5290409 0.4708005 0.8924275 0.023539507761597633
41 0.19923162 0.5584004  0.82441413 0.8421387  0.023359106853604317
24 0.7232664 0.84175   0.9992015 0.9977535 0.023309461772441864
34 0.         0.46220022 0.76043975 0.89848584 0.02328040450811386
24 0.89630055 0.16657428 0.9961769  0.38287857 0.023054489865899086
24 0.89593816 0.06202465 0.99705875 0.27300978 0.0229833722114563
24 0.9183475  0.00145813 1.         0.03778826 0.02272721193730831
42 0.29735026 0.2519486  0.8383661  0.54875666 0.02255599945783615
38 0.6679864  0.90486455 0.9790561  1.         0.022450922057032585
24 0.8959644  0.11295288 0.99548423 0.32598963 0.02229788340628147
24 0.03561204 0.5491197  0.40251532 0.8995515  0.022209150716662407
14 0.61395943 0.35585335 0.94448304 0.71656656 0.022137414664030075
10 0.04700703 0.4421943  0.36052394 0.91897404 0.02213059738278389
42 0.19996096 0.35362887 0.48326224 0.8002384  0.022106558084487915
24 0.8937327  0.6737924  0.995529   0.88500845 0.02194756269454956
24 0.861524   0.61455005 0.9950815  0.7748614  0.021930379793047905
24 0.8623719  0.55850923 0.9961358  0.72122604 0.02163117565214634
43 0.29148838 0.12302417 0.9899863  0.88414866 0.0215752050280571
24 0.578763   0.8834932  0.77844405 0.9907405  0.021479886025190353
29 0.14665174 0.39982298 0.6288685  0.7732296  0.02132958360016346
24 0.8935425  0.6199385  0.99515444 0.8334234  0.021250898018479347
34 0.005911   0.51804745 0.893041   0.82440966 0.021060336381196976
24 0.5717308  0.77908343 0.9639868  0.99800754 0.020955758169293404
24 0.79883385 0.00783253 1.         0.21004258 0.020727600902318954
38 0.8226843  0.33267763 0.99602103 1.         0.020675644278526306
34 0.31725377 0.779339   0.87397116 0.9894721  0.02061009779572487
24 0.29003054 0.20049374 0.7124711  0.45892778 0.02059718407690525
24 0.847652   0.71592295 0.9988247  1.         0.020573478192090988
38 0.48928335 0.87748945 0.74346375 1.         0.02012968808412552
29 0.20238234 0.47108048 0.64507943 0.85575867 0.01962192915380001
38 0.56550145 0.9076929  0.8827524  1.         0.019497109577059746
24 0.31274775 0.23705377 0.8675118  0.4431771  0.019485389813780785
7 0.00193747 0.33919618 0.28700635 1.         0.019366448745131493
43 0.25462806 0.25319114 0.89283174 0.60775393 0.019245630130171776
38 0.6637919 0.8180365 1.        1.        0.019199667498469353
18 0.13556649 0.31446537 0.60762423 0.78977734 0.018829112872481346
38 0.9215771  0.00281291 0.996468   0.05580132 0.018817871809005737
7 0.         0.48749208 0.5949595  0.8350015  0.018668565899133682
38 0.33592305 0.00406993 0.9812786  0.15282336 0.018393220379948616
24 0.893484  0.7314878 0.9971581 0.937346  0.01822638139128685
24 0.         0.7542377  0.47360796 0.91486806 0.018002092838287354
1 0.         0.05359919 0.81006235 0.5425078  0.01793191209435463
24 0.6270734  0.7046983  0.90769106 0.9850055  0.01782052032649517
41 0.12451673 0.34985787 0.5061972  0.78177154 0.01777798682451248
14 0.43464214 0.26142368 0.88779795 0.64335454 0.01773706264793873
24 0.8928273  0.7934124  0.99940765 0.9898602  0.017659127712249756
21 0.         0.20387581 0.72836506 0.85677004 0.017639150843024254
41 0.41547593 0.34272045 0.7756568  0.69735557 0.017616622149944305
24 0.72041386 0.24272849 1.         0.8402505  0.017188042402267456
15 0.44876567 0.01108391 0.88161737 0.6727531  0.016943804919719696
24 0.38957456 0.31034935 0.82987547 0.54620343 0.016921890899538994
41 0.43291992 0.26234508 0.80882967 0.62862146 0.01678401604294777
24 0.8533146  0.43197754 0.9968265  1.         0.016744038090109825
33 0.07792071 0.27122745 0.6311664  0.8097201  0.016643352806568146
1 0.00422768 0.16195416 0.6407314  0.648693   0.016582883894443512
34 0.6022194  0.3537644  0.98053694 0.6565415  0.01635994017124176
34 0.70487314 0.32071492 0.9650281  0.7036782  0.01611625961959362
1 0.0472202  0.22438549 0.72780555 0.7998297  0.016066059470176697
41 0.34848094 0.30346844 0.82486206 0.92754316 0.015954338014125824
38 0.7617346  0.         0.98616487 0.39072245 0.01583166979253292
38 0.7722342  0.47190583 0.97975194 1.         0.01572670042514801
24 0.03094302 0.42359048 0.5745672  0.835332   0.015680523589253426
24 0.05271352 0.62440383 0.5618795  0.90921783 0.015404841862618923
34 0.36081207 0.08764829 1.         0.5954     0.015350877307355404
24 0.5557664 0.9147935 0.8145572 0.991154  0.01533222571015358
34 0.11834801 0.19784959 0.740263   0.58394605 0.015282172709703445
24 0.49949774 0.1754226  1.         0.7109136  0.015085090883076191
24 0.71416706 0.0103017  1.         0.14736027 0.015066203661262989
42 0.281565   0.48721966 0.80234367 0.823763   0.014979919418692589
38 0.67837495 0.6296934  0.99701583 1.         0.014716730453073978
8 0.44480428 0.08830048 1.         0.842922   0.014636415056884289
4 0.1338005  0.4501827  0.85374063 1.         0.014564386568963528
24 0.24891579 0.26714322 0.7180148  0.5503932  0.014448793604969978
18 0.11931155 0.27003142 0.4855769  0.73260176 0.01434421818703413
42 0.         0.37717032 0.48083568 0.98017967 0.014317036606371403
24 0.11269832 0.3451659  0.88716656 0.7328216  0.014192785136401653
14 0.47815984 0.25826186 0.9499042  0.9621981  0.014082212932407856
19 0.         0.38937417 1.         0.811657   0.013960802927613258
43 0.62564534 0.19618043 0.9233652  0.49401054 0.013806749135255814
24 0.7318415  0.6817293  0.9956079  0.98536646 0.013637048192322254
33 0.2115756  0.08318385 0.9057179  0.71444595 0.013624574989080429
24 0.41858003 0.34974876 0.773263   0.6516375  0.013566222973167896
42 0.32223707 0.4013516  0.9721279  1.         0.01350004319101572
1 0.15305568 0.36682013 1.         0.97816795 0.01345375832170248
42 0.49684456 0.20142089 0.96907574 0.54872453 0.01337948627769947
15 0.09676585 0.         0.79779124 0.9004877  0.013186908327043056
34 0.         0.45914358 0.6114054  0.8103766  0.013117874041199684
21 0.         0.46565598 0.5455406  0.8552177  0.012996447272598743
1 0.         0.         0.66142446 0.6752219  0.012938125990331173
24 0.6428787  0.13241418 0.96119356 0.6987186  0.012836258858442307
41 0.11777453 0.21094559 0.8281831  0.8961839  0.012834525667130947
34 0.55552477 0.88211346 0.8283572  0.9910789  0.012810194864869118
34 0.5436557  0.27201146 0.99455017 0.8987018  0.01278263796120882
18 0.21553238 0.         0.73580337 0.6458127  0.012743602506816387
35 0.6562023  0.87635034 0.8804173  1.         0.012732191011309624
15 0.4806658  0.12674598 0.9465689  0.8745982  0.012677043676376343
24 0.80617887 0.0179444  1.         0.3787526  0.01267165970057249
1 0.         0.04516892 0.9934361  0.7687518  0.012623943388462067
18 0.12359308 0.05613485 0.5424853  0.75110865 0.012369362637400627
14 0.39248863 0.07817472 0.91658854 0.7511728  0.012331133708357811
1 0.2675465 0.        1.        0.8089494 0.012258564122021198
38 0.7377068  0.22058152 0.9764276  0.5401806  0.012162841856479645
24 0.7206785  0.01358107 1.         0.25226802 0.012141100130975246
43 0.39219767 0.11544879 0.9400919  0.6582198  0.012069000862538815
40 0.         0.0370148  1.         0.35581005 0.012051005847752094
1 0.01429236 0.83165497 0.3604144  0.9739444  0.012035097926855087
38 0.74209905 0.2949613  0.97392213 0.6406852  0.011961482465267181
24 0.5191182  0.88659203 0.72541183 0.99037457 0.011906024068593979
1 0.01763341 0.7195525  0.808125   0.9769271  0.011811017990112305
15 0.43227595 0.2357307  0.86789554 0.63366365 0.011780311353504658
24 0.20725465 0.44201824 0.78085744 0.87911296 0.011699213646352291
34 0.4247376  0.6919553  0.8128121  0.98764795 0.011594939045608044
38 0.51328385 0.7643247  0.98907983 1.         0.011575022712349892
33 0.07648545 0.52667207 0.67517227 0.9278983  0.011461279354989529
1 0.14342366 0.21748902 0.558921   0.77201784 0.011400424875319004
24 0.8183382  0.07553433 0.9860586  0.49773628 0.011387989856302738
40 0.36642817 0.12819044 1.         0.89736587 0.011371446773409843
24 0.7826726  0.27659377 0.98724014 0.5736651  0.01131702121347189
5 0.         0.28969517 0.82463044 0.9437433  0.011240948922932148
27 0.60017943 0.88577384 0.8311393  1.         0.011228873394429684
38 0.35165563 0.8438738  0.9861245  1.         0.011224291287362576
1 0.50507396 0.         1.         0.7204467  0.011184374801814556
41 0.18085137 0.24346365 0.6930805  0.7008786  0.01115870289504528
7 0.         0.41220805 0.5328405  0.77571964 0.011131352744996548
24 0.40764    0.26873165 0.88191146 0.49153072 0.010988575406372547
24 0.         0.8395086  0.39236984 0.95454663 0.010951301082968712
24 0.37565807 0.21948674 1.         0.85271776 0.010936671867966652
19 0.5940267  0.31955415 0.88786197 0.5968392  0.010891643352806568
20 0.44097358 0.26013917 0.9151042  0.5750412  0.010879648849368095
41 0.40384632 0.19583641 0.85194206 0.47133282 0.01087601762264967
38 0.72331125 0.13461025 0.97265965 0.46213284 0.010744183324277401
25 0.         0.15367346 1.         0.62777513 0.010675575584173203
41 0.5441595  0.20326473 0.9489549  0.50661606 0.010613697580993176
33 0.01277504 0.4261849  0.71731436 0.84299535 0.010543047450482845
24 0.0566713  0.63633066 0.49445033 0.81196004 0.010540046729147434
10 0.        0.4913761 0.4977224 0.7927421 0.01048968080431223
24 0.         0.05760542 0.89927137 0.26946276 0.010407487861812115
24 0.22965093 0.5995002  0.5020863  0.86968833 0.010355807840824127
23 0.         0.         0.68631136 0.69253033 0.010353494435548782
42 0.0098509  0.16002683 0.568425   0.53265077 0.010206102393567562
24 0.7840656  0.20290023 0.9896601  0.49333885 0.010120445862412453
20 0.8947473  0.37210274 1.         0.53175354 0.010073973797261715
19 0.59263563 0.39369443 0.8871517  0.67477167 0.010009665042161942
34 0.7065532  0.16697599 0.96370995 0.5353717  0.009890766814351082
2 0.2415934  0.17224422 0.5684714  0.7091134  0.009866012260317802
34 0.40653175 0.01114037 0.9581038  0.18997513 0.00981567706912756
14 0.7212536  0.30847466 0.98790884 0.760971   0.009808255359530449
20 0.89494467 0.29221258 1.         0.4575236  0.009775142185389996
19 0.08151144 0.3089752  1.         1.         0.00971430353820324
41 0.03066437 0.37434202 0.5700197  0.6058178  0.00966364424675703
34 0.42826143 0.2155436  1.         0.5019754  0.009583542123436928
34 0.         0.43543997 0.8344308  0.7359589  0.009553748182952404
41 0.11462006 0.6146829  0.821545   0.90080184 0.009493247605860233
19 0.48042086 0.34311464 0.87772715 1.         0.00947886984795332
1 0.02101349 0.38071066 0.58880293 0.8402751  0.009436569176614285
7 0.         0.1289738  0.72850955 0.6191728  0.009302187711000443
15 0.11566493 0.21792084 0.81232214 0.7202907  0.009278657846152782
24 0.3552953  0.36000556 1.         0.7388348  0.00919272005558014
21 0.         0.26668406 0.28658992 0.6372098  0.009129959158599377
20 0.7715032  0.33662015 0.97798884 0.6753246  0.00907512940466404
24 0.00928462 0.18998256 0.68806815 0.5518954  0.009016402065753937
20 0.6738912  0.89229095 0.89320886 0.9817286  0.008992679417133331
15 0.60388917 0.293689   0.9341642  0.6399151  0.008991771377623081
43 0.4644218  0.21601662 0.91722697 0.5453842  0.008989936672151089
1 0.4534735  0.7751749  0.894981   0.97927725 0.00892944447696209
20 0.84706444 0.1524561  1.         0.60463065 0.00889494363218546
27 0.6256939 0.915264  0.9026876 1.        0.008765044622123241
24 0.41314244 0.16707787 0.7946953  0.44362012 0.008691225200891495
34 0.36677298 0.8437827  0.9663657  0.98579633 0.008684739470481873
34 0.25170666 0.04067393 1.         0.35309082 0.008684072643518448
24 0.6514663  0.3149193  0.95937276 0.5577546  0.008681506849825382
23 0.1057487  0.         0.9946329  0.61040026 0.008678238838911057
34 0.49994436 0.9106816  0.8684484  0.9929631  0.008661855012178421
34 0.42244336 0.88246393 0.7206232  0.99176854 0.008585992269217968
41 0.45736447 0.4483462  0.92700016 0.7259411  0.00856604054570198
43 0.26952133 0.17426333 0.86034954 0.52329284 0.008565466850996017
43 0.29977795 0.3909168  0.9157431  0.70179003 0.008525432087481022
42 0.18444751 0.12760411 0.89882094 0.5090946  0.008499140851199627
