15 0.39777273 0.3125018  0.7085034  0.70807767 0.8276739716529846
15 0.29957077 0.28004307 0.69702595 0.63751566 0.5514478087425232
15 0.4175932  0.31540763 0.8415331  0.64467025 0.3153521418571472
41 0.35087168 0.31885594 0.7325705  0.6549174  0.15034440159797668
10 0.18948014 0.2907714  0.605585   0.712172   0.11730790883302689
24 0.47575614 0.16276172 0.7359354  0.7613416  0.08691023290157318
18 0.9369111  0.         0.99606115 0.09067058 0.06247086450457573
18 0.9143507  0.         0.99724054 0.06176312 0.05908351391553879
10 0.29063493 0.26434433 0.6158866  0.8208871  0.05602693185210228
18 0.89363545 0.         0.9966229  0.12469223 0.05547343194484711
24 0.3659932  0.24063566 0.83762807 0.70497286 0.05387698858976364
18 0.86121815 0.         0.9974802  0.08751379 0.051658064126968384
18 0.91847986 0.         0.99632674 0.1689005  0.049634695053100586
10 9.123997e-01 8.871762e-04 1.000000e+00 4.287089e-02 0.04957955330610275
18 0.88322276 0.         0.9980362  0.04630223 0.04894522577524185
18 0.9329932  0.01329423 0.9970998  0.14385767 0.04546133428812027
10 0.00534706 0.00419418 0.19860923 0.08016458 0.0419747456908226
10 0.14365901 0.23176059 0.61024505 0.55082685 0.041315510869026184
10 0.91178054 0.         1.         0.07326232 0.04078537970781326
10 0.87494713 0.00164385 1.         0.05889377 0.04042619466781616
10 0.48789164 0.00097273 0.80398285 0.08387779 0.03868228197097778
10 9.4489503e-01 3.2126426e-04 1.0000000e+00 8.4861353e-02 0.03836943209171295
18 0.818314   0.         0.99803144 0.12627791 0.03699487820267677
1 0.34423918 0.08241232 0.9771023  0.61476016 0.036849334836006165
41 0.43484274 0.28487384 0.6951623  0.71751946 0.036512672901153564
10 0.5554755  0.00662224 1.         0.15920444 0.03591049462556839
24 0.4203313  0.02039464 0.87621725 0.68969727 0.035571757704019547
18 0.64212686 0.         1.         0.17347033 0.0344705805182457
21 0.9065747  0.0037856  0.99363464 0.06125626 0.03426919877529144
10 8.406663e-01 4.299323e-04 1.000000e+00 8.504068e-02 0.03359339386224747
20 0.2869358  0.34593725 0.8831856  0.58324176 0.032713863998651505
21 0.9077636  0.00259415 0.99382174 0.03665284 0.03215333819389343
15 0.359224   0.24307984 0.79987466 0.6106681  0.031824782490730286
21 0.8683776  0.0042842  0.9884781  0.04955553 0.030523478984832764
1 0.43878937 0.         0.81855065 0.6400403  0.030069900676608086
21 0.83130103 0.00333525 0.99560946 0.07051387 0.029915204271674156
10 8.7828594e-01 7.7749888e-04 1.0000000e+00 1.2178201e-01 0.029226131737232208
10 0.62943625 0.00250268 0.8840224  0.11995547 0.02894490398466587
18 0.7413951  0.         0.9815557  0.08989048 0.028860969468951225
1 0.9494784  0.         0.99622154 0.09172873 0.028794437646865845
18 0.86551315 0.         0.9651083  0.05976051 0.02836254984140396
10 0.6323864  0.00344488 0.96288365 0.08358002 0.02801845222711563
18 0.8896567  0.         0.99888724 0.27589273 0.0267710629850626
10 0.90806705 0.01257658 1.         0.09987603 0.026549190282821655
10 0.04467822 0.18085551 0.7438138  0.8268693  0.025640537962317467
18 0.6799146 0.        0.8651231 0.1288312 0.025150250643491745
21 0.94431275 0.00548275 0.9960242  0.07148728 0.02444477193057537
18 0.8561388  0.         0.99941176 0.20077841 0.024312175810337067
18 0.9458475 0.88508   1.        0.9937401 0.023604044690728188
18 0.7310341  0.         1.         0.26505443 0.02350645512342453
24 0.42620337 0.15406165 0.89102054 0.54662    0.02315378561615944
18 0.8391025  0.         0.93848014 0.05963407 0.02268568053841591
10 0.4763629  0.00203372 0.73321563 0.11852125 0.022344153374433517
10 0.7898307  0.         1.         0.12292676 0.021969031542539597
29 0.4031274  0.19183116 0.65741086 0.8084489  0.021581284701824188
10 0.90454763 0.         1.         0.16653085 0.021446870639920235
10 0.3667023  0.00242521 0.7059535  0.0812621  0.02136215940117836
21 0.9039311  0.01826687 0.9945396  0.08398275 0.020876575261354446
21 0.87256247 0.00529105 0.9951917  0.09867853 0.020689593628048897
10 0.8175875  0.00175716 0.95646    0.05833873 0.020670395344495773
18 0.7245336  0.         0.91321564 0.12850276 0.020204992964863777
15 0.26872632 0.21740496 0.9733764  0.77184236 0.019871031865477562
1 0.9304187  0.         0.99584556 0.06225464 0.01949808932840824
21 0.6259195  0.00149111 0.92357504 0.07285808 0.01904435269534588
41 0.93043065 0.949415   1.         1.         0.01895993947982788
18 0.8124459  0.         0.9117139  0.05985143 0.01894749328494072
10 0.00298176 0.00806332 0.1453063  0.11609106 0.018822994083166122
1 0.910218   0.         0.9939218  0.04531504 0.018794648349285126
1 0.9107364  0.         0.9926354  0.07596813 0.01871219277381897
18 0.85244215 0.         0.998162   0.34293422 0.018047155812382698
18 0.01455517 0.94740105 0.08804215 0.9913468  0.01790095679461956
18 0.9272163  0.91782665 1.         0.9923748  0.01771692931652069
24 0.19174342 0.13918944 0.8658008  0.8246552  0.01757957972586155
21 0.53729033 0.         0.9906706  0.14063835 0.017219100147485733
10 0.920907   0.02459319 1.         0.14097245 0.01708061806857586
10 0.33317    0.17972471 0.65063745 0.71287405 0.016809171065688133
21 0.482873   0.00430937 0.7747445  0.07106689 0.016488846391439438
20 0.35959682 0.234746   0.70648545 0.66339153 0.01618095114827156
29 0.32026684 0.25838727 0.6985835  0.7005972  0.016161005944013596
18 0.04671359 0.00553417 0.16117013 0.07914805 0.016141636297106743
15 0.24928638 0.29380912 0.7450874  0.5432955  0.01590992510318756
18 0.01160878 0.93714875 0.06130158 0.98866326 0.015500286594033241
18 0.54769033 0.         0.78836715 0.08624955 0.015451878309249878
1 0.85505474 0.         0.99057454 0.04491329 0.01507831085473299
21 0.6241069  0.         0.85754    0.10190576 0.01474588830024004
21 0.7806069  0.00398951 0.99766237 0.10017119 0.014651116915047169
21 0.         0.01809682 0.87467504 0.7143802  0.0146308783441782
18 0.4005783  0.         0.5984264  0.11992835 0.014500448480248451
1 0.9084723  0.01076027 0.9920614  0.103697   0.01442530658096075
10 3.5743240e-01 4.6671552e-04 6.2928939e-01 1.1917094e-01 0.014230817556381226
24 0.25933912 0.32330918 0.7610963  0.7083861  0.014199148863554
41 0.9520674  0.00563159 1.         0.08282473 0.014155206270515919
18 0.36543274 0.         0.6137282  0.08448444 0.014155099168419838
41 0.91710585 0.01928732 1.         0.09961979 0.01373599935323
10 0.         0.9506074  0.10524069 0.9957393  0.013516970910131931
1 0.8307135  0.         0.9906419  0.08443344 0.013397100381553173
18 0.0197461  0.82830256 0.08664975 0.9831848  0.01332668587565422
21 0.90204215 0.00390954 0.9956888  0.13252065 0.013193076476454735
18 0.85555035 0.0457966  1.         0.25423044 0.013170918449759483
7 0.9147727  0.         1.         0.06418712 0.013022623024880886
21 0.00856938 0.         0.15434578 0.06419805 0.013010673224925995
24 0.947021   0.00989347 1.         0.07956976 0.012922321446239948
41 0.93679214 0.03739443 1.         0.14524011 0.01291558239609003
18 0.34495315 0.         0.54029435 0.12300426 0.012851842679083347
1 0.6592793  0.         0.9582352  0.08260097 0.012735513038933277
7 0.84388727 0.         1.         0.07505745 0.012712973169982433
1 0.46363103 0.         0.7358455  0.08243211 0.012693539261817932
18 0.8896055  0.07866453 0.99994487 0.38317448 0.012691505253314972
18 0.87372655 0.84411275 1.         0.9925818  0.012596710585057735
21 0.81576014 0.00528196 0.939484   0.04939425 0.012565438635647297
1 0.926078   0.02087781 0.9941432  0.1532619  0.012495704926550388
18 0.42893547 0.         0.67700124 0.0824247  0.012466512620449066
41 0.9173934  0.00317064 1.         0.07106635 0.012291732244193554
7 0.91277206 0.00814383 0.99907637 0.08888324 0.012184755876660347
10 0.         0.9415631  0.07306709 0.99553245 0.011839011684060097
7 0.8830765  0.         1.         0.10753591 0.011756861582398415
1 0.8355433  0.         0.9561289  0.05838764 0.011744963005185127
1 0.9070213  0.         0.9935268  0.17254055 0.01164317037910223
41 0.8884867  0.00618518 1.         0.12051938 0.011593855917453766
41 0.96151716 0.9151523  1.         1.         0.011484373360872269
24 0.39442846 0.18071434 0.66884977 0.7919573  0.011444232426583767
18 0.8322589  0.88696355 1.         0.9915096  0.011440277099609375
18 0.02386434 0.8707821  0.11821439 0.98465335 0.01142812054604292
18 0.30213147 0.         0.55123657 0.08758759 0.011368302628397942
41 0.84891415 0.00175686 1.         0.08266322 0.011242926120758057
24 0.9288537  0.00740552 1.         0.05523362 0.011110370047390461
7 0.87703776 0.         0.9987661  0.05095906 0.010771611705422401
1 0.874423   0.         0.99286664 0.12303536 0.01075843907892704
41 0.9177696  0.0019916  1.         0.04112814 0.01073804683983326
1 0.7804257  0.         0.8998221  0.05826133 0.010446014814078808
18 0.46103752 0.         0.6581772  0.11718415 0.010442028753459454
41 0.9186617  0.01019566 1.         0.16539408 0.010404398664832115
10 0.34855494 0.         0.85864604 0.23251356 0.010316920466721058
41 0.87859356 0.00263435 1.         0.05636527 0.010305708274245262
18 0.8569409  0.09616315 1.         0.30822074 0.010216550901532173
15 0.25497586 0.25285333 0.8807373  0.51114243 0.010157814249396324
1 0.33043614 0.         0.62802285 0.08299629 0.010121777653694153
1 0.4472164  0.         0.67474043 0.11715317 0.010057946667075157
24 0.90948874 0.00490595 1.         0.04073324 0.009927821345627308
19 0.40198866 0.14538603 0.66245383 0.79570246 0.009845037944614887
24 0.58049273 0.0258555  0.9807615  0.1464219  0.009832793846726418
21 0.91940767 0.03232398 0.99565625 0.11984652 0.00978840608149767
1 0.66070074 0.         0.8883321  0.11662237 0.009759125299751759
41 0.49130163 0.00168309 0.8187443  0.07655221 0.0096854567527771
24 0.9113786  0.00943873 0.9969668  0.06751581 0.009625861421227455
18 0.03032908 0.00166789 0.12076741 0.11473112 0.00961550883948803
41 0.8787912  0.91463006 1.         1.         0.009586818516254425
18 0.5216372  0.         0.71898276 0.11941335 0.0094801289960742
18 0.45173767 0.         0.5925044  0.16172998 0.009421697817742825
1 0.7766269  0.         0.9880246  0.12083372 0.009415514767169952
10 0.42173988 0.         0.61677545 0.16405192 0.009337841533124447
7 0.95010144 0.         1.         0.08050334 0.009328112006187439
10 0.         0.00385845 0.37662116 0.15979528 0.009311060421168804
24 0.4929168  0.01337701 0.7538198  0.07356148 0.009180886670947075
7 0.9143806  0.         1.         0.03762958 0.009177137166261673
24 0.6408687  0.01896165 0.85018444 0.10856277 0.009122852236032486
25 0.9420455  0.00706305 1.         0.06847315 0.009052526205778122
18 0.41865206 0.         0.9613664  0.17345531 0.008936647325754166
10 0.23402178 0.         0.60782593 0.08415988 0.008922241628170013
10 0.66828907 0.         1.         0.24209906 0.008886841125786304
10 0.12119792 0.         0.9170636  0.16395663 0.008877113461494446
41 0.8037432  0.00196397 1.         0.1217232  0.008765768259763718
18 0.2429598  0.         0.492229   0.09063191 0.008751019835472107
41 0.85947764 0.03028319 1.         0.20166294 0.00874887965619564
7 0.50038034 0.         0.77004284 0.0790365  0.008729160763323307
18 0.286849   0.         0.4840922  0.12686692 0.008702741004526615
25 0.9191589  0.0037988  1.         0.04561712 0.008702633902430534
24 0.63947004 0.0117417  0.9305822  0.07793664 0.008699212223291397
41 0.42942235 0.36470842 0.80306333 0.67962956 0.008681640960276127
21 0.4762     0.00196939 0.7093692  0.09968239 0.008468180894851685
7 0.7988465 0.        1.        0.1096842 0.008461526595056057
21 0.29908562 0.00342535 0.6143132  0.06914971 0.00841603148728609
1 0.65312046 0.         0.9786008  0.16144985 0.008399385027587414
24 0.87028086 0.00827006 0.99069774 0.05458105 0.008397888392210007
41 0.58432484 0.00491538 1.         0.16450724 0.008340842090547085
7 0.9111601  0.         1.         0.14582783 0.008249841630458832
33 0.9282889  0.00240115 1.         0.08260392 0.008202110417187214
1 0.22924861 0.         0.52732414 0.08525059 0.008153394795954227
25 0.8962003  0.00273938 1.         0.03247624 0.008107640780508518
24 0.83873177 0.01020378 0.9938943  0.07590523 0.008060469292104244
18 0.8908125  0.1769458  1.         0.49326393 0.007950443774461746
21 0.14183544 0.00137113 0.886856   0.46194592 0.007856369949877262
7 0.5734273 0.        0.9801041 0.1683707 0.00785046350210905
10 0.29568386 0.32519683 0.7127339  0.63543195 0.0077882870100438595
1 0.53351    0.         0.96490216 0.22507615 0.007755959406495094
41 0.89534855 0.03864538 1.         0.27491662 0.007728857919573784
18 0.03256837 0.8634941  0.18176034 0.9850631  0.007672279607504606
42 0.         0.9449327  0.08315875 0.9946212  0.007652834057807922
10 0.10048038 0.2597495  0.8018398  1.         0.007648271508514881
33 0.91142195 0.01654439 1.         0.09639423 0.007580210920423269
41 0.68866473 0.00238665 1.         0.08029367 0.007564844563603401
1 0.30809215 0.         0.7422225  0.234951   0.007561613339930773
10 0.8302146  0.01939263 1.         0.19227664 0.007556420285254717
33 0.8811539  0.0049052  1.         0.11765798 0.0075096022337675095
1 0.3366704  0.         0.5678304  0.11673411 0.007502322550863028
18 0.22940214 0.         0.4271572  0.1302895  0.007461185567080975
21 0.24301046 0.07620817 0.68417716 0.66087943 0.007434794679284096
18 0.264398   0.         0.8256499  0.17747112 0.007248599082231522
24 0.59692854 0.03996918 0.9748877  0.20326602 0.007240610662847757
10 0.         0.84823924 0.10856459 0.9981725  0.007065152283757925
33 0.83985305 0.0014492  1.         0.08264709 0.0070419032126665115
18 0.03435211 0.6683898  0.17122816 0.9641703  0.006989472545683384
33 0.8987765  0.00201152 1.         0.05536903 0.0069811660796403885
41 0.634617   0.00237876 0.90130645 0.11684377 0.0069757141172885895
4 0.5376402  0.         1.         0.17122363 0.006929721217602491
5 0.94888616 0.00181193 1.         0.07502065 0.006920620799064636
41 0.02106711 0.9465486  0.08961089 1.         0.0068853204138576984
5 0.91160613 0.00240742 1.         0.03668433 0.006884140428155661
5 0.9301517  0.0028453  1.         0.05092908 0.006876721978187561
21 2.9922506e-01 1.2381873e-04 9.5539892e-01 1.4144295e-01 0.006856756284832954
10 0.         0.8868902  0.15120494 0.9958776  0.0067643411457538605
24 0.49149477 0.0193477  0.68321586 0.09984874 0.006748214364051819
10 0.21683113 0.0891835  0.6607009  0.57946837 0.0067437696270644665
27 0.9236485  0.00236546 1.         0.05451865 0.006732000038027763
1 0.27137473 0.         0.8835841  0.16390786 0.0066770873963832855
10 0.8692904  0.01531704 1.         0.26292887 0.0066189453937113285
27 9.444629e-01 3.792699e-04 1.000000e+00 7.991409e-02 0.006504431366920471
33 0.55182576 0.00938678 1.         0.17588641 0.006440999452024698
41 0.48819143 0.00400428 0.74398035 0.11641045 0.00641887541860342
18 0.05728595 0.         0.31187132 0.17034815 0.006391767878085375
24 0.9106013  0.02513477 0.99283886 0.09115609 0.006387681234627962
21 0.21478634 0.1312569  0.79732    0.5063673  0.00638629961758852
42 0.9295553  0.00201372 0.9953168  0.08435017 0.006369779352098703
7 0.92775494 0.02108599 1.         0.13039665 0.006341380998492241
10 0.26035908 0.23566523 0.750188   0.5691352  0.006335574202239513
41 0.37432653 0.24014993 0.62394303 0.7379569  0.006262387614697218
18 0.43086457 0.         0.811359   0.23531614 0.006254266016185284
24 0.88198537 0.0172305  0.9918698  0.10689258 0.006231615319848061
34 0.9431649  0.00426142 0.98607445 0.07790086 0.006228024140000343
41 0.3793612  0.01132885 0.8759895  0.22382787 0.006210532505065203
25 0.8306916  0.00325333 1.         0.03250023 0.006179957650601864
7 0.48914385 0.         0.6907116  0.11816102 0.006127314176410437
2 0.53031427 0.         0.94258577 0.13632351 0.006106351502239704
21 0.16525275 0.00137226 0.4953888  0.06569906 0.006017167586833239
10 0.23429324 0.         0.5265504  0.12062144 0.006002454552799463
10 0.         0.9135294  0.21078852 0.9940643  0.005941886454820633
41 0.0351624  0.91013145 0.16988224 1.         0.005902287550270557
10 0.         0.00743802 0.26917344 0.21659254 0.0058852252550423145
18 0.8447498  0.77651465 1.         0.98667216 0.005877826362848282
21 0.00628609 0.         0.11559918 0.09248552 0.005852866917848587
21 0.3554992  0.00343258 0.6038765  0.1009348  0.005851968191564083
18 0.79318416 0.         0.99034286 0.48188227 0.005830786190927029
41 0.7071095  0.0067224  1.         0.25184444 0.005812513176351786
4 0.9069311 0.        1.        0.0718927 0.00579560874029994
33 0.480655   0.00470989 0.8180591  0.08572894 0.005790362600237131
1 0.40556264 0.         0.570192   0.15925293 0.005751447752118111
32 0.9374876  0.         1.         0.07985441 0.0057196239940822124
24 0.35197863 0.02789953 0.8936728  0.14139158 0.005709480494260788
18 0.05789144 0.07474302 0.33769882 0.4328051  0.0057035344652831554
33 0.84422266 0.00165641 1.         0.14169866 0.005676105618476868
41 0.82180345 0.001805   0.9558546  0.05620389 0.0056544882245361805
42 0.53338647 0.00497193 0.99095845 0.16888542 0.005645946599543095
10 0.19952334 0.3807422  0.69613427 0.84342957 0.005605966784060001
41 0.48169434 0.8810996  0.7030786  1.         0.005571768619120121
2 0.61998403 0.         0.83488    0.0975219  0.005547862499952316
41 0.2583011  0.26166892 0.94619715 0.7038729  0.005538266152143478
32 0.9205007  0.         1.         0.03797163 0.005482295528054237
18 0.04603802 0.         0.23088567 0.23213659 0.005464108660817146
21 0.1325031  0.         0.81865454 0.12987918 0.005445231683552265
40 0.91415346 0.         1.         0.06189186 0.005440695211291313
18 0.89168274 0.27786732 1.         0.6033074  0.005419449415057898
24 0.43775147 0.31274128 0.79760885 0.7761672  0.005351720843464136
4 0.8289901  0.         1.         0.08432937 0.005351557862013578
24 0.81629467 0.00938785 0.9390309  0.05261904 0.005309529602527618
33 0.9122002  0.00140455 1.         0.15900125 0.005307708401232958
5 0.8730168  0.00410578 0.99416345 0.04975111 0.005306872073560953
4 0.9453643 0.        1.        0.0815732 0.005294937640428543
42 0.9035709  0.00306834 0.9934999  0.05498898 0.005294658709317446
19 0.9449335  0.         0.9985822  0.06940988 0.005286786705255508
1 0.8282491  0.014501   0.98351425 0.20137683 0.005280156619846821
24 0.3743674  0.01330399 0.6539677  0.07225188 0.005230998154729605
42 0.91551435 0.0011984  0.9928508  0.03942884 0.0052174911834299564
20 0.09555057 0.23468848 0.87704754 0.6785941  0.005211569368839264
7 0.8248549  0.         0.94443923 0.05174248 0.005208175163716078
2 0.61071014 0.         0.8997562  0.06628604 0.0052048563957214355
10 0.37255442 0.34255943 0.67718947 0.80185425 0.005199785809963942
16 0.35525072 0.297791   0.66994727 0.53943384 0.0051901740953326225
37 0.30393967 0.19444108 0.8182343  0.76072913 0.00514637865126133
33 0.622286   0.00722833 0.8888076  0.1236717  0.0051339175552129745
42 0.83966935 0.00258641 0.99197286 0.08192777 0.005127950105816126
41 0.3715041  0.00118977 0.6325763  0.11908898 0.005121469963341951
41 0.53722614 0.8835136  0.7521728  1.         0.0051175495609641075
40 0.9369875  0.         1.         0.09295684 0.005088820122182369
24 0.79417574 0.01547665 0.9882714  0.10777109 0.005087666679173708
1 0.7439214 0.        0.9783564 0.2337609 0.005055701360106468
41 0.38447398 0.00260132 0.7167777  0.08133724 0.0050428868271410465
40 0.38535777 0.         0.84379673 0.08888943 0.005034228786826134
15 0.24716233 0.42339844 0.8387856  0.6918958  0.005027403589338064
5 0.5537856  0.00238358 1.         0.1482273  0.005012463312596083
42 0.91052514 0.01702851 0.9920215  0.09784099 0.00499723618850112
25 0.7945043  0.00725504 1.         0.06598156 0.004981912672519684
25 0.8443095  0.00528309 1.         0.04504143 0.004975603427737951
21 0.65306866 0.         0.9990305  0.20546748 0.004957487806677818
24 0.6887678  0.02059925 0.9050684  0.11344979 0.004950192756950855
40 0.40742508 0.         1.         0.18651368 0.004947128240019083
33 0.31102136 0.31578583 0.63625    0.65839815 0.004926561377942562
19 0.2954909  0.22779849 0.72148097 0.67679965 0.004924636334180832
10 0.31180608 0.09180652 0.8457704  0.65039366 0.004922283347696066
24 0.50942284 0.0203138  0.7686259  0.7123069  0.004918965045362711
4 0.9058976  0.         1.         0.04061021 0.004906893707811832
