43 0.0657343  0.15940845 0.8804295  0.80562097 0.40524667501449585
43 0.31083685 0.20797946 0.9545034  0.74482685 0.20074833929538727
43 0.00355825 0.         1.         1.         0.1890197992324829
43 0.2010539  0.4152211  0.8716155  0.73959255 0.17083482444286346
24 0.8784947  0.63240033 0.99235433 0.78012395 0.15342272818088531
43 0.08312722 0.4044562  0.695024   0.7808206  0.12935903668403625
27 0.03932368 0.1837816  1.         1.         0.1283738911151886
24 0.13609536 0.20650777 0.5095966  0.6828651  0.12577755749225616
43 0.35172793 0.42454225 0.9548669  0.8043885  0.12160342931747437
24 0.30014187 0.12108142 0.8688265  0.6904415  0.1175360232591629
24 0.87139994 0.69131863 0.9861322  0.8336421  0.11751028895378113
24 0.41825747 0.21229133 0.74933636 0.4411405  0.11711004376411438
24 0.46563885 0.16446137 1.         0.552417   0.1169634610414505
24 0.50584984 0.17917933 0.8375108  0.42156997 0.11658119410276413
24 0.53232956 0.13317084 0.9006965  0.36427832 0.11388171464204788
20 0.32998064 0.32000366 0.99968857 0.84586114 0.11075809597969055
20 0.4866859  0.48829183 0.94713616 0.83997655 0.10845613479614258
43 0.03462179 0.1598482  0.667015   0.6807884  0.10467387735843658
24 0.3370881  0.25383204 0.78738356 0.6401644  0.10344404727220535
20 0.29257655 0.47731486 0.7527434  0.80117494 0.10230910778045654
24 0.27820984 0.19747879 0.59440607 0.45582578 0.09584618359804153
24 0.11213038 0.37658834 0.4100204  0.6608363  0.09320011734962463
24 0.87628675 0.38210037 0.9921244  0.5240279  0.09190017729997635
24 0.20852311 0.21922305 0.5316882  0.4771392  0.09110255539417267
24 0.15427779 0.1438306  0.64302367 0.6432907  0.08825180679559708
24 0.8965245 0.3835454 0.9936827 0.5901474 0.08549030870199203
24 0.06822793 0.3138864  0.30385005 0.7144096  0.08152136951684952
24 0.86544526 0.34784958 1.         0.842526   0.08048639446496964
24 0.78947264 0.3345753  0.99019057 0.7014086  0.07851146161556244
20 0.19089061 0.44935492 0.6534963  0.7728278  0.07682497799396515
24 0.16054153 0.28464955 0.472727   0.50642526 0.07595536857843399
18 0.08868195 0.62738067 1.         1.         0.07501748204231262
24 0.92055064 0.5186281  0.993106   0.6036262  0.07495838403701782
24 0.83469075 0.41543335 0.9967481  0.7563112  0.07470007240772247
24 0.63092315 0.18554562 0.9354518  0.4931855  0.07208186388015747
43 0.44043458 0.04493398 1.         0.9397604  0.07164667546749115
24 0.8997119  0.42888978 0.9947174  0.64401907 0.07163669914007187
24 0.2214287  0.25166386 0.66424704 0.7193937  0.07132697850465775
24 0.17466684 0.35812238 0.49896058 0.6360951  0.06798548251390457
24 0.14690137 0.1767902  0.45206717 0.41844574 0.0677921399474144
24 0.9347164  0.48264766 0.99548894 0.5899571  0.06630589812994003
24 0.89879966 0.6349973  0.98598635 0.8487566  0.06595799326896667
24 0.87297416 0.55871284 0.99158823 0.90157616 0.06389610469341278
24 0.6623875  0.17819688 1.         0.60287994 0.06376056373119354
43 0.49833396 0.30415842 0.940849   0.7429691  0.06334058940410614
24 0.92111576 0.5428429  0.9944019  0.63052094 0.060844093561172485
24 0.3921495  0.11385512 1.         0.41093847 0.060443807393312454
24 0.1390091  0.34184992 0.40630943 0.5566818  0.05936205014586449
43 0.1616711  0.16005696 0.8460783  0.49597576 0.059153176844120026
20 0.49566698 0.30101064 0.9464193  0.7207473  0.05446522682905197
24 0.44764182 0.25472865 0.7712555  0.4993208  0.05300680920481682
24 0.71272993 0.3898733  0.9707903  0.71386594 0.052202630788087845
24 0.90284866 0.57390976 0.9912123  0.8020893  0.05214932933449745
43 0.06695923 0.29807514 0.55951273 0.7407365  0.052006158977746964
20 0.60352874 0.37990043 0.9725403  0.72166425 0.051222074776887894
24 0.08256871 0.4222077  0.34984064 0.7042388  0.04932853952050209
24 0.8941817  0.68997675 0.98514813 0.8971894  0.047068171203136444
43 0.05957202 0.12459989 0.6519806  0.5097944  0.04552387073636055
24 0.21255775 0.28162593 0.51705444 0.5677532  0.045517660677433014
43 0.4113469  0.26057562 0.9380215  0.6032835  0.04509027302265167
20 0.3883202 0.2946021 0.8407587 0.7055164 0.0449904128909111
14 0.39155406 0.31172523 0.9064292  0.82775843 0.04445371404290199
24 0.4233949  0.13557152 0.72810984 0.4042083  0.0441586971282959
24 0.7817601  0.4793943  0.98275596 0.7337651  0.043713685125112534
24 0.5338536  0.23555428 0.79976445 0.54908276 0.04368743300437927
24 0.37966353 0.1302558  0.813337   0.47551164 0.043453603982925415
24 0.31912735 0.14258479 0.637084   0.40182176 0.04279279708862305
38 0.0402285  0.16259034 0.8316748  0.50257176 0.04276563972234726
24 0.7795642 0.2541233 0.9986349 0.5966714 0.0425991490483284
24 0.8803359  0.483396   0.99538475 0.6297148  0.04097504913806915
20 0.13904196 0.3875197  0.47738588 0.7671613  0.040505301207304
24 0.05533572 0.4517651  0.28108904 0.7853144  0.039936281740665436
43 0.05810153 0.08137685 0.54141176 0.82042205 0.03899440914392471
24 0.11014913 0.23028845 0.35244477 0.46937278 0.03866010159254074
24 0.69400823 0.27951065 0.9893485  0.5257691  0.03831936791539192
24 0.11830255 0.29026622 0.3514874  0.5353019  0.03773637115955353
24 0.48199424 0.11485448 0.94612724 0.7132134  0.037203893065452576
20 0.2149849  0.32004857 0.6173962  0.8443011  0.03595549613237381
38 0.         0.10835658 1.         0.5428197  0.03577174246311188
10 0.2182983  0.73612064 1.         0.99626935 0.03576386347413063
21 0.1046872  0.6877693  0.97506076 0.98770976 0.035120103508234024
24 0.92103153 0.56711537 0.9969928  0.6576263  0.033812977373600006
43 0.06119713 0.08604899 0.8319699  0.5846788  0.03305758535861969
24 0.3539687  0.21520625 0.6414371  0.49165148 0.03302597999572754
24 0.10101625 0.3427766  0.29662853 0.5211014  0.03246753662824631
24 0.29460627 0.2368783  0.5781815  0.5449225  0.03057289682328701
24 0.8802772 0.580276  0.9974733 0.7299054 0.029824495315551758
43 0.06249252 0.         0.6470628  0.98671937 0.029215745627880096
43 0.5309667  0.03177638 0.9253992  0.7961824  0.029135940596461296
38 0.05663767 0.1934059  1.         0.67544997 0.028955942019820213
41 0.23738144 0.7580424  1.         0.9478781  0.028772706165909767
24 0.09564152 0.27401093 0.3023072  0.44590154 0.028694497421383858
24 0.21170917 0.42796692 0.56083506 0.68887055 0.028657523915171623
43 0.16707845 0.24146652 0.77756107 0.660152   0.0283691193908453
8 0.1143013  0.42053512 0.7392249  0.8603467  0.02822066657245159
14 0.10609243 0.23068906 1.         0.8883691  0.0281762033700943
20 0.19647753 0.22874868 0.8629894  0.7290551  0.028126632794737816
24 0.59172493 0.2666065  0.8985689  0.5352205  0.027669919654726982
43 0.         0.28348172 1.         0.9372089  0.02695504017174244
27 0.48203188 0.22167087 1.         1.         0.02672690711915493
14 0.31056643 0.24152406 0.866353   0.71251476 0.026699187234044075
38 0.21440949 0.11053263 1.         0.4128469  0.02482927218079567
8 0.15201162 0.21936989 0.92127544 0.9589311  0.024545563384890556
19 0.01857625 0.09091291 0.87180984 0.86214304 0.02410622499883175
24 0.59517616 0.08093332 1.         0.46299174 0.024051150307059288
24 0.3864314  0.26221287 0.6487369  0.5884728  0.02401983179152012
24 0.9202312  0.45293352 0.99693006 0.786946   0.023743079975247383
7 0.08745354 0.7110847  0.9081727  1.         0.023732945322990417
27 0.         0.31598052 1.         0.9302824  0.02347703091800213
27 0.         0.16199015 0.71083    1.         0.023227954283356667
20 0.23721062 0.36305487 0.75902516 0.7039925  0.022492891177535057
24 0.18458544 0.15716739 0.49390066 0.5253912  0.022449100390076637
43 0.03486889 0.30326438 0.37396735 0.6977525  0.022424431517720222
24 0.86058414 0.6874405  0.9861267  0.9531683  0.022112062200903893
20 0.30431062 0.24631621 0.847648   0.57232136 0.02202814631164074
24 0.29971004 0.32483307 0.5643119  0.64003235 0.021932333707809448
24 0.09791195 0.17302766 0.37425685 0.56439614 0.021762076765298843
20 0.27547255 0.33373937 0.7949194  0.92821884 0.021451208740472794
24 0.13350968 0.45769757 0.4615045  0.7087072  0.020709648728370667
20 0.69526786 0.5247237  0.97607803 0.8355117  0.020057497546076775
38 0.82295424 0.629015   1.         0.81109613 0.01969524286687374
24 0.83273077 0.21326534 0.9982993  0.5456693  0.01968923583626747
24 0.9316382  0.93861604 0.9921637  0.99612564 0.019398711621761322
24 0.41958442 0.3141648  0.7250354  0.5637818  0.019221950322389603
38 0.         0.27050188 0.64335775 0.6074906  0.019072560593485832
24 0.6726607 0.3142768 0.9461425 0.6223088 0.01869196817278862
14 0.15288758 0.37360135 0.82377726 0.8001499  0.01848381571471691
24 0.88624537 0.2856249  0.9906086  0.47741452 0.018434051424264908
24 0.9114659 0.9512104 0.9883657 0.9954456 0.01803586445748806
7 0.1999158  0.13952495 0.8556115  1.         0.017701737582683563
24 0.9032006  0.5199649  0.99794936 0.7519932  0.017573434859514236
24 0.22981973 0.1296968  0.67808664 0.45470306 0.01751275546848774
24 0.81926984 0.6425757  0.9794908  0.9132483  0.017488760873675346
8 0.07459295 0.3677653  0.5473884  0.8651277  0.01713787019252777
43 0.63290375 0.33779863 0.96345276 0.79607105 0.01687329076230526
27 0.         0.24896574 0.9232829  0.7978707  0.016625406220555305
24 0.09420086 0.4146177  0.2992538  0.6046204  0.016577593982219696
38 0.36125216 0.12135638 1.         0.6326585  0.01656256802380085
38 0.8538848  0.35296506 1.         0.5751677  0.01647098921239376
38 0.        0.3731776 0.5427898 0.6577836 0.0163393747061491
37 0.42757508 0.38042247 1.         0.7531319  0.016169892624020576
24 0.423013   0.41002193 0.7186266  0.65444005 0.016141759231686592
24 0.8623376  0.17171492 1.         0.67106855 0.01594790630042553
24 0.61374676 0.44348705 0.9237372  0.6925689  0.015803979709744453
37 0.09111491 0.2600991  1.         0.80077    0.015660280361771584
38 0.83117276 0.6732132  1.         0.8573055  0.015534673817455769
14 0.11075775 0.20138621 0.8425746  0.62738913 0.015450463630259037
27 0.03173516 0.21526518 0.67152387 0.6497234  0.015077211894094944
3 0.10777214 0.39304087 0.81326365 0.9482429  0.014939526095986366
38 0.253209   0.17304057 1.         0.51153225 0.014672087505459785
38 0.         0.11352715 0.6901942  0.67054343 0.014284455217421055
38 0.7984892  0.14170922 1.         0.7839695  0.01425374299287796
14 0.05946935 0.17085607 0.65425473 0.79315233 0.014162282459437847
24 0.8800992 0.5323567 0.9986388 0.6794978 0.013543859124183655
24 0.32394227 0.45262218 0.643862   0.69981337 0.013403598219156265
27 0.11253548 0.2546391  0.84549737 0.5791659  0.013374125584959984
3 0.27527645 0.32913044 0.9117804  0.8353129  0.013183413073420525
38 0.9195588  0.49885276 1.         0.6073004  0.013056403025984764
14 0.52989256 0.27898616 0.95810914 0.76286954 0.012987855821847916
24 0.9216828  0.5928969  0.99947006 0.6856144  0.012751711532473564
24 0.57805145 0.28378806 0.95507663 0.6878239  0.012725988402962685
24 0.8370472  0.91911244 0.99106103 0.9967559  0.01259827520698309
20 0.8431828  0.66708183 0.97729963 0.7890075  0.01253731083124876
20 0.20794635 0.24198064 0.65813345 0.6730027  0.012489047832787037
19 0.         0.319052   0.80804724 0.826816   0.012351328507065773
24 0.00158292 0.87005585 0.29808882 0.94575596 0.012219555675983429
27 0.06256785 0.1511329  0.9703546  0.65033716 0.012173138558864594
20 0.43346986 0.19904101 0.89878654 0.6087333  0.011797713115811348
28 0.9117679  0.9472718  1.         0.99646497 0.011714980937540531
20 0.5442317  0.33038533 0.94462204 1.         0.01171257346868515
24 0.1558604 0.4543443 0.7268548 0.7757485 0.011623833328485489
24 0.02055384 0.82417476 0.29764467 0.93126297 0.011621140874922276
38 0.6670954 0.2830238 1.        0.7360722 0.011591246351599693
38 0.8119303  0.40670836 1.         0.5796947  0.011495687998831272
27 0.80902547 0.6708217  0.975634   0.8714706  0.011398174799978733
24 0.779816   0.20594552 0.9926641  0.4555501  0.011354109272360802
43 0.7448662  0.41450202 0.9724905  0.8385339  0.011111140251159668
24 0.33951837 0.35944736 0.6351449  0.6202344  0.011067762970924377
20 0.78487295 0.45034897 0.98456675 0.87645024 0.01095893606543541
24 0.07964692 0.46735626 0.29801306 0.66415256 0.010856784880161285
38 0.7564468  0.36016688 1.         0.78704727 0.010752270929515362
24 0.29724672 0.10006999 0.82827455 0.3250389  0.010734017938375473
8 0.08733704 0.15280245 1.         0.81717855 0.010724920779466629
35 0.08469358 0.19907558 0.86386853 0.833999   0.01045216154307127
35 0.23562956 0.21760972 0.8047341  0.6079794  0.010421893559396267
27 0.         0.3353478  0.40330186 0.81614435 0.010400868020951748
24 0.876413   0.89242864 0.9909538  0.9947465  0.010367078706622124
27 0.         0.2163888  0.38404736 1.         0.010148206725716591
2 0.05603727 0.6838705  0.74988425 0.9883738  0.010082106105983257
3 0.1421163  0.20345454 1.         0.7135759  0.010000379756093025
24 0.4995566  0.43239254 0.81529206 0.6718942  0.009997841902077198
14 0.6327462  0.41811743 0.9664145  0.77945393 0.009899210184812546
27 0.80378217 0.29760045 0.9763601  0.99024    0.009861906990408897
14 0.         0.24051587 0.5351716  0.70983076 0.009851342998445034
8 0.12510781 0.14200786 0.7215845  0.8651284  0.00969020277261734
43 0.00428192 0.20121294 0.49981782 0.5644204  0.009559713304042816
27 0.71940917 0.41978124 0.99149007 0.9474997  0.009430046193301678
20 0.16215038 0.20760787 0.5054737  0.7782118  0.009396462701261044
18 0.1427727  0.5493743  0.92105216 0.9598999  0.009271834045648575
27 0.26323462 0.20828903 0.8935539  0.53315645 0.009182408452033997
38 0.92017365 0.52561384 1.         0.633909   0.009084935300052166
37 0.3463383  0.23906617 1.         0.64710635 0.009083438664674759
8 0.30744556 0.21555708 0.8256179  0.7549663  0.008914067409932613
38 0.0946887  0.0537261  0.8287713  0.41521904 0.008887998759746552
27 0.8028198  0.63595504 0.98643446 0.8121001  0.008801226504147053
7 0.38348722 0.09043666 1.         1.         0.008747479878365993
27 0.512535   0.39911157 1.         0.8724159  0.008617130108177662
18 0.0906265  0.61950225 0.66132957 1.         0.008584887720644474
38 0.57092726 0.18725671 1.         0.6459971  0.008558584377169609
37 0.21240774 0.46910647 1.         0.7961657  0.008536289446055889
35 0.2947774  0.16027753 1.         0.8708617  0.008454989641904831
38 0.13635437 0.20631012 0.8928227  0.6165032  0.00826176069676876
14 0.6218097 0.4807079 1.        0.8894869 0.00822468101978302
24 0.93750113 0.6100176  1.         0.7303752  0.008174311369657516
27 0.         0.25558117 0.5034201  0.66483766 0.008166336454451084
24 0.9075012  0.846759   0.99174666 0.99116343 0.008136783726513386
14 0.2246492  0.06979454 0.9814728  0.74866617 0.008125624619424343
43 0.23551914 0.02825244 0.74052036 0.45111594 0.00811006035655737
37 0.12111784 0.4132067  0.9405372  0.71781874 0.008098352700471878
20 0.13286972 0.29250178 0.5479149  0.6295764  0.008015977218747139
20 0.53188884 0.5664984  0.9205007  0.89163065 0.007860318757593632
42 0.22706722 0.65883774 0.90297204 1.         0.00783010944724083
38 0.         0.21105868 0.485861   0.5400196  0.007717582397162914
19 0.0469351  0.14508805 0.54339904 0.8553766  0.00768981222063303
7 0.29539785 0.22596243 1.         0.81868035 0.007685116957873106
20 0.21641836 0.27864766 0.8854125  1.         0.0076448325999081135
24 0.71397597 0.4753543  0.95976156 0.7837422  0.007621319033205509
3 0.51376194 0.5172342  0.9112132  0.84643275 0.007464222144335508
19 0.93033755 0.9333593  0.9883201  1.         0.007412439212203026
3 0.3476956  0.27040824 0.7529328  0.65541047 0.007244465872645378
24 0.41851076 0.48143357 0.74349874 0.7204043  0.007244269363582134
3 0.54065907 0.43005648 0.93977684 0.7299565  0.007235582917928696
18 0.5872513  0.6353051  0.91980743 1.         0.007229975424706936
24 0.8376492  0.86291254 0.9950589  0.9995641  0.007192609831690788
43 0.64408946 0.51757944 1.         0.8569648  0.00718798628076911
3 0.2555239  0.46156353 0.6803039  0.7881698  0.007179983425885439
1 0.         0.834786   0.27373317 1.         0.007169093005359173
25 0.         0.15343201 1.         0.7813437  0.007153996732085943
7 0.20827879 0.         0.7777082  0.8112306  0.0070873103104531765
8 0.27455205 0.4251124  0.89426696 0.8954169  0.007043758872896433
22 0.         0.         0.14240678 0.06920043 0.007025143597275019
34 0.10359146 0.21500026 0.9325584  0.63596165 0.006983957253396511
43 0.3819576  0.09845764 0.8725041  0.51020247 0.006954940501600504
24 0.8643799  0.74938405 0.9872394  0.89222366 0.006929901894181967
3 0.10061633 0.49973655 0.48121095 0.8322211  0.006921383552253246
38 0.         0.02413549 1.         0.3934996  0.006876037921756506
14 0.         0.3449078  0.43729174 0.7733584  0.006852839142084122
14 0.72577345 0.43264028 0.9850461  0.9534019  0.006841660942882299
34 0.7820825  0.6471006  0.99227643 0.7842322  0.0068108621053397655
10 0.92007095 0.9365784  1.         0.99154484 0.0067994738928973675
35 0.58227456 0.3320314  0.982116   0.79597634 0.006746112834662199
14 0.8187644  0.44679603 0.9757893  0.6135476  0.006718343589454889
35 0.4729538  0.15962504 0.9323445  0.7281549  0.006689154542982578
38 0.81159854 0.45766822 1.         0.6315893  0.006686734966933727
35 0.3277205  0.13998488 0.8557825  0.51365733 0.00667010061442852
1 0.01038949 0.75250125 0.19476147 1.         0.006665247492492199
20 0.8521794 0.608406  0.9816436 0.749406  0.006595505401492119
14 0.48193285 0.10299045 0.9778884  0.9311895  0.0065532829612493515
35 0.05842326 0.1979029  0.5951604  0.58447343 0.006539359223097563
32 0.2685079 0.6228828 1.        0.9631585 0.006475102622061968
38 0.9193819 0.9342068 1.        0.9962429 0.006459943018853664
4 0.05198069 0.36897317 0.7836269  0.98842573 0.006416285876184702
3 0.42009398 0.37094736 0.8830012  0.726851   0.0063958424143493176
14 0.82022697 0.49746263 0.96978587 0.6662002  0.006384706124663353
14 0.78509855 0.6388883  0.9802017  0.8314736  0.006373250391334295
25 0.         0.40338132 0.6121928  0.77710515 0.006356177385896444
14 0.         0.38012484 0.6843604  0.8415131  0.006251461338251829
34 0.5773184  0.44577983 0.9972567  0.76997906 0.006243830546736717
6 0.90973616 0.9366852  0.9955628  1.         0.006234195549041033
18 0.340887   0.04268448 0.94768333 1.         0.006190145388245583
23 0.        0.2541195 1.        0.9228885 0.006184022407978773
1 0.847341  0.6910527 0.9886932 0.8661479 0.006131304427981377
34 0.11073792 0.36774966 1.         0.7350387  0.006131265312433243
8 0.4200684  0.3235981  0.93434674 0.81256205 0.006104023661464453
3 0.07893845 0.2951951  0.7330946  1.         0.006060766987502575
38 0.7182365  0.11342131 1.         0.55852836 0.006041436456143856
14 0.44424048 0.3877806  1.         0.9552016  0.005954701453447342
10 0.6265306  0.7105133  0.93734306 0.9815039  0.0059257326647639275
25 0.81196177 0.62249035 1.         0.7976769  0.005908748600631952
14 0.9233587  0.5228465  0.9936142  0.62458533 0.00590245146304369
28 0.8446687  0.9080698  1.         0.99474114 0.005899087060242891
5 0.         0.05063011 0.95980316 0.89101535 0.005878755822777748
28 0.882192   0.87884724 1.         0.9901487  0.005833442788571119
20 0.12465056 0.4983242  0.436853   0.7915011  0.005831464193761349
20 0.167527   0.53237325 0.8600098  0.94757116 0.00578419491648674
41 0.6482401 0.8757786 0.8994355 0.9991132 0.005749605130404234
19 0.         0.09930445 0.3993275  0.8943107  0.005715413950383663
35 0.         0.34258193 0.4733485  0.78328806 0.005710472818464041
18 0.198754   0.775239   0.93053955 0.97718257 0.005615567788481712
25 0.1969364  0.13167338 1.         0.7783413  0.0055952914990484715
1 0.        0.        0.665701  0.7574373 0.00558773847296834
22 0.         0.         0.1031084  0.10624436 0.005561895202845335
14 0.9323579 0.9341374 1.        1.        0.005530459340661764
3 0.07098417 0.33815914 0.5265858  1.         0.005502564366906881
27 0.         0.42135346 0.78857374 0.8347778  0.005450151395052671
37 0.80429596 0.6257081  0.9932504  0.7865257  0.005447797942906618
40 0.13315175 0.07800197 1.         1.         0.005443464033305645
19 0.47097006 0.31318623 0.8949576  0.9962233  0.0054221623577177525
35 0.02527003 0.410314   0.63229114 0.8069823  0.005400922615081072
28 0.0100139  0.00746616 0.11598358 0.10097007 0.005394469015300274
