1 0.38044566 0.4661084  0.8076674  0.905057   0.30331674218177795
32 0.12091614 0.23468067 0.78256136 0.7275404  0.28959962725639343
32 0.22378609 0.12151599 1.         0.6740426  0.2537546753883362
1 0.3283533  0.37133425 0.8516183  0.72217613 0.24815522134304047
27 0.         0.3752223  1.         0.97083336 0.2161591798067093
27 0.         0.21974257 1.         0.9177707  0.17635901272296906
27 0.05850072 0.         1.         0.9238     0.16557742655277252
28 0.44003958 0.30878082 0.8573101  0.5728748  0.16101159155368805
1 0.32808524 0.39293635 1.         0.94951624 0.1396668553352356
1 0.3412834  0.28910533 0.6878096  0.7960363  0.13365554809570312
38 0.5597813  0.49812248 1.         0.8375689  0.1334080696105957
8 0.4610183  0.02662893 0.8384586  0.6280873  0.12260552495718002
32 0.14679141 0.         0.99408174 0.47612265 0.12199585139751434
19 0.22873479 0.13203634 1.         0.8534769  0.11568666994571686
30 0.23055327 0.4682116  0.8934473  1.         0.11459986865520477
38 0.4714608  0.48599193 0.96885157 0.77374053 0.10742688179016113
32 0.13762988 0.39900482 0.8415395  0.8896154  0.10734804719686508
30 0.26447275 0.16892774 0.8397977  1.         0.09489491581916809
32 0.08625003 0.10400065 0.80628073 0.63292235 0.09413747489452362
19 0.11868042 0.28655776 1.         0.7358825  0.09173456579446793
1 0.24380834 0.2011143  0.7638147  1.         0.0907234326004982
25 0.2067513  0.32448837 1.         0.61379796 0.0840907171368599
28 0.34811226 0.32442573 1.         0.80705553 0.08385217934846878
28 0.39778817 0.4419865  0.9691336  0.68807304 0.07393080741167068
19 0.01968643 0.08449613 1.         0.7127082  0.07002026587724686
19 0.         0.41645622 0.88593143 0.9303161  0.06763564795255661
19 0.3910118  0.36322927 1.         0.6980395  0.06456369906663895
38 0.4395523  0.34320626 1.         0.7469979  0.06319697201251984
32 0.27792266 0.37447327 0.81901747 0.7869082  0.06248633190989494
25 0.         0.21530434 1.         0.6183542  0.062160637229681015
1 0.41622555 0.3342812  1.         0.82868433 0.06057753041386604
19 0.4447513  0.16268387 1.         0.7801769  0.058293502777814865
38 0.45292166 0.2806358  1.         0.61299783 0.05703550949692726
27 0.00325788 0.49696139 0.8389973  0.9944557  0.05648798868060112
27 0.0476383  0.2431944  1.         0.80483586 0.05597400292754173
28 0.30825394 0.46652853 1.         0.89263356 0.051753394305706024
28 0.42077073 0.37964594 0.8961871  0.62447506 0.05037594586610794
1 0.28742048 0.5742099  1.         0.98279697 0.046898871660232544
28 0.43401414 0.5220182  0.9430424  0.7653999  0.04569495469331741
41 0.1525134  0.42228785 0.7605454  0.6511975  0.045500900596380234
25 0.3356791  0.         1.         0.59930515 0.04543789103627205
19 0.33875236 0.37475705 0.95085835 0.78549397 0.045023899525403976
19 0.24566168 0.2807922  1.         0.57217985 0.04497107118368149
43 0.45361328 0.0047541  0.99530786 0.7850473  0.04445001482963562
1 0.33536232 0.5314344  0.69620824 0.96646416 0.04330039024353027
30 0.36730677 0.1373202  0.7840796  0.7651607  0.04203037545084953
1 0.36145806 0.61323655 0.898754   0.8691347  0.04145016893744469
32 0.2727784  0.31135637 0.67052317 0.6550525  0.039926569908857346
28 0.24321325 0.260827   0.93847495 0.8098563  0.039666201919317245
8 0.5025774  0.23108578 0.9066192  0.5967677  0.03832145407795906
19 0.4476404 0.3783692 1.        0.9086174 0.03719625622034073
20 0.5043121  0.03521507 0.9667869  0.7730547  0.036729518324136734
41 0.         0.41033453 0.6064224  0.73027605 0.03661343827843666
25 0.23805463 0.41887674 1.         0.679875   0.036030977964401245
19 0.327666  0.2717641 1.        1.        0.035898249596357346
25 0.3566774 0.2170785 1.        0.6706227 0.03475707769393921
32 0.29285356 0.         1.         0.37190935 0.033747054636478424
36 0.247295   0.33712214 0.7869762  0.71250606 0.033726297318935394
29 0.5356389  0.33854914 1.         0.6900621  0.032319966703653336
19 0.         0.35771385 0.8768962  0.8258523  0.03220260515809059
36 0.32854745 0.49531123 0.8538179  0.8461245  0.031958963721990585
8 0.39457476 0.17969906 0.8716069  0.54147786 0.031456515192985535
41 0.21924317 0.55954295 0.81321585 0.76608866 0.031094888225197792
28 0.27543303 0.39023724 1.         0.6416334  0.03106183558702469
19 0.         0.31886208 1.         0.76832265 0.03081732615828514
41 0.19213928 0.30341777 0.9013787  0.54205346 0.030601222068071365
29 0.38209808 0.5644437  1.         0.9029014  0.03043041005730629
29 0.5085469  0.09795962 1.         0.58204275 0.03031718172132969
25 0.18870504 0.7942384  0.7696824  0.93251884 0.030181927606463432
38 0.3817659  0.55487585 1.         0.8575587  0.030129844322800636
40 0.33833224 0.22448826 1.         0.7380532  0.029882973060011864
29 0.31102717 0.4763532  1.         0.8325961  0.02922017313539982
8 0.27397984 0.01338946 0.9031188  0.62265736 0.028702832758426666
25 0.2184209  0.5973264  1.         0.85782677 0.028349682688713074
27 0.11012739 0.5510643  0.5589366  0.9990892  0.02795221284031868
18 0.30747324 0.03793104 0.87295216 0.37942684 0.027878321707248688
3 0.09486293 0.5417692  0.58972377 1.         0.027287613600492477
25 0.090893  0.2826577 1.        0.5250279 0.026606624945998192
40 0.28868848 0.11994347 0.98983145 0.9138762  0.02645636536180973
27 0.         0.33743522 0.8378508  1.         0.02637617476284504
42 0.40565383 0.00227557 0.9082833  0.520295   0.02608790248632431
32 0.16703059 0.22326407 0.6977669  0.5915109  0.025881044566631317
42 0.3907696 0.        1.        0.9006006 0.02552987076342106
36 0.47823232 0.48817843 0.89111984 0.9864661  0.02546636573970318
38 0.6698849 0.5464268 1.        0.9346689 0.02509194426238537
1 0.5095759  0.02571856 1.         0.81207603 0.02476677857339382
25 0.313724   0.4796511  1.         0.77059054 0.024628911167383194
18 0.30041564 0.         0.8545749  0.6210063  0.024514302611351013
27 0.         0.01799749 1.         0.7233334  0.024213070049881935
38 0.4891329  0.4611579  1.         0.72278845 0.023641517385840416
25 0.         0.         1.         0.48925713 0.022622443735599518
36 0.2013868  0.5289677  0.83902633 0.9937911  0.02254299446940422
38 0.47581077 0.09891587 1.         0.42049924 0.02211412414908409
36 0.3651808  0.27813438 0.82642144 0.5931468  0.02192063443362713
1 0.33425412 0.2235813  0.6208973  0.94696736 0.021644504740834236
19 0.5368321  0.4383667  0.910595   0.82738763 0.021102940663695335
27 0.04159078 0.7316026  0.8092946  1.         0.020412927493453026
1 0.38699305 0.45378458 0.9924811  0.835462   0.02015579305589199
32 0.2752316 0.3243482 0.952566  0.7011044 0.020082682371139526
1 0.30976897 0.13007534 0.9307119  1.         0.019963635131716728
36 0.12904343 0.4327858  0.86810184 0.87288105 0.01970917172729969
38 0.51066947 0.19217436 1.         0.69868225 0.019363675266504288
40 0.13956095 0.33709264 1.         0.9590304  0.019140802323818207
41 0.133526   0.59953237 0.77432173 0.8072984  0.019057219848036766
18 0.0226074  0.         0.6562149  0.95415163 0.018893813714385033
38 0.42186025 0.42758337 0.81906974 0.68622494 0.01807035692036152
40 0.38769495 0.         1.         0.79934955 0.01794949546456337
8 0.35255593 0.03033652 0.9085968  0.41892257 0.017823459580540657
19 0.06738833 0.30932587 0.90722334 0.6098375  0.017435405403375626
25 0.45884034 0.4507197  1.         0.7074743  0.017231957986950874
19 0.         0.50635064 0.7244437  1.         0.01713027060031891
3 0.17676716 0.2987133  0.60113865 0.9498682  0.016852522268891335
40 0.20714575 0.50023955 0.896002   0.9180561  0.016771333292126656
43 0.5781728  0.04074239 0.9321497  0.9298648  0.016343850642442703
43 0.5241146  0.20856446 1.         0.72670984 0.015982232987880707
10 0.        0.4857189 0.6755237 0.8910776 0.015955036506056786
29 0.48813513 0.19284452 1.         0.80100304 0.015921462327241898
32 0.5605601  0.17574638 0.9700605  0.7437255  0.01573508232831955
18 0.56111354 0.         0.9112022  0.7340812  0.015636565163731575
35 0.5237399  0.12027431 1.         1.         0.015633616596460342
18 0.52751637 0.         0.8913086  0.49985322 0.015595050528645515
27 0.         0.5357784  0.63702667 0.9679696  0.015499121509492397
25 0.         0.5483517  1.         0.84752744 0.015129640698432922
3 0.42455894 0.35197532 0.6979914  1.         0.015128009021282196
30 0.04188568 0.26203156 0.776346   0.9700634  0.015085342340171337
6 0.41646224 0.39312756 1.         1.         0.014853148721158504
29 0.639227   0.30803955 1.         0.90095186 0.014525423757731915
10 0.         0.06062203 0.68375176 0.7801709  0.014381426386535168
24 0.51513726 0.34438884 1.         0.75897664 0.014318617060780525
18 0.17210467 0.         0.9501325  0.67450124 0.014148601330816746
18 0.44690013 0.02417839 0.7542684  0.3082117  0.014082847163081169
42 0.4744394  0.         0.92309064 0.9633144  0.013926086947321892
19 0.28992024 0.10109588 1.         0.44564593 0.013871322385966778
1 0.47649893 0.59697926 1.         0.8845357  0.013604558072984219
32 0.47569725 0.         0.96914256 0.29209435 0.013586490415036678
27 0.         0.6688225  0.76991284 0.9879039  0.013518022373318672
14 0.5797706  0.4995384  0.91855747 0.9587087  0.013443557545542717
3 0.21152852 0.55827755 0.71703637 1.         0.0133017273619771
18 0.6148629  0.17993969 0.92806935 0.61098075 0.013296299614012241
32 0.39817554 0.21782903 0.9816314  0.60687995 0.013121685944497585
32 0.2695871  0.40660396 0.63563263 0.7734938  0.013047144748270512
3 0.49009457 0.27532205 0.7300028  0.8048401  0.01301044225692749
8 0.40495124 0.12718344 0.9441476  0.72975546 0.012981059961020947
35 0.14556172 0.4879353  1.         0.98386997 0.012911687605082989
18 0.12492663 0.         0.8835393  0.42671677 0.012717525474727154
18 0.3586509 0.        0.9198542 0.9125723 0.0127122076228261
24 0.5227646  0.4038632  0.9995982  0.69356716 0.012310522608458996
10 0.05941765 0.6892539  0.6064257  0.96864545 0.012206562794744968
25 0.         0.08775167 1.         0.55868936 0.01219742652028799
30 0.3912404  0.43819886 0.88106245 0.9027404  0.012108372524380684
25 0.5776304  0.5499687  1.         0.87258995 0.012086424045264721
36 0.53760797 0.30174175 0.9012195  0.7503531  0.01204801443964243
10 0.         0.34245408 0.7642495  0.858855   0.011784677393734455
42 0.4715491  0.11335083 0.8930567  0.6507157  0.011682966724038124
32 0.12643184 0.00983032 0.7180474  0.5328732  0.011627587489783764
24 0.4513789  0.4798794  0.94300914 0.78595537 0.011574161238968372
28 0.32786852 0.22014822 1.         0.62848616 0.011572779156267643
18 0.40354207 0.11135682 0.8641687  0.5244452  0.011455118656158447
38 0.23821503 0.31019455 0.9497568  0.7410764  0.011242566630244255
8 0.57518446 0.309242   0.9359613  0.708859   0.01111744623631239
18 0.5824141  0.06935225 0.8397125  0.35709357 0.011111859232187271
24 0.3841913  0.45210055 1.         0.8651765  0.011097820475697517
6 0.51784813 0.         1.         0.83583    0.01107314694672823
42 0.26115856 0.         0.93797845 0.6938655  0.010945006273686886
24 0.6542777  0.17513984 1.         0.74672556 0.01094027329236269
3 0.23388983 0.3867388  0.6547488  1.         0.010801688767969608
27 0.22866544 0.33982968 1.         0.7205686  0.010749773122370243
32 0.51816785 0.0315006  1.         0.5439393  0.010741089470684528
19 0.         0.26288855 1.         0.6000966  0.01053723692893982
41 0.03604569 0.5456982  0.67367685 0.81299204 0.010519365780055523
28 0.4748155 0.5283989 1.        0.8264665 0.01035158522427082
38 0.375603   0.58242136 0.85513204 0.87279034 0.010305923409759998
29 0.52780765 0.4477511  1.         0.8689085  0.010241660289466381
23 0.4260018 0.        1.        0.5607782 0.010128769092261791
36 0.03973572 0.667102   0.8143266  1.         0.010128662921488285
35 0.1400442 0.        1.        0.7945532 0.010113640688359737
29 0.45046943 0.41371188 1.         0.6733994  0.009955892339348793
35 0.39481068 0.02606939 1.         0.7213866  0.009678483940660954
31 0.44465932 0.4556894  1.         0.9894554  0.009634356014430523
35 0.54536563 0.51125205 1.         0.92721874 0.009528463706374168
24 0.48624992 0.27915177 1.         0.95941204 0.009518949314951897
25 0.         0.70730656 0.8375622  0.91048414 0.00944907870143652
24 0.5851551 0.0478994 1.        0.5170285 0.009442136622965336
30 0.06282893 0.5253241  0.6103034  0.96764946 0.009343873709440231
19 0.09997055 0.43370622 0.7010218  0.85279995 0.009340483695268631
29 0.4395753  0.58395225 0.94390863 0.82476056 0.009294155053794384
16 0.17927195 0.5606236  0.55970794 0.87319124 0.009173685684800148
28 0.4354735  0.5054408  0.76390487 0.7964437  0.009152804501354694
25 0.4722395  0.         1.         0.21212465 0.009079182520508766
18 0.62789243 0.16144677 0.9058604  0.4703775  0.008968903683125973
28 0.43098694 0.5818781  1.         0.9138082  0.008955257944762707
19 0.23931041 0.35501286 0.72845614 0.7638294  0.008902564644813538
41 0.38945663 0.43258977 0.8395042  0.6752072  0.008899550884962082
25 0.09309199 0.75527906 0.84341437 0.93781507 0.008882739581167698
38 0.38005844 0.32613394 0.86980695 0.68498516 0.008864151313900948
19 0.35991362 0.39063767 1.         0.5960963  0.008715199306607246
42 0.48031566 0.         0.7587496  0.4937018  0.008643231354653835
38 0.46422085 0.16147001 1.         0.5468731  0.008498541079461575
24 0.480925   0.08123657 1.         0.67159104 0.008491989225149155
30 0.5555932  0.09140633 0.85456157 0.83762443 0.008473857305943966
42 0.63264215 0.         0.9891894  0.9138343  0.008404855616390705
41 0.267554   0.1357893  0.9928213  0.32009655 0.008365043438971043
28 0.61862004 0.464144   1.         0.8816971  0.008320226334035397
6 0.3462325 0.2300628 1.        0.8774365 0.008302496746182442
20 0.36630964 0.         0.95077515 0.71701825 0.008218829520046711
43 0.51569706 0.08269846 0.9427627  0.6300429  0.008204997517168522
41 0.39946163 0.23381318 0.8924998  0.48143846 0.008107933215796947
38 0.33187115 0.75571644 0.9718867  0.92523104 0.008073985576629639
25 0.         0.3972238  1.         0.75988823 0.008070427924394608
18 0.14833067 0.         0.86931163 0.9643992  0.008042339235544205
30 0.2587327  0.01395159 0.75008976 0.7208987  0.007947041653096676
19 0.07463893 0.08055491 1.         0.40628165 0.007932011038064957
24 0.52067477 0.55114895 1.         0.82562894 0.007930348627269268
41 0.32730404 0.43680558 0.7285829  0.5980928  0.0078907310962677
36 0.         0.5840091  0.90534365 1.         0.0078789833933115
35 0.43126935 0.3048798  1.         0.9242979  0.007824938744306564
41 0.42875367 0.08555444 0.95745397 0.24590597 0.007797776721417904
32 0.10606321 0.00270889 0.8505751  0.36293444 0.007664971053600311
41 0.0622908  0.2759101  0.6793743  0.54496473 0.0076002334244549274
3 0.07172953 0.4207769  0.5551463  1.         0.007558140903711319
24 0.20260099 0.28195125 0.9121697  0.8993736  0.007504607085138559
6 0.27766186 0.7126309  0.6968198  1.         0.007404561620205641
41 0.22057219 0.21939988 0.8500605  0.4450703  0.007377839647233486
38 0.18578935 0.57729477 0.96614504 0.85662496 0.007370473351329565
19 0.10382645 0.24591744 1.         0.5020862  0.007364459335803986
3 0.38303712 0.32494074 0.6798621  0.7735008  0.007276314776390791
32 0.6574093  0.29498658 1.         0.768358   0.007241465616971254
26 0.03361605 0.27147815 0.6090776  0.74724203 0.007232813164591789
18 0.53583056 0.01993705 0.7882502  0.2672875  0.007206107955425978
34 0.25685325 0.10894214 0.99353784 0.5960568  0.007172064855694771
36 0.         0.51952803 0.6765384  1.         0.007146550342440605
14 0.3772099  0.43742248 0.90332806 0.94380635 0.007095304783433676
41 0.2644479  0.48772255 0.7113223  0.65086085 0.007072588428854942
41 0.17029762 0.39322194 0.6654968  0.5678355  0.007068180013448
6 0.29030067 0.37467167 0.9093385  0.90472525 0.006991902366280556
10 0.16712786 0.01954043 0.9441518  0.6287667  0.006899008061736822
29 0.35806417 0.6395361  0.9316507  0.9172697  0.006864350754767656
36 0.5919109 0.5209718 0.9729474 0.9611127 0.006863657385110855
19 0.25885898 0.46940777 0.7698423  0.8837739  0.006854484789073467
8 0.64515525 0.1959652  0.85923046 0.67993045 0.006851664744317532
23 0.21155411 0.1938528  1.         0.75691515 0.006846917327493429
32 0.68406236 0.07180542 1.         0.643664   0.0068412404507398605
41 0.43647018 0.42316598 0.86897177 0.6088956  0.006755332928150892
10 0.07085767 0.15053234 0.82074547 0.7326952  0.0067382813431322575
10 0.         0.6700107  0.7366587  0.95769984 0.006682646460831165
26 0.32749894 0.16195418 0.75326914 0.5150405  0.006662906147539616
32 0.41643703 0.02338167 0.9197032  0.33995143 0.006628154311329126
27 0.         0.08937986 1.         0.75704324 0.006617667619138956
16 0.3112274  0.43974447 0.68856883 0.84522635 0.006562231108546257
41 0.4644155  0.17092265 0.92606    0.3243742  0.006540194153785706
13 0.32463938 0.15918076 0.773993   0.88035035 0.006490147672593594
24 0.39786297 0.53032535 1.         1.         0.006379479076713324
16 0.5218013  0.31333292 0.77630347 0.7858138  0.0063431342132389545
7 0.1560096  0.         0.98198885 0.5867569  0.0062860650941729546
20 0.45550874 0.1835927  0.9377745  0.90569    0.006283246912062168
16 0.22690912 0.37995028 0.6656458  0.7380633  0.0062781586311757565
28 0.3699501 0.5985184 0.7966222 0.8814566 0.0062703401781618595
42 0.5743561  0.11658733 0.9563755  0.74523705 0.006245659664273262
10 0.13219829 0.47941387 0.5011226  0.96296585 0.006177088711410761
32 0.5845766  0.332919   1.         0.64585143 0.006106787361204624
6 0.44005913 0.5662527  1.         0.9180721  0.006084558088332415
18 0.31229377 0.         0.81670094 0.28704363 0.006034919526427984
27 0.13698116 0.5864734  0.74631995 0.9670555  0.006026796530932188
20 0.48273918 0.3116843  0.95168114 0.69328505 0.0059933909215033054
38 0.35232377 0.80425954 0.8384274  0.95579916 0.005950231570750475
31 0.39613938 0.14626038 1.         1.         0.005939120892435312
38 0.4832167  0.35766658 1.         0.5832127  0.0059202383272349834
35 0.1303856  0.16289681 1.         0.9855076  0.005911855027079582
29 0.13966131 0.58072704 0.84489876 0.9352053  0.0059106904082000256
41 0.408208   0.06659148 0.91868937 0.20322339 0.005904878489673138
31 0.38983995 0.76573837 0.7261301  0.9851418  0.005859347525984049
42 0.39372805 0.15674832 0.83491653 0.7511424  0.005769765470176935
18 0.63167113 0.25285783 0.87357485 0.8678532  0.00576534029096365
25 0.6545826 0.4570655 1.        0.7975302 0.005748629570007324
41 0.10500285 0.6442193  0.71310663 0.85009766 0.005624920595437288
25 0.         0.06559728 1.         0.36241934 0.005581374745815992
30 0.49209803 0.05632329 0.80360866 0.6360011  0.005576571449637413
43 0.311923   0.         0.91106784 0.8216398  0.00556629803031683
14 0.17809805 0.54232085 0.94403523 1.         0.0055102333426475525
3 0.         0.17673427 0.5857406  1.         0.005506505724042654
1 0.32288736 0.67341506 0.7540931  0.9729559  0.005453416611999273
23 0.27967715 0.         0.9830123  0.90101135 0.005442004185169935
24 0.58678013 0.2313589  1.         0.64917195 0.005438708234578371
32 0.31222215 0.36236188 0.8607428  0.6246112  0.005412164144217968
6 0.41366568 0.40881878 0.8317694  0.8222414  0.005319102667272091
32 0.6909069  0.34089458 0.926695   0.7652524  0.005278513766825199
29 0.26571286 0.6151691  1.         0.98315614 0.005270406603813171
3 0.         0.6535496  0.42076147 0.98169327 0.005253894254565239
3 0.32213604 0.5321923  0.6613381  0.96644616 0.005212270189076662
16 0.1349196  0.3756308  0.4139825  0.86827457 0.0052070291712880135
42 0.5945739  0.01827515 0.8569412  0.58355415 0.005150846671313047
1 0.53544056 0.         1.         0.5347333  0.005128422286361456
20 0.4708478  0.42521578 0.9690767  0.7471523  0.005119309760630131
37 0.46847972 0.10049917 1.         0.7399718  0.005118172150105238
41 0.14696872 0.5208471  0.6753678  0.7139966  0.005114012863487005
28 0.33310437 0.28792116 0.8782419  0.7015599  0.005112078972160816
35 0.39439943 0.5246567  1.         0.85308343 0.005086243152618408
26 0.37546018 0.23938955 0.76428705 0.6280178  0.005078132264316082
10 0.47033656 0.18874021 0.9971428  0.8179875  0.005068512167781591
30 0.09060781 0.07550842 0.60751617 0.9336851  0.005055559333413839
