1 0.05715449 0.         1.         0.5983206  0.405708909034729
24 0.11017963 0.11590818 0.46169344 0.5086179  0.3331986367702484
24 0.14037693 0.11640903 0.7359328  0.623437   0.33131924271583557
24 0.23144501 0.1400896  0.8291798  0.82818025 0.26339957118034363
24 0.28480333 0.21775839 0.60301733 0.593995   0.24233457446098328
15 0.         0.17656998 0.6167838  0.5433512  0.23382343351840973
24 0.09289332 0.2521631  0.4768909  0.49782482 0.20297878980636597
24 0.13335842 0.20696373 0.6226555  0.5272172  0.19184061884880066
24 0.06222434 0.22214381 0.3896112  0.5347377  0.18961410224437714
24 0.08911479 0.13729368 0.52001095 0.62745434 0.18923473358154297
1 0.36507535 0.         1.         0.64940524 0.17167028784751892
24 0.2337904  0.10244945 1.         0.63158226 0.16974852979183197
1 0.02715912 0.         1.         0.47178683 0.1652756780385971
24 0.21586452 0.211008   0.47075233 0.5802883  0.16279663145542145
29 0.13529888 0.16834903 0.51310253 0.71447307 0.1562548130750656
15 0.01166771 0.2304966  0.4482966  0.57695943 0.14666827023029327
1 0.1743027  0.         0.79543316 0.4559185  0.14057311415672302
1 0.31589505 0.         1.         0.3760048  0.13991959393024445
15 0.00435605 0.02779536 0.5808174  0.58236265 0.1385994702577591
21 0.        0.        0.4400061 0.5194392 0.11762554943561554
33 0.13222267 0.22188507 0.45517036 0.57140934 0.11168863624334335
33 0.2067227  0.20575626 0.49880204 0.64117616 0.10969659686088562
24 0.07681555 0.14083211 0.85025877 0.36174425 0.10839031636714935
24 0.18531641 0.17330435 0.6611863  0.7741355  0.1032894179224968
24 0.23161179 0.30919424 0.7427092  0.5791673  0.10136695951223373
24 0.22847222 0.19005647 0.7235349  0.5029912  0.09822392463684082
24 0.11914565 0.23632711 0.3350494  0.51161355 0.09587719291448593
24 0.9266236  0.91420066 1.         0.99244267 0.0950528085231781
24 0.1930836  0.11068803 0.94174165 0.4959195  0.09279340505599976
24 0.90161645 0.9376852  1.         0.99161524 0.09170805662870407
41 0.08756493 0.27979732 0.5204188  0.674728   0.09094437211751938
1 0.30912113 0.04528541 1.         0.69550407 0.09063944965600967
41 0.05729739 0.13649285 0.7189211  0.47813365 0.0875483825802803
1 0.9536004  0.90784895 0.9995625  1.         0.08549679070711136
1 0.07486883 0.00865612 1.         0.33326548 0.08231382071971893
29 0.20342566 0.18221696 0.78842413 0.76083887 0.08229956775903702
1 0.93213534 0.88276875 0.99914604 1.         0.08165427297353745
15 0.         0.09684888 0.6859144  0.6221725  0.0812331885099411
33 0.         0.01449827 0.6485544  0.73743016 0.08117839694023132
4 0.         0.28351763 1.         0.79944706 0.07935988157987595
41 0.38905245 0.09674088 0.86698437 0.4598217  0.07889065891504288
27 0.460141   0.12310039 1.         0.4853226  0.0776878371834755
24 0.1783251  0.25851834 0.5519305  0.64547503 0.07667550444602966
43 0.         0.01147207 0.5880117  0.68813276 0.07535998523235321
41 0.8503223  0.90928763 1.         1.         0.07373123615980148
41 0.93519974 0.93128806 1.         0.99949324 0.07351285219192505
25 0.9194818 0.932375  1.        0.9965895 0.07347079366445541
1 0.24727699 0.02171949 0.9716448  0.40973225 0.07229054719209671
1 0.06486949 0.         1.         0.8475914  0.07198797911405563
41 0.9521998 0.9066037 1.        0.9993739 0.07198714464902878
41 0.933841   0.88099396 1.         0.99294347 0.07185204327106476
41 0.88870656 0.8781761  1.         1.         0.07023240625858307
41 0.8835422  0.93209445 1.         1.         0.06768118590116501
40 0.07212993 0.06563563 1.         1.         0.0670493096113205
25 0.941944   0.90746707 0.999669   0.99338645 0.06703633815050125
25 0.8955085 0.9473792 0.9982344 0.9989791 0.0654362216591835
24 0.8783237  0.88586223 1.         0.98385316 0.06465477496385574
21 0.         0.         0.56765616 0.68885905 0.06416399031877518
1 0.9380028 0.9323334 1.        1.        0.06412092596292496
24 0.8421016 0.9162829 1.        0.985571  0.06380998343229294
24 0.09341652 0.34448534 0.49728253 0.58768857 0.06296049803495407
24 0.8383359  0.9511441  0.99559087 0.99120027 0.06229618936777115
24 0.06286588 0.16948248 0.29963255 0.571519   0.062139756977558136
24 0.8549116 0.9374654 0.9735192 0.9898143 0.06192219629883766
21 0.8019226  0.5358403  0.9789771  0.89651036 0.06149474158883095
37 0.01814812 0.20190687 0.5705181  0.6228103  0.060981638729572296
24 0.07053726 0.11187357 0.52700824 0.34868628 0.060899969190359116
24 0.20148204 0.12233919 0.6558893  0.40596518 0.06007279455661774
15 0.         0.07881376 0.44500855 0.72857636 0.0598202683031559
24 0.9245158  0.8620678  1.         0.95741224 0.05765577778220177
41 0.08916534 0.18007505 0.70371616 0.68971837 0.05727100372314453
38 0.5381868  0.11675831 0.97734296 0.47186622 0.056905366480350494
21 0.         0.         0.5202801  0.36277756 0.055499106645584106
18 0.94596976 0.9011318  0.9984724  1.         0.05347278341650963
41 0.18412657 0.23474106 0.64753777 0.58429676 0.053009022027254105
41 0.14547676 0.25954166 0.90869814 0.6956256  0.05200454965233803
29 0.14773995 0.11774617 0.6572467  1.         0.05156394839286804
21 0.09034763 0.         0.6836854  0.6897364  0.05141798034310341
1 0.19444565 0.0274614  0.7180669  0.3617387  0.05063117668032646
24 0.34718385 0.1871976  0.61302704 0.77572143 0.050389744341373444
25 0.91717166 0.8789736  0.9996564  0.9788766  0.04994655027985573
41 0.5201527  0.03004512 0.9352356  0.40425196 0.04916706308722496
41 0.19060388 0.21752872 0.44591227 0.6606927  0.0491257980465889
34 0.9432197  0.90771514 0.9940626  0.9983798  0.049036238342523575
41 0.8156596  0.94685435 0.9736963  0.999793   0.048818230628967285
18 0.92559606 0.9265491  0.999721   0.99948186 0.047989051789045334
1 0.         0.         1.         0.70085806 0.0473894402384758
10 0.15039101 0.         0.9248517  0.20580256 0.04694114625453949
29 0.0450657  0.12595434 0.46047217 0.9806053  0.046934206038713455
25 0.85401636 0.9315491  0.9893441  0.9973242  0.04671429470181465
1 0.32253718 0.00708153 0.8181605  0.35638446 0.04666778817772865
43 0.01305387 0.18494087 0.48694327 0.5938172  0.04631199687719345
24 0.12976995 0.17763366 0.55962014 0.44146943 0.04609350487589836
15 0.11419658 0.14251803 0.5062833  0.557169   0.04606308043003082
10 0.07566264 0.01225756 0.4102991  0.54050994 0.04571525380015373
33 0.         0.15162402 0.85997856 0.6553281  0.04514703527092934
1 0.88189447 0.8793394  1.         1.         0.0449913889169693
25 0.80323076 0.94678    0.97884756 0.99956423 0.04490688443183899
24 0.34486136 0.22005072 0.71624786 0.6295346  0.044660333544015884
1 0.72413296 0.         1.         0.31717417 0.04424109682440758
33 0.         0.2192947  0.4377763  0.48142442 0.04413604363799095
1 0.8866378 0.9340686 0.9949195 1.        0.043880585581064224
33 0.4640916  0.14829552 0.9793262  0.43263552 0.04364505037665367
41 0.14160243 0.20084251 0.3922724  0.7124285  0.04355572536587715
25 0.80735254 0.9111126  0.9881528  0.99595165 0.04348745197057724
41 0.22656347 0.13957123 0.8927124  0.55703753 0.043238624930381775
24 0.12914307 0.30924147 0.5844597  0.54341185 0.04317426308989525
29 0.23497516 0.12293036 0.9046426  0.6219679  0.042702075093984604
29 0.31352344 0.20458563 0.84282196 1.         0.042577244341373444
24 0.3414687  0.07716945 1.         0.32279184 0.041844241321086884
25 0.857263   0.87576103 0.9935435  0.9928712  0.04159978777170181
33 0.09177145 0.         0.43757483 0.73581237 0.04141957312822342
41 0.16206162 0.20360225 0.7874093  0.863876   0.04056711867451668
41 0.9202246  0.83707964 1.         1.         0.040027327835559845
29 0.17662282 0.14119838 0.68463093 0.59185773 0.03975054249167442
27 0.6529576  0.16871944 1.         0.4901787  0.039393387734889984
4 0.2343097  0.18146881 1.         0.9797568  0.03929143771529198
40 0.         0.         0.93500096 0.95070577 0.03898410126566887
33 0.10618202 0.08815688 0.47168407 0.5055589  0.03874894976615906
21 0.3173556  0.51977766 0.963005   0.89824605 0.038134291768074036
34 0.9224227  0.87947565 0.99226505 0.98298025 0.0381292887032032
41 0.80589175 0.93338513 0.91873515 0.99981683 0.03776785731315613
1 0.8461781 0.9118803 1.        1.        0.037710972130298615
20 0.         0.3040089  0.47125795 0.61581475 0.03746061399579048
41 0.04845563 0.11381841 0.5610968  0.7541143  0.03729437291622162
33 0.         0.19042002 0.57736886 0.61503124 0.037164799869060516
1 0.         0.         1.         0.75683594 0.03631174564361572
25 0.91891015 0.852261   0.99824524 0.95018953 0.0361664779484272
29 0.29403993 0.26554772 0.98732525 0.84886396 0.03613128513097763
41 0.0912389  0.17591138 0.43948624 0.9070833  0.03611072897911072
1 0.59566766 0.         1.         0.47004208 0.036025114357471466
24 0.37153322 0.4062053  1.         0.85345215 0.0358242467045784
41 0.02477946 0.08782242 0.9502746  0.35062516 0.035665687173604965
43 0.         0.0708151  0.7738304  0.52022696 0.03565481677651405
21 0.         0.         0.66893154 0.52609944 0.035550571978092194
18 0.92652965 0.87155634 0.9985632  0.98839164 0.035373929888010025
34 0.92321575 0.9310952  0.99389815 0.9972014  0.035271529108285904
41 0.11316524 0.2154736  0.4512407  0.53471917 0.0350838378071785
27 0.3824044  0.03255525 1.         0.4498201  0.034852515906095505
33 0.94892395 0.9086596  0.99820435 0.9917925  0.03480067476630211
24 0.05787275 0.10818769 0.73533845 0.3015864  0.034750599414110184
24 0.90791285 0.84438145 1.         0.9839196  0.03461216017603874
29 0.07314858 0.18846889 0.40387103 0.74570554 0.03430942818522453
24 0.08815626 0.8180115  0.5241372  0.96701014 0.033105142414569855
1 0.85910606 0.93486136 0.9692367  0.99957144 0.03262806683778763
10 0.20681475 0.23890668 0.49406034 0.71635437 0.031986888498067856
34 0.07145129 0.04977224 0.8155018  0.8281254  0.0315990187227726
21 0.62428105 0.5579646  0.9879414  0.8322645  0.031447883695364
1 0.9103772  0.83161336 1.         1.         0.031420864164829254
24 0.49464834 0.13016768 1.         0.39274123 0.03132425248622894
24 0.3276013  0.16620888 0.831196   0.5477433  0.03132423758506775
24 0.29022217 0.07709386 0.8686617  0.39287406 0.03081636317074299
21 0.26839998 0.64925927 1.         0.9285536  0.030766349285840988
4 0.06253617 0.33798978 0.932948   0.91167027 0.030633199959993362
33 0.0778767  0.20247632 0.38096026 0.5406079  0.02985767461359501
41 0.7680006 0.9490179 0.9148024 0.9995812 0.029665596783161163
25 0.8965356 0.8245193 0.9926861 0.9863363 0.029036950320005417
41 0.7849047 0.8768615 1.        0.997938  0.028910880908370018
24 0.02033695 0.22211447 0.20818485 0.578154   0.028627529740333557
33 0.9335652  0.9329553  0.9973852  0.99452376 0.028622301295399666
34 0.0738841  0.05072312 0.74276835 0.50880295 0.02851499617099762
10 0.07707624 0.01388837 0.56396294 0.342612   0.028503725305199623
1 0.39391673 0.09467639 0.88198763 0.70717615 0.02849135734140873
33 0.9308078  0.8829911  0.998932   0.97994864 0.028469951823353767
25 0.8008049  0.9337139  0.92971843 0.9975398  0.028409520164132118
21 0.03528865 0.         0.5790975  0.30383503 0.02807784453034401
41 0.05972365 0.2615828  0.28416952 0.70361316 0.028045468032360077
41 0.06716786 0.26037997 0.34681407 0.85281783 0.027934212237596512
41 0.25834474 0.19186825 0.51846504 0.64474446 0.027637558057904243
24 0.2752085  0.10506925 1.         0.42012623 0.02730465680360794
1 0.06631439 0.7529874  0.44983622 1.         0.027095848694443703
1 0.06552745 0.80944175 0.73192877 0.99813807 0.02706889621913433
41 0.2756813  0.07932666 0.7218561  0.43612114 0.02665850892663002
40 0.         0.         0.83437806 0.39297026 0.026531189680099487
1 0.54963326 0.05308885 1.         0.427479   0.026509923860430717
4 0.05634143 0.30306092 0.6202111  0.81625247 0.026391051709651947
34 0.         0.12491044 0.9499903  0.6786532  0.026367312297225
29 0.27304488 0.08975319 0.87364686 0.41305697 0.02618223987519741
1 0.43560386 0.         1.         0.5529372  0.02613789029419422
24 0.04364055 0.29606533 0.3491374  0.5094448  0.026041440665721893
24 0.4089623  0.18683638 0.7951522  0.66527295 0.025995176285505295
24 0.07531995 0.19608063 0.35820392 0.41530925 0.025640049949288368
43 0.        0.        0.7738769 0.8501182 0.025630978867411613
34 0.92216086 0.85249877 0.9918099  0.9576637  0.024961035698652267
10 0.13597766 0.00559189 0.4507008  0.7158149  0.024942897260189056
41 0.9369106  0.83089256 1.         0.9418817  0.024643050506711006
1 0.         0.         0.8690047  0.35959804 0.02434452623128891
41 0.07208043 0.28837633 0.34696788 0.6195947  0.024338729679584503
24 0.14531559 0.8637466  0.71372217 0.96898335 0.02432296983897686
18 0.87132406 0.9255666  0.99449056 0.9963062  0.024049552157521248
24 0.44582394 0.12755196 1.         0.5762336  0.023777374997735023
18 0.87587017 0.860453   1.         0.99791396 0.02346222475171089
24 0.07037742 0.7131817  0.72715384 0.95398235 0.02302650734782219
24 0.07976379 0.44960105 0.5283885  0.69892967 0.02276875264942646
1 0.19830719 0.         0.5872811  0.6531831  0.022691234946250916
1 0.81564915 0.94782645 0.9677701  1.         0.02262875996530056
24 0.80500764 0.9409555  0.92306083 0.9886238  0.02246777154505253
21 0.51378834 0.46089917 0.9743618  0.884503   0.022465458139777184
21 0.         0.08675425 0.7822716  0.6235548  0.022372974082827568
25 0.7173028  0.9105836  0.9627956  0.99509513 0.022198140621185303
18 0.8322702  0.8964077  1.         0.99464256 0.022033745422959328
10 0.82301253 0.9443172  1.         0.9958655  0.02191421389579773
24 0.29616582 0.26131755 0.9969822  0.78007084 0.021656138822436333
16 0.0327481  0.3314732  0.32573837 0.5351028  0.021212175488471985
10 0.87046224 0.9297684  1.         0.99562514 0.02112610638141632
1 0.5850858  0.0210231  1.         0.84520626 0.020839637145400047
16 0.15304235 0.2528804  0.5782046  0.5760119  0.020818689838051796
1 0.5198698  0.         1.         0.29870373 0.020671110600233078
27 0.09227087 0.03592237 1.         0.71367574 0.020550668239593506
27 0.92719066 0.93323743 1.         1.         0.020474597811698914
24 0.02903331 0.14027059 0.2083622  0.46999162 0.0202922560274601
33 0.1922683  0.13725612 0.93682843 0.9056474  0.020291848108172417
15 0.0076519  0.1058298  0.38408092 0.54971516 0.020204050466418266
40 0.03436737 0.02652565 0.93694735 0.7150339  0.020114384591579437
25 0.         0.11306062 0.5804008  0.44749796 0.020109737291932106
21 0.33193117 0.03043846 0.8425202  0.70860076 0.01984867826104164
16 0.19037426 0.29193118 0.45451182 0.5769761  0.01979714259505272
10 0.83034545 0.90697116 1.         0.9950852  0.019790809601545334
33 0.        0.0615911 1.        0.3169015 0.019638177007436752
33 0.9295494 0.8578606 1.        0.9529371 0.01963326893746853
10 0.50676155 0.         0.95575607 0.4078722  0.01961621642112732
1 0.        0.6745424 0.9629834 1.        0.019556956365704536
34 0.86697906 0.9300649  0.9834712  0.9943443  0.01951674371957779
1 0.        0.        0.7142868 0.542649  0.019478317350149155
27 0.9466917  0.90931845 1.         1.         0.019368037581443787
42 0.11600685 0.14596279 0.7413379  0.6576305  0.019367041066288948
1 0.17197515 0.01899111 0.8495847  0.23653577 0.01917652040719986
1 0.11661983 0.18439841 0.97040224 0.6072456  0.019157355651259422
25 0.7235137  0.95012635 0.88632715 0.99809    0.01897977851331234
1 0.        0.6114289 0.657021  0.9926504 0.01887684129178524
10 0.81376123 0.9276997  0.95564497 0.9966184  0.0187691580504179
10 0.9031696 0.9446789 1.        0.9950823 0.01875445805490017
29 0.4232134  0.19008017 0.89405864 0.65138674 0.018714193254709244
24 0.39414558 0.30159867 0.75075316 0.7420633  0.01831858977675438
34 0.         0.18533194 0.73854834 0.5656788  0.01809583231806755
10 0.0508179 0.2520384 0.503567  0.621162  0.017982449382543564
10 0.92569876 0.9062763  1.         0.9946064  0.017965389415621758
34 0.8691608  0.8720735  0.99059147 0.99177074 0.017772991210222244
24 0.10691369 0.43515626 0.47431478 0.84040946 0.01773008331656456
41 0.47536418 0.20183602 0.9788615  0.715935   0.017680861055850983
20 5.5811566e-04 3.1724089e-01 3.1311679e-01 6.0714602e-01 0.01747589185833931
2 0.36061642 0.12120824 0.92580366 0.84261006 0.017298705875873566
33 0.88698703 0.93237674 0.992858   0.9962238  0.017293520271778107
24 0.08523455 0.3909161  0.5627824  0.63118863 0.01725042052567005
24 0.8446457  0.86541915 1.         0.97712606 0.0171554833650589
16 0.02927381 0.19115941 0.41656604 0.55037564 0.017149552702903748
25 0.         0.         0.7802971  0.44208005 0.0170366819947958
29 0.25977346 0.24562871 0.5073026  0.7602802  0.017014073207974434
16 0.9291558  0.93188405 0.9914235  0.99620885 0.016976647078990936
28 0.03609247 0.78209037 0.4320166  0.9698276  0.01694207265973091
34 0.22376168 0.06513286 0.90636486 0.5819476  0.016902465373277664
34 0.82704854 0.90531254 0.99030995 0.99349385 0.01679018698632717
25 0.        0.        1.        0.7693722 0.016785213723778725
1 0.03964328 0.         0.5156608  0.65493387 0.016747629269957542
33 0.889685   0.8792919  1.         0.99322075 0.016715507954359055
24 0.3345292  0.77273476 0.902639   0.943953   0.016639994457364082
10 0.6731307  0.5669056  1.         0.91065836 0.016551438719034195
33 0.0149824  0.12003162 0.7285794  0.43528616 0.016550984233617783
24 0.13921705 0.78648895 0.8368589  0.95218456 0.016393402591347694
1 0.17637609 0.28069022 1.         0.6808055  0.01635662466287613
1 0.92661804 0.8313675  0.9984174  0.9557887  0.016355274245142937
33 0.8553982 0.9091304 1.        0.9959744 0.016230028122663498
10 0.4858121  0.         0.98227805 0.19062704 0.01622970961034298
18 0.9087361  0.79973495 0.9996325  0.9998102  0.01622944511473179
2 0.04976877 0.         0.38216615 0.6591133  0.01618041656911373
24 0.92484224 0.8366417  1.         0.9293315  0.0161446426063776
24 0.7284841  0.17590067 0.9699286  0.42020702 0.01614435389637947
10 0.8744763  0.87492955 1.         0.9953128  0.01612253673374653
23 0.         0.22385646 0.4161909  0.70606595 0.016056593507528305
42 0.08867283 0.22416978 0.40072358 0.6872055  0.015960605815052986
38 0.5217488  0.04636172 0.9681606  0.3541572  0.01594972237944603
25 0.8073364  0.848331   0.9800102  0.99288464 0.01591106317937374
24 0.29522285 0.61348486 0.937296   0.9136453  0.01587539352476597
33 0.         0.40906212 0.520812   0.7001694  0.015867579728364944
21 0.9472098 0.9029728 0.9949098 0.989364  0.015760334208607674
25 0.03291336 0.         0.53965056 0.55668855 0.015580164268612862
16 0.90963614 0.9463658  0.9863848  0.99767315 0.015550225973129272
1 0.2028074 0.5479897 1.        0.9952955 0.015518341213464737
25 0.         0.07612223 0.731354   0.4556113  0.015469933860003948
24 0.76419896 0.95517176 0.91893476 0.9923293  0.015339805744588375
27 0.16442212 0.07731809 1.         0.51441437 0.015282562002539635
25 0.         0.19662078 0.6128102  0.5800423  0.015233333222568035
4 0.00116562 0.19282417 1.         0.47615778 0.015055491589009762
35 0.928455 0.923707 1.       1.       0.014812488108873367
1 0.7994777  0.9333067  0.91667867 1.         0.014795472845435143
16 0.94675237 0.9070392  0.9945852  0.9950629  0.014789287000894547
41 0.07134362 0.08751432 0.62960666 0.3806182  0.014759053476154804
7 0.4293184  0.5865525  0.93089074 1.         0.014697683043777943
1 0.83983535 0.8553813  1.         1.         0.014352597296237946
3 0.95147586 0.91118157 0.9964952  0.9999558  0.014334280043840408
1 0.30138767 0.2794059  1.         0.911391   0.014321102760732174
1 0.14477916 0.00991445 0.7057629  0.73243606 0.014272901229560375
16 0.05530991 0.12008251 0.590609   0.49688476 0.014271941967308521
21 0.         0.0085802  0.50192434 0.4428413  0.01418208982795477
1 0.26076788 0.8127842  1.         1.         0.01406518928706646
41 0.04960818 0.23987657 0.2043435  0.78780884 0.014020301401615143
25 0.         0.01509496 1.         0.48869056 0.014013142324984074
25 0.250153   0.11118092 1.         0.39678437 0.014004633761942387
4 0.         0.14958726 0.80882615 0.44157594 0.013948564417660236
16 0.83140004 0.9459548  0.9666631  0.9958777  0.013792509213089943
