10 0.4437692  0.         0.91076136 0.37846214 0.27294790744781494
21 0.31410494 0.39871353 0.59185356 0.6900382  0.2355426698923111
27 0.45184958 0.03094649 1.         0.42126486 0.16751758754253387
24 0.58247817 0.0862812  0.8769986  0.40300643 0.15638017654418945
7 0.61002177 0.09612249 0.94257724 0.929516   0.15127025544643402
4 0.61413515 0.19628642 1.         0.85926473 0.14333871006965637
21 0.37439662 0.0252264  0.99323064 0.37990698 0.12957362830638885
24 0.56846887 0.16459058 0.9808051  0.42910707 0.12593434751033783
21 0.89114    0.00851581 0.9847807  0.12370644 0.12316463887691498
27 0.66568214 0.         0.99520147 0.4218965  0.12044639140367508
21 0.25860012 0.29573348 0.61082923 0.81307334 0.11171160638332367
7 0.3727117  0.0408437  0.92458516 0.410176   0.11168558895587921
27 0.57646364 0.18570532 1.         0.559205   0.11025199294090271
10 0.9021454  0.         1.         0.16570313 0.10613270103931427
10 0.52229786 0.         0.8666877  0.47753453 0.10289448499679565
24 0.4535791  0.13025147 0.96883833 0.53439337 0.09446319937705994
21 0.0819515  0.33682817 0.73548746 0.74966705 0.09136419743299484
1 0.5967364 0.        1.        0.630825  0.09104567021131516
7 0.46915585 0.03751498 0.8540816  0.49707642 0.09051923453807831
27 0.30250043 0.07431336 0.9975161  0.5065673  0.0824231207370758
40 0.5572223 0.        1.        1.        0.07832042127847672
27 0.37362808 0.20396596 1.         0.5068945  0.07460226863622665
24 0.4942012  0.10709655 0.9501272  0.37176296 0.07309645414352417
1 0.5967566  0.07773855 1.         0.47173586 0.0707337036728859
24 0.5124032  0.14506415 0.9961529  0.70278114 0.07025422900915146
24 0.7098199  0.09477351 0.9702766  0.44570246 0.06873326003551483
24 0.66538596 0.20053802 1.         0.5380188  0.06358228623867035
7 0.57243156 0.00449814 0.9805758  0.42120525 0.06337036192417145
41 0.4740531  0.21900897 0.9750779  0.42191166 0.06232062354683876
18 0.90899223 0.         0.9895106  0.15467621 0.05976962670683861
27 0.62197155 0.12555133 1.         0.9073688  0.058626871556043625
41 0.42607665 0.18685019 0.97876936 0.4958214  0.0582563653588295
10 0.45496783 0.18257253 0.9161829  0.4919836  0.05722890794277191
10 0.19256242 0.01840797 1.         0.44743288 0.0569499135017395
10 0.6014868 0.        0.9959593 0.7340797 0.05519585311412811
41 0.43052673 0.1715678  1.         0.64767313 0.054056115448474884
10 0.28659788 0.43040675 0.73273844 0.7321624  0.05303975194692612
21 0.0677015  0.         0.8355893  0.72944564 0.051844675093889236
10 0.6645451  0.         1.         0.17035274 0.050645072013139725
9 0.         0.6575409  0.25866273 0.99497133 0.04927990958094597
24 0.        0.6538561 0.344904  0.9493627 0.049144916236400604
21 0.         0.09869502 0.7417045  0.81240803 0.048292141407728195
7 0.4053339  0.07359596 0.9972227  0.7546221  0.046722881495952606
27 0.74625784 0.12449645 0.99946976 0.5504915  0.04651457816362381
24 0.00319171 0.7188665  0.6484942  0.9954154  0.04619419947266579
4 0.40605897 0.19725177 1.         0.79206455 0.04592801257967949
24 0.48646405 0.10106993 0.73780245 0.3893105  0.04502256587147713
9 0.         0.81216943 0.11766131 0.99579895 0.044023964554071426
9 0.         0.44890422 0.17691663 1.         0.04372686147689819
10 0.7256729  0.         1.         0.43484947 0.04335128515958786
7 0.11586149 0.03292519 0.8259513  0.45417237 0.04329409450292587
20 0.00192266 0.82503253 0.11294296 0.97332036 0.04294393211603165
24 0.38197768 0.75207055 1.         0.97173035 0.041818711906671524
21 0.19546793 0.21635497 0.6855718  0.7045395  0.041526734828948975
18 0.41582355 0.0847258  0.9913708  0.5389712  0.041443537920713425
21 0.8208391  0.00726626 0.9863625  0.07312641 0.04137758910655975
21 0.17639221 0.34700054 0.86589044 0.6556867  0.040444448590278625
1 0.28471503 0.74781585 0.9731537  0.999705   0.040285125374794006
7 0.43203777 0.20952749 0.9238829  0.534316   0.04019951447844505
10 0.84043664 0.         1.         0.09306457 0.03996487334370613
24 0.92760855 0.93237096 1.         1.         0.03981024771928787
24 0.         0.57884276 0.24995652 0.9907192  0.03980506956577301
16 0.5051257  0.21329756 0.8908818  0.43166372 0.039713505655527115
24 0.5377472  0.83224094 1.         0.98358023 0.03961796686053276
1 0.5468691  0.         0.932088   0.49776787 0.03889071196317673
10 0.4988003  0.08461088 0.9163324  0.40315592 0.03836178034543991
19 0.3052664  0.13638264 0.94159245 0.44380856 0.03827991336584091
24 0.06709239 0.7081888  0.9923523  0.97508234 0.037965916097164154
18 4.6885595e-01 1.9307455e-04 9.1349512e-01 4.6967566e-01 0.037222445011138916
24 0.90799147 0.8373083  1.         0.99505466 0.03670088201761246
24 0.         0.47245434 0.17603332 0.96809196 0.0362531840801239
10 0.62155646 0.05805336 0.95265955 0.5013708  0.03606201335787773
40 0.47505382 0.         0.988125   0.43711448 0.03583303093910217
7 0.34394    0.00422064 0.7522827  0.3706066  0.03558134660124779
18 0.30125096 0.47959688 0.6074958  0.7212599  0.03526435047388077
7 0.40363693 0.         0.9231348  0.27687073 0.03506261482834816
21 0.33296633 0.         0.9185257  0.6736571  0.034805674105882645
24 0.689546   0.90786266 1.         0.99700475 0.03432340919971466
21 0.48343557 0.01075256 0.8863007  0.5380026  0.033632103353738785
21 0.55434877 0.         0.9334947  0.79523313 0.03346170857548714
41 0.46974406 0.15056534 0.8704593  0.4529783  0.03330086171627045
20 0.         0.8750696  0.16411407 0.97984296 0.03323709964752197
27 0.49326947 0.08883957 1.         0.66932774 0.032932497560977936
10 0.17413178 0.05016836 0.9806363  0.79060674 0.03285876661539078
40 0.19359803 0.0554129  1.         1.         0.03281557187438011
21 0.09945712 0.22026964 0.8625341  0.84676784 0.03265940770506859
21 0.8605877  0.01002892 0.98102325 0.15651667 0.03250226005911827
24 0.4307725  0.22287932 0.9861925  0.865831   0.03222302719950676
24 0.8762863  0.8100661  1.         0.98430055 0.03153906390070915
21 6.7637384e-02 1.8001557e-04 1.0000000e+00 3.7229767e-01 0.031245559453964233
10 0.69508696 0.14268433 1.         0.8487959  0.030962783843278885
24 0.         0.8218741  0.12823746 0.99869776 0.030919890850782394
24 0.87479323 0.8783713  1.         0.99539685 0.03089037351310253
21 0.6844609  0.05591286 0.98622614 0.40541956 0.03077283874154091
7 0.73274434 0.         0.977425   0.4231511  0.030765796080231667
10 0.47416016 0.07281151 0.96251273 0.55689406 0.030184593051671982
33 0.6005588  0.11343183 0.98736024 0.76515067 0.030110567808151245
10 0.35917732 0.12336732 0.8947086  0.45444414 0.030079776421189308
1 0.5231725 0.        1.        0.8235307 0.02990836091339588
4 0.5295338  0.15391071 1.         0.68119705 0.029901722446084023
20 0.18983707 0.91660655 0.5058201  0.98981804 0.029853640124201775
32 0.32191125 0.00619756 0.9892861  0.5762501  0.029699474573135376
10 0.531717   0.23897156 1.         0.91284907 0.029553677886724472
18 0.8734845 0.        0.9943378 0.0939431 0.02953176014125347
10 0.27866054 0.31641513 0.7345007  0.8847808  0.02938457578420639
18 0.40617687 0.         0.8166368  0.39610636 0.029336491599678993
29 0.59900755 0.19294013 1.         0.4574107  0.029306024312973022
27 0.40235367 0.10112064 0.9852401  0.8806063  0.028874805197119713
34 0.91338766 0.93096906 0.99353415 1.         0.02880190685391426
9 0.         0.8648713  0.17181438 0.9958593  0.028776731342077255
24 0.26564676 0.82303804 1.         1.         0.02876519039273262
4 0.4011865  0.1171927  0.9312158  0.45052654 0.028613701462745667
18 0.09502637 0.         0.89552796 0.7126054  0.02826276235282421
20 0.00342104 0.7551089  0.11277512 0.955906   0.028142228722572327
9 0.25357398 0.8126477  0.9051843  0.98333496 0.02800777740776539
9 0.         0.6859473  0.12722711 0.95245343 0.027893153950572014
1 0.         0.6797035  0.89010715 1.         0.027642717584967613
21 0.22328398 0.         0.84185374 0.42319474 0.027332402765750885
24 0.8328507  0.90837526 1.         0.9928457  0.027325181290507317
7 0.5601075  0.09338638 0.8700017  0.5895847  0.027121052145957947
9 0.         0.57069916 0.3618636  0.99188507 0.02698100171983242
24 0.         0.8711786  0.19115187 0.99982727 0.026913514360785484
20 0.         0.83096945 0.30400568 0.97231877 0.026684589684009552
7 0.47613177 0.2390298  0.9243862  1.         0.02627565898001194
20 0.00518591 0.8029458  0.1540478  0.93905866 0.025933584198355675
20 0.01035627 0.6852434  0.22827625 0.9635893  0.02558254264295101
24 0.03401248 0.68838155 0.41336352 0.99693596 0.025529084727168083
18 0.39080152 0.         1.         0.8146858  0.025509361177682877
41 0.9176594  0.01052036 1.         0.14335613 0.02520635910332203
37 0.19331224 0.9015114  0.5204864  0.99505585 0.02515592612326145
20 0.         0.9101278  0.22691613 0.984965   0.024903373792767525
40 0.3738918  0.10468214 0.9760969  0.5357073  0.02487052045762539
24 0.5660896  0.9056452  0.90898687 0.9944302  0.02472318522632122
10 0.10759232 0.         1.         0.317241   0.024509545415639877
24 0.6265192  0.7764673  1.         0.97272056 0.02397337183356285
29 0.5832161  0.19286756 1.         0.767683   0.023876706138253212
21 0.63288784 0.00250296 0.97220784 0.129965   0.023517301306128502
14 4.9760821e-04 8.1354213e-01 1.1767103e-01 1.0000000e+00 0.023447157815098763
20 0.00260679 0.8312343  0.5531311  0.9713333  0.023436784744262695
41 0.43043795 0.16100933 0.9548631  0.3468927  0.023410024121403694
24 0.00412211 0.5498795  0.32541722 0.83812726 0.023390548303723335
24 0.76969457 0.21343644 0.99102    0.5681963  0.023059705272316933
9 0.5406901  0.9057988  0.8407079  0.99097556 0.022932110354304314
24 0.01659391 0.38025925 0.31987843 0.9271161  0.02293204329907894
10 0.9282304  0.         1.         0.06379734 0.02291225828230381
20 0.01204329 0.45322466 0.15256266 0.9429397  0.02288803830742836
9 0.         0.78917396 0.1658556  0.9606396  0.022887639701366425
24 0.        0.8247993 0.6178188 1.        0.02267705276608467
9 0.         0.7428762  0.44312286 0.9949709  0.022607767954468727
32 0.46601117 0.4408989  0.68889254 0.70964026 0.022505881264805794
24 0.20941684 0.9084904  0.5206941  1.         0.022440461441874504
24 0.28671297 0.90866375 0.6037621  0.9989805  0.02197445183992386
20 0.2507511  0.8865221  0.49292323 0.9856937  0.02182808145880699
24 0.13193466 0.69421166 0.49847245 0.9908716  0.02167951501905918
24 0.00478263 0.3633055  0.16043033 0.8284928  0.021586967632174492
41 0.31891626 0.25288218 1.         0.5761922  0.021562792360782623
24 0.         0.6785275  0.18136232 0.9925327  0.02149140276014805
40 0.27398625 0.         1.         0.7811937  0.02141779102385044
9 0.         0.81979406 0.3126091  0.9941449  0.02139083296060562
20 0.         0.93158764 0.10841861 0.99006706 0.021283157169818878
24 0.         0.7586285  0.33897832 1.         0.020780466496944427
24 0.22197658 0.7039355  0.574948   0.9846335  0.02050236612558365
24 0.00417138 0.90554965 0.26148188 0.99781346 0.02044244110584259
18 0.9424421  0.         0.99518305 0.06869728 0.020127927884459496
24 0.        0.6144747 0.1714544 0.7673069 0.020063603296875954
24 0.773186   0.7799186  1.         0.97240096 0.019939910620450974
18 0.09263654 0.3673485  0.83363754 0.80296504 0.019790753722190857
1 0.5093966 0.8206451 0.9836772 0.9978643 0.019304363057017326
41 0.92700005 0.8390696  1.         1.         0.019298367202281952
18 0.32368007 0.         0.98484623 0.3872379  0.019228188320994377
18 0.87663394 0.         0.98374027 0.20299089 0.019077075645327568
41 0.27834612 0.28094324 1.         0.73942095 0.019018013030290604
24 0.02163216 0.8195166  0.21596166 1.         0.018803784623742104
7 0.3085735  0.16256964 0.8499017  1.         0.01844719424843788
10 0.5381337  0.20563254 0.9718043  0.59342074 0.018294721841812134
1 0.9389668  0.9292955  0.99911267 1.         0.018183216452598572
20 0.02878569 0.8286541  0.19053125 0.9761539  0.018074600026011467
7 0.28886896 0.13961071 0.8345259  0.47254404 0.01801166869699955
34 0.89730865 0.82254386 0.98978525 0.9937605  0.017936142161488533
24 0.8080391  0.12401647 0.9824276  0.45746854 0.01788419298827648
1 0.91217065 0.8279119  0.9930548  1.         0.017813485115766525
24 0.34433275 0.76991695 0.87755394 0.9957324  0.017761506140232086
1 0.78184396 0.1038468  1.         0.60087484 0.017651379108428955
24 0.6692967  0.8714359  0.98307836 0.99726534 0.017649639397859573
24 0.32286674 0.1833227  0.8649876  0.41476843 0.017647620290517807
9 0.01267216 0.81254846 0.2003314  0.9946332  0.01764073222875595
9 0.         0.90292805 0.23415442 0.9945339  0.017624540254473686
19 0.35987312 0.08051303 0.9506307  0.36832228 0.01758822426199913
14 0.         0.86772126 0.17948093 1.         0.017532773315906525
34 0.        0.6863412 0.2605185 0.9925222 0.017428483814001083
9 0.42961657 0.75485873 0.8609951  0.9938492  0.017387377098202705
19 0.5318055  0.01901354 0.9460154  0.42029187 0.01720055378973484
7 0.19653954 0.02996653 0.8736314  0.8178572  0.017186230048537254
41 0.4047454  0.49555033 0.67714196 0.72491866 0.017057422548532486
24 0.00233849 0.5522215  0.11906863 0.7777842  0.016817618161439896
7 0.5080427  0.13421036 0.9566234  0.4656294  0.016708457842469215
20 0.00695104 0.7651702  0.4257866  0.9656591  0.016643697395920753
1 0.         0.70360136 0.59558505 0.98799115 0.016634970903396606
1 0.24647097 0.8150151  0.8866063  0.98873764 0.01611018180847168
16 0.56590605 0.20630474 0.9078876  0.513419   0.016026567667722702
24 0.8776053  0.7720895  1.         0.94280136 0.0158081091940403
43 0.36159375 0.08480522 0.9118926  0.4854169  0.01568431593477726
25 0.91808045 0.93176365 0.99561423 0.99628615 0.015637066215276718
9 0.51933664 0.81064564 0.9805873  0.9956627  0.0155715337023139
18 0.20094237 0.22350599 0.73775667 0.73646444 0.015522867441177368
16 0.44017947 0.16289239 0.83689183 0.37317264 0.015482624061405659
24 0.16931544 0.20399229 1.         0.7355459  0.015419571660459042
20 0.01085678 0.7002699  0.11203747 0.910653   0.015412494540214539
24 0.         0.79927045 0.1783756  0.95618165 0.01535305567085743
24 0.01038809 0.43284065 0.24353038 0.8264775  0.015283544547855854
41 0.93884486 0.9288434  1.         1.         0.01526208221912384
24 0.8365451  0.73204285 1.         0.9577932  0.015190260484814644
24 0.04672    0.22565053 0.79382235 0.77931327 0.01507504377514124
24 0.         0.6694392  0.17592624 0.8217903  0.014942890033125877
20 0.         0.9459242  0.07711883 0.99228144 0.014917830005288124
24 0.00328281 0.9304239  0.12235362 0.99557996 0.014899855479598045
4 0.0747847  0.11635152 0.9877765  0.49011004 0.014875197783112526
29 0.45270762 0.12226783 1.         0.38525906 0.014802777208387852
4 0.34194243 0.11922672 1.         0.35568815 0.014765837229788303
21 0.41117412 0.         0.77074504 0.49467763 0.014748540706932545
34 0.         0.82665265 0.12435561 0.9920467  0.01474030315876007
20 0.08282724 0.91481835 0.40110296 0.9883773  0.014735729433596134
9 0.         0.63650835 0.17582601 0.80332446 0.014670157805085182
14 0.         0.9271389  0.11682165 0.9968588  0.01453486643731594
9 0.         0.5931771  0.12973788 0.8469322  0.014455335214734077
20 0.56589824 0.9160963  0.8663327  0.98785126 0.014283876866102219
41 0.6310091  0.22906141 0.9974791  0.47438884 0.014118462800979614
21 0.4241233  0.12258264 0.9768545  0.4708754  0.014034186489880085
24 0.01836236 0.44033876 0.3119269  0.6942481  0.013991186395287514
24 0.31425664 0.14022402 0.7946216  0.34952208 0.013978402130305767
4 0.4247347  0.2539773  1.         0.49018893 0.01386196818202734
1 0.74843085 0.77785975 0.99285483 1.         0.013833947479724884
1 0.87671226 0.80193293 0.99160707 1.         0.013791712932288647
33 0.9313056  0.93251926 0.99222475 0.98893875 0.013663840480148792
34 0.85457116 0.8730579  0.9912283  0.99409586 0.013649657368659973
9 0.09706691 0.7586854  0.7737558  0.99174106 0.013607507571578026
37 0.         0.81258076 0.5637648  0.991639   0.013605553656816483
14 0.00208726 0.9407779  0.08002773 0.9971022  0.01359599269926548
21 0.38525578 0.24763057 0.91383487 0.83681524 0.013584472239017487
37 0.57754767 0.9016837  0.8623015  0.99496675 0.013563768938183784
16 0.48300406 0.06098498 0.88173914 0.60039705 0.013562996871769428
38 0.67443234 0.16929452 1.         0.473301   0.013550941832363605
35 0.         0.8407508  0.11317492 0.99504924 0.013476246036589146
18 0.18224752 0.33013943 0.7183589  0.8923751  0.013467595912516117
37 0.30202413 0.86861044 0.55066395 0.9926789  0.013432838954031467
34 0.         0.8730015  0.18178724 0.9946896  0.013382580131292343
14 0.         0.9035339  0.24883236 1.         0.013370828703045845
18 0.59207696 0.         0.9928352  0.6447298  0.013369318097829819
20 0.         0.93214875 0.05582991 0.9881341  0.013288506306707859
33 0.39416105 0.12032145 0.93838394 0.3687975  0.013287250883877277
41 0.00797983 0.5047841  0.15882473 1.         0.013276468962430954
10 0.15862079 0.42198128 0.939383   0.78335875 0.013237007893621922
32 0.56497175 0.09626867 0.99794865 0.47597063 0.013104362413287163
37 0.15487432 0.92712677 0.2762803  0.99290806 0.013099386356770992
41 0.8994048  0.653919   1.         0.89855146 0.013092211447656155
40 0.64685553 0.0097452  0.9831432  0.42250717 0.013089822605252266
34 0.         0.65334433 0.32861492 0.9364717  0.013069111853837967
14 0.         0.78356296 0.15379794 0.96744883 0.012935926206409931
33 0.47756797 0.09864093 0.8749699  0.44359234 0.012922382913529873
14 0.00329387 0.92403424 0.05806357 0.9953945  0.012900112196803093
21 0.91749394 0.00780547 0.9897787  0.05048273 0.012867206707596779
1 0.7037118  0.89945567 0.9849604  1.         0.012858732603490353
37 0.0847583  0.90047437 0.41687968 0.993722   0.012781048193573952
41 0.9020853  0.87969446 1.         1.         0.012779999524354935
9 0.         0.92533004 0.11135419 0.9951811  0.012771490961313248
24 0.12689206 0.11799292 0.8687102  0.3947116  0.012765767984092236
25 0.4247901  0.07972159 1.         0.37020558 0.012764674611389637
25 0.64701533 0.05397428 1.         0.31886902 0.012745263986289501
18 0.928661  0.9232359 0.9976517 1.        0.012660237029194832
24 0.04533302 0.6551617  0.57205445 0.95106083 0.012630931101739407
16 0.0064376  0.89329064 0.09598058 0.9953164  0.012587279081344604
1 0.         0.5770843  0.36830044 0.9889641  0.0125594986602664
20 0.1491145  0.9386058  0.26757517 0.9914805  0.012478707358241081
16 0.00711574 0.89583284 0.15085393 0.9966806  0.012413248419761658
10 0.21625414 0.25553575 1.         0.9056462  0.0123576819896698
4 0.22840841 0.16573124 1.         0.6254599  0.012242764234542847
41 0.61828816 0.22304887 1.         0.7405447  0.012199095450341702
14 0.00560758 0.6737769  0.11149867 0.95185804 0.012188744731247425
20 0.20451295 0.94021016 0.32978344 0.99138635 0.012188618071377277
14 0.16939734 0.9059868  0.5225862  1.         0.01204755064100027
34 0.         0.48199582 0.17434458 0.9597972  0.01180907804518938
29 0.69027305 0.22345307 1.         0.5661938  0.01177247054874897
33 0.9192959  0.8415674  0.9990143  0.98504114 0.011716758832335472
14 0.00373889 0.89989513 0.04104772 0.99533176 0.011703805066645145
41 0.9012874 0.7093391 1.        0.9601928 0.01168215461075306
18 0.7204995  0.         0.99404067 0.15734445 0.011613497510552406
41 0.89888   0.7646127 1.        1.        0.011543432250618935
29 0.4274708  0.15047725 1.         0.8526019  0.011526437476277351
24 0.00425476 0.94530356 0.08527382 0.995433   0.01148020476102829
20 0.01211304 0.6100744  0.3422758  0.9844514  0.011447228491306305
24 0.33338088 0.08619468 0.9749925  0.34021658 0.011424682103097439
9 0.5244816  0.87247866 0.75326115 0.9866785  0.011399812996387482
37 0.00830789 0.8996707  0.24053518 0.99249995 0.011391588486731052
24 0.17078424 0.76726127 0.695793   0.99850357 0.01134956069290638
41 0.29599705 0.14562836 0.9389622  0.39746487 0.011330877430737019
18 0.8892783  0.46979824 0.9972505  0.79445565 0.011321601457893848
37 0.20976919 0.9275102  0.33515406 0.99232304 0.011320246383547783
24 0.15444736 0.9303585  0.27734903 0.9995848  0.011307457461953163
25 0.486391   0.         1.         0.32559845 0.011297861114144325
10 0.87480205 0.48290792 1.         0.7141372  0.011297703720629215
