1 0.         0.06551323 1.         0.5716267  0.39651498198509216
1 0.        0.3651011 1.        0.9044275 0.3899649977684021
1 0.         0.20350704 0.8668489  0.97138065 0.35711270570755005
1 0.04081981 0.05437442 0.9534487  0.4686085  0.22981317341327667
1 0.07768947 0.03502169 0.812176   0.6659957  0.1953834444284439
38 0.28947288 0.03623507 0.6307868  0.34421223 0.1932041496038437
1 0.         0.01930222 1.         0.2982701  0.18029217422008514
38 0.23215437 0.6820511  0.5613965  1.         0.1478790044784546
6 0.23422632 0.6334332  0.5663049  1.         0.1032865047454834
38 0.19425057 0.02270927 0.65785694 0.22684903 0.09100847691297531
1 0.        0.6439085 1.        0.9769327 0.07888160645961761
1 0.10372572 0.17086849 0.95118725 0.7840474  0.07636111229658127
1 0.16311926 0.5701717  1.         1.         0.07567014545202255
24 0.28307846 0.06908312 0.9654777  0.35325143 0.0727681890130043
28 0.31107417 0.06007719 0.6780557  0.31885144 0.07033010572195053
40 0.         0.08532931 0.6218652  0.78694135 0.06395569443702698
40 0.         0.08004969 0.6170909  0.50504297 0.058688756078481674
38 0.21537985 0.7554465  0.6471871  0.9890134  0.0571940541267395
1 0.19009632 0.35734618 0.92896616 1.         0.051025692373514175
40 0.         0.18907745 0.5810204  1.         0.04179651290178299
25 0.22313568 0.5837647  1.         0.95216656 0.039897456765174866
24 0.3432435  0.60879016 0.94314677 0.8664197  0.03935123607516289
28 0.22875936 0.06093099 0.57753724 0.32055914 0.03863001987338066
24 0.31592593 0.23682399 0.9546628  0.6041745  0.03698895499110222
24 0.36056566 0.10581104 0.9049111  0.5011183  0.036687616258859634
10 0.6296764  0.9322745  0.7753204  0.99429476 0.035901978611946106
24 0.26931706 0.12517151 0.7966189  0.58295405 0.03588707372546196
24 0.3401541  0.7225395  0.95072186 0.90625703 0.03571508824825287
28 0.23357631 0.04033806 0.6608432  0.21174379 0.035655342042446136
24 0.6309994  0.00921218 0.7042103  0.07155161 0.03541342169046402
10 0.6689171  0.00404231 0.79733884 0.05529334 0.03523794561624527
18 0.6846195  0.00197754 0.782342   0.05682701 0.03509833291172981
24 0.3301209 0.3474522 0.9518634 0.7095874 0.03418112173676491
18 0.6534079  0.00195988 0.7546193  0.05680482 0.0335674025118351
28 0.17590392 0.06488053 0.97651786 0.38087368 0.03339695930480957
10 0.6335624  0.94571614 0.83073086 0.99453574 0.032718025147914886
41 0.6718666  0.94976187 0.81303394 0.9998333  0.03243982046842575
25 0.21144344 0.03190674 1.         0.3859727  0.0309181846678257
6 0.2366411  0.         0.57040644 0.4188737  0.030619343742728233
24 0.44848716 0.10457296 0.9644352  0.41281903 0.030215810984373093
38 0.0539653  0.06158178 0.8545748  0.6253051  0.029606925323605537
40 0.        0.        1.        0.6222095 0.029584653675556183
18 0.9122866  0.         0.99546266 0.14012188 0.029511652886867523
1 0.34030375 0.03004011 0.993507   0.5474217  0.028723211959004402
41 0.6544716  0.93551636 0.76152855 0.99941206 0.028326725587248802
10 0.65937555 0.00241752 0.8212026  0.04071884 0.028201628476381302
24 0.3495778  0.43267438 0.8627587  0.856332   0.028116099536418915
24 0.63482684 0.00711859 0.7451688  0.05018232 0.027571894228458405
40 0.         0.37657353 0.8338869  1.         0.027327999472618103
41 0.70775837 0.9365567  0.81747746 0.99862623 0.02707471139729023
18 0.8937856  0.         1.         0.10009679 0.02667836844921112
18 0.64461094 0.9293629  0.7634533  0.9917156  0.02644532173871994
24 0.6443199 0.9400741 0.7450283 0.9854053 0.026424884796142578
24 0.6294641  0.95247847 0.7636876  0.9885307  0.026093749329447746
24 0.6182772  0.9398347  0.7196986  0.98700106 0.025910092517733574
18 0.6372963  0.         0.70853144 0.08278729 0.025878509506583214
18 6.4566296e-01 5.5119355e-04 7.7410436e-01 4.2383797e-02 0.025772541761398315
24 0.38620585 0.0373884  0.96439326 0.1829996  0.025544919073581696
40 0.         0.07139216 0.973924   0.39168692 0.02501322515308857
25 0.58431816 0.9469315  0.77421063 1.         0.02449811063706875
1 0.19321953 0.         0.7563328  0.17740281 0.02446053735911846
24 0.26331308 0.19209018 0.81826204 0.7925762  0.024330846965312958
22 0.22217818 0.6316149  0.5447056  0.990337   0.024207256734371185
18 0.6263006 0.9433123 0.7891075 0.9943607 0.023656131699681282
6 0.22007075 0.7407077  0.65929747 1.         0.023433124646544456
25 0.20924099 0.31620035 1.         0.78657013 0.02320767380297184
1 0.006822   0.6861081  0.94118583 1.         0.02301759459078312
41 0.628385   0.93504435 0.7312924  0.9995575  0.022840674966573715
24 0.6038583  0.00904622 0.6812506  0.07243587 0.022716157138347626
25 0.28969085 0.37785235 0.9880644  0.9048804  0.022612959146499634
1 0.31838727 0.         0.9518592  0.23258139 0.022378988564014435
10 0.615316   0.83419436 0.81117404 0.9955333  0.02229274809360504
24 0.67023706 0.9404603  0.7701122  0.98464    0.021541478112339973
6 0.22743963 0.         0.6565152  0.2749906  0.021352382376790047
24 0.6113243  0.91640574 0.67858833 0.9867022  0.020770175382494926
18 0.6170518  0.92876846 0.73507005 0.995289   0.020651347935199738
21 6.6849202e-01 2.4226985e-04 7.7818203e-01 5.1863335e-02 0.02056550793349743
33 0.2116316  0.0746628  0.6981961  0.31507015 0.020326580852270126
24 0.4856488  0.0096983  0.78638715 0.06969187 0.020227203145623207
1 0.625901   0.93322676 0.7557705  0.9966079  0.019958529621362686
1 0.        0.4492879 0.7597844 1.        0.01991027593612671
25 0.2011755  0.20206717 1.         0.6714973  0.019823113456368446
21 0.6421102  0.         0.7467993  0.05312683 0.019763225689530373
18 0.9481666  0.88545495 1.         0.9932941  0.01969606988132
24 0.6178886  0.00483317 0.7630056  0.03788263 0.019480150192975998
25 0.5878089  0.93215907 0.7255034  1.         0.019442439079284668
10 0.8628996  0.00449636 1.         0.09033998 0.0192429032176733
24 0.62567586 0.0224337  0.76434255 0.13554701 0.019075553864240646
41 0.6371925  0.         0.70945597 0.0787875  0.018811311572790146
41 0.9297458  0.9485306  1.         0.99820894 0.01878580078482628
20 0.2793471  0.75562125 0.5815594  0.95882154 0.018702927976846695
22 0.34183672 0.         0.62958574 0.25920916 0.01865006610751152
18 0.6374932  0.8154635  0.7907926  0.98850995 0.018527746200561523
24 0.57977474 0.00757186 0.69930935 0.04903247 0.018364792689681053
18 6.1868382e-01 4.9181940e-04 7.2310692e-01 5.7972286e-02 0.01831510290503502
24 0.36806297 0.02701799 0.91890585 0.13633199 0.01831120438873768
41 0.02656471 0.19640249 0.5083215  0.7280082  0.018306685611605644
18 0.6379763 0.        0.7775244 0.1572018 0.017985764890909195
33 0.10052328 0.02810014 0.68214375 0.20633407 0.017792461439967155
1 0.20391676 0.81859076 0.8663943  1.         0.01759342849254608
40 0.        0.6353998 1.        1.        0.01739233359694481
1 0.63359755 0.94695956 0.8073884  0.9978128  0.017216240987181664
1 0.62695044 0.         0.74249375 0.05508919 0.016868358477950096
25 0.26115364 0.72585183 0.52139795 0.9842554  0.016592178493738174
1 0.6231241  0.         0.701267   0.08093888 0.01649094931781292
24 0.35546306 0.01930801 0.76602346 0.19139402 0.01647309400141239
10 0.6315668  0.00198022 0.71867824 0.07875632 0.016253631561994553
18 0.69797415 0.9264791  0.81736666 0.9894     0.016229383647441864
40 0.6178839 0.9281699 0.7796505 1.        0.016216902062296867
7 0.34359577 0.50177044 1.         1.         0.01614311710000038
28 0.14287148 0.09278201 0.9526842  0.6022165  0.0160983894020319
1 0.34207186 0.04921163 1.         1.         0.016047021374106407
22 0.22761343 0.         0.53302824 0.27188247 0.01601228304207325
18 0.68035007 0.         0.87434244 0.1169121  0.015961118042469025
28 0.19355749 0.67632765 0.60634613 0.97320855 0.01593000255525112
10 0.5815786  0.94816166 0.77364624 0.9960132  0.01583133079111576
40 0.         0.22621799 1.         0.847143   0.015812702476978302
24 0.3889415  0.8038747  0.86683965 0.94775534 0.015773095190525055
1 0.44563285 0.         0.7101771  0.08903314 0.015659615397453308
34 0.         0.14385104 0.6584274  0.6379966  0.01552421785891056
41 0.61421883 0.90894574 0.68176115 0.99861634 0.015478884801268578
24 0.69661415 0.94058126 0.79530066 0.9834961  0.01542753353714943
18 0.9293669 0.9166034 1.        0.9938422 0.01518434938043356
42 0.6021156  0.9435289  0.77138656 0.99451196 0.01490635983645916
24 0.6299083  0.8526638  0.76426184 0.9700163  0.01489938609302044
28 0.23110588 0.754421   0.747592   0.97289634 0.014891350641846657
25 0.29191533 0.77394176 0.98600346 0.9850127  0.014863917604088783
24 0.52652305 0.01330724 0.7485379  0.09806372 0.01464314665645361
10 0.6239506  0.0064001  0.80090994 0.15409699 0.014633665792644024
10 0.6226414  0.87603897 0.9108846  0.99049026 0.014486652798950672
18 0.75547534 0.         1.         0.17435749 0.014421393163502216
24 0.5336165  0.00388704 0.69405603 0.03469463 0.014319943264126778
19 0.5270981  0.00179685 0.6445392  0.04172621 0.014254897832870483
38 0.48703453 0.00304714 0.6581018  0.03866253 0.014192602597177029
41 0.10841927 0.18599455 0.83986807 0.55425984 0.014071863144636154
7 0.3548968  0.         1.         0.48849386 0.013982024975121021
25 0.65525913 0.9351387  0.8067932  0.9998848  0.013958355411887169
10 0.38732588 0.01231926 1.         0.1704474  0.013907143846154213
25 0.6173459  0.00336256 0.7124319  0.07703321 0.013880460523068905
10 0.655617   0.00961749 0.90245956 0.11141261 0.013850850984454155
38 0.43637595 0.00535343 0.6941574  0.10322311 0.01368749886751175
38 0.39267886 0.00582811 0.735583   0.07206631 0.013683173805475235
28 0.17006509 0.5644507  0.97014546 0.8989795  0.013677972368896008
24 0.40450805 0.8546743  0.90086204 0.9617725  0.013639057986438274
1 0.28180593 0.2523874  0.99197125 0.58420897 0.01356513798236847
1 0.6005262  0.8271091  0.77848816 0.9938053  0.013559351675212383
1 0.6782864  0.93315583 0.8114814  0.9965706  0.01353329699486494
1 0.25131792 0.5092864  0.96311057 0.85566187 0.013518021441996098
24 0.43624422 0.29243118 0.9363842  0.5017867  0.013439447619020939
25 0.0303154  0.46002123 1.         0.9130823  0.013397923670709133
21 0.6317319  0.         0.702967   0.07875056 0.013389612548053265
1 0.6009016  0.         0.7131538  0.05682038 0.013266503810882568
10 0.6649308  0.83184546 0.8734127  0.9900101  0.013128556311130524
28 0.17130771 0.31058645 0.9719098  0.75042135 0.012984059751033783
7 0.66842747 0.         0.7812662  0.0564433  0.012894989922642708
1 0.59754    0.         0.7665573  0.15360951 0.01288806926459074
24 0.4190559  0.04487567 0.81446606 0.33006048 0.012782666832208633
18 0.6084854  0.90130854 0.68495256 1.         0.012776323594152927
1 0.6394866  0.         0.7837828  0.04057253 0.012730399146676064
1 0.5980709  0.         0.67148894 0.08721942 0.012697051279246807
24 0.48614895 0.21058305 0.94273114 0.7542478  0.012624481692910194
24 0.59574234 0.9400519  0.6939741  0.98955    0.0125955268740654
41 0.06509534 0.48279592 0.557911   0.8376411  0.012560339644551277
42 0.646225   0.9297936  0.77756053 0.99283946 0.012519413605332375
28 0.15701847 0.6882248  0.98632824 0.9289899  0.012480377219617367
18 0.82544184 0.         1.         0.24058168 0.012474637478590012
34 0.         0.11363958 0.8211894  0.52014184 0.012435735203325748
34 0.         0.3091632  0.78481525 0.8654192  0.012422021478414536
1 0.30098894 0.76286834 0.7794616  1.         0.012416479177772999
25 0.01289841 0.10433462 1.         0.57740134 0.012376124039292336
24 0.38335285 0.15152167 0.91218245 0.36927447 0.012343177571892738
10 0.59908086 0.9116844  0.6945708  0.99887127 0.012334094382822514
1 0.57897466 0.9462552  0.74688625 1.         0.012273082509636879
41 0.69813496 0.91488385 0.9659609  0.99660563 0.012224317528307438
10 0.61076707 0.00338664 0.74255836 0.05307119 0.012146340683102608
41 0.6445803  0.83816665 0.79571503 0.9966534  0.012102225795388222
41 0.03410385 0.16995232 0.5534125  0.5187572  0.012082490138709545
38 0.09584608 0.3711177  0.8687827  0.9044027  0.01203644834458828
21 0.8493911  0.00432152 0.99376285 0.0675477  0.011873765848577023
41 0.9602259 0.9144419 1.        0.9935764 0.011844037100672722
2 0.62530303 0.         0.7072864  0.08000918 0.01181517168879509
4 0.16869357 0.33566943 0.92232424 0.8074401  0.011748166754841805
41 0.6470762  0.00148281 0.76202625 0.05419893 0.011737795546650887
1 0.2588263  0.12668338 0.9405313  0.43647707 0.011666910722851753
41 0.3694236  0.66612613 1.         0.9597431  0.011630220338702202
25 0.59285694 0.90733236 0.67897224 1.         0.011630162596702576
41 0.6075765  0.         0.6770865  0.07721293 0.011618060059845448
38 0.05675964 0.01275475 0.92858064 0.36237088 0.011454598046839237
2 0.63123286 0.         0.7480308  0.05154846 0.011314090341329575
41 0.59871155 0.9348727  0.6985646  0.99874187 0.011238702572882175
4 0.17863162 0.03735026 0.8922103  0.41964656 0.011214678175747395
7 0.6441816  0.         0.75395316 0.05479337 0.011183700524270535
34 0.         0.18927704 0.80589676 0.72325546 0.01116996817290783
33 0.6288825  0.00621279 0.717352   0.08046037 0.011145099997520447
18 0.6594945  0.8613173  0.87933177 0.98338515 0.010985076427459717
24 0.57124203 0.02043581 0.7171879  0.13653103 0.01097654178738594
18 0.9082951  0.78276485 1.         0.9966704  0.010970947332680225
41 0.6196699  0.00155093 0.727658   0.05390603 0.010889202356338501
24 0.21488883 0.02067811 0.78312784 0.1489046  0.010876202024519444
38 0.34061193 0.67759734 0.68249476 0.9805821  0.010827431455254555
1 0.6067089  0.8735979  0.86881083 0.9949102  0.010818286798894405
40 0.         0.         1.         0.32293332 0.010779893957078457
19 0.29750052 0.00874039 0.5763246  0.2982703  0.010775054804980755
34 6.2222475e-01 6.4044952e-04 6.9970500e-01 7.8784637e-02 0.01074372697621584
1 0.5970204  0.90479475 0.67671937 1.         0.010731453076004982
34 0.6268486  0.002141   0.7388268  0.05243786 0.010701396502554417
41 0.10495672 0.7193694  0.81038773 0.93171    0.010642467997968197
40 0.6154515  0.         0.7719425  0.05898551 0.010628994554281235
41 0.67849845 0.88438344 0.8879239  0.9958656  0.010628227144479752
14 0.23613948 0.7188235  0.57473034 0.98639774 0.010486166924238205
1 0.34535167 0.53439045 0.8521633  0.986282   0.010374559089541435
41 0.6363168  0.00367671 0.78727406 0.15927383 0.010322049260139465
41 0.3552059  0.76777124 1.         0.9728647  0.01030323188751936
1 0.57737696 0.         0.68104684 0.06006846 0.0102982884272933
38 0.4824983  0.0048407  0.6618521  0.14701886 0.010267403908073902
24 0.58662516 0.01643977 0.7915299  0.10089198 0.010172040201723576
34 0.         0.05861728 0.74253327 0.36498702 0.010118987411260605
24 0.4022765  0.23465797 0.90923655 0.44898102 0.010106833651661873
10 0.5969355 0.9054221 1.        0.9910076 0.010089626535773277
4 0.03606639 0.10968956 1.         0.6134279  0.010044886730611324
25 0.1371005  0.14817956 0.83346224 0.78884435 0.010018739849328995
1 0.36124554 0.         0.79859847 0.4153834  0.010000258684158325
1 0.24320105 0.02629326 0.6742461  0.22986735 0.009943348355591297
42 0.59911406 0.9294753  0.7248225  0.99319154 0.009923462755978107
24 0.6529228  0.89359695 0.836519   0.97173536 0.009914318099617958
24 0.44177943 0.5817497  0.79314107 0.88867486 0.009894797578454018
24 0.59955835 0.8931526  0.78515726 0.9774637  0.009850041009485722
24 0.44647163 0.70539534 0.7959916  0.93914    0.009813237935304642
19 0.56861347 0.00576317 0.6631689  0.05447075 0.009810329414904118
1 0.03117933 0.6187376  0.5567278  1.         0.009737656451761723
41 0.130861   0.30346122 0.83438486 0.6545637  0.009657648392021656
40 0.6198277  0.         0.72181326 0.08750568 0.009621549397706985
10 0.5947898  0.00245728 0.76898676 0.0391114  0.009620803408324718
18 0.69374484 0.80683625 0.84698516 0.98214895 0.009575222618877888
25 3.0307814e-01 9.9066424e-04 1.0000000e+00 1.7847790e-01 0.00953721534460783
20 0.6071227  0.94993675 0.7726626  1.         0.009448600932955742
25 0.28348663 0.7877783  0.671048   0.98110646 0.009447210468351841
24 0.36518353 0.7977522  0.7213195  0.97119826 0.009444287978112698
34 0.         0.07088308 0.48811123 0.49859202 0.009304342791438103
25 0.57190835 0.83213097 0.7864706  1.         0.009298414923250675
18 0.6044182  0.         0.67674387 0.08573976 0.009273074567317963
35 0.28712067 0.07060926 0.5607701  0.32680842 0.009216448292136192
7 0.63872683 0.93378514 0.7456883  1.         0.00918328296393156
25 0.6151728  0.00476752 0.76450914 0.05023523 0.009128514677286148
18 0.87626386 0.8442737  1.         0.9897744  0.009114662185311317
22 0.24084944 0.7213     0.69521314 1.         0.00910233985632658
1 0.4745862  0.         0.6791395  0.12758845 0.009087223559617996
24 0.503604   0.03877136 0.7860764  0.2679529  0.00908342283219099
2 0.6164938  0.         0.7668387  0.03717291 0.00903065875172615
33 0.1772418  0.72907877 0.62857556 0.9713208  0.009012705646455288
18 0.83740544 0.8873485  1.         0.9899634  0.009012534283101559
25 0.2564259  0.8300441  0.85722524 0.9935861  0.00899617187678814
7 0.6375616  0.         0.706186   0.07989717 0.008968346752226353
42 0.6257299  0.00189277 0.7057696  0.07892434 0.00890854001045227
18 0.60699576 0.8625213  0.81731445 0.99281406 0.008898142725229263
24 0.6459214  0.02082496 0.8449159  0.10033546 0.008826714009046555
21 6.1200523e-01 2.1005790e-04 7.1445215e-01 5.2032460e-02 0.008807184174656868
24 0.60183346 0.92145437 0.8486582  0.97917634 0.008795082569122314
33 0.48278642 0.00435862 0.66221637 0.03762458 0.008793216198682785
28 0.34305415 0.03061101 0.7864763  0.20057328 0.008759552612900734
19 0.5593684  0.0032697  0.67999643 0.04093152 0.008746842853724957
1 0.60250086 0.         0.8446826  0.10863828 0.008733764290809631
1 0.39533785 0.01219364 0.70626396 0.34578416 0.008715495467185974
5 0.6301764  0.         0.7549811  0.04839776 0.008703888393938541
41 0.6261915  0.88405675 0.8202087  0.9977961  0.008654679171741009
24 0.18827759 0.43258724 0.7752222  0.9428967  0.00859939493238926
7 0.647723   0.94733566 0.78792894 1.         0.008598467335104942
4 0.19619535 0.5895257  0.8952582  0.96694005 0.008573591709136963
1 0.5414246  0.9071435  0.89589053 0.9978191  0.008461367338895798
24 0.49988812 0.9225645  0.74742484 0.9864677  0.008439386263489723
24 0.08557805 0.21639502 0.88268536 0.64287484 0.008326934650540352
40 0.         0.6874235  0.92015386 1.         0.008309529162943363
7 0.63235676 0.         0.77244943 0.15002213 0.008268206380307674
5 0.6227375  0.         0.70674825 0.07503135 0.008215420879423618
19 0.47158062 0.00442684 0.72390157 0.07688212 0.008214873261749744
35 0.3504819  0.04740394 0.6577266  0.337235   0.008210165426135063
35 0.28018606 0.68827844 0.57887954 1.         0.008201033808290958
5 0.31968004 0.         0.5716726  0.36749223 0.008173692971467972
18 0.6548628  0.8952752  0.95513564 0.985004   0.008152778260409832
21 0.88017863 0.00705088 0.99220276 0.09475158 0.00812453217804432
41 0.42762777 0.1581115  0.9961051  0.5876564  0.008113989606499672
20 0.603845   0.93645096 0.7244281  0.99898654 0.008080431260168552
38 0.0947318  0.01227613 0.8307493  0.14063276 0.008061728440225124
19 0.4276287  0.00869436 0.6996496  0.29637322 0.008054130710661411
41 0.6386677  0.00079712 0.78579265 0.03989051 0.008046635426580906
24 0.41073433 0.5590362  0.90032613 0.7678948  0.008024070411920547
7 0.48776338 0.         1.         0.22325335 0.008003298193216324
25 0.49204773 0.9057749  0.88200134 1.         0.007983345538377762
38 0.04203407 0.68048936 0.88993573 0.9237525  0.007962984964251518
1 0.6520416  0.8252452  0.83304954 0.99416953 0.007961409166455269
7 0.63446623 0.         0.77643603 0.03922983 0.007959229871630669
42 0.5925304  0.82496613 0.7795436  0.9916426  0.007933322340250015
41 0.6996533  0.8425694  0.85661846 0.9930876  0.007898199371993542
38 0.04841477 0.27000162 0.732685   0.81964225 0.007887942716479301
19 0.6135012  0.00835929 0.6788347  0.07860279 0.007864115759730339
22 0.4200417  0.         0.73760307 0.27306798 0.007846568711102009
24 0.6570219  0.920846   0.90161544 0.9753115  0.007829459384083748
21 0.62605685 0.         0.77102214 0.14514257 0.007812656462192535
5 0.11511541 0.         0.9826123  0.53836    0.007782462053000927
7 0.3334931  0.18046126 1.         0.9397676  0.007767274975776672
