27 0.         0.3747811  0.85953516 0.847943   0.7129978537559509
27 0.         0.20613798 0.6683325  0.5761194  0.6690436601638794
27 0.44973573 0.24766755 0.8565832  0.8783542  0.663732647895813
27 0.         0.00469894 0.7950427  0.64370203 0.6259845495223999
27 0.41778702 0.07618228 0.8254831  0.68504405 0.6157912611961365
27 0.02432354 0.1376897  0.42263633 0.7457526  0.6093581318855286
27 0.        0.        1.        0.8863601 0.570472776889801
27 0.         0.24151139 0.4201114  0.60857075 0.5376349091529846
27 0.074357   0.17436905 0.8371444  0.6430986  0.512229323387146
27 0.         0.07123055 0.3951383  0.53143024 0.5102670788764954
40 0.33060324 0.16976957 0.991038   0.71172434 0.4790777862071991
27 0.         0.27379027 1.         0.9126975  0.47683730721473694
27 0.         0.23883747 0.6754266  0.76534986 0.47291234135627747
27 0.02282028 0.3588186  0.38331497 0.82292646 0.4426761269569397
40 0.37715498 0.09647691 0.98209894 0.48204148 0.40500134229660034
27 0.34575224 0.11498991 0.9202067  0.5875493  0.39503440260887146
40 0.09857798 0.23425713 0.85794795 0.67299765 0.3808753788471222
27 0.         0.13814627 0.3966302  0.90982515 0.3630332052707672
40 0.11353566 0.05255376 0.6920467  0.6102043  0.3530054986476898
40 0.03215807 0.01045436 0.40621358 0.7074115  0.3469136357307434
27 0.00382235 0.3024343  0.534509   0.76649576 0.2977668344974518
40 0.2647677  0.27412173 1.         0.84436965 0.23553624749183655
27 0.36708856 0.05316157 1.         0.8843337  0.2280178815126419
40 0.14206642 0.07157738 0.79113764 0.41810036 0.2271367609500885
27 0.30722865 0.1959883  0.9883218  0.7297061  0.22290371358394623
27 0.18501818 0.26544803 0.8187199  0.7209767  0.21571148931980133
40 0.         0.15444    0.5897705  0.85068494 0.20751601457595825
40 0.00526791 0.1488017  0.3656978  0.91895247 0.20042602717876434
28 0.21762595 0.1065824  0.6788956  0.42007935 0.17912274599075317
27 0.         0.42630512 0.69026357 0.8011197  0.17542234063148499
28 0.22164452 0.05570882 0.7062481  0.33001953 0.17219023406505585
8 0.22798117 0.00910585 0.7714791  0.3757856  0.16373679041862488
40 0.18248256 0.06803849 0.7992056  0.29181215 0.16218338906764984
10 0.0123346  0.39387634 0.27357876 0.7982961  0.15700247883796692
40 0.5799787 0.1581843 0.9686067 0.6710891 0.14817692339420319
28 0.02272408 0.03749701 0.8520175  0.32685584 0.14614157378673553
28 0.33210596 0.26955363 0.998205   0.7378144  0.14597481489181519
40 0.05490982 0.16943589 0.52695096 0.6554353  0.14286719262599945
40 0.04434677 0.30682835 0.41899267 0.8022193  0.14058947563171387
32 0.         0.4050725  0.98667055 0.89043695 0.13830164074897766
27 0.30905938 0.41157123 0.90973055 0.8750054  0.13623946905136108
28 0.30046874 0.4077514  1.         0.94749665 0.1321716010570526
28 0.27495298 0.06093137 0.9838324  0.8640257  0.1253616362810135
32 0.5055628  0.28962067 0.9617136  0.8702517  0.12308310717344284
40 0.40822953 0.21113275 0.85803187 0.4887192  0.12057369202375412
27 0.21195562 0.03053055 0.81612426 0.54867685 0.11659738421440125
27 0.         0.55411553 0.76342213 0.87945193 0.1154588907957077
27 0.         0.02563521 0.77814585 0.40025976 0.11502402275800705
28 0.         0.04158801 0.7843202  0.47488955 0.11417453736066818
27 0.41147783 0.3356116  1.         0.90693456 0.11298234015703201
27 0.13532029 0.         1.         0.6003712  0.11132672429084778
10 0.5192273  0.39055455 0.78171736 1.         0.11114544421434402
32 0.50407916 0.3963309  0.92873067 0.7172044  0.10911548882722855
28 0.2995212  0.02716731 1.         0.6026531  0.10503974556922913
40 0.4075023  0.12424758 0.871945   0.41249543 0.1034480482339859
31 0.45836863 0.44640508 0.86163706 0.877793   0.1029352992773056
40 0.3134401  0.1814576  0.7979374  0.52666634 0.09865035861730576
40 0.05595263 0.03703034 0.4037739  0.47435644 0.09640981256961823
28 0.20677415 0.1982198  0.6593197  0.5125856  0.09309621155261993
19 0.         0.01525266 0.42076966 0.7684784  0.09074296057224274
40 0.507217   0.1705236  0.87565297 0.575481   0.08908510953187943
27 0.05426859 0.         0.5892798  0.50745267 0.08862853795289993
23 0.5017134  0.12607495 1.         0.7701995  0.08842873573303223
27 0.         0.4511458  0.42104316 0.8079657  0.08314479142427444
32 0.5802283  0.25827074 0.8810089  0.82533836 0.08145567774772644
1 0.12045833 0.110934   1.         0.6862472  0.07849163562059402
27 0.13919932 0.11469643 1.         0.7949532  0.07811343669891357
25 0.5003816  0.39432997 0.94645864 0.845894   0.07810260355472565
40 0.01502111 0.31483513 0.8474975  0.8430105  0.07768718153238297
40 0.51741457 0.24752732 1.         0.9107552  0.07700765877962112
32 0.55836487 0.4436051  0.9740618  0.84109545 0.07670320570468903
25 0.3674223  0.43470222 1.         0.7577971  0.07650291919708252
40 0.00705312 0.4513456  0.9798998  0.9426351  0.07586328685283661
40 0.03598022 0.08210794 0.5968479  0.48003608 0.07424569129943848
40 0.2704016  0.11025216 0.69800633 0.43154755 0.07409127056598663
40 0.18686765 0.02789503 0.85848534 0.21483508 0.07273965328931808
14 0.01201665 0.11940455 0.55997556 0.5040998  0.07236368954181671
3 0.07536116 0.5665735  0.31278676 0.80294937 0.07216879725456238
32 0.09561051 0.40056652 0.6242758  0.7371439  0.07179586589336395
3 0.13221118 0.34626558 0.33568308 0.73184794 0.07159291952848434
3 0.12354444 0.47198686 0.30117482 0.8040025  0.06991826742887497
25 0.41570655 0.52187383 0.8913139  0.93011713 0.06570105254650116
40 0.02250757 0.12603125 0.38059637 0.57029444 0.06557014584541321
32 0.07402283 0.1757182  0.8884431  0.83021444 0.06436674296855927
40 0.35271364 0.07634238 0.8915548  0.33052903 0.06404007226228714
3 0.        0.3039956 0.6319545 0.7963964 0.06337327510118484
40 0.424134   0.28792384 0.9340919  0.56140465 0.06259007006883621
3 0.06640045 0.43568766 0.5917223  0.8525704  0.062304604798555374
41 0.0534527  0.5002152  0.27955088 0.79706186 0.0610656775534153
25 0.27714553 0.5330116  1.         0.8136532  0.06092144176363945
28 0.05057961 0.09387744 0.6926054  0.5683818  0.06067347154021263
24 0.203071   0.11306631 0.46914938 0.7277804  0.05838531255722046
25 0.48415875 0.29002422 0.9723338  0.7127595  0.057908494025468826
24 0.2037879 0.534576  0.9927159 1.        0.05787139758467674
3 0.5113999  0.44388837 0.80960935 0.8842016  0.057357944548130035
1 0.15347748 0.28909516 1.         0.94401187 0.05625584349036217
3 0.08323198 0.5209449  0.31563538 0.7262462  0.05610676109790802
14 0.05484238 0.0445978  1.         0.3349213  0.05594300478696823
3 0.07239042 0.57599735 0.21772766 0.8502232  0.05422807112336159
1 0.44584993 0.22366051 0.92674166 0.76083314 0.05357080325484276
40 0.4814977  0.10113223 0.767693   0.5901604  0.053030405193567276
32 0.05390485 0.21526113 0.6100871  0.7743665  0.05239039659500122
40 0.00883448 0.50459373 0.6396652  0.87777996 0.05154593288898468
10 0.04935199 0.42139482 0.800181   0.86141664 0.05081136152148247
3 0.06890475 0.16321956 0.68527335 0.8629828  0.05076924338936806
28 0.00661616 0.05531426 0.66238475 0.90076447 0.05036093294620514
27 0.50392836 0.3969402  0.92704237 0.9645542  0.04946642369031906
32 0.05600454 0.3981096  0.4104825  0.75642836 0.04930686205625534
40 0.12146552 0.15420403 0.3686879  0.7575558  0.04917694255709648
3 0.        0.5170635 0.6574252 0.9609057 0.04824258014559746
24 0.1247775  0.22778781 0.5765789  0.8431932  0.04698585346341133
20 0.         0.38173392 0.41921297 0.82334447 0.046426158398389816
3 0.49178717 0.33592486 0.7570428  0.7778468  0.04569577798247337
40 0.19237733 0.20853795 0.6703231  0.59384364 0.04568779841065407
23 0.11997683 0.18930355 0.9611524  0.84333277 0.045584358274936676
27 0.         0.02768044 0.41625002 0.42228255 0.04557375982403755
23 0.         0.22047272 0.6605908  0.8664225  0.04513631761074066
25 0.31644574 0.3283592  0.9809714  0.5929587  0.04507153481245041
28 0.071154   0.19401352 0.53361535 0.67575294 0.04494166001677513
19 0.         0.         0.34928977 1.         0.04465685412287712
24 0.18254177 0.22433071 0.44488856 0.906911   0.044125936925411224
32 0.05508542 0.3320499  0.37275597 0.6777705  0.04411514475941658
19 0.00738609 0.10967629 0.32058337 0.769953   0.043317973613739014
3 0.07595008 0.5364243  0.42018637 0.7591441  0.04289114475250244
24 0.17504972 0.38600117 0.5419291  0.9613309  0.04122663289308548
40 0.08822776 0.12372391 0.48550355 0.4004734  0.04110538214445114
3 0.029531   0.61223614 0.24956919 0.8574515  0.04104242101311684
3 0.06963566 0.33752528 0.44717598 0.7618607  0.040776144713163376
32 0.01385152 0.10539228 0.5366432  0.69024444 0.04052925482392311
31 0.46491802 0.24547173 0.8836354  0.7355832  0.04032847657799721
31 0.2260208  0.29560465 0.92204034 0.95997745 0.04031658172607422
24 0.20241572 0.45014325 0.75698084 0.9860655  0.039565399289131165
40 0.06146885 0.08904671 0.40521735 0.3506907  0.039203155785799026
24 0.24257512 0.22180721 0.9487191  0.96733034 0.038048628717660904
28 0.00805491 0.2569766  0.5473823  0.5237457  0.03765769675374031
28 0.4810968  0.21089002 1.         0.8483201  0.037623319774866104
28 0.20015308 0.59067184 0.957229   0.968398   0.037285320460796356
1 0.45587403 0.         1.         0.5588801  0.03698315471410751
3 0.05515479 0.4855117  0.39479163 0.7083601  0.036966875195503235
25 0.         0.6049306  1.         0.90165174 0.036494508385658264
24 0.15530789 0.1044015  0.56040025 0.4690078  0.036167215555906296
10 0.08055669 0.28270772 0.3128996  0.86671084 0.03543582186102867
31 0.5529225  0.49368724 0.83317506 0.9304926  0.03543277457356453
28 0.19805303 0.27903417 0.6330234  0.5868195  0.035218361765146255
13 0.05471013 0.         0.78229153 0.72810847 0.0351128987967968
40 0.18058892 0.06949819 0.57785034 0.37983328 0.03485827147960663
14 0.09393438 0.08172315 0.43076494 0.73722905 0.034635625779628754
13 0.12730232 0.05899282 0.78267527 1.         0.03461381793022156
28 0.02591975 0.0026263  1.         0.25259715 0.034565266221761703
23 0.        0.2630903 0.3558777 0.8346327 0.03424914553761482
24 0.14232998 0.19182031 0.5584683  0.5906413  0.03415356203913689
3 0.05315655 0.4273109  0.24868846 0.6996339  0.0341237373650074
28 0.         0.15895809 0.50915223 0.4146269  0.03406877815723419
23 0.07906271 0.24748535 1.         0.6549999  0.03387155383825302
40 0.25371253 0.04014202 0.6593829  0.339339   0.033838991075754166
14 0.1605982  0.05682116 0.6906824  0.4765098  0.03379281237721443
3 0.48074728 0.27999476 0.6841874  0.7011797  0.033375926315784454
3 0.04877223 0.41553017 0.2666556  0.90511864 0.033154264092445374
40 0.03013491 0.22088309 0.56573063 0.53225374 0.033150482922792435
5 0.29191664 0.30484298 0.9467095  0.80060446 0.03266894444823265
24 0.26954097 0.2517509  0.7042856  0.73406    0.03257497027516365
14 0.         0.17453797 0.49333426 0.7159236  0.032485347241163254
25 0.28575838 0.41468078 0.9650723  0.66898936 0.03241071477532387
14 0.03587886 0.         1.         0.6646694  0.03213067725300789
24 0.06642655 0.2701859  0.65640825 0.64148134 0.03180548921227455
28 0.32812133 0.132032   0.6884666  0.5399333  0.031740929931402206
1 0.4901598  0.08263972 0.9940204  0.65210754 0.0317123681306839
40 0.47256398 0.30687863 0.9516541  0.71846    0.03148399293422699
19 0.         0.2987987  0.35526875 0.79880077 0.03147239610552788
23 0.         0.32289505 0.9085995  0.72471267 0.03135601058602333
3 0.15164728 0.28231332 0.40481997 0.7286369  0.0313543975353241
28 0.04700023 0.10320722 0.5575422  0.45399538 0.031208915635943413
3 0.02338802 0.34789672 0.32378423 0.6454023  0.031037310138344765
28 0.500789   0.39749447 1.         0.7096417  0.030914979055523872
25 0.02421158 0.3952966  1.         0.8470487  0.030908653512597084
40 0.52362275 0.08158833 0.92981374 0.37436214 0.030733361840248108
25 0.2216086  0.61602885 1.         0.8498166  0.03068944625556469
25 0.2598441  0.48983988 1.         0.7118733  0.030240235850214958
13 0.4036144  0.02129773 0.7729537  0.6861656  0.030167756602168083
10 0.5069447  0.24395898 0.7675018  0.8182471  0.030119769275188446
24 0.2775381  0.06772081 1.         0.36899817 0.030033815652132034
30 0.15657626 0.49185288 0.7209819  0.89408845 0.029782159253954887
10 0.         0.36388722 0.5326398  0.7817143  0.02970874309539795
28 0.30655372 0.49770203 0.9643744  0.8964684  0.029700912535190582
23 0.         0.13327053 0.8486023  0.45885321 0.02933022938668728
20 0.5493399  0.42143324 0.7974328  0.93235487 0.029115531593561172
8 0.13583547 0.0270141  0.91224754 0.2855899  0.029109308496117592
1 0.17401658 0.39955878 0.7329252  0.72593045 0.029021695256233215
1 0.15734115 0.50909376 0.96699446 0.96676016 0.02844575233757496
25 0.31824437 0.5044987  0.7881261  0.83811384 0.028234949335455894
32 0.35395983 0.4637751  0.9197638  0.8676005  0.028085172176361084
31 0.2968441  0.16329326 0.96287    1.         0.027927666902542114
19 0.47859204 0.17373675 0.88634664 0.65914136 0.027714241296052933
13 0.         0.         0.46278185 0.5955761  0.027651863172650337
3 0.06052566 0.37079158 0.40207642 0.6095062  0.027608895674347878
20 0.02720203 0.31250265 0.4061249  0.7199389  0.027359826490283012
31 0.47463146 0.1973335  0.9784799  0.60731834 0.027035415172576904
30 0.51502806 0.08006673 0.96023285 0.9465415  0.02689353935420513
24 0.12985313 0.2628783  0.3961018  0.7566577  0.026893077418208122
28 0.43299064 0.31195423 1.         0.5767579  0.02679821476340294
24 0.34712481 0.20042905 1.         0.74596643 0.026472514495253563
10 0.        0.4247453 0.4294212 0.7398806 0.026362363249063492
30 0.11926595 0.20643744 0.5769213  0.93873215 0.026180366054177284
24 0.19611153 0.06419677 0.9369212  0.2775406  0.026168731972575188
32 0.040463   0.07666512 0.29954866 0.58882934 0.02592560462653637
20 0.5482116 0.2042303 0.8301052 0.7217124 0.02591843530535698
27 0.34795398 0.05820545 0.9067092  0.41928494 0.02579554356634617
14 0.42978486 0.08684441 0.9268624  0.5051636  0.025756610557436943
25 0.15693192 0.3652239  0.9212993  0.6361288  0.025549449026584625
32 0.22186574 0.2601006  0.845547   0.7167131  0.025436587631702423
25 0.32510605 0.26061237 1.         0.70236534 0.025131182745099068
3 0.25137532 0.25488588 0.58267385 0.57082826 0.025033971294760704
24 0.25036612 0.05290782 0.66331005 0.35829425 0.024884752929210663
24 0.22889067 0.15532263 0.6254652  0.56492805 0.02449772320687771
32 0.10276114 0.24225943 0.4158836  0.7123696  0.024365853518247604
25 0.16712637 0.40416557 0.85315734 0.73627466 0.024217823520302773
10 0.18859419 0.25609833 0.8050711  0.8372083  0.024156251922249794
24 0.15191579 0.3921434  0.39957672 0.8779466  0.024085775017738342
24 0.06116521 0.3391746  0.6691342  0.7636004  0.02398318238556385
24 0.48676902 0.3718437  0.96422815 0.854823   0.023944688960909843
40 0.52559346 0.09578367 0.8096329  0.7343475  0.023676825687289238
23 0.30294472 0.28370523 1.         0.9022437  0.02361815609037876
3 0.02010139 0.22705033 0.42285633 0.7135425  0.023579062893986702
28 0.63104016 0.05518985 1.         0.64604443 0.023423466831445694
5 0.445012   0.17592646 0.7992791  0.7823789  0.023144202306866646
23 0.58352894 0.37184492 0.98965466 0.8568725  0.02275586687028408
28 0.18451041 0.3190786  0.569092   0.68367    0.022539952769875526
3 0.0431116  0.33085656 0.21532443 0.8167487  0.022510327398777008
28 0.01957626 0.32950094 0.49261144 0.590593   0.02244061417877674
28 0.         0.07079551 0.41253912 0.45997173 0.022405346855521202
38 0.01059469 0.11910417 0.8507801  0.44672897 0.02240203693509102
1 0.55290765 0.1148978  0.88272095 0.7578862  0.022359775379300117
24 0.10542909 0.07396954 0.46138388 0.49945462 0.02229890041053295
41 0.08140785 0.43280166 0.33397025 0.76313984 0.022143550217151642
24 0.475417   0.18709157 0.93426067 0.65452534 0.022108761593699455
19 0.        0.4003171 0.3499557 0.9388917 0.022066380828619003
31 0.14579374 0.4567188  0.8379204  0.94315594 0.021951092407107353
40 0.0133751  0.25218055 0.3635125  0.66242766 0.021932605654001236
21 0.         0.41993743 0.30088395 0.8850954  0.021927976980805397
25 0.2620081  0.19559175 0.9928272  0.43689063 0.021922696381807327
23 0.07598457 0.426445   0.33988827 0.81644464 0.021648520603775978
24 0.32353944 0.2674557  0.98675144 0.6288857  0.021599799394607544
10 0.02540538 0.03725716 0.28903311 0.84306055 0.02152690291404724
36 0.         0.3918705  0.40796304 0.93493634 0.02149248495697975
10 0.00846336 0.24624471 0.40912402 0.8020458  0.021451663225889206
40 0.0998055  0.30636832 0.54535526 0.7089916  0.021401675418019295
38 0.         0.03684395 1.         0.41109252 0.021268410608172417
4 0.         0.22809179 0.64809054 0.7944675  0.021265005692839622
31 0.4970872  0.31773594 0.77920145 0.890234   0.021084416657686234
25 0.25126627 0.2624475  0.9551521  0.501042   0.020970165729522705
3 0.29439715 0.27696744 0.73284304 0.5507484  0.0207778699696064
23 0.04473989 0.11800598 0.7625929  0.35478    0.020709270611405373
1 0.15938441 0.26614466 0.6413148  0.67183244 0.020639503374695778
36 0.21121226 0.18946767 0.8081134  0.55308616 0.02048935368657112
40 0.14973171 0.10032573 0.40548238 0.61769724 0.020399441942572594
19 0.         0.18737142 0.28482366 0.6655888  0.02038351446390152
19 0.         0.00189072 0.79359573 0.7231143  0.020325753837823868
25 0.00275714 0.2716257  0.53592867 0.8358924  0.020277272909879684
8 0.06522316 0.         0.29029906 0.7706878  0.02016705647110939
25 0.3270827  0.39899775 0.7700823  0.70405036 0.020120222121477127
14 0.23609412 0.06142989 0.90541667 0.44071144 0.019988249987363815
19 0.03432835 0.30202445 0.2883125  1.         0.019948478788137436
36 0.13289808 0.21773069 0.824775   0.68385065 0.019801801070570946
38 0.08398669 0.         0.8828161  0.29436398 0.019756143912672997
13 0.15677239 0.         0.62004465 0.7283955  0.019540216773748398
43 0.        0.        0.368847  0.9852106 0.01946820504963398
14 0.40071875 0.03868238 0.9687799  0.66336286 0.019464749842882156
19 0.5129011  0.03251254 0.7851518  0.8209143  0.0194265004247427
28 0.         0.15242453 0.24555501 0.4976061  0.019391082227230072
28 0.28554654 0.18193468 0.9871345  0.45704174 0.019361020997166634
32 0.49474886 0.49001345 0.90098226 0.96483505 0.019303256645798683
32 0.39128086 0.3082235  0.9051102  0.5789222  0.019289540126919746
30 0.327397   0.20895663 0.948331   0.7805344  0.01927761174738407
19 0.15523173 0.01048566 0.8816456  0.5415101  0.01926472783088684
28 0.3033751  0.21486512 0.6465465  0.62365866 0.01921537145972252
24 0.09687679 0.360637   0.46928838 0.7302787  0.01919412985444069
25 0.44405732 0.689759   0.99780756 0.9300934  0.01906316541135311
1 0.53517854 0.33738965 0.94917077 1.         0.019031131640076637
24 0.11707061 0.26520967 0.44672236 0.56824464 0.01899494230747223
28 0.27266985 0.26212633 0.89932275 0.5159772  0.018980370834469795
3 0.0351077  0.50509816 0.35401833 0.86254203 0.01887769252061844
32 0.4623711  0.27442908 0.8324019  0.6540639  0.0187979768961668
10 0.44532695 0.29664972 0.7171458  0.90389264 0.01875258795917034
10 0.00276922 0.21917789 0.2316554  0.67603934 0.018708068877458572
3 0.19572838 0.18934815 0.4985776  0.53520465 0.018704738467931747
36 0.         0.27870366 0.37954646 0.65933263 0.018266256898641586
20 0.08145795 0.2191332  0.41953236 0.62893355 0.018234726041555405
10 0.47176412 0.37337768 0.96136445 0.85784304 0.017784807831048965
37 0.58991617 0.39471808 0.85053    0.82775426 0.017725147306919098
1 0.03331914 0.         1.         0.49431428 0.01766298897564411
10 0.39577138 0.43198293 0.80450785 0.9382272  0.017645107582211494
36 0.1073465  0.39587036 0.8966788  0.858414   0.017602985724806786
28 0.09854052 0.5524671  0.6438194  1.         0.017488304525613785
24 0.29899368 0.40144017 0.8960944  0.7928443  0.017457343637943268
18 0.03595378 0.46255922 0.33526358 0.804023   0.01716567575931549
18 0.05829263 0.37031344 0.3050565  0.6720542  0.01716555468738079
36 0.         0.24021505 0.6366073  0.66430086 0.017112690955400467
28 0.         0.19103771 0.33822885 0.53009325 0.017093466594815254
10 0.         0.55683076 0.6914294  0.89003605 0.017072344198822975
28 0.10820562 0.4350464  0.5574092  0.7880904  0.01704602874815464
