6 0.05600766 0.37819746 0.68387586 0.97845036 0.23508845269680023
14 0.01156186 0.33785123 0.6166141  0.663081   0.23193253576755524
34 0.08323522 0.03036659 1.         0.52137035 0.16183194518089294
6 0.13908163 0.40808368 0.94864565 1.         0.13609208166599274
34 0.         0.36549565 0.8369467  0.7004623  0.10351892560720444
14 0.06645089 0.2822082  0.699569   0.8071665  0.09318778663873672
6 0.00823194 0.21503548 0.47044802 0.92956465 0.09003085643053055
34 0.27528924 0.0486428  1.         0.34350896 0.08417528122663498
37 0.66367334 0.01023206 0.9743147  0.31224376 0.08030850440263748
9 0.         0.01105312 0.81775    0.32901013 0.07328641414642334
41 0.         0.         0.78033686 0.3838636  0.06432542949914932
14 0.10998914 0.3980149  0.5428241  0.8280837  0.06025638431310654
27 0.        0.3508186 0.4792699 0.6887672 0.0580277144908905
14 0.1577274  0.38140702 0.6586783  0.7666573  0.056833669543266296
33 0.14003605 0.         0.9203504  0.4095556  0.05551636964082718
34 0.         0.07930102 0.71751726 0.5449102  0.05089564993977547
14 0.         0.00289769 0.7697277  0.7321906  0.04950671270489693
27 0.         0.06798904 0.76029474 0.68439186 0.046278733760118484
38 0.20314144 0.34853902 0.89703757 0.8491434  0.04623228684067726
9 0.38886032 0.         0.7312976  0.3747865  0.04356177896261215
24 0.         0.03679769 0.5785663  0.60199034 0.04247196018695831
14 0.03662905 0.21426179 0.49101543 0.67376494 0.03985094279050827
33 0.03144994 0.3719671  0.6308882  0.7326315  0.03978651762008667
24 0.00413493 0.039965   0.9775993  0.3380612  0.03943312168121338
33 0.00345113 0.         0.7695005  0.65817577 0.039303865283727646
6 0.00936995 0.32542312 0.2980343  0.9197394  0.038806360214948654
34 0.08083989 0.06928943 1.         0.25445044 0.03825720399618149
3 0.71552056 0.01346155 0.9976822  0.24833843 0.03775111958384514
27 0.         0.10586393 0.514046   0.83455986 0.037689950317144394
9 0.24678089 0.01355016 0.8132762  0.3820208  0.03682589903473854
27 0.06240237 0.41538754 0.6990557  0.6956447  0.03600171580910683
24 0.5802674  0.00381619 0.9251753  0.39562795 0.035416778177022934
9 0.         0.02385641 0.59920114 0.62074536 0.03496190160512924
27 0.         0.24784254 0.6711113  0.715822   0.03445999324321747
24 0.39925852 0.         0.9937519  0.52698123 0.033933717757463455
34 0.         0.16275765 0.8960977  0.7918386  0.03370577469468117
24 0.69039965 0.         0.98501754 0.37297314 0.03350292146205902
34 0.54858035 0.02649513 0.9692518  0.33668527 0.03316238895058632
2 0.11145841 0.3187296  0.7533601  0.7523643  0.03313198685646057
6 0.         0.3997164  0.73048526 0.8051937  0.032214436680078506
24 0.34238586 0.03670505 0.9860219  0.38598633 0.03217360004782677
6 0.4702346  0.36161473 0.93457645 1.         0.031423743814229965
20 0.02520294 0.37203425 0.5237336  0.6340939  0.031402911990880966
34 0.         0.26795354 0.69936866 0.6710905  0.031150266528129578
24 0.03096481 0.02137494 0.8021167  0.55699706 0.030872369185090065
9 0.         0.0593247  0.7422599  0.43074265 0.030086830258369446
38 0.155013   0.4160267  0.97778344 1.         0.02947823517024517
34 0.4027248  0.07089338 0.8906902  0.30862942 0.029119234532117844
24 0.8351886 0.        0.9878481 0.3517091 0.028788868337869644
34 0.         0.07220279 1.         0.30321872 0.028250209987163544
1 0.         0.06244332 0.75007325 0.52160424 0.02656697854399681
27 0.         0.25095832 0.33532205 0.7463125  0.02628917433321476
41 0.16632825 0.         0.87655884 0.413031   0.026128940284252167
27 0.         0.2725445  0.23597728 0.61693966 0.024706486612558365
15 0.10370952 0.05069523 1.         0.32477057 0.024344036355614662
14 0.07620351 0.11969971 0.5105324  0.8451918  0.024195240810513496
3 0.5569029  0.04118175 1.         0.2837966  0.023460380733013153
2 0.11640943 0.         0.8198321  0.8759348  0.022968348115682602
24 0.21945654 0.02609617 0.7745323  0.46149802 0.02295309491455555
33 0.         0.35144165 0.6332436  0.61084807 0.02274828776717186
38 0.13367122 0.32461587 0.792904   0.7228763  0.022072240710258484
14 0.19086614 0.3031722  0.72116226 0.69729125 0.02079073153436184
6 0.04060003 0.59412426 0.92713785 1.         0.020621011033654213
27 0.        0.3803996 0.5407294 0.81912   0.020586540922522545
20 0.05406937 0.43850654 0.5555122  0.7057291  0.020009586587548256
38 0.09811246 0.25210682 0.7897304  1.         0.019865361973643303
27 0.06978015 0.31431788 0.60952413 0.6595704  0.019050421193242073
20 0.0104378  0.30356595 0.46753713 0.5655593  0.019012970849871635
41 0.2357165  0.         0.70489365 0.46055242 0.018591757863759995
24 0.7803374  0.         0.9787651  0.43317857 0.018509918823838234
24 0.3114782  0.01797213 0.94235057 0.69661814 0.01849413476884365
24 0.42921966 0.         0.7923365  0.49180788 0.01823989860713482
27 0.        0.        0.970502  0.5199362 0.017919601872563362
35 0.01336177 0.0803607  0.6547324  0.5496629  0.017880486324429512
24 0.88027537 0.         1.         0.16892232 0.017818214371800423
24 0.         0.01132444 0.34569046 0.2115847  0.017656341195106506
20 0.126226   0.02559067 1.         0.32596862 0.01763126067817211
20 0.03088867 0.27065724 0.62370354 0.6770263  0.017322788015007973
14 0.01577349 0.225695   0.28433254 0.67351025 0.01708706095814705
41 0.42732748 0.         0.7152517  0.48260793 0.017000114545226097
41 0.01255885 0.         0.69115317 0.5717508  0.016505340114235878
14 0.17017962 0.1823165  0.6233303  0.6716815  0.016312245279550552
37 0.46391582 0.         0.9584015  0.3563215  0.01619471050798893
35 0.02005097 0.27891856 0.5107837  0.78024316 0.015924757346510887
20 0.12038773 0.32683802 0.60028964 0.61563903 0.015693286433815956
33 0.         0.3757244  0.46733806 0.6397545  0.015566971153020859
2 0.14112943 0.         0.6576     0.688763   0.015546414069831371
38 0.07375219 0.29926464 0.6821197  0.83349365 0.015302527695894241
20 0.09265856 0.42724955 0.6522861  0.6462981  0.015175769105553627
24 0.77269375 0.         1.         0.24163432 0.015014750882983208
27 0.         0.         0.5339143  0.69237745 0.014936442486941814
34 0.31117126 0.06160925 0.8150705  0.41250974 0.014824040234088898
38 0.14145707 0.19545735 1.         0.8568146  0.014821655116975307
37 0.8052718  0.01150202 0.97396284 0.28980157 0.014805727638304234
34 0.         0.07645527 0.9495436  0.44641027 0.014752653427422047
3 0.32941902 0.04315104 0.9306474  0.2783959  0.014648549258708954
37 0.6024681  0.00205611 1.         0.2296908  0.014312093146145344
35 0.17763433 0.10378477 0.7951437  0.6959365  0.014310109429061413
24 0.21621771 0.03730537 0.61662614 0.38933587 0.013889412395656109
6 0.         0.40107855 0.4600265  0.72590137 0.013602904044091702
14 0.0524454  0.36001378 0.8903406  0.8758311  0.01335890032351017
1 0.00323311 0.07913172 0.45925763 0.7658143  0.013092688284814358
13 0.02173114 0.         0.57390654 0.89889175 0.012980044819414616
41 0.         0.00726461 0.34591746 0.35814977 0.012905143201351166
15 0.         0.00804944 0.94925356 0.55720866 0.012788571417331696
33 0.06924798 0.03721395 0.839676   0.28369743 0.012514414265751839
24 0.01512965 0.04523708 0.43831742 0.2885254  0.012483350932598114
27 0.14291932 0.         0.95923525 0.6683816  0.01237442996352911
34 0.         0.3927721  0.674166   0.78012097 0.012335998006165028
2 0.05916062 0.27971607 0.57571185 0.84094524 0.012248164042830467
6 0.6656479  0.45454967 0.9755922  1.         0.012166745960712433
20 0.01938643 0.3042838  0.28097323 0.55594337 0.012151382863521576
37 0.7981489  0.05021654 0.97283804 0.19902353 0.012097468599677086
9 0.15077    0.05947441 0.6969917  0.36794838 0.012055211700499058
38 0.06722326 0.34714258 0.5630829  0.71944946 0.011986633762717247
6 0.05291753 0.23190054 0.9092442  0.9491542  0.011593319475650787
13 0.         0.3420446  0.53291106 0.7194965  0.011375093832612038
16 0.05281873 0.493997   0.5311584  0.8133173  0.011355835944414139
34 0.         0.08718692 0.41021496 0.5312593  0.011312376707792282
24 0.         0.07734291 0.37072486 0.55143696 0.011011380702257156
9 0.3247161  0.00203765 0.6389763  0.3506715  0.010921073146164417
34 0.7306093  0.03904684 0.9779133  0.30008456 0.010595222935080528
34 0.         0.43316296 0.8472452  0.8858192  0.010573772713541985
6 0.13065666 0.30149487 0.7975436  0.8211445  0.010542728938162327
35 0.23314098 0.28792602 0.6436769  0.84433556 0.01033788826316595
33 0.         0.21126002 0.7010176  0.70245165 0.010245532728731632
33 0.07522512 0.         0.51753616 0.6775751  0.010073795914649963
2 0.18669195 0.3449332  0.8847931  1.         0.010037173517048359
27 0.10435158 0.41655552 0.70378834 0.93527436 0.009974448010325432
6 0.        0.2835496 0.2508606 0.6524985 0.00996310729533434
24 0.9210605  0.16329838 0.9978102  0.26262194 0.00991840660572052
24 0.3260074  0.02360811 0.6904747  0.41146252 0.009849263355135918
27 0.         0.         0.40521917 0.6082905  0.009847436100244522
38 0.10694372 0.4626361  0.7078554  0.9790806  0.009786822833120823
1 0.         0.14585526 0.5308558  0.5460324  0.009784883819520473
33 0.         0.32303753 0.7851199  0.82575643 0.009748181328177452
34 0.         0.31033325 0.56294495 0.58162963 0.009664260782301426
24 0.88388795 0.00442912 1.         0.11392307 0.00962138082832098
35 0.08470172 0.28103393 0.6457777  0.6726251  0.009554095566272736
34 0.6406381  0.02444843 0.98166484 0.22360758 0.009470983408391476
35 0.14124481 0.19579098 0.56991804 0.7330688  0.009462864138185978
24 0.8532385  0.12458666 0.97915995 0.3361407  0.00943855568766594
9 0.34431183 0.02781682 0.6726277  0.4815467  0.009098782204091549
20 0.02684963 0.41342506 0.40912035 0.6602735  0.009090966545045376
14 0.24962874 0.07690127 0.71181357 0.6864791  0.009048813953995705
28 0.00339508 0.4517437  0.7032276  0.94212854 0.008892089128494263
24 0.10338034 0.06052884 0.49372306 0.3816363  0.008830218575894833
16 0.06261417 0.44218755 0.584923   0.63476723 0.008794392459094524
34 0.4433629  0.04074582 0.947652   0.4396402  0.008724045008420944
37 0.11331345 0.         0.97196126 0.39879104 0.008718241937458515
35 0.10558108 0.1574363  0.70555055 0.84528    0.008693044073879719
33 0.         0.2529938  0.50846744 0.62530863 0.008549471385776997
28 0.2579401  0.5346114  1.         0.96501434 0.008542210794985294
41 0.12493261 0.008323   0.87684554 0.22409317 0.008518782444298267
1 0.         0.05260196 0.59356475 0.42669353 0.008485226891934872
29 0.09806252 0.         0.6734059  0.84812    0.008483394980430603
27 0.19274935 0.45238495 0.65929586 0.7721399  0.008431032299995422
2 0.32466644 0.         0.99028087 0.8122102  0.008381674997508526
20 0.03945145 0.13670202 0.7016434  0.57911456 0.008370778523385525
24 0.22840118 0.01726678 1.         0.29362646 0.008293312042951584
27 0.         0.22854213 0.3859506  0.58340883 0.00826106034219265
16 0.03738907 0.4342621  0.49235246 0.73495966 0.008258945308625698
20 0.         0.         0.7457241  0.48393455 0.008183864876627922
3 0.31064594 0.         0.98999125 0.40798062 0.008176027797162533
33 0.01767596 0.2955251  0.37186608 0.65427697 0.008151523768901825
9 0.31632805 0.00717974 0.7958594  0.2692202  0.008128787390887737
24 0.8431183 0.1934693 0.9800387 0.3692429 0.008091873489320278
34 0.38739476 0.03971536 0.9904333  0.21946335 0.00802704319357872
27 0.00490861 0.4274001  0.4051852  0.94163615 0.007991586811840534
24 0.12952758 0.33296597 0.69813687 0.67151606 0.007975534535944462
6 0.         0.3415872  0.65702146 0.65008503 0.007898718118667603
27 0.07078349 0.49110344 0.5136012  0.84866947 0.0077875107526779175
35 0.00512772 0.33385956 0.4289909  0.6849257  0.007766105700284243
33 0.         0.42903244 0.83969885 0.90508854 0.007657939568161964
41 0.30239207 0.         0.84081393 0.30558443 0.007578687742352486
27 0.         0.         0.315155   0.78769726 0.00746812904253602
13 0.09558535 0.34755138 0.59314924 0.8109774  0.007395381107926369
3 0.4896623  0.04599328 0.87079346 0.22016302 0.007256777957081795
24 0.84255075 0.01823629 0.99762064 0.24257424 0.007253851741552353
14 0.13882507 0.4981485  0.5753574  0.930924   0.0071778325363993645
35 0.         0.22827601 0.24990433 0.62471384 0.007131870836019516
16 0.         0.4233415  0.5456022  0.58831024 0.007119566667824984
3 0.68524396 0.02746952 1.         0.18000151 0.007115151733160019
41 0.02863953 0.00087662 0.4892156  0.64180994 0.007092664949595928
38 0.04899323 0.2785995  0.3249939  0.69710916 0.007053519133478403
24 0.08917409 0.360291   0.5410971  0.6568127  0.007028867956250906
16 0.00929306 0.31565058 0.23986074 0.55093306 0.007008043583482504
16 0.         0.10100341 0.5815846  0.45050493 0.006827760953456163
6 0.7869899  0.3053288  0.99198496 1.         0.006821919232606888
38 0.04798218 0.2856002  0.5038846  0.9532522  0.006808655336499214
3 0.5653501  0.07354171 0.8420045  0.27383775 0.006664203479886055
24 0.         0.0179471  0.23729078 0.1909425  0.006656255107372999
24 0.0119415  0.06918815 0.25445083 0.36318955 0.006644729990512133
13 0.04590148 0.         0.41262442 0.78066784 0.006584751885384321
34 0.23906606 0.12027685 0.9000237  0.49263445 0.006552002392709255
33 0.24568097 0.02477201 0.8003279  0.37136143 0.006546695716679096
1 0.1751621  0.40275308 0.9658539  0.87858725 0.006525772623717785
38 0.4431181  0.15762085 1.         0.54909784 0.006491895765066147
14 0.04788721 0.26995584 0.33206853 0.8954527  0.006485740654170513
20 0.07818501 0.33344233 0.45303833 0.8312426  0.006465687416493893
34 0.13968812 0.19045104 0.7722207  0.56091535 0.006398275028914213
27 0.        0.3721978 0.2397584 0.6826518 0.0063551487401127815
13 0.         0.2893534  0.33418822 0.7218821  0.006324377376586199
25 0.         0.04759801 0.81862295 0.5185707  0.006305105518549681
37 0.8837846  0.00627027 1.         0.16592833 0.006293291226029396
13 0.00332362 0.27783683 0.53259534 0.8895829  0.006202865857630968
16 0.08954217 0.38878918 0.64597595 0.5692087  0.006201243493705988
12 0.         0.34573755 0.8164554  0.7221874  0.0061696176417171955
2 0.0729773  0.         0.45835912 0.70656925 0.006138244178146124
1 0.08629509 0.06002143 0.4671045  0.40175843 0.006022690795361996
41 0.34199643 0.         0.625858   0.4639026  0.005979699082672596
15 0.34920722 0.04541101 0.95586854 0.2667645  0.005968334153294563
24 0.00356428 0.14561519 0.8428098  0.8049773  0.0059041655622422695
20 0.08831177 0.42506436 0.65725124 0.8302335  0.005873239599168301
16 0.1622523  0.49027127 0.64990497 0.8570435  0.005830844864249229
15 0.33894622 0.09110298 0.8419483  0.29179737 0.005799364298582077
27 0.24377541 0.3575174  0.73434895 0.69323915 0.005796991288661957
14 0.         0.         0.954103   0.83566517 0.005781507585197687
24 0.58432406 0.00385905 1.         0.2595596  0.005733507685363293
24 0.         0.02991254 0.16426241 0.23290148 0.005731993820518255
24 0.         0.01272934 0.6144894  0.25191364 0.005722975358366966
6 0.8120589  0.62291527 1.         1.         0.005648486781865358
1 0.         0.05059576 0.8921808  0.7314193  0.005636116024106741
6 0.17417726 0.6153711  0.5900552  0.9976537  0.005630170926451683
13 0.         0.         0.6692092  0.63410217 0.005612330045551062
37 0.8698438  0.01863272 0.98644227 0.22513688 0.005599192343652248
16 0.00849894 0.3299184  0.4339369  0.5482589  0.005565061699599028
33 0.15019651 0.329873   0.7933928  0.667544   0.005544996354728937
16 0.06208613 0.36868048 0.51684636 0.6732741  0.0055431192740798
6 0.05415539 0.50848657 0.46700215 0.964857   0.005523517727851868
34 0.         0.19731298 0.53392434 0.7977071  0.005493690725415945
33 0.         0.46895462 0.5954651  0.8396827  0.005481625907123089
34 0.10009059 0.04694087 1.         0.17446432 0.00539531372487545
20 0.03977973 0.3091465  0.35139355 0.73693824 0.005370168946683407
20 0.19785999 0.02417241 0.916915   0.21592756 0.005331718362867832
35 0.07112979 0.03542201 0.83389795 0.5027872  0.0053079440258443356
38 0.15179814 0.23216039 1.         0.6063664  0.005252337083220482
35 0.35481018 0.22295995 0.7354602  0.7970661  0.005229938309639692
9 0.05301532 0.04062339 0.5338196  0.42642534 0.0052237072959542274
29 0.16169156 0.         0.88182586 0.66969573 0.005220338236540556
2 0.29400903 0.20720775 0.7990833  0.7917945  0.005172057077288628
25 0.         0.42205825 0.6066912  0.6420099  0.005137579049915075
24 0.88868636 0.09548547 0.9852631  0.35218668 0.00508411368355155
41 0.00600745 0.         0.28451192 0.8293382  0.005083264783024788
34 0.         0.05231799 0.33304772 0.7085611  0.005012889392673969
25 0.         0.46367657 0.5616634  0.7252469  0.004995329771190882
38 0.         0.52339065 1.         0.962935   0.004988497123122215
3 0.3990212  0.05710194 0.78431195 0.25956583 0.00498828012496233
9 0.46966448 0.         0.8289224  0.37700826 0.004931931849569082
41 0.51440245 0.         0.790418   0.43878293 0.00490451417863369
37 0.73590875 0.         0.95771873 0.3836302  0.004848252981901169
24 0.19925581 0.35247    0.6110727  0.77706903 0.0048474036157131195
24 0.02708213 0.23522916 0.44714823 0.6159531  0.004833396058529615
24 0.         0.08106687 0.66571486 0.35928586 0.004812297876924276
24 0.93803155 0.12036357 1.         0.25318083 0.004752974025905132
9 0.25989708 0.03137105 0.57799035 0.53546464 0.004730519838631153
2 0.12056059 0.18518688 0.609435   0.7348772  0.004704850725829601
25 0.         0.46882316 0.56894505 0.8453045  0.004697284195572138
22 0.        0.2689962 0.6905936 0.9774174 0.00468487897887826
35 0.04101435 0.20254725 0.3531     0.80988514 0.004676796030253172
27 0.18778186 0.         0.9715258  0.41307214 0.004617269616574049
12 0.         0.21991016 0.43985155 0.6994737  0.004578891210258007
24 0.09696671 0.2074962  0.6998234  0.7399461  0.004557773005217314
34 0.09619784 0.11752969 0.7206353  0.4562246  0.0045264228247106075
9 0.18025398 0.04205795 0.4903942  0.39472735 0.004454997833818197
16 0.         0.13827395 0.6029331  0.6204889  0.004435683600604534
20 0.35336047 0.06556781 0.91090286 0.31618252 0.00442629586905241
15 0.         0.39932853 0.66188294 0.68638927 0.0044025215320289135
41 0.44722587 0.         0.8737299  0.36439916 0.00440125772729516
9 0.15650627 0.02921214 0.76280123 0.52286154 0.004331598989665508
41 0.         0.00791423 0.1754178  0.37401775 0.00429523317143321
20 0.12364777 0.5397452  0.5370657  0.839168   0.004270784556865692
3 0.8716335  0.02044467 1.         0.14179376 0.004252314567565918
2 0.05647784 0.311822   0.49124473 0.7012523  0.0042451550252735615
27 0.09652924 0.21863908 0.6757607  0.5968149  0.004215202294290066
33 0.         0.15887678 0.5278942  0.8343703  0.004141587298363447
27 0.46644023 0.         0.9990231  0.36669108 0.0041364445351064205
33 0.03860573 0.         0.34077346 0.85955936 0.0040776836685836315
22 0.5110317  0.3212918  0.982084   0.95230615 0.004076875280588865
37 0.4185299  0.01677008 0.77649367 0.37841183 0.004049662966281176
25 0.         0.16480556 0.65570927 0.70914304 0.004034930840134621
20 0.19111584 0.2591236  0.6161065  0.55690026 0.003972676582634449
6 0.32820335 0.56512207 0.80031437 1.         0.003959564492106438
16 0.         0.31591168 0.4268574  0.7145571  0.003943925723433495
25 0.         0.5882374  0.49505454 0.87208176 0.0039369286969304085
1 0.         0.05688369 1.         0.43484905 0.00391317019239068
22 0.         0.51490885 0.72811383 1.         0.0039057263638824224
24 0.8812064  0.16612513 0.9875292  0.40021965 0.0038880016654729843
24 0.65526015 0.09146477 0.9735697  0.42826763 0.003765180939808488
29 0.07443967 0.         0.8545342  1.         0.003756337333470583
2 0.13057989 0.3854758  0.6317885  0.95620936 0.003747567068785429
41 0.07381182 0.031853   0.61553985 0.7796821  0.0037469102535396814
14 0.15449542 0.51325256 0.9432312  0.9337319  0.0037432268727570772
9 0.         0.11475151 0.34618822 0.65061414 0.003741502994671464
35 0.         0.32813087 0.24951635 0.718311   0.0036985285114496946
6 0.49410936 0.6335422  0.93961245 1.         0.0036735094618052244
21 0.         0.         1.         0.33504537 0.0036324718967080116
25 0.         0.55087185 0.7431243  0.93077946 0.0036187830846756697
33 0.56644654 0.02396013 0.8975942  0.24316458 0.0036077965050935745
20 0.24892807 0.45881185 0.65643245 0.73195744 0.00360501348040998
