1 0.57096195 0.46334606 0.96939456 0.9466453  0.27454280853271484
24 0.4618813  0.28524885 1.         0.8054473  0.25799229741096497
24 0.3352384  0.37245163 1.         0.6648077  0.22188112139701843
1 0.519892   0.2729975  1.         0.91466796 0.21831542253494263
1 0.16708095 0.28747863 1.         0.9978306  0.21411336958408356
27 0.20034544 0.32154185 0.9391132  0.8519228  0.17918485403060913
24 0.470698   0.21804835 0.8045603  0.6838601  0.16983895003795624
24 0.28322956 0.07522698 1.         0.7258053  0.15726934373378754
24 0.21870403 0.25669214 1.         0.6671565  0.1496102511882782
24 0.3230218 0.3804121 1.        0.8611425 0.14009639620780945
1 0.23906189 0.69447666 1.         0.95901775 0.13273513317108154
1 0.37099153 0.31705955 0.8934094  0.87348515 0.12458493560552597
24 0.6724525 0.7397196 1.        1.        0.1197919175028801
1 0.12895045 0.0031311  1.         0.8784171  0.11112508177757263
1 0.35787264 0.48780388 1.         0.95990306 0.1064237654209137
27 0.         0.29243875 1.         0.9671904  0.10414735227823257
24 0.54142994 0.5277855  1.         0.8601939  0.10048769414424896
24 0.38504264 0.2283413  0.6990751  0.6733561  0.09922774881124496
1 0.60559034 0.5845626  0.96086216 0.90027547 0.09202723950147629
24 0.49790406 0.4014788  0.83033776 0.8065858  0.08655264228582382
34 0.         0.83481574 0.79063493 0.97556025 0.08251554518938065
1 0.14965709 0.2007284  0.71749043 0.6840435  0.07507182657718658
24 0.42799896 0.24732174 1.         0.58858186 0.07448482513427734
15 0.05956243 0.18277985 0.73808014 0.6617973  0.07213769853115082
24 0.6788974  0.59243596 1.         0.9526511  0.07103990763425827
1 0.05207098 0.15149368 0.91605    0.77200836 0.06854676455259323
34 0.21737422 0.35552725 1.         0.863779   0.06769260764122009
29 0.12679449 0.27920702 0.9595927  0.8823517  0.06558896601200104
24 0.1543159  0.6090804  1.         0.90515405 0.06545450538396835
27 0.         0.83894616 0.6587678  1.         0.06254885345697403
27 0.18122457 0.45143333 0.9116493  1.         0.0624767541885376
27 0.         0.51932997 1.         1.         0.062215279787778854
34 0.17084092 0.7209351  1.         0.92109436 0.059280313551425934
41 0.4069217  0.39323092 0.8284653  0.7732712  0.056797754019498825
24 0.20859902 0.10202429 0.9235193  0.5748102  0.05635066702961922
27 0.         0.66050994 0.6900187  1.         0.054756734520196915
27 0.11511246 0.17983246 1.         1.         0.05386168882250786
34 0.26364124 0.19175328 1.         0.76810175 0.05337369441986084
24 0.6179537  0.42407566 1.         0.9173222  0.05303990840911865
15 0.03555544 0.09507868 0.585794   0.8633358  0.051129262894392014
27 0.22974035 0.64472556 1.         1.         0.05112014710903168
1 0.10960724 0.03215019 0.80827314 0.64292127 0.05015503242611885
24 0.34626538 0.49336833 0.9455875  0.7735956  0.050043992698192596
29 0.08125997 0.15185763 0.81908786 0.8062522  0.05002383142709732
15 0.06938522 0.20052229 0.92310977 0.875684   0.04957235977053642
27 0.3697021  0.3865566  0.848174   0.91397697 0.048962727189064026
41 0.01064083 0.51821274 0.15031347 0.6815929  0.048367585986852646
27 0.27636573 0.22355053 0.80110604 0.9027628  0.046665456146001816
1 0.5089147  0.40433452 0.98359853 0.7550263  0.045476656407117844
41 0.00620957 0.54957336 0.07605157 0.6389818  0.045409444719552994
41 0.18730976 0.39786264 0.8125159  0.9534415  0.04465343430638313
41 0.00416286 0.53905815 0.05509815 0.6582842  0.044261686503887177
7 0.29916066 0.         0.95983005 0.83048177 0.04399186745285988
41 0.00758566 0.57597035 0.07618101 0.6648981  0.04347280412912369
10 0.0205367  0.07992877 0.6407193  0.7038643  0.04214117303490639
1 0.50015086 0.31756058 0.82972443 0.97096825 0.04083613306283951
24 0.4617989  0.63381225 1.         0.92744297 0.04069439321756363
14 0.00168135 0.59970033 0.07493128 0.6749008  0.04066282510757446
24 0.49471223 0.4761017  1.         0.800069   0.04049757122993469
21 0.09738007 0.1102668  1.         0.7326091  0.04038604721426964
1 0.31398425 0.         0.6091431  0.08457045 0.040102776139974594
24 0.34445277 0.26490495 0.8466708  0.6216225  0.03986837714910507
41 0.00322416 0.48538783 0.0549909  0.60232854 0.039811260998249054
24 0.35245627 0.01329735 0.61002004 0.06644166 0.039447151124477386
29 0.07017291 0.08091482 0.58255935 0.6759722  0.03859793394804001
27 0.        0.7061513 1.        1.        0.038105592131614685
24 0.00486755 0.51719815 0.05581222 0.59196216 0.03801713138818741
24 0.01684278 0.5015503  0.14992799 0.60760653 0.03782403841614723
24 0.00485823 0.4908766  0.05409703 0.5614019  0.03772084414958954
24 0.21695086 0.03098333 0.7740776  0.14117232 0.03750661388039589
24 0.5155618  0.12330236 0.98556775 0.6360801  0.03739621490240097
24 0.5954055  0.82658863 1.         0.9739188  0.03727100044488907
24 0.29231563 0.39844042 0.85962343 0.7652623  0.037052903324365616
10 0.         0.03630539 0.41658825 0.5013855  0.03647852689027786
34 0.45542806 0.3599751  0.801635   0.7982531  0.036217283457517624
24 0.01225265 0.47103995 0.10890717 0.6320919  0.03589235618710518
34 0.37246555 0.3667786  0.9228526  0.75471294 0.03545474261045456
34 0.30817333 0.53921    1.         0.89192927 0.03506496548652649
1 0.60647297 0.0260318  0.96800506 0.914751   0.0348409041762352
24 0.3759604  0.03260844 0.8670976  0.13521828 0.03463027998805046
14 0.00166792 0.58649683 0.05306484 0.68683195 0.034476883709430695
1 0.07855535 0.05277501 0.6645217  0.85773844 0.03421224281191826
24 0.00462479 0.5441644  0.05708644 0.622557   0.03409748524427414
24 0.0159823  0.52824396 0.1518941  0.64155924 0.033835992217063904
39 0.         0.5967383  0.08204886 0.6820144  0.033833324909210205
38 0.10638075 0.16793689 0.5541556  0.49501598 0.033653248101472855
41 0.01479983 0.01143131 0.31797543 0.17208752 0.03352741152048111
10 0.06067269 0.20363614 0.6062514  0.6075296  0.0329572893679142
10 0.5942139  0.00494008 1.         0.16149735 0.03273731470108032
24 0.00691934 0.55468    0.07772055 0.61507213 0.03262554854154587
41 0.00619277 0.6010502  0.07652968 0.6904181  0.032571155577898026
10 0.34984887 0.00118066 0.6488546  0.08475936 0.032027605921030045
39 0.         0.56998175 0.08325358 0.6558811  0.03193018585443497
1 0.34899828 0.00076215 0.5734586  0.12351556 0.03164610266685486
27 0.         0.7276251  0.47019318 1.         0.031247738748788834
13 0.04314308 0.         0.49384084 0.65083987 0.030974024906754494
24 0.19376308 0.322711   0.6399824  0.66412896 0.0308412853628397
39 0.         0.5577395  0.05966212 0.66725475 0.03059285320341587
24 0.75450695 0.6393331  1.         0.9956594  0.03027700074017048
24 0.00508346 0.5806072  0.07916672 0.64549345 0.03005354478955269
1 0.00720619 0.00488024 0.19668996 0.50464445 0.029952397570014
16 0.05858267 0.21026567 0.46302167 0.48307547 0.029752736911177635
41 0.11210132 0.3077163  0.72690994 0.6560197  0.02962612546980381
41 0.01581858 0.         0.16667503 0.0817863  0.02928389050066471
24 0.5765562 0.7089989 1.        0.9349989 0.029076505452394485
14 0.         0.5760711  0.07374954 0.6471809  0.02907002530992031
10 0.00150855 0.5417708  0.05962453 0.6473185  0.0287913978099823
24 0.37924144 0.01958128 0.5744256  0.09641487 0.02876001037657261
24 0.75126505 0.50411177 1.         0.88257325 0.028705954551696777
1 0.15221897 0.54904634 0.96676373 0.9951212  0.02868444100022316
41 0.00117661 0.4632633  0.1511334  0.62918484 0.028617212548851967
1 0.         0.44365445 0.11461869 0.68232805 0.028482263907790184
41 0.01460299 0.         0.12329265 0.11948013 0.028411250561475754
24 0.31684998 0.7076449  1.         0.96079147 0.028320876881480217
7 0.13496435 0.02675316 0.8552706  0.71910787 0.0282738097012043
10 0.0020091  0.5161459  0.06130274 0.6203247  0.028187576681375504
24 0.02853218 0.01943114 0.5763535  0.16007227 0.02816440910100937
15 0.0577243  0.1737085  0.57165563 0.5610653  0.028123116120696068
1 0.28626144 0.24440219 0.84579664 0.7433808  0.02804894745349884
14 0.         0.56443006 0.05313416 0.65833205 0.027905216440558434
10 0.00244292 0.4923598  0.06287873 0.5917582  0.02783280983567238
1 0.41080993 0.18136805 0.9227043  0.70040095 0.02781272679567337
41 0.5029652  0.36096847 0.76034945 0.8511743  0.0276945848017931
41 0.00395189 0.46252492 0.10974725 0.70363295 0.027562936767935753
24 0.41055697 0.05807168 0.95374787 0.28139547 0.027378080412745476
14 0.00505312 0.622726   0.0739137  0.7055215  0.0273554977029562
24 0.00355202 0.5695659  0.05781785 0.6542056  0.027139846235513687
18 0.92761487 0.         0.9987015  0.16579379 0.026971325278282166
39 0.         0.58461016 0.05871757 0.694376   0.026966243982315063
10 0.00091586 0.5794134  0.08114857 0.65909755 0.026878446340560913
24 0.00900656 0.00919126 0.10638137 0.1074734  0.026790328323841095
38 0.14974439 0.30552462 0.67722243 0.56154114 0.026697032153606415
1 0.         0.48153764 0.0556847  0.5827544  0.026624873280525208
25 0.         0.31584635 1.         0.78342927 0.026451246812939644
41 0.29899052 0.45628318 0.7649206  0.77291596 0.026410074904561043
1 0.9509322 0.        0.9964378 0.0951932 0.026334473863244057
1 0.32462654 0.16545457 0.70569843 0.79491067 0.026323514059185982
24 0.15318395 0.10028643 0.73089564 0.49860322 0.026310976594686508
24 0.0180012  0.47392687 0.14441374 0.575775   0.02620389685034752
10 0.00232373 0.55202883 0.08191229 0.6327693  0.026201939210295677
27 0.563525   0.74889165 1.         1.         0.026192428544163704
1 0.         0.5067592  0.0554831  0.60948145 0.026146894320845604
1 0.         0.53165126 0.0556538  0.63647324 0.026051634922623634
7 0.08332919 0.14263275 0.6430284  0.7228445  0.026050277054309845
41 0.94697267 0.00633638 1.         0.07861325 0.025892935693264008
24 0.07523614 0.02636616 0.49668416 0.21635023 0.02582547813653946
10 4.0428797e-04 5.6897902e-01 5.8327630e-02 6.7393696e-01 0.025772694498300552
41 0.36684668 0.5472583  0.84085214 0.7954595  0.02560480125248432
10 0.933148   0.00375938 0.99730265 0.0576592  0.0255456380546093
41 0.24122094 0.41756126 0.7455469  0.6340611  0.025533342733979225
24 0.23139459 0.2539574  0.79900086 0.5201463  0.025295380502939224
24 0.004224   0.6066228  0.07994725 0.67534536 0.025285612791776657
24 0.00569124 0.00639071 0.14399374 0.08012291 0.025099260732531548
34 0.10172969 0.6175077  0.98336184 0.9031714  0.02501869760453701
34 0.34210196 0.6510364  1.         0.92256165 0.02491077035665512
1 0.13140462 0.00128898 0.7151597  0.17850785 0.024702824652194977
18 0.9022799  0.         0.99972963 0.12201615 0.024621764197945595
2 0.15102534 0.07591161 0.81098884 0.76011443 0.024505726993083954
1 0.646347   0.72078073 1.         0.9884466  0.02445223554968834
41 0.00366269 0.58961403 0.05443386 0.7087973  0.02434357814490795
1 0.         0.4811677  0.15882759 0.64138937 0.02421247959136963
33 0.0114087  0.5714189  0.08095813 0.6456704  0.02411997877061367
24 0.05686172 0.05679053 0.8518005  0.30081955 0.02398715540766716
34 0.30191743 0.50237304 0.846855   0.8504761  0.023906873539090157
15 0.         0.13867828 0.7601976  0.542351   0.023893659934401512
38 0.12418076 0.31494212 1.         0.77890533 0.023871922865509987
24 0.01128454 0.55372536 0.15503049 0.67678475 0.023860540241003036
15 0.         0.07989304 0.4553417  0.7572025  0.02374042011797428
29 0.04814285 0.26716292 0.69399947 0.92646223 0.0237308107316494
1 5.7424021e-01 3.0761719e-04 9.2063439e-01 6.8770176e-01 0.02347247116267681
21 0.02332736 0.1306735  0.7923575  0.63271356 0.023075802251696587
28 0.         0.33877125 0.64103293 0.8057655  0.023016653954982758
10 0.         0.08465149 0.36106038 0.65216166 0.023006731644272804
38 0.08386203 0.21903585 0.65690666 0.732591   0.022885378450155258
18 0.95742524 0.         0.9996785  0.09044838 0.02285393886268139
15 0.07942861 0.2518648  0.68334377 0.52538496 0.022851994261145592
10 0.91695327 0.00131971 0.9961303  0.043714   0.02261347696185112
1 0.         0.01824595 0.78298086 0.35941875 0.022598937153816223
41 0.         0.01756499 0.5558703  0.17174691 0.022558480501174927
24 0.42287034 0.0554781  0.6740065  0.27156237 0.02253890596330166
1 0.10991368 0.         0.3989827  0.08895274 0.022501757368445396
10 0.11456683 0.27720654 0.8278214  0.8116145  0.022428283467888832
24 0.18037215 0.22383289 0.5715396  0.5373403  0.022150887176394463
1 0.         0.56976724 0.07764458 0.6521038  0.022029682993888855
33 0.21960823 0.26543614 0.94390434 0.91931236 0.022027093917131424
10 0.84228253 0.00211593 0.99836063 0.08394227 0.021932268515229225
21 0.12446086 0.2534111  0.9703172  0.90379864 0.02176523767411709
24 0.6477203  0.13140234 0.9859456  0.7957035  0.021706948056817055
19 0.0197096  0.01097791 0.64552104 0.7527493  0.021688221022486687
27 0.19511801 0.27980456 1.         0.75329816 0.021631302312016487
24 0.02037258 0.7618005  0.267545   1.         0.021419113501906395
41 0.31909314 0.0015176  0.64040875 0.07936243 0.02141514979302883
10 0.95062786 0.00529871 0.9973114  0.08287277 0.02120131626725197
25 0.         0.12404236 1.         0.6575455  0.02113308198750019
33 0.00884474 0.5357448  0.05960536 0.6332334  0.0210602805018425
1 0.72657675 0.47573513 0.9738225  0.94706136 0.02104603685438633
33 0.00827057 0.55964696 0.05882657 0.6571956  0.020865319296717644
24 0.00243644 0.59534186 0.05831009 0.68461525 0.020845331251621246
19 0.11275122 0.02951569 0.9039028  1.         0.020793750882148743
35 0.0068936  0.6001168  0.08017196 0.67332244 0.020581116899847984
24 0.28526938 0.0380953  0.69146585 0.20300458 0.020568853244185448
1 0.9077111  0.         0.99598587 0.17790037 0.020504234358668327
33 0.00872136 0.59734577 0.07988388 0.6693625  0.020372936502099037
14 5.9296290e-04 5.6126732e-01 1.4294268e-01 7.1298993e-01 0.020357882604002953
39 0.         0.5284662  0.17085366 0.69683605 0.02034970186650753
10 0.88530743 0.00636566 0.99596375 0.11806084 0.02029978111386299
28 0.         0.1913672  0.6627287  0.71665895 0.020253274589776993
1 0.13077822 0.10862976 0.5927799  0.5648865  0.02022939920425415
1 1.3107619e-04 5.8049113e-01 5.6656942e-02 6.8970734e-01 0.020192015916109085
24 0.12346053 0.01181027 0.4086366  0.07619505 0.020188333466649055
41 0.9291708  0.0049439  1.         0.05324993 0.020154522731900215
41 0.87677413 0.00798856 1.         0.11336336 0.020134110003709793
29 0.03796374 0.         0.599712   0.9838657  0.02004990167915821
33 0.00918328 0.51042444 0.06054928 0.6083819  0.019994864240288734
33 0.01221042 0.54679215 0.08212003 0.6211773  0.019904937595129013
39 0.        0.5307342 0.0610088 0.6400968 0.0198348555713892
27 0.02821663 0.24724102 0.7103847  0.9416449  0.019798975437879562
14 0.00443591 0.6084652  0.05341775 0.718415   0.01974182203412056
41 0.09059212 0.00708292 0.4216514  0.07844451 0.019655730575323105
34 0.38094187 0.24025816 0.8030991  0.7100981  0.01963857188820839
10 0.         0.60700256 0.08023668 0.6840457  0.019572442397475243
25 0.         0.4705716  0.05470807 0.5862883  0.01949671469628811
1 0.8763134  0.         0.99909866 0.12414081 0.019285691902041435
24 0.14416312 0.14667943 0.65770304 0.6266961  0.01923646777868271
35 0.00658656 0.56946707 0.07976877 0.64838105 0.019233236089348793
24 0.6826284  0.05577689 0.9819419  0.28594047 0.01921878755092621
1 0.83633214 0.         0.9945203  0.08692238 0.019093850627541542
1 0.4819215  0.17409147 0.80611575 0.8012823  0.0190744511783123
1 0.         0.5290004  0.16000685 0.6871173  0.01902596466243267
10 0.70664203 0.00158827 1.         0.24868424 0.018988249823451042
24 0.00955303 0.01128568 0.07734925 0.14497043 0.01894366182386875
10 0.8821496  0.00389795 1.         0.17793342 0.01878841035068035
27 0.         0.67221755 0.17889392 1.         0.01877526007592678
29 0.19502355 0.2591011  0.69117296 0.75618756 0.018769102171063423
33 0.00916552 0.4834543  0.0621675  0.58277214 0.01876595988869667
2 0.00882409 0.5982575  0.08029268 0.68346936 0.018731100484728813
41 0.3372858  0.00125579 0.5979292  0.11577829 0.01871366985142231
10 0.13427529 0.3016625  0.6026309  0.6796515  0.018614064902067184
41 0.39702523 0.5813981  0.9140665  0.8976888  0.018610360100865364
1 0.00096345 0.5949561  0.0794718  0.67790973 0.018580688163638115
10 0.03982005 0.10131413 0.56215215 0.5214659  0.018539797514677048
42 0.         0.48014233 0.05788015 0.58029586 0.01847011409699917
34 0.01165637 0.71029145 0.67355746 0.9409659  0.018251750618219376
7 0.06619049 0.10233294 0.52300966 0.5756597  0.01816946268081665
25 0.        0.        1.        0.5560303 0.018041078001260757
39 0.         0.5429675  0.08490597 0.6286695  0.017998138442635536
41 0.48355576 0.3349234  0.8867728  0.9405892  0.017937596887350082
16 0.0367012  0.19191058 0.46349397 0.6576682  0.01789896748960018
33 0.35123262 0.01141779 0.6833152  0.08429799 0.017886608839035034
14 0.         0.54205835 0.05225516 0.6318017  0.017789535224437714
41 0.01319855 0.00071729 0.08538661 0.16953681 0.01773213967680931
25 0.         0.27182102 0.9636427  0.6586947  0.017705773934721947
41 0.07328372 0.30241862 0.5581649  0.5717494  0.017551185563206673
29 0.02249285 0.         0.38764033 0.8119392  0.01753169670701027
24 0.15749921 0.4081541  0.8952317  0.8906749  0.017453743144869804
10 0.         0.59700954 0.05786655 0.699089   0.017428917810320854
24 0.84738904 0.8780457  1.         0.9982029  0.01740890182554722
24 0.01154757 0.69730157 0.17971686 1.         0.017379863187670708
24 0.33934513 0.5507618  0.87018096 0.8919316  0.01730659045279026
15 0.         0.8523457  0.70924366 0.99115855 0.017243526875972748
38 0.1754138  0.34756246 0.68421215 0.65155673 0.017180146649479866
41 0.         0.03017825 0.39106497 0.25954962 0.01715717650949955
1 0.93199575 0.         0.99615407 0.06220847 0.017088457942008972
24 0.01145398 0.4140957  0.10701884 0.57630575 0.01706238090991974
38 0.15460844 0.26335558 0.9023985  0.6441559  0.016918523237109184
24 0.07396822 0.05020617 0.56005526 0.2698203  0.01690184324979782
34 0.07638548 0.7943429  0.74234957 0.96296185 0.01683746464550495
7 0.10596301 0.01673134 0.79307336 0.4695635  0.016820712015032768
35 0.00386275 0.5865593  0.05699147 0.68387306 0.01680295541882515
2 0.00854644 0.5729047  0.07809919 0.6566588  0.016709068790078163
41 0.1391925  0.3525769  0.59929174 0.63055056 0.016645396128296852
10 0.37393185 0.00065294 0.6027676  0.12368546 0.016553496941924095
10 0.         0.51745874 0.16487712 0.6709854  0.01651753857731819
10 0.00300173 0.41824895 0.12698802 0.632612   0.016485298052430153
35 0.0035084  0.55602133 0.05723409 0.6589073  0.016484035179018974
24 0.0082395  0.5258684  0.11181545 0.6973501  0.016404977068305016
41 0.8307877  0.00284967 1.         0.07743808 0.016328370198607445
33 0.01522413 0.5083914  0.16601446 0.6504077  0.016178755089640617
18 0.8703459  0.         1.         0.08297256 0.0161163080483675
33 0.37799373 0.01461359 0.6316113  0.1216357  0.016040753573179245
24 0.5013764  0.33835122 0.9958189  0.62322766 0.01602816767990589
41 0.09609192 0.40879345 0.7728119  0.7625932  0.016016511246562004
18 0.94339746 0.         1.         0.06033941 0.015944387763738632
34 0.5893317  0.76863426 1.         0.9863021  0.015925085172057152
24 0.01706825 0.08451758 0.1638302  0.4521489  0.01586850732564926
34 0.02304517 0.         0.31536892 0.07849944 0.015851808711886406
1 0.         0.372006   0.10635163 0.6293928  0.015730103477835655
42 0.         0.50647604 0.05875099 0.6080775  0.015708990395069122
41 0.3265462 0.3119479 0.8352958 0.8654012 0.015656156465411186
41 0.08244596 0.01014492 0.3391507  0.11478943 0.01564994640648365
7 0.26700675 0.20146625 0.8865804  0.7691737  0.015452101826667786
7 0.00287239 0.4812296  0.04959561 0.5879894  0.015416932292282581
2 0.00621914 0.5637437  0.05722286 0.66888654 0.015364432707428932
16 0.0925158  0.30340073 0.5339311  0.6377473  0.01529964804649353
24 0.01863741 0.4456877  0.13968979 0.5477686  0.01529577374458313
24 0.22356822 0.00641417 0.3620485  0.03605302 0.015282261185348034
10 0.00271585 0.37269402 0.12033948 0.5719167  0.015235191211104393
29 0.08941078 0.19088243 0.75549185 0.5541086  0.015191740356385708
1 0.08773422 0.02740618 0.48685604 0.52838856 0.01515918131917715
41 0.00222144 0.39831787 0.11431173 0.64536583 0.015114341862499714
