34 0.         0.06690519 1.         0.28712618 0.8674330115318298
34 0.         0.03824    1.         0.44906563 0.8352119326591492
34 0.36791807 0.07324118 1.         0.4406865  0.46916693449020386
34 0.         0.12001579 1.         0.5763509  0.467926025390625
34 0.         0.06524386 0.7650155  0.36937845 0.44123974442481995
34 0.09993607 0.05662422 1.         0.2638426  0.43534502387046814
9 0.         0.         0.5478172  0.47382632 0.3477453887462616
34 0.36587557 0.07685138 1.         0.65705436 0.33680468797683716
41 0.00308874 0.3819697  0.4375891  0.919024   0.26307088136672974
41 0.04335775 0.         0.5129834  0.4192801  0.2510966360569
41 0.        0.        0.5040693 0.7567574 0.2206985205411911
34 0.         0.06382458 0.8669559  0.20225514 0.20298847556114197
34 0.08830083 0.         1.         0.64451957 0.18089930713176727
24 0.5982121  0.09108304 1.         0.42315677 0.16808581352233887
24 0.15526214 0.50167584 0.88677084 0.9453551  0.15575465559959412
41 2.4664562e-04 4.8838460e-01 4.0539226e-01 8.1864393e-01 0.15439413487911224
34 0.         0.07991884 0.9527521  0.24760184 0.15221038460731506
34 0.5719136  0.03562233 1.         0.49015728 0.14896228909492493
9 0.         0.         0.8092801  0.48294467 0.14712873101234436
34 0.04971075 0.3802297  0.9709154  0.78660995 0.14628039300441742
22 0.24253124 0.49943453 1.         0.9607869  0.1451851725578308
41 0.00638975 0.5737312  0.53194845 0.8803298  0.14399448037147522
21 0.8523901  0.89547414 0.9577422  0.9922993  0.14194829761981964
34 0.17951177 0.27200007 1.         0.74737924 0.14165575802326202
34 0.57606035 0.14262842 1.         0.4036411  0.14148782193660736
34 0.         0.08854441 0.71674347 0.6379302  0.1367606520652771
34 0.5380234  0.         1.         0.72783065 0.1338931918144226
24 0.11546046 0.3060968  1.         0.8459946  0.13317297399044037
21 0.82945216 0.67752194 0.95786744 0.9984829  0.12866999208927155
27 0.09706126 0.6187946  0.96917707 1.         0.12174828350543976
24 0.0194779  0.32278416 0.5819855  0.8951943  0.121723972260952
27 0.26288384 0.62848705 0.9646091  0.9376767  0.12044475227594376
21 0.8777824 0.8643788 0.961401  0.9895198 0.11357608437538147
24 0.         0.02831533 0.75585604 0.5864736  0.11345303058624268
41 0.01575289 0.         0.38353437 0.6072408  0.11215295642614365
1 0.08531568 0.44791633 0.8515732  0.88325036 0.10644367337226868
9 0.         0.         0.74701244 0.6762313  0.10599202662706375
41 0.14918269 0.53343105 0.4094264  0.9688526  0.1004675030708313
34 0.01073547 0.10515198 0.94187105 0.7760935  0.09391894191503525
2 0.2472346  0.29638687 0.9335642  1.         0.09238193929195404
1 0.0231604  0.35587186 1.         0.9055571  0.09226026386022568
41 0.         0.         0.57020354 0.52390486 0.09124750643968582
24 0.06290283 0.00680573 0.9893028  0.88275075 0.09117451310157776
24 0.6095611  0.0500914  1.         0.72113764 0.09078209102153778
24 0.01546076 0.24416688 0.39572367 0.83452415 0.09019681811332703
9 0.         0.         0.5715044  0.80582255 0.08952344954013824
34 0.43886334 0.19513898 1.         0.45626074 0.08578432351350784
37 0.47919568 0.06302062 1.         0.447376   0.08488453179597855
2 0.75796723 0.6190771  0.9580543  1.         0.08267641067504883
24 0.37762082 0.5993795  0.91946065 0.87070894 0.08053882420063019
24 0.4574042  0.10347487 1.         0.5004776  0.07851392030715942
2 0.2402787  0.61929107 0.9461903  0.9839748  0.07807030528783798
1 0.2318347  0.50971264 0.77980685 0.96858716 0.07800526171922684
16 0.47005606 0.7695254  0.8991431  0.9680688  0.07677220553159714
24 0.05307049 0.4510783  0.47829586 0.9737899  0.07669709622859955
24 0.2844572  0.09766236 1.         0.82295513 0.07635798305273056
24 0.         0.         0.60488033 0.81462383 0.0761178582906723
41 0.         0.2108048  0.34851274 0.88057256 0.07600095123052597
34 0.         0.39030278 0.7141958  0.87367105 0.07025833427906036
10 0.86102563 0.9181366  1.         1.         0.06989715993404388
27 0.11640137 0.20185027 0.9603156  1.         0.0685630813241005
18 0.8333982 0.9078039 1.        1.        0.0680670365691185
16 0.2626139  0.47907838 0.8581773  0.8486955  0.06793022155761719
41 0.06582072 0.50920063 0.752096   0.89659935 0.06717456132173538
34 0.03552953 0.4410681  0.6211191  0.8020516  0.06563889980316162
2 0.4069491 0.5697166 1.        1.        0.06470582634210587
41 0.0947623  0.61109287 0.5006899  0.9480876  0.06403486430644989
24 0.27744302 0.6267549  0.9796702  1.         0.063873291015625
24 0.1363742  0.47124258 0.7503285  0.8092377  0.06380215287208557
29 0.3161234 0.5599643 0.8416074 1.        0.06333431601524353
34 0.21129255 0.05488524 0.893431   0.31682414 0.0607767254114151
29 0.3994454  0.35923073 0.8461591  1.         0.06052915006875992
29 0.3862682 0.676786  0.9252093 1.        0.06049972400069237
10 0.83398604 0.74911815 1.         1.         0.06031513586640358
1 0.         0.07501541 1.         0.8193112  0.06015297397971153
16 0.36772394 0.68500924 0.93780285 0.9379176  0.05974813923239708
13 0.28477183 0.63221616 0.9690744  0.8934879  0.05871199443936348
41 0.03779975 0.         0.35015485 0.40542564 0.058675602078437805
16 0.83932287 0.932091   0.9762654  1.         0.056915923953056335
24 0.5151223  0.05803772 1.         0.34202307 0.056555602699518204
24 0.         0.45453146 0.49843237 0.7893131  0.05638475343585014
24 0.62062657 0.16800348 1.         0.4961172  0.05421961098909378
22 0.2668812  0.80721647 1.         0.9898647  0.05287819728255272
1 0.24600497 0.3982321  0.8342039  0.7978606  0.052766747772693634
27 0.1368103  0.44074902 0.7388541  0.9218972  0.051194578409194946
35 0.27421978 0.6861895  1.         1.         0.05102597922086716
16 0.82126546 0.80064523 0.9903679  1.         0.05093948915600777
34 0.18759878 0.48591325 0.7237314  0.8243754  0.04933423176407814
9 0.11867224 0.03182027 0.80324715 0.41049436 0.04927497357130051
22 0.6078082 0.545239  1.        1.        0.0474371612071991
16 0.42643926 0.5666295  0.9467069  0.8748161  0.047142960131168365
24 0.27891666 0.42881268 0.7855099  0.8912488  0.04711503908038139
13 0.3879865  0.61960536 1.         0.98885345 0.0469202846288681
4 0.07847458 0.73540235 1.         1.         0.04648379236459732
2 0.5854436 0.        1.        0.924479  0.04601505398750305
34 0.12319309 0.53171873 0.49145377 0.9263784  0.04573354497551918
1 0.05708979 0.26413807 0.77959806 0.8107743  0.04494123533368111
40 0.12007808 0.45769778 1.         1.         0.04450905695557594
2 0.19788799 0.4505374  0.7180816  0.894834   0.04438432306051254
25 0.3477538  0.5857536  0.84159946 0.89121664 0.0443008616566658
41 0.         0.07817228 0.7372134  0.8180045  0.04327266663312912
16 0.10797931 0.6396133  0.6460188  0.924776   0.043184585869312286
2 0.8317921  0.87802565 0.9762145  0.99912775 0.042443402111530304
34 0.11886828 0.35331827 0.5507422  0.8265097  0.04237255081534386
34 1.10092165e-04 5.77962101e-01 6.72525525e-01 8.55240166e-01 0.042177408933639526
1 0.07612511 0.2599223  0.52755606 0.7267171  0.04160807281732559
33 0.07258418 0.568833   0.9437612  1.         0.0408925861120224
9 0.40827993 0.08118786 0.8562016  0.45980144 0.04041361063718796
24 0.        0.3730165 0.7301937 0.7057342 0.039867814630270004
27 0.41990867 0.5870146  0.9948283  1.         0.03982177749276161
16 0.35279575 0.7559481  0.7888193  0.94541967 0.03950401023030281
3 0.6058522  0.07560008 0.9216612  0.42639828 0.039491813629865646
24 0.1664838  0.56471485 0.49868965 0.9835819  0.03927137330174446
28 0.22142331 0.6834347  0.97728926 1.         0.039228491485118866
34 0.2108607  0.4101946  0.73149973 0.71326256 0.039183828979730606
29 0.2204534  0.03074071 0.57531554 0.9026528  0.03910813853144646
9 0.         0.         0.40663612 0.46907616 0.03890827298164368
41 0.02621099 0.         0.5067932  0.2781141  0.03886280953884125
18 0.8136005  0.70374155 0.99771875 1.         0.03825958073139191
2 0.8633087  0.8298939  0.98229903 1.         0.03784207999706268
22 0.1338533 0.5423513 1.        0.8311521 0.037783943116664886
34 0.         0.36244884 0.6243371  0.70516104 0.03744672238826752
37 0.3616061  0.06960072 0.9300114  0.38915488 0.03743426129221916
1 0.18006751 0.46576554 0.5125252  0.92914146 0.03661639243364334
1 0.10153127 0.08909    0.89368635 0.7232898  0.036078620702028275
41 0.         0.3270843  0.38889    0.75857747 0.0360318087041378
29 0.17364666 0.5414698  0.69165856 1.         0.03586718067526817
27 0.54280496 0.         0.9583986  0.65394616 0.035642750561237335
9 0.         0.         0.466272   0.26214772 0.0353948250412941
22 0.67601717 0.64521086 0.99564356 1.         0.035269416868686676
1 0.08143432 0.08705398 0.3787666  0.7599307  0.035147301852703094
24 0.1804848  0.3824883  0.54310566 0.93989486 0.034777794033288956
18 0.86423516 0.87568736 0.98856276 1.         0.03476889804005623
16 0.32652643 0.40871516 0.99991477 0.82819545 0.03470246121287346
29 0.13475354 0.3306202  0.54860234 0.92467356 0.03462996706366539
27 0.3147346  0.32451162 0.9452654  0.94071466 0.0346173420548439
29 0.2553806  0.43008628 0.785374   1.         0.034211259335279465
13 0.31363866 0.75905186 1.         0.98137075 0.03401390090584755
15 0.        0.580557  0.8411633 0.9036257 0.03385400399565697
25 0.19005224 0.69770944 0.8837494  0.92918205 0.033801350742578506
40 0.32803413 0.544277   1.         1.         0.03300603851675987
35 0.37428468 0.45458254 1.         1.         0.03300449624657631
40 0.76749533 0.6473869  1.         1.         0.0327351912856102
41 0.        0.4443869 0.5240651 0.7541502 0.03261236846446991
24 0.48025525 0.38198176 0.9965093  0.8685458  0.032431937754154205
41 0.07673346 0.83733755 0.36603388 0.9722517  0.0320836566388607
24 0.4553177  0.52380496 0.85033727 0.8383949  0.031804077327251434
36 0.3602187  0.6098244  0.94104487 1.         0.031623177230358124
33 0.8170819  0.72600204 0.9868063  1.         0.031070517376065254
24 0.06628571 0.57073826 0.54258513 0.9096426  0.030703619122505188
27 0.         0.45378074 0.857985   0.9729686  0.030399475246667862
1 0.06029043 0.39770815 0.7341928  0.69975936 0.03032059781253338
2 0.41753635 0.16923554 1.         1.         0.030083101242780685
41 0.11412842 0.37737066 0.86983    0.7499705  0.029800627380609512
1 0.18504654 0.         1.         0.70716685 0.029687488451600075
24 0.12460417 0.55589354 0.71673566 0.8701513  0.029490936547517776
37 0.20011167 0.10170942 0.8784493  0.3520794  0.029046403244137764
24 0.         0.05531273 1.         0.5016711  0.029000841081142426
37 0.07341827 0.06081291 0.9722699  0.41178435 0.028803203254938126
34 0.03070422 0.21327032 0.75989085 0.6802138  0.02865898236632347
24 0.10159384 0.03953509 0.96697474 0.59741354 0.02864539436995983
40 0.14319906 0.70163035 1.         1.         0.028508789837360382
21 0.        0.2978914 0.3934733 0.9257372 0.028423132374882698
36 0.38697326 0.72849745 1.         1.         0.028386516496539116
24 0.084238  0.        0.5804783 0.5603021 0.02827404998242855
16 0.76316506 0.7817778  0.9762479  1.         0.02821403741836548
24 0.         0.00388832 0.64741355 0.42976135 0.028176069259643555
27 0.15987997 0.28832695 0.74725235 0.83233124 0.028045611456036568
34 0.12848908 0.58454275 1.         0.85834444 0.02781769633293152
13 0.3155387  0.46086848 0.90193737 0.9994668  0.027221327647566795
16 0.04791842 0.554348   0.55703616 0.87384117 0.027000058442354202
40 0.         0.31591916 0.7185308  1.         0.02663438767194748
34 0.49357012 0.29403368 1.         0.79612136 0.026533178985118866
27 0.3659976  0.5355763  0.86017317 0.9676461  0.026509994640946388
40 0.25518304 0.634116   1.         0.93734276 0.026369551196694374
22 0.        0.6224099 0.9890194 0.9514687 0.026291437447071075
34 0.         0.4733837  0.46188316 0.7807663  0.02623087167739868
33 0.34402078 0.5890883  0.9780407  0.90518314 0.02575889602303505
21 0.38265476 0.70792764 0.9652443  0.92315567 0.025541169568896294
14 0.08055944 0.5247503  0.81113327 1.         0.025483300909399986
1 0.12626003 0.43118694 0.6409972  0.824348   0.02547595277428627
9 0.        0.347235  0.4831971 0.7871869 0.025390004739165306
24 0.5701536  0.01464381 0.9430773  0.5188013  0.025177044793963432
2 0.         0.14756534 1.         0.86286926 0.02505609206855297
34 0.1380052 0.0059796 0.662359  0.3950535 0.0250259917229414
12 0.33670166 0.6397809  1.         0.8632756  0.024404844269156456
41 0.8382846  0.74461025 1.         1.         0.024381648749113083
41 0.3187548  0.6482331  0.83073926 0.93587446 0.02411649003624916
24 0.         0.20564212 0.2875792  0.7163739  0.02391963079571724
29 0.21861191 0.01513952 0.6796255  1.         0.02382732182741165
1 0.13541585 0.644924   1.         0.9696016  0.02381698414683342
35 0.6542285 0.6641434 1.        1.        0.023446230217814445
9 0.         0.4527983  0.5599171  0.75300634 0.023250536993145943
16 0.22925304 0.55553913 0.6835536  0.8544776  0.02317989058792591
6 0.28307346 0.6563738  0.7446228  1.         0.02302178181707859
22 0.7344762  0.46198863 0.9912136  1.         0.022616172209382057
24 0.        0.        0.3532272 0.7040258 0.02235925756394863
33 0.8734313  0.8934376  0.98783666 1.         0.022183733060956
41 0.05862942 0.6772634  0.37083614 0.938372   0.022158095613121986
24 0.8473125 0.9366789 1.        1.        0.022110136225819588
35 0.31376767 0.8246896  1.         0.9951871  0.021989870816469193
24 0.12288056 0.6013641  0.6422405  0.9666074  0.021983440965414047
34 0.         0.42604965 0.7988946  0.6833099  0.02187422662973404
12 0.36371693 0.5887766  1.         0.9356922  0.021719148382544518
41 0.03641543 0.7310766  0.77347636 0.9325735  0.021454043686389923
1 0.05807556 0.40242767 0.4804327  0.77089185 0.021290522068738937
41 0.89149994 0.9234543  1.         0.99985504 0.02126416563987732
16 0.86707044 0.91148967 0.99202526 1.         0.02125738561153412
4 0.21269156 0.49840546 1.         0.97815603 0.021234694868326187
10 0.0163349 0.409516  0.360855  0.9643442 0.02069767937064171
35 0.7462664 0.7344946 1.        1.        0.020613357424736023
24 0.46894217 0.23760758 1.         0.7229619  0.020412785932421684
24 0.1606498  0.73437107 0.9733168  0.9853474  0.020395997911691666
21 0.32015055 0.5949464  0.9965187  0.89128494 0.020357646048069
27 0.39365298 0.         1.         0.7465756  0.020265426486730576
41 0.43182507 0.7645093  0.9303423  0.9505534  0.020219065248966217
42 0.         0.92914593 0.06054956 0.99683636 0.020174168050289154
34 0.25555754 0.14221594 0.9190809  0.39840972 0.02004281058907509
1 0.04520274 0.32989472 0.666025   0.6434308  0.019895082339644432
21 0.         0.13967286 0.46374732 0.8694816  0.019752375781536102
40 0.         0.5288282  0.77072084 1.         0.019734587520360947
34 0.00699142 0.5898128  0.89196515 0.9297212  0.01946066878736019
18 0.01015879 0.93231785 0.06174318 0.9889013  0.019410597160458565
34 0.9003818  0.8511936  1.         0.99555546 0.0192395132035017
24 0.         0.22506069 0.55280125 0.6751607  0.01920471340417862
27 0.         0.5201537  0.6883296  0.89940536 0.018842138350009918
16 0.08486024 0.6193904  0.44666484 0.9122408  0.01870122365653515
34 0.         0.68888307 0.72315603 0.9385885  0.018670471385121346
41 0.4020637 0.4879475 0.9145522 0.9056648 0.018390849232673645
3 0.10104546 0.6010536  0.5069574  0.9158794  0.01802336797118187
25 0.3883327 0.8685954 0.9160603 0.9659361 0.01782269962131977
24 0.83012646 0.11191525 1.         0.5206291  0.01779302954673767
36 0.829752   0.73137176 1.         1.         0.01766195148229599
24 0.2042395  0.35401383 0.8909196  0.69037867 0.017659645527601242
15 0.         0.08165465 0.94517183 0.38322634 0.017395414412021637
15 0.         0.56049514 0.6176676  0.82646203 0.017266690731048584
41 0.1960857  0.44289878 0.5756343  0.84563446 0.017214370891451836
16 0.11953802 0.2660812  0.71226174 0.7975632  0.017200874164700508
42 0.        0.9419448 0.0857396 0.9957237 0.016600564122200012
34 0.864308  0.6472358 1.        0.9716381 0.016457248479127884
29 0.17439243 0.5304988  0.5308279  0.92557925 0.016421061009168625
3 0.02674144 0.56323373 0.56732386 0.83386403 0.016385724768042564
40 0.        0.4717397 0.5308806 0.9791163 0.016185563057661057
41 0.8570464 0.8103488 1.        0.9964703 0.016175799071788788
40 0.08644597 0.38993788 0.58102417 0.9077057  0.016173556447029114
35 0.3129684  0.536548   1.         0.92569196 0.016148386523127556
27 0.         0.41511425 0.75815594 0.7955117  0.016012584790587425
34 0.56673557 0.10364617 0.89180654 0.61261016 0.015917878597974777
38 0.28611115 0.5824606  0.77610373 0.9870372  0.015905577689409256
24 0.22555375 0.06868611 1.         0.39044186 0.015850726515054703
9 0.         0.25966293 0.47538704 0.9538241  0.01570386067032814
41 0.11107501 0.         0.4579996  0.59140724 0.015632882714271545
24 0.71995753 0.08824565 1.         0.5418067  0.01556757465004921
24 0.8771155 0.9083652 1.        1.        0.015484316274523735
9 0.         0.         0.5594069  0.29178149 0.015366530045866966
24 0.83015335 0.744916   0.9849276  1.         0.015234328806400299
16 0.7344943  0.5987361  0.95411503 0.95785797 0.015203283168375492
34 0.87824833 0.89028955 1.         0.99829656 0.015198711305856705
24 0.5223602  0.5189364  0.93381757 0.9001528  0.015135190449655056
34 0.47699493 0.07076233 1.         0.28965116 0.01500975526869297
33 0.214704   0.67849994 1.         1.         0.014977434650063515
25 0.86561424 0.9004374  0.98097456 0.98652023 0.014832097105681896
41 0.39742976 0.09313502 0.8895394  0.54139495 0.014768242835998535
33 0.23841573 0.4137259  0.98467696 0.9954566  0.014755371026694775
31 0.56713897 0.5976008  1.         1.         0.014673696830868721
29 0.20954221 0.4143949  0.6294931  0.8603818  0.014554205350577831
16 0.50763786 0.46895936 0.95520794 0.8256774  0.014519091695547104
35 0.8106928 0.9059295 1.        1.        0.014313018880784512
42 0.         0.8174069  0.08720315 1.         0.01428930088877678
18 0.01309832 0.8143822  0.08654641 0.9774993  0.014249212108552456
20 0.         0.54175663 0.42341682 0.8677526  0.014227025210857391
33 0.         0.         0.63536143 0.50249857 0.01417294330894947
25 0.25150055 0.5720584  0.8336823  0.80717915 0.014092369936406612
34 0.6579576  0.07977086 0.9874964  0.3927073  0.01402630191296339
40 0.         0.1941276  0.98641056 1.         0.013955848291516304
33 0.         0.46227205 0.85992354 0.9463531  0.013944525271654129
24 0.6050732  0.12785134 0.91910505 0.5719607  0.013922921381890774
35 0.6398436 0.8166267 1.        1.        0.013922031037509441
2 0.18595411 0.5775146  0.7417644  0.968682   0.01383540965616703
29 0.33865514 0.3497557  0.6897232  0.9901565  0.013826774433255196
10 0.43648052 0.77693236 1.         0.99279076 0.013645876199007034
22 0.8013213  0.8945305  0.99810946 0.9993374  0.013537011109292507
16 0.437765   0.69553393 0.9115177  0.8607612  0.013522987253963947
4 0.16382004 0.34030017 1.         0.93015534 0.013500298373401165
25 0.05782244 0.5523346  0.86685497 0.8797319  0.013349202461540699
9 0.01600054 0.6337043  0.8205131  0.9445451  0.013285692781209946
37 0.11132637 0.5092597  0.75068    0.9044713  0.013259084895253181
20 0.5065055  0.13349424 0.98321515 0.44962433 0.013252978213131428
40 0.         0.43511465 0.65545636 0.8044915  0.013235566206276417
11 0.22717245 0.74828833 0.98171335 1.         0.013147376477718353
34 0.38012606 0.03889246 1.         0.20973669 0.01314542256295681
12 0.1484818  0.57807785 0.793333   0.9744107  0.013110837899148464
36 0.44928724 0.6090838  0.8645637  0.9417739  0.012916811741888523
34 0.05767848 0.03543139 0.6287007  0.30233657 0.01286628469824791
24 0.09966375 0.6942758  0.54717475 0.9531877  0.012742137536406517
22 0.         0.44424817 0.9538905  0.90428    0.012740673497319221
15 0.         0.3825692  0.6015132  0.79589945 0.01261832658201456
20 0.         0.         0.5907346  0.23866905 0.012579298578202724
3 0.5964182  0.01707991 1.         0.36973053 0.012519565410912037
33 0.13019828 0.49884537 0.6522566  0.8500109  0.012515540234744549
