34 0.19718908 0.10276177 1.         0.733269   0.27776777744293213
24 0.        0.5368538 0.8215643 0.953865  0.26219138503074646
41 0.16510275 0.6810455  1.         1.         0.2530592978000641
41 0.02874474 0.57301325 0.83824223 1.         0.24669551849365234
24 0.09819108 0.35336232 0.97961    1.         0.23953737318515778
21 0.15919667 0.02263418 0.97555566 0.8653807  0.22956526279449463
24 0.19131513 0.64127946 0.92725253 0.94877034 0.22847487032413483
24 0.        0.58535   0.5691073 0.9335847 0.2216881960630417
24 0.49165803 0.16230683 0.99680036 1.         0.21293118596076965
34 0.4041323  0.07881401 1.         0.91385174 0.20254682004451752
24 0.         0.27052784 0.84870124 1.         0.20096330344676971
41 0.17560937 0.5549299  0.9155073  0.92933166 0.19764083623886108
24 0.32412508 0.23567457 1.         0.8981805  0.19755461812019348
24 0.04253947 0.7229461  1.         0.97780836 0.19754604995250702
34 0.        0.5906011 0.5235892 0.9568093 0.19068393111228943
24 0.15304007 0.5672115  0.9035519  0.8826976  0.18768958747386932
34 0.         0.51632583 0.49556702 0.86911786 0.1770809441804886
21 0.26771322 0.         0.9140725  0.67595583 0.17600245773792267
34 0.         0.70207924 1.         0.9657152  0.16923311352729797
34 0.2928085  0.         1.         0.56211287 0.1643502116203308
34 0.09496155 0.2968942  1.         0.8272942  0.16314806044101715
24 0.        0.6984539 0.6002337 0.9569081 0.16138765215873718
9 0.         0.03414652 0.3923333  0.7294752  0.15940828621387482
41 0.8901227 0.8508904 1.        1.        0.15582683682441711
24 0.        0.3119229 0.5956521 0.8919445 0.15431830286979675
34 0.         0.5500067  0.6559241  0.81280434 0.1533750742673874
34 0.         0.40317467 0.41255257 0.8313001  0.15286202728748322
24 0.15773256 0.5523646  0.51057285 0.9556173  0.14527033269405365
34 0.         0.30451322 0.60185146 0.83430755 0.14379489421844482
9 0.         0.         0.37983564 0.32418784 0.1409812867641449
41 0.02327273 0.46976498 0.50881565 1.         0.13981939852237701
24 0.31432185 0.49950013 1.         0.847719   0.1380239874124527
34 0.04721105 0.53691715 1.         0.90603805 0.137742280960083
41 0.14607793 0.37239403 1.         0.99481934 0.13381633162498474
21 0.4726219  0.10023117 0.7612395  0.6871768  0.13140210509300232
24 0.        0.2626597 1.        0.8356437 0.11917413026094437
41 0.3462156  0.620011   0.89379764 1.         0.11790803074836731
24 0.60490423 0.31793007 1.         0.9946152  0.10999805480241776
24 0.         0.59284705 0.38642427 0.8618771  0.10978460311889648
24 0.22152044 0.7846769  1.         0.990944   0.10731914639472961
41 0.00908296 0.376766   0.33639476 0.9873796  0.10718662291765213
41 0.02400531 0.76033044 0.80760926 1.         0.10427490621805191
34 0.         0.14359376 0.52347577 0.7138644  0.10332129895687103
21 0.41027945 0.13449104 0.8512223  0.63258487 0.10330066829919815
41 0.358498  0.8146454 1.        1.        0.10181474685668945
24 0.5017415  0.34903765 0.893354   0.97964543 0.10173365473747253
24 0.27427685 0.3847313  1.         0.7560415  0.10069578886032104
24 0.1603742  0.6872813  0.7272617  0.97125155 0.10059307515621185
24 0.41381428 0.5205482  0.78978336 0.9706904  0.09779125452041626
41 0.4993047  0.72581273 1.         1.         0.09737036377191544
34 0.         0.6935593  0.73616385 0.950006   0.0932958796620369
24 0.14109257 0.25939035 0.5306634  0.8595463  0.09299719333648682
1 0.         0.18655261 0.5960011  0.8697466  0.0925048366189003
34 0.27742967 0.6392347  0.9210641  0.95477736 0.09198612719774246
24 0.52653146 0.5021951  1.         0.95267195 0.09041677415370941
41 0.85860646 0.8905996  1.         0.9943103  0.0894535705447197
24 0.         0.5658356  0.28601658 0.91521233 0.08767472207546234
1 0.2889169  0.72545135 0.99321556 1.         0.08760427683591843
24 0.         0.43796712 0.3626601  0.9393942  0.08546542376279831
24 0.         0.23543704 0.45086366 0.94278395 0.08356062322854996
34 0.35895592 0.23074585 1.         0.6752485  0.0827893391251564
9 0.         0.16100673 0.507503   1.         0.08102643489837646
1 0.        0.        0.5095287 0.6950061 0.0799565240740776
34 0.         0.61730665 0.84861356 0.8910967  0.07783275097608566
24 0.07992966 0.47161734 0.8418705  0.8360208  0.07537616789340973
41 0.5355792  0.28948107 0.98726445 1.         0.07493513077497482
41 0.00675138 0.57285106 0.42561495 0.9126391  0.0739760622382164
9 0.         0.00090927 0.33448666 0.15614733 0.07207733392715454
1 0.37458992 0.5653902  0.8792687  1.         0.07097925245761871
41 0.01047721 0.6353432  0.3454501  1.         0.07047992944717407
41 0.19197802 0.65719736 0.7391236  1.         0.06946521252393723
34 0.09036215 0.7732849  1.         0.9631104  0.06937878578901291
41 0.02868607 0.772428   0.51429945 1.         0.0677621066570282
1 0.173007  0.4439795 1.        1.        0.06719178706407547
34 0.         0.78443635 0.8288244  0.9742431  0.06559222936630249
24 0.46241096 0.1317614  0.8643663  0.85946584 0.06540726870298386
24 0.         0.05200735 0.53007704 0.38495052 0.06527110189199448
41 0.71318007 0.80554146 1.         1.         0.06286972761154175
2 0.17071874 0.         0.6638554  0.9526699  0.06099334731698036
24 0.         0.47979844 0.5474282  0.7990283  0.05887822434306145
24 0.         0.03720151 0.538304   0.22083333 0.05832241103053093
41 0.3832721  0.30667368 1.         0.8871972  0.058142032474279404
24 0.5970743  0.46538594 1.         0.8169223  0.0557672344148159
34 0.17320122 0.03417033 0.9865016  0.34650087 0.05555525794625282
9 0.         0.00368045 0.25905457 0.50284934 0.055447325110435486
41 0.7858063 0.7394443 1.        1.        0.054756876081228256
24 0.619264  0.6028655 0.999899  0.9379334 0.05454102158546448
41 0.48216534 0.52337056 1.         0.99364334 0.054421186447143555
1 0.05845708 0.6365839  1.         1.         0.054279498755931854
34 0.3013286  0.12558626 1.         0.4436732  0.05234507843852043
34 0.         0.42529458 0.9279352  0.87492007 0.05149388685822487
24 0.51501006 0.8370005  1.         0.9860039  0.05145246163010597
41 0.00608711 0.23615362 0.44147137 1.         0.051433004438877106
1 0.         0.23155457 0.41184264 0.92585075 0.05016973242163658
41 0.774973   0.52578187 1.         0.9954231  0.049951355904340744
2 0.12873228 0.         0.53616464 0.87402064 0.04872638359665871
24 0.3317198  0.22177912 0.97096527 0.70764697 0.048199474811553955
24 0.24259908 0.3954093  0.92327964 0.90626824 0.048108961433172226
24 0.         0.7846796  0.46988988 0.973111   0.047857146710157394
1 0.06563329 0.5189574  0.8439769  0.999513   0.04749671369791031
41 0.47144374 0.30564183 0.87854034 0.8607726  0.04719504714012146
21 0.01257507 0.         0.8825908  0.7777449  0.0470031201839447
34 0.        0.4590532 0.5390488 0.7056137 0.04648146778345108
24 0.04273824 0.29376623 0.6577179  0.7713754  0.04632699489593506
21 0.33317813 0.0781513  0.759837   0.59480315 0.04594271257519722
24 0.30631542 0.7186047  0.8763728  0.9874106  0.044947754591703415
9 0.00532677 0.00553234 0.15073486 0.32589412 0.044811394065618515
34 0.         0.6469863  0.34490022 0.9351418  0.04479897394776344
1 0.03884505 0.         0.4543847  0.37730125 0.0441720224916935
41 0.432019   0.42033038 1.         0.83285135 0.04347306117415428
21 0.3441709 0.        0.6889752 0.467393  0.04240438714623451
41 0.         0.42341256 0.4256857  0.8076448  0.04228375479578972
24 0.         0.10623858 0.7684177  0.7882723  0.040947526693344116
1 0.        0.2571745 0.5115543 0.6844918 0.04026142507791519
34 0.18117948 0.5771533  0.9744277  0.85832787 0.039430517703294754
34 0.        0.1064591 0.3851417 0.543579  0.03896353021264076
41 0.        0.0003842 0.2694774 0.1929065 0.038359202444553375
24 0.         0.02823673 0.47995013 0.16122629 0.03743492066860199
24 0.41431028 0.7781381  0.91090906 0.9803701  0.03731636703014374
24 0.74791586 0.6227586  0.98635787 0.9496847  0.037247221916913986
24 0.70666385 0.3170713  1.         0.7229763  0.036646656692028046
24 0.         0.0629572  0.46754974 0.58420527 0.03663022816181183
1 0.004543   0.         0.5338295  0.23074372 0.036558326333761215
34 0.08831726 0.06871783 0.7391612  0.572939   0.03631676360964775
41 0.43658566 0.51362115 0.7679334  1.         0.0361483097076416
2 0.18571861 0.         0.66398335 0.40005264 0.03523016348481178
34 0.45667064 0.33173737 1.         0.754739   0.034986596554517746
34 0.16393799 0.15464886 0.9409604  0.6352134  0.03438674658536911
2 0.22008245 0.         0.7557448  0.7249387  0.03388771042227745
24 0.7172329  0.49189496 1.         0.9021464  0.033644482493400574
24 0.         0.47640473 0.29726788 0.83575666 0.03341306746006012
34 0.44663423 0.3991368  1.         0.9225336  0.033091142773628235
34 0.         0.06028931 0.28830612 0.44144252 0.03291261941194534
21 0.4494986  0.02601807 0.9648365  0.81322324 0.032718248665332794
41 0.01063211 0.10558596 0.4067245  0.8494986  0.03267723321914673
24 0.         0.84021604 0.73774284 0.9718209  0.03228606656193733
34 0.48373032 0.2633367  0.86635315 0.79428756 0.03194882720708847
24 0.87366456 0.876927   1.         0.99616814 0.0307573601603508
34 0.         0.40134853 0.4641858  0.65319395 0.030450258404016495
29 0.20598023 0.25181842 0.8448843  0.8107127  0.0297419261187315
9 0.         0.         0.59955275 0.6599338  0.029741348698735237
41 0.05203318 0.8261337  0.6556952  0.999613   0.02941226400434971
24 0.         0.08292516 0.73318255 0.45309657 0.029227979481220245
41 0.         0.30310333 0.24618922 0.8325273  0.028785308822989464
2 0.15777385 0.         0.612299   0.22712708 0.028743917122483253
24 0.1863529 0.290512  0.8841272 0.7723632 0.028707193210721016
34 0.27298295 0.41023773 1.         0.70287794 0.02866649255156517
21 0.14742753 0.         0.76958585 0.48357052 0.028299862518906593
24 0.02734614 0.1251333  0.5960434  0.5504978  0.028280330821871758
34 0.43320802 0.8239036  1.         0.9721845  0.028188245370984077
34 0.33726388 0.01363391 0.82838607 0.41735417 0.028012583032250404
9 0.         0.30685633 0.48811474 0.68030035 0.027992775663733482
24 0.68589103 0.7679955  1.         0.9824836  0.027926189824938774
34 0.38030666 0.15687187 0.9392825  0.5508367  0.027586134150624275
41 0.34500226 0.1644984  1.         0.55290216 0.027513781562447548
2 0.26134166 0.         0.905538   0.51942843 0.02739717625081539
41 0.17759797 0.5253002  0.5211568  1.         0.027322938665747643
29 0.34654668 0.32538643 0.99813765 0.8339011  0.027262482792139053
24 0.29996398 0.4556042  0.68878776 1.         0.027180463075637817
34 0.14511898 0.33820245 0.5673512  0.800211   0.02672843262553215
34 0.8483614  0.87475204 1.         0.9862724  0.026477541774511337
1 0.23156434 0.5008431  0.8678121  0.9041427  0.026207994669675827
24 0.10818537 0.08161626 0.4823272  0.53094256 0.026188679039478302
24 0.09137243 0.12164256 0.92779505 0.590727   0.026175927370786667
9 0.         0.35276377 0.37720963 1.         0.02613900974392891
41 0.19536403 0.07645992 1.         0.4261466  0.0260388795286417
24 0.01206587 0.83781546 0.08486389 0.9443804  0.025664009153842926
41 0.01907825 0.8338661  0.09363326 1.         0.025628410279750824
1 0.         0.40111694 0.31539994 0.936061   0.025442974641919136
34 0.         0.39543846 0.33675018 0.71115756 0.02542841248214245
10 0.15854281 0.21407829 0.87736654 1.         0.02502547949552536
41 0.01185921 0.45909578 0.58338094 0.8457009  0.024591341614723206
41 0.03702708 0.5015926  0.74352056 0.9021985  0.024413226172327995
9 0.         0.07791641 0.7873042  1.         0.024387041106820107
9 0.         0.         0.47512972 0.20580478 0.024374088272452354
9 0.         0.313898   0.36241755 0.7718602  0.024208663031458855
2 0.07189581 0.         0.3834438  0.9702377  0.024062156677246094
41 0.03825825 0.82524836 0.37855962 1.         0.0239439494907856
9 0.08508601 0.         0.41956803 0.50241315 0.023478223010897636
41 0.02912294 0.7702081  0.2752807  1.         0.023313960060477257
24 0.         0.42776805 0.37284666 0.76386344 0.02307785674929619
1 0.13731694 0.21294852 0.50111127 0.818566   0.023054439574480057
21 0.30317143 0.20675147 0.8291676  0.7125105  0.02293338254094124
2 0.19392268 0.         0.9200637  0.9718265  0.02284078672528267
1 0.00911387 0.45747784 0.49339727 1.         0.022804852575063705
1 0.06856898 0.16904837 1.         0.9560463  0.022642528638243675
24 0.842055  0.9101702 1.        0.9855279 0.0224771611392498
1 0.4649556  0.5276241  0.98229843 0.9581887  0.02241496369242668
34 0.         0.06573237 0.53540856 0.47331518 0.022185305133461952
24 0.05884389 0.06749354 1.         0.746098   0.022028887644410133
41 0.         0.         0.14780822 0.37911156 0.021941864863038063
1 0.         0.03431397 0.7570641  0.5165363  0.021765803918242455
21 0.         0.24915625 0.8724084  0.8385796  0.021727532148361206
41 0.58618456 0.4262978  0.93280804 0.9329641  0.021006876602768898
1 0.         0.04100264 0.55889887 0.41669032 0.020855892449617386
41 0.41294163 0.35919705 1.         0.67586595 0.020769856870174408
9 0.08692215 0.23660266 0.4942151  0.90503377 0.020699938759207726
34 0.00753337 0.27189672 0.6491702  0.67428625 0.020677605643868446
15 0.         0.06740955 0.3487085  0.46573234 0.0206136517226696
24 0.         0.3460159  0.5825398  0.69158065 0.020512936636805534
24 0.7952891  0.38301253 0.990849   0.8721515  0.0204225592315197
25 0.37815875 0.11382948 1.         0.9362257  0.02037196420133114
34 0.65566796 0.24325196 1.         0.61845136 0.01976979710161686
34 0.38958782 0.00112082 0.9834532  0.1767071  0.01960218884050846
9 0.         0.12710227 0.3401819  0.5365449  0.01953076757490635
29 0.22011386 0.44028124 0.78379    0.8524248  0.019096998497843742
21 0.50108767 0.21148878 0.8597422  0.80599415 0.01900394633412361
41 0.         0.01915451 0.26796463 0.7836386  0.01880962960422039
1 0.         0.34243134 0.37702823 0.71041536 0.01863992027938366
41 0.41601083 0.01330634 0.9730108  0.18908265 0.0184657983481884
2 0.12452596 0.17885804 0.7238448  0.95394576 0.018277842551469803
24 0.         0.28471458 0.6586154  0.6344112  0.018259624019265175
24 9.0123498e-04 7.8661501e-01 2.2341052e-01 9.8165548e-01 0.0182394627481699
24 0.00397653 0.84672195 0.33168006 0.9622755  0.01808927394449711
41 0.6624405  0.66028506 0.98725    1.         0.01803560182452202
29 0.5238257  0.14306842 0.9256114  0.8032995  0.017833366990089417
1 0.         0.6262085  0.68862945 1.         0.017805838957428932
1 0.        0.3991196 0.5891654 0.7839151 0.017400316894054413
34 0.14619866 0.04012215 0.6754254  0.3290637  0.01727398857474327
41 0.47593167 0.23062465 1.         0.61668676 0.0171361044049263
14 0.         0.         0.274575   0.53032285 0.017105767503380775
1 0.59071064 0.02331273 1.         1.         0.016610896214842796
1 0.         0.55206084 0.34054    1.         0.016512976959347725
14 0.00725236 0.0585863  0.3488568  0.57441103 0.01639634370803833
1 0.5280523  0.79274213 1.         1.         0.016144955530762672
34 0.         0.23886374 0.35254508 0.50969964 0.016131184995174408
25 0.01887507 0.30010307 1.         0.79069    0.015989767387509346
9 0.         0.43584096 0.492085   0.7958984  0.015982063487172127
1 0.6112812  0.40116724 1.         0.94165754 0.015684936195611954
2 0.29468173 0.05697301 0.8247077  1.         0.015632234513759613
9 0.02016289 0.01020775 0.77825767 0.4155743  0.015629630535840988
1 0.00811105 0.06159874 0.34641856 0.5894077  0.015452018938958645
34 0.         0.02263406 0.16980073 0.28851172 0.01534289214760065
1 0.09620941 0.28112376 0.60564905 0.7437844  0.015300736762583256
1 0.12584142 0.7873997  0.9493032  0.99859905 0.015160925686359406
9 0.         0.39409503 0.85315645 1.         0.015136290341615677
34 0.         0.01951949 0.32473472 0.15284047 0.015044447034597397
1 0.         0.04224341 0.4067663  0.32834142 0.014974720776081085
2 0.09599939 0.         0.4853964  0.25978592 0.014940513297915459
20 0.01349253 0.46994644 0.6863794  0.9327342  0.01475506741553545
41 0.19756392 0.25670776 0.87872064 0.8734489  0.014560617506504059
34 0.         0.7702261  0.46340552 0.9652023  0.014474461786448956
41 0.01712166 0.33725247 0.354426   0.72936934 0.014473331160843372
2 0.0825897  0.3649316  0.52366245 0.942603   0.014213408343493938
34 0.721895   0.5768558  1.         0.91842717 0.014123725704848766
25 0.22660676 0.         1.         0.67734927 0.014081409201025963
41 0.0095753  0.7017659  0.18829443 1.         0.014064261689782143
20 0.06364876 0.217218   0.7985146  0.9277139  0.013981682248413563
41 0.4395913  0.06647616 0.9411307  0.56363475 0.013800050131976604
2 0.11128909 0.0044864  0.5481068  0.16367245 0.013776791281998158
15 0.         0.05170902 0.19779946 0.29943126 0.013645491562783718
1 0.         0.16798474 0.5159776  0.506205   0.013321260921657085
21 0.10325155 0.00638119 0.7425988  0.3545941  0.013311717659235
9 0.06561358 0.47098085 0.8318634  0.9270741  0.0132750878110528
41 0.06354538 0.27301508 0.6683216  0.9934186  0.013231378979980946
24 0.         0.16464093 0.34996095 0.80372256 0.01312505267560482
20 0.01770114 0.01269513 0.15377371 0.27063072 0.01309618167579174
34 0.         0.01823728 0.43397468 0.27415138 0.01309564895927906
41 0.         0.03997768 0.37364936 0.37527984 0.013072906993329525
40 0.         0.18631257 0.9499179  1.         0.013028949499130249
24 0.05448222 0.24613804 1.         0.6331519  0.013028881512582302
34 0.66324544 0.4582738  1.         0.8620083  0.01298324391245842
14 0.86794174 0.01710482 0.98305607 0.26102856 0.012964261695742607
41 0.56244665 0.38325116 1.         0.7553908  0.012938574887812138
10 0.50408214 0.27939117 0.86333907 0.85630494 0.012878533452749252
24 0.22146311 0.08079888 0.7884105  0.5176158  0.012814080342650414
1 0.00158225 0.         0.34299934 0.1399382  0.012743801809847355
39 0.00528983 0.02560977 0.17406535 0.30428538 0.012731047347187996
25 0.         0.11570954 1.         0.84431356 0.012714301235973835
2 0.09367485 0.         0.43381634 0.6629768  0.012702921405434608
34 0.0214932  0.40014875 0.63100845 0.7426458  0.012676995247602463
34 0.43941876 0.04607826 0.9903492  0.49582165 0.0126655837520957
24 0.         0.71820176 0.1557764  0.9372931  0.012549650855362415
41 0.01740522 0.02534386 0.4844034  0.18205711 0.012458478100597858
21 0.3217113  0.30334383 0.9731593  0.671356   0.01239762268960476
24 0.4882503  0.29208994 1.         0.7175934  0.012274074368178844
34 0.20341311 0.47239208 0.9666922  0.7783731  0.01221686601638794
41 0.4061693  0.03981429 0.9967086  0.36104    0.012061730958521366
24 0.817062   0.724432   1.         0.99128234 0.012050364166498184
41 0.74506146 0.26731253 1.         0.84367985 0.011986115016043186
21 0.422352   0.03789347 0.6822669  0.5949012  0.011887568980455399
34 0.5520505  0.69112015 1.         0.95964116 0.011868581175804138
33 0.0081892  0.01592897 0.3245754  0.13372645 0.01178728137165308
41 0.82111293 0.3007386  1.         0.9824738  0.011473522521555424
14 0.         0.         0.14624757 0.31409895 0.011467481032013893
29 0.49444744 0.37225634 0.9594486  0.9008822  0.011437428183853626
35 0.         0.01100675 0.48904878 0.6695683  0.011375428177416325
34 0.7936378 0.9035898 1.        0.9908971 0.011312315240502357
20 0.265199   0.08693393 0.91199017 0.7117711  0.01127751637250185
25 0.         0.00740875 0.73790765 0.7557962  0.011253968812525272
41 0.58055705 0.52819157 1.         0.86244166 0.01125246100127697
41 0.         0.         0.28260356 0.48963976 0.01123292837291956
34 0.         0.00912582 0.5072638  0.17656898 0.011037712916731834
1 0.15176226 0.6624172  0.73633486 0.98546916 0.011020395904779434
34 0.6754198  0.3272072  1.         0.71972424 0.01092912070453167
24 0.38145417 0.16617826 0.7285532  0.74636036 0.01069511566311121
25 0.         0.21372639 0.35585165 0.86406964 0.010644163005053997
33 0.0247184  0.2042685  0.47601908 0.89037216 0.010564587078988552
24 0.01372705 0.8862422  0.121414   0.96208    0.010462391190230846
2 0.53125554 0.         0.8756656  1.         0.01041607279330492
