24 0.34439728 0.20611906 0.5899071  0.74980503 0.524136483669281
24 0.36227307 0.12086708 0.62626773 0.53156006 0.1960209757089615
24 0.27341872 0.21574906 0.7182767  0.55564386 0.08272524923086166
21 0.         0.         0.9100081  0.81729066 0.08267159759998322
21 0.02799049 0.         0.7337135  0.7302435  0.06330065429210663
24 0.25982577 0.17121166 0.83194023 0.7922553  0.057671479880809784
24 0.27741504 0.1607859  0.8095845  0.47923255 0.049288082867860794
21 0.25836173 0.         0.6128249  0.7128525  0.04153531789779663
41 0.91402924 0.04503997 0.996736   0.12673327 0.03723578900098801
18 0.9534372  0.         0.99882275 0.08199731 0.037108905613422394
18 0.9346663  0.         0.99997306 0.10700954 0.035375215113162994
41 0.9330353  0.03133855 0.99964315 0.14441378 0.03495417535305023
41 0.9132841  0.01667496 0.9986595  0.10006109 0.034327585250139236
24 0.23939113 0.17326163 0.5068094  0.5876496  0.0336218997836113
18 0.9197488  0.         0.99900943 0.06631465 0.03291716054081917
24 0.04941935 0.25711766 0.60611266 0.899148   0.02950381301343441
41 0.9148753  0.07262644 0.9945392  0.15219192 0.029412860050797462
24 0.2289383  0.24183802 0.6216375  0.66711074 0.02895127609372139
24 0.40902492 0.31458744 0.65229887 0.7816634  0.02699355036020279
18 0.91630495 0.         1.         0.14403862 0.026492591947317123
41 0.93133444 0.27118844 0.99658895 0.38561386 0.02621847204864025
41 0.93248355 0.00280547 1.         0.11740893 0.025975273922085762
41 0.91528517 0.10003427 0.99406284 0.17819595 0.02597086690366268
41 0.933494   0.08591387 0.9972987  0.19643232 0.02570461854338646
41 0.91348034 0.00561565 1.         0.1627009  0.025101598352193832
18 0.93420017 0.03557636 1.         0.1519215  0.024868600070476532
18 0.9169861  0.02749668 1.         0.11129715 0.02450084313750267
41 0.91520613 0.12684582 0.99377406 0.20461516 0.02438969351351261
42 0.9296876  0.00415291 0.99501354 0.12537152 0.02352641522884369
24 0.29150513 0.39567408 0.69377506 0.7290334  0.023293334990739822
24 0.14455144 0.12870458 0.69240594 0.6359985  0.023172058165073395
42 0.90918    0.         0.99657565 0.17711754 0.023061243817210197
24 0.17495666 0.07810366 0.98560333 0.5229814  0.022308355197310448
41 0.9149705  0.15339978 0.99352217 0.23133007 0.022290514782071114
41 0.9329487  0.13965897 0.99673027 0.24936798 0.02167816273868084
41 0.9142384  0.01224098 0.9989949  0.34119603 0.02143448032438755
41 0.93128043 0.21959585 0.99592626 0.33103144 0.021120917052030563
41 0.9211922  0.93860626 1.         0.9912355  0.020821379497647285
41 0.35220855 0.25033    0.5965402  0.70558625 0.020805105566978455
41 0.9144942  0.1800029  0.99325585 0.25837326 0.020439106971025467
42 0.9107756  0.01658389 0.992426   0.10534324 0.020328909158706665
41 0.88063467 0.03593741 0.99744785 0.26136872 0.020275505259633064
42 0.95105326 0.00411932 0.9954661  0.08981146 0.020270345732569695
41 0.9323757  0.16641209 0.99634504 0.27646357 0.020068032667040825
18 0.93460685 0.08863682 1.         0.20556007 0.01986147277057171
33 0.27531755 0.30262944 0.58959204 0.5968974  0.019603893160820007
42 0.90789604 0.         0.99899346 0.37186697 0.019428253173828125
1 0.9493339  0.         0.997263   0.09132333 0.019336488097906113
18 0.91768676 0.08034956 1.         0.16522028 0.01928316242992878
41 0.91382366 0.20660561 0.9928904  0.2855297  0.018989654257893562
41 0.9134299  0.23338631 0.99295646 0.31229898 0.01842127926647663
41 0.8784925  0.00653875 1.         0.11919955 0.018258802592754364
41 0.9149863  0.00104674 1.         0.0718154  0.01825726591050625
42 0.9101247  0.04008197 0.9953528  0.13028753 0.017742136493325233
41 0.9521163  0.         1.         0.08502168 0.01773887500166893
18 0.9168209 0.        1.        0.2943299 0.017455654218792915
42 0.9147985  0.00382748 0.99042207 0.07675818 0.017420588061213493
10 0.01748933 0.44622356 0.3821434  0.9812878  0.01702665537595749
41 0.88892084 0.40439156 1.         0.63008285 0.016471190378069878
18 0.9182876  0.13304144 1.         0.21884969 0.016093803569674492
18 0.8827733  0.         0.9954002  0.05506918 0.015883583575487137
42 0.8791164  0.00329203 0.9949813  0.13100104 0.015111707150936127
42 0.9105519  0.06532113 0.99643606 0.1566542  0.015077541582286358
42 0.92967004 0.05063037 0.9976752  0.17539752 0.014914964325726032
10 0.05896561 0.15444139 0.3988163  0.70016026 0.014808885753154755
42 0.9110464  0.09129658 0.9965477  0.18411238 0.014407710172235966
18 0.93436915 0.14108187 1.         0.25941834 0.014396386221051216
41 0.88069856 0.0931472  0.995168   0.3148868  0.014331692829728127
42 0.91075087 0.11795755 0.9966328  0.21112286 0.013876507058739662
41 0.88133967 0.14893876 0.99542737 0.36966497 0.013433562591671944
24 0.20348972 0.29798543 0.7209953  0.79982597 0.0134208332747221
42 0.9100213  0.14482123 0.99662673 0.23805334 0.013228318654000759
41 0.8656415 0.9026059 1.        0.9938081 0.013086911290884018
42 0.9268233  0.23984818 0.9987539  0.36407658 0.012824521400034428
42 0.90918213 0.17218481 0.9967153  0.2650759  0.012797946110367775
42 0.9293265  0.10297856 0.9983707  0.23034278 0.012628036551177502
41 0.8841026  0.3032265  1.         0.52349913 0.012515384703874588
42 0.9337732  0.00429662 0.9935334  0.06110701 0.012472017668187618
42 0.9081816  0.19980624 0.9966036  0.29199854 0.012138713151216507
42 0.92813426 0.15790355 0.99862134 0.28460187 0.011795178055763245
41 0.8337064  0.03498903 1.         0.19341756 0.011690044775605202
42 0.9164366  0.00336812 0.99145246 0.04418522 0.01142898015677929
42 0.9071898  0.22730291 0.9963304  0.31824392 0.011418664827942848
24 0.3029075  0.51379085 0.784296   0.7462877  0.011271818540990353
1 0.92914677 0.         0.9959357  0.06408692 0.011150365695357323
1 0.9274455  0.         0.99753565 0.12182928 0.011128335259854794
34 0.14199491 0.17973125 0.60825056 0.66298485 0.011127027682960033
41 0.8690103  0.00267188 0.9986193  0.05660192 0.01106995902955532
18 0.8860236  0.         1.         0.23071964 0.010948970913887024
42 0.87393373 0.01801805 0.99935836 0.2815446  0.010873550549149513
10 0.10765579 0.38397518 0.716293   1.         0.010752596892416477
18 0.12295388 0.24664752 0.36259302 0.96437097 0.010641751810908318
42 0.92848724 0.2912845  0.99812835 0.41919705 0.010545998811721802
41 0.8522151  0.43204907 1.         0.59277165 0.010529100894927979
18 0.91859937 0.1855281  1.         0.27215827 0.01052340492606163
1 0.90813315 0.         0.9930813  0.07792552 0.010031446814537048
24 0.35061327 0.41996786 0.5934895  0.79549897 0.009754777885973454
32 0.95652837 0.         1.         0.08613222 0.009451651945710182
41 9.1676718e-01 6.3150091e-04 1.0000000e+00 4.0756837e-02 0.009326593950390816
1 0.90899265 0.         0.99466383 0.04705335 0.009292367845773697
18 0.9334254  0.193975   1.         0.31359175 0.009002580307424068
41 0.8911297 0.5053834 1.        0.7277907 0.008891554549336433
7 0.07331013 0.14423758 0.46671927 0.9063984  0.008665835484862328
24 0.2841023  0.41985613 0.8352569  0.80912864 0.008546246215701103
42 0.8713734  0.12387773 0.9991792  0.39071393 0.008478151634335518
18 0.8489517  0.         1.         0.08110479 0.008403530344367027
7 0.28451595 0.16930263 0.50271547 0.867535   0.008160452358424664
18 0.0324825  0.21183363 0.08837515 0.51035404 0.008141628466546535
42 0.87639683 0.00422564 0.9827188  0.06214743 0.008053306490182877
18 0.06083936 0.02082158 0.1734907  0.6176907  0.007938085123896599
1 0.9053172  0.         0.99628603 0.16862191 0.007793277036398649
41 0.8542696  0.48142436 1.         0.6446382  0.00778680294752121
41 0.83074164 0.00811668 1.         0.1397515  0.007781309075653553
10 0.05034929 0.10570486 0.35106203 0.97552514 0.007657409645617008
32 0.9401454  0.         1.         0.11688527 0.007608376443386078
41 0.8367226  0.08977825 0.9969312  0.24452877 0.0075532724149525166
41 0.8855133  0.79651594 1.         0.9914169  0.007440266199409962
41 0.8309689  0.02925845 0.9998756  0.33098805 0.0073465933091938496
41 0.88842165 0.55888516 1.         0.7790715  0.0073397280648350716
41 0.8273822  0.00387852 1.         0.08203474 0.007300055585801601
41 0.8447629  0.35344714 1.         0.5098959  0.007252600975334644
41 0.8354891  0.1214356  0.99982625 0.6827177  0.007247865200042725
21 0.        0.        0.9711312 0.4927653 0.007234786171466112
24 0.3007234  0.60452735 0.7845796  0.82338274 0.007124943193048239
32 0.923758   0.         1.         0.04304699 0.007042889948934317
1 0.92491907 0.04428009 0.9953414  0.17532596 0.007027104962617159
32 0.94046164 0.         1.         0.0592626  0.006971900351345539
18 0.8486779  0.         1.         0.13450837 0.006959512364119291
42 0.8389023  0.         0.99836725 0.16008565 0.006895620375871658
41 0.8382031  0.19755565 0.99619156 0.35426998 0.006821210961788893
21 0.         0.3517322  0.33973756 0.87401265 0.006811509374529123
41 0.83938277 0.25068086 0.9981578  0.40781614 0.006758080795407295
41 0.8414575  0.30267552 1.         0.4582739  0.006733786314725876
41 0.8531561  0.53358424 1.         0.6966257  0.006723295897245407
41 0.8370583  0.14391051 0.9957408  0.2989219  0.006715706549584866
18 0.13997541 0.         0.37562254 0.90504885 0.006702433805912733
10 0.27246714 0.35317954 0.5937433  0.8432597  0.0066614397801458836
21 0.17337601 0.03365069 0.74890286 0.53897756 0.006614848971366882
7 0.10702965 0.04827339 0.55510736 0.81411856 0.0066131968051195145
18 0.93292063 0.24705257 0.99826103 0.36651817 0.006601016502827406
1 0.90422946 0.0344221  0.99203664 0.12927404 0.006577818188816309
18 0.8531095 0.        0.9703838 0.055994  0.00653628958389163
33 0.26327607 0.19133228 0.5044196  0.60203236 0.0063605657778680325
18 0.8873937  0.08057927 1.         0.33166346 0.006341903004795313
1 0.297524   0.         0.66443473 0.6529679  0.006331964861601591
20 0.32028908 0.1974037  0.5221248  0.7953359  0.00632256455719471
41 0.8855982  0.61268955 1.         0.83421355 0.006085461471229792
18 0.03764345 0.23446447 0.12593137 0.4749459  0.005970984697341919
10 0.         0.77244484 0.434729   0.99454534 0.005940059665590525
1 0.8607462  0.         0.98114496 0.06339727 0.005938180722296238
42 0.84275395 0.00152384 0.9910299  0.0928564  0.005932067986577749
41 0.85125864 0.58907956 1.         0.74823207 0.005913799162954092
10 0.9080994  0.00243983 1.         0.04157403 0.005901571828871965
1 0.         0.5667689  0.36191314 0.89072675 0.00586173590272665
7 0.04155958 0.11761246 0.74084985 1.         0.005787962581962347
42 0.87098116 0.23275557 0.9996644  0.5008656  0.005786070134490728
1 0.9246554  0.09830759 0.99470663 0.23004445 0.005706180352717638
21 0.00088484 0.03785698 0.41325018 0.628525   0.0057029942981898785
24 0.21051235 0.48149726 0.5856359  0.790888   0.00563065567985177
32 0.9250311  0.         1.         0.16192299 0.005596529226750135
10 0.00664659 0.255812   0.09933423 0.54865664 0.005583502817898989
10 0.9459627  0.00433437 1.         0.08068363 0.005438089836388826
1 0.9060017  0.         0.9979654  0.36176592 0.00535073084756732
1 0.9039334  0.06047008 0.99068433 0.15571852 0.005290368106216192
18 0.38502944 0.07604645 1.         1.         0.005219599697738886
1 0.8711742  0.         0.992446   0.12471901 0.005037968046963215
1 0.9255905  0.15385254 0.99583304 0.28606802 0.00500032864511013
32 0.92388093 0.02720988 1.         0.12508377 0.004936999641358852
33 0.         0.17268154 0.76999974 0.73479825 0.004910679068416357
18 0.12325629 0.5272668  0.38015443 0.8533423  0.004910510964691639
24 0.9499006  0.0057875  0.9983255  0.07686397 0.004895247519016266
18 0.83634555 0.8841017  0.98249567 0.98839366 0.004812892992049456
32 0.940175   0.03320474 1.         0.16651206 0.004804869182407856
1 0.90393794 0.08724222 0.9901763  0.1833008  0.004788097459822893
41 0.8438378  0.696012   1.         0.99574375 0.004682979546487331
1 0.9259899  0.21174017 0.99850357 0.34355667 0.004650117363780737
10 0.00390987 0.15073825 0.19500273 0.6865397  0.004613514058291912
10 0.90992284 0.00159978 1.         0.06936492 0.004602052271366119
24 0.39345995 0.48117116 0.62094146 0.83051944 0.004581454675644636
1 0.9040971  0.11413431 0.99021405 0.21050519 0.004571960307657719
1 0.8250054 0.        0.9831259 0.0904168 0.004506123252213001
4 0.09471364 0.3969402  0.8123445  0.9232236  0.004481608979403973
18 0.07944412 0.04219788 0.25381464 0.58058923 0.004477425012737513
42 0.82952356 0.00404956 1.         0.3722622  0.004435221664607525
41 0.845764   0.44226453 1.         0.9910235  0.004349697381258011
10 0.01148033 0.5088436  0.46909332 0.810661   0.004336999263614416
21 0.         0.03178455 0.8506739  0.44972077 0.004334599245339632
1 0.92672175 0.265552   1.         0.39875913 0.004314042162150145
41 0.84961903 0.64294356 1.         0.80321056 0.004303265362977982
24 0.19991787 0.59790874 0.9378148  0.86871594 0.004229047801345587
42 0.87438387 0.33761302 0.9971667  0.59953165 0.004221448674798012
18 0.8711113 0.8478107 0.9791254 0.9976465 0.004221239127218723
1 0.9045417  0.14112844 0.99059534 0.23747332 0.0042186337523162365
41 0.03006612 0.303391   0.18140964 0.45544338 0.004213040228933096
18 0.906449   0.93376815 0.9874701  0.9975482  0.004202250856906176
21 0.18320478 0.42302752 0.8522664  0.7694105  0.004181946627795696
41 0.8828872  0.66362065 1.         0.8877782  0.004166914615780115
41 0.2582181  0.28649008 0.66796803 0.54259145 0.004060755949467421
24 0.24449855 0.5550749  0.6979483  0.7618375  0.004040364176034927
1 0.         0.31759086 0.05325482 0.4145223  0.00402761111035943
18 0.8432834 0.        1.        0.2995543 0.004002567380666733
32 0.9267631  0.         1.         0.32741666 0.003985011018812656
24 0.00274437 0.32946926 0.05449543 0.40001598 0.003960941452533007
10 0.00151876 0.27932635 0.13451236 0.49926057 0.003956695087254047
32 0.8962079 0.        1.        0.1216627 0.003940669819712639
1 0.8292583  0.         0.94804496 0.06424038 0.0039391228929162025
18 0.84771574 0.02967838 1.         0.22882493 0.003924680408090353
25 0.8831594  0.9435017  1.         0.99734837 0.003921625204384327
1 0.9050816  0.16849983 0.9914313  0.26484242 0.0038619423285126686
9 0.26164067 0.18071951 0.55090743 0.7722879  0.0038249329663813114
41 0.22600307 0.2922166  0.8549162  0.7777989  0.0038183846045285463
10 0.01837107 0.5932643  0.37849927 0.9050828  0.0037329187616705894
21 0.         0.37659496 0.9724868  0.8484366  0.0036886148154735565
10 0.         0.27427974 0.19259165 0.41512644 0.0036769022699445486
32 0.8877644  0.         0.99818677 0.05850064 0.0036330674774944782
24 0.9328941  0.00551301 0.99640584 0.05219022 0.0036103471647948027
1 0.12689222 0.         0.888023   0.49691635 0.0035820023622363806
42 0.8304311  0.17938437 1.         0.3735219  0.0035558429080992937
21 0.8982249  0.00360482 0.9921794  0.03443961 0.003555240808054805
42 0.8345539  0.07167808 1.         0.26370847 0.0035401072818785906
42 0.84673786 0.00340036 0.95654625 0.06304254 0.003539188764989376
1 0.19760488 0.45214346 0.8993913  0.8349318  0.003533101873472333
7 0.22074543 0.07127213 0.4593977  0.7730184  0.0035246689803898335
24 0.93309635 0.01051819 0.996955   0.09967536 0.0034905332140624523
32 0.94062746 0.08727705 1.         0.21758443 0.003472664160653949
10 0.         0.33088717 0.06483167 0.43038142 0.0034656182397156954
24 0.91644096 0.00806463 0.99222547 0.06336627 0.003410673700273037
1 0.905611   0.19641457 0.9929147  0.29247984 0.0033791558817029
24 0.46419063 0.12765437 1.         0.9114152  0.0033708205446600914
42 0.82822    0.23184772 1.         0.43027183 0.0033665024675428867
42 0.83405113 0.1265394  1.         0.3185701  0.003364281728863716
10 0.927278   0.00217514 1.         0.11158815 0.003360530361533165
1 0.         0.2077497  0.08506294 0.49970105 0.0032976516522467136
1 0.11488632 0.39131904 1.         0.8782308  0.003257824806496501
18 0.34117368 0.01793515 0.9727892  0.62922335 0.00318143330514431
21 0.91931194 0.00376743 0.9931767  0.04717602 0.003172238590195775
24 0.9172724  0.02353065 0.9918528  0.08639488 0.003139966167509556
18 0.04642027 0.2956759  0.17148817 0.48270306 0.0031364434398710728
41 0.01236809 0.32495672 0.06300551 0.43245435 0.00312014389783144
10 0.09833776 0.2101191  0.7522746  0.7809749  0.003113636514171958
24 0.90486056 0.95225835 0.9970629  0.9919662  0.003107417142018676
18 0.2562333  0.         0.92755425 1.         0.003078335663303733
21 0.9414072  0.00202823 0.99423355 0.06982197 0.0030645669903606176
41 0.7850636 0.8775096 1.        1.        0.0030361765529960394
18 0.81961226 0.8323812  0.9829395  0.9883775  0.003033367684110999
1 0.9059124  0.2245285  0.99457306 0.32016665 0.0030307562556117773
1 0.8666524  0.         0.98937136 0.2775629  0.0030231999699026346
32 0.9253538  0.07989638 1.         0.17782694 0.0030048727057874203
10 0.86438143 0.0028373  1.         0.05632731 0.0029896157793700695
1 0.         0.36040837 0.3311447  0.9121266  0.002976251533254981
42 0.82990366 0.41385928 0.99682164 0.6130665  0.0029579801484942436
41 0.8475286  0.69403833 1.         0.8578832  0.002957889111712575
18 0.8697888 0.7451626 0.9784632 1.        0.00290425936691463
1 0.8275082  0.         0.9878479  0.14856519 0.002890361472964287
34 0.         0.07071086 0.83637726 0.72157735 0.0028825572226196527
24 0.91294426 0.00467856 0.9959541  0.03889589 0.002871081233024597
32 0.94030124 0.14304149 1.         0.26873514 0.0028703203424811363
18 0.01238806 0.31009728 0.0622834  0.41652057 0.002812613034620881
10 0.01905122 0.17453359 0.2751383  0.61584604 0.002787470119073987
32 0.94179773 0.22865625 1.         0.34744963 0.002782555529847741
1 0.         0.4890791  0.40070385 0.8114837  0.002744864672422409
18 0.88890904 0.17647125 0.99980825 0.44209087 0.002741942647844553
26 0.9495674  0.00932524 1.         0.08508346 0.002732205670326948
21 0.18793516 0.29821187 0.8931251  0.7009489  0.002722404431551695
42 0.8771395 0.4430873 0.995717  0.7003688 0.0026853098534047604
18 0.05205851 0.         0.16957754 0.30103612 0.002683162922039628
24 0.05409579 0.2578268  0.5989205  0.55979896 0.002673377050086856
24 0.9333729  0.03650728 0.996255   0.1235433  0.002664304571226239
20 0.24443166 0.15446816 0.50178075 0.72046316 0.002656719647347927
18 0.8501442  0.13838473 1.         0.33233747 0.0026521803811192513
24 0.91626406 0.01530404 0.9957479  0.13434054 0.0025838990695774555
42 0.8291706  0.28544527 1.         0.48454598 0.002574698068201542
7 0.20727326 0.         0.8247715  0.9947624  0.0025649010203778744
32 0.92510223 0.13353533 1.         0.23003517 0.002562162932008505
19 0.93432885 0.00840261 1.         0.06769353 0.0025571363512426615
10 0.23431346 0.23600656 0.5730429  0.7410665  0.00254337047226727
1 0.73180985 0.         0.9764404  0.08943769 0.0025299317203462124
1 0.16046448 0.         1.         0.72300065 0.0025260918773710728
24 0.0138225  0.29133406 0.13137227 0.37469485 0.0025059182662516832
42 0.8173796  0.05681692 0.9972964  0.7370879  0.0024984930641949177
7 0.94954896 0.         1.         0.08247967 0.002443880308419466
41 0.02803075 0.27945358 0.13935737 0.4952824  0.002402210608124733
18 0.26582593 0.         0.7185453  0.75262654 0.002401488833129406
24 0.07516753 0.20946091 0.47464082 0.7867465  0.002399517921730876
10 0.10018031 0.12880324 0.6437144  0.59169537 0.0023954545613378286
21 0.00278093 0.5728882  0.32876083 0.8150277  0.0023770465049892664
25 0.         0.         0.7214264  0.61437774 0.0023696664720773697
1 0.         0.14038654 0.24114105 0.590221   0.0023588575422763824
1 0.         0.28714317 0.16544695 0.4450702  0.0023582784924656153
32 0.8976639  0.         1.         0.26148826 0.002354296389967203
18 0.02934592 0.24900159 0.17152005 0.39755243 0.002344723790884018
32 0.94130915 0.28286567 1.         0.40236002 0.002344565698876977
18 0.16070053 0.17453878 0.42434388 0.92414635 0.002341080456972122
18 0.09410211 0.7494721  0.33410096 0.98541546 0.0023200458381325006
21 0.16124299 0.09260386 0.8514417  0.7849708  0.0022878916934132576
2 0.30189905 0.         0.8452989  0.8478297  0.0022594004403799772
10 0.         0.88492495 0.18663041 0.9930654  0.0022359800059348345
25 0.93819267 0.00974256 0.9997737  0.07209311 0.0022254041396081448
10 0.         0.3023362  0.1820099  0.45277065 0.0022120887879282236
34 0.9413732  0.00833835 0.99065745 0.07884065 0.002183050848543644
