27 0.         0.35936603 0.26101375 0.8260848  0.34810367226600647
27 0.         0.34956545 0.33611077 0.6982734  0.26033222675323486
1 0.04875338 0.         0.44075114 0.8513425  0.22366584837436676
27 0.         0.17244744 0.3382669  0.9560293  0.18546722829341888
1 0.05984193 0.07883583 0.40585968 0.5930478  0.17494480311870575
27 0.         0.03720179 0.31797075 0.7252624  0.14702579379081726
1 0.03069033 0.03250163 0.52058715 0.4682869  0.11618435382843018
24 0.57638806 0.9134119  0.65260965 0.9941315  0.09874039888381958
24 0.60307837 0.91302156 0.6795306  0.99451977 0.0956430435180664
24 0.03680135 0.35420477 0.27047756 0.7304733  0.09473323076963425
27 0.06212554 0.4811319  0.33635077 0.98718375 0.09430015832185745
24 0.25763807 0.2338124  0.94694835 0.5701128  0.08786585181951523
1 0.7404519 0.4626498 1.        0.9965876 0.08738621324300766
24 0.531833   0.93625265 0.640575   0.99527365 0.08629259467124939
24 0.6294906  0.9130884  0.70639807 0.9946686  0.08589671552181244
2 0.4387081  0.33221558 0.8818031  0.6277476  0.08425208181142807
24 0.585125  0.9358732 0.6940204 0.9959312 0.0826413482427597
24 0.50511134 0.93671346 0.6137696  0.99510056 0.082124724984169
24 0.03654545 0.39621034 0.3511066  0.67411184 0.0817081406712532
24 0.10174332 0.10140852 0.42167893 0.6569323  0.08053711801767349
24 0.5381172  0.95008874 0.6855597  0.9968152  0.07695666700601578
24 0.38697144 0.91395205 0.68161654 0.9940477  0.07499635219573975
24 0.41819286 0.8830487  0.64727104 0.9915574  0.0737004280090332
24 0.27783164 0.3056271  0.93499655 0.673998   0.07276898622512817
24 0.5235581  0.40212548 0.9263852  0.67801934 0.07234326004981995
24 0.63861215 0.9354216  0.7475786  0.99625695 0.07200673222541809
24 0.42952415 0.38847852 0.88613415 0.5868336  0.07172492891550064
24 0.65611684 0.9133728  0.73288894 0.99479574 0.07097528874874115
24 0.05756753 0.14341167 0.35009634 0.7213145  0.07089501619338989
1 0.03963801 0.         0.6394383  0.677711   0.07077106833457947
24 0.5917354  0.94975317 0.73926294 0.99714756 0.07015145570039749
24 0.4850748  0.9505946  0.63161194 0.9963134  0.06831226497888565
1 0.        0.        0.5957666 0.3377283 0.06746985763311386
24 0.4523405  0.93770635 0.5614027  0.99496216 0.06633730232715607
29 0.3336278  0.25448674 1.         0.79631084 0.06542245298624039
1 0.05245903 0.24512294 0.42085123 0.6935712  0.06536632776260376
24 0.31061727 0.886143   0.5428979  0.990165   0.06307283043861389
24 0.43783447 0.2568672  0.74881184 0.49888927 0.06265298277139664
24 0.39921516 0.93856853 0.5094153  0.99478173 0.06225152686238289
24 0.28154755 0.9162779  0.5772512  0.9925918  0.06223861128091812
27 0.         0.51599324 0.29058614 0.8677711  0.06214679405093193
24 0.6452998  0.9493735  0.79322165 0.9974143  0.062007129192352295
24 0.5110901 0.8347616 0.6741629 0.9831715 0.06030777841806412
24 0.4918693  0.91198856 0.7919012  0.99371725 0.06007274612784386
24 0.40565217 0.35170907 0.8551402  0.54349303 0.05778151750564575
24 0.5268572  0.88064873 0.75741225 0.98929864 0.05665493384003639
24 0.4069974  0.95105785 0.5526247  0.99629796 0.05539334565401077
38 0.06017652 0.42946926 0.41833973 0.76806444 0.055276717990636826
38 0.04456192 0.34109703 0.3879084  0.88344455 0.0538942851126194
1 0.01839503 0.24428086 0.5078533  0.90952945 0.05377674475312233
24 0.45728782 0.8383384  0.6208529  0.984682   0.053347837179899216
38 0.03359086 0.18836881 0.36732605 0.7322963  0.05297786369919777
24 0.3761227  0.30678198 0.81149805 0.4886752  0.05270473286509514
24 0.20161316 0.8870236  0.43917915 0.9882399  0.052257608622312546
10 0.         0.2964409  0.22762518 0.69518155 0.0519341304898262
24 0.68288106 0.913567   0.7595081  0.99418813 0.0518796406686306
24 0.3121539 0.7690661 0.7447749 0.965618  0.05167437717318535
24 0.07261335 0.36893168 0.49075574 0.85310566 0.05002335086464882
1 0.04721685 0.0599439  0.9907487  0.68076575 0.04947640374302864
24 0.17529608 0.9169455  0.47335    0.9913337  0.04882626235485077
27 0.00123403 0.5108583  0.47304282 0.90478194 0.048409998416900635
24 0.11878376 0.16780902 0.50442827 0.74384856 0.047890983521938324
10 0.         0.22626023 0.3036972  0.8869525  0.04722944274544716
10 0.         0.09962695 0.27757937 0.70854634 0.04671192914247513
24 0.69264317 0.9354485  0.8014271  0.99570245 0.04629350081086159
27 0.         0.03490591 0.45621124 0.8125375  0.04445074871182442
24 0.4038221  0.8417018  0.56814146 0.9868826  0.04437299445271492
24 0.19867676 0.16279447 0.731385   0.67752516 0.04394599050283432
21 0.45843497 0.         1.         0.48938823 0.043558888137340546
38 0.57343274 0.9117332  0.65480787 0.99906963 0.04354603588581085
24 0.02842374 0.52128154 0.27955952 0.7835535  0.04238257184624672
38 0.55308527 0.9341142  0.67272514 0.9975226  0.04197566956281662
38 0.03276393 0.4665923  0.33119076 0.792793   0.04187455773353577
24 0.5666079  0.83420455 0.72716373 0.9794932  0.041511137038469315
38 0.60051924 0.9116104  0.68097335 0.9990203  0.041471268981695175
28 0.         0.38431635 0.43235642 0.75571954 0.04075205326080322
21 0.46032268 0.2264324  1.         0.5150385  0.04027041047811508
24 0.35031584 0.84584296 0.5171184  0.98807335 0.04002883657813072
38 0.50332993 0.94798523 0.6694018  0.997466   0.039015032351017
38 0.55815846 0.9479294  0.721016   0.99766165 0.03872717544436455
38 0.4985494  0.93434095 0.6215562  0.99712336 0.038002628833055496
21 0.1295166  0.01985296 1.         0.5151817  0.037399377673864365
38 0.60768884 0.93400913 0.724957   0.9973245  0.03666199743747711
28 0.57233655 0.9101635  0.6549347  0.9954583  0.03650093078613281
28 0.52504796 0.93374705 0.64680487 0.99682915 0.03635174781084061
24 0.1477185  0.78099436 0.5972535  0.970896   0.03626348823308945
41 0.         0.14029776 0.24224687 0.66594374 0.03600524738430977
38 0.31435713 0.9138445  0.6435841  0.9972826  0.035977717489004135
10 0.00231378 0.41632828 0.2466088  0.80630714 0.03595637157559395
38 0.62739635 0.9112358  0.7077128  0.99868166 0.03536999970674515
28 0.5304032  0.9481749  0.69543433 0.99775106 0.0347321480512619
38 0.42361563 0.91120565 0.74808717 0.9969796  0.03424222394824028
24 0.47665885 0.29699072 0.9691264  0.75724304 0.034149836748838425
38 0.61208946 0.94793856 0.7740065  0.997526   0.0333280935883522
28 0.57877576 0.9331734  0.69913137 0.9961306  0.03272894024848938
19 0.         0.36899218 0.2516922  0.8538137  0.0326787568628788
28 0.598912   0.90990895 0.6817135  0.99506706 0.032343875616788864
2 0.2774315  0.30365425 0.909857   0.7666911  0.03224563226103783
27 0.27677938 0.7492631  0.7259141  0.98419964 0.031906623393297195
29 0.01880313 0.23155582 0.32694894 1.         0.03166525438427925
24 0.7099635  0.9137691  0.78614646 0.9931688  0.031581342220306396
24 0.06230523 0.5253402  0.4871543  0.81527877 0.031106747686862946
19 0.         0.19872516 0.31420243 1.         0.03105309046804905
24 0.29340062 0.13105248 0.86052847 0.627103   0.03094775415956974
38 0.4486985  0.948418   0.6168441  0.99739015 0.03080362267792225
24 0.36813512 0.6871064  0.66005886 0.9596065  0.030795607715845108
28 0.47648966 0.94855887 0.6440327  0.9981943  0.03051038458943367
28 0.5833199  0.9478037  0.74787945 0.997715   0.030397552996873856
24 0.72021455 0.93535066 0.83008504 0.99476635 0.03022545389831066
38 0.443942   0.9355234  0.56860214 0.9970729  0.030052699148654938
38 0.38964036 0.93661493 0.51520026 0.9975728  0.02964835986495018
4 0.00976194 0.2280915  0.35868865 0.80383724 0.029495807364583015
40 0.00419285 0.05951126 0.275327   0.70850927 0.02940443344414234
38 0.46433386 0.8802632  0.70933306 0.99984324 0.029105020686984062
28 0.4711253  0.93461    0.59512043 0.99683654 0.028864121064543724
40 0.         0.3389378  0.36113897 0.75022584 0.028596743941307068
38 0.39422277 0.94884706 0.5633787  0.99756044 0.028560807928442955
24 0.5912845  0.32393435 0.91699773 0.79882103 0.028240738436579704
28 0.63146365 0.9325705  0.75339055 0.99675083 0.02805849350988865
24 0.5626945  0.3363778  0.76550496 0.6552396  0.02795185148715973
38 0.66114855 0.9329819  0.778992   0.9966861  0.02738518826663494
24 0.76356256 0.5977237  1.         0.93092585 0.027313735336065292
28 0.6250848  0.90952516 0.7089568  0.9948513  0.027254289016127586
38 0.20639919 0.91548884 0.540286   0.99904656 0.027164075523614883
24 0.28326103 0.68979913 0.58449996 0.9703799  0.027039198204874992
2 0.51504743 0.26112112 0.89275944 0.7632891  0.027029408141970634
38 0.6539774  0.91047263 0.73460853 0.99820846 0.027018163353204727
24 0.12426275 0.17692854 0.83206105 0.48765942 0.026916684582829475
10 0.5750997  0.03840126 1.         0.67103314 0.026720145717263222
38 0.34901103 0.8828021  0.60685384 0.99900556 0.026625797152519226
27 0.57796204 0.9089605  0.6491581  1.         0.026571886613965034
1 0.         0.03952133 0.929575   0.33789322 0.026565222069621086
28 0.63533163 0.9475604  0.80313367 0.9982626  0.026564011350274086
24 0.04515217 0.3470512  0.4066945  0.62227154 0.02652384527027607
24 0.09880283 0.48592547 0.3485521  0.891839   0.02622758410871029
1 0.31257984 0.20593017 0.9519136  0.5975599  0.026191215962171555
40 0.00230311 0.07652723 0.51186764 0.85184723 0.026156168431043625
27 0.6045684  0.9086849  0.67628783 1.         0.025901468470692635
34 0.         0.16817923 0.36503685 0.6867971  0.02585729956626892
28 0.37289134 0.91374445 0.69505453 0.9947981  0.02563723735511303
28 0.00233238 0.37669817 0.5121795  0.8930036  0.02561355195939541
24 0.17903873 0.840264   0.80197716 0.9770505  0.025339553132653236
28 0.45963976 0.8789362  0.70676744 0.99139935 0.02523254044353962
24 0.09475056 0.06679306 0.51755947 0.54770726 0.02513853833079338
38 0.66668034 0.94694847 0.82953924 0.99726117 0.024953966960310936
40 0.         0.17216638 0.34427616 0.86690694 0.024745136499404907
28 0.39978102 0.9494764  0.56427455 0.9976696  0.023941747844219208
27 0.6312404  0.908308   0.70297056 1.         0.023870833218097687
1 0.         0.02763351 0.2957069  0.18335359 0.023803286254405975
27 0.25885248 0.6707635  0.57042766 0.9795791  0.023765161633491516
27 0.56150186 0.9329962  0.66213655 1.         0.02375796250998974
27 0.58831435 0.93270856 0.68925923 1.         0.023559847846627235
28 0.39355302 0.9368737  0.51473343 0.9958497  0.023263121023774147
27 0.6151474  0.93248874 0.71646416 1.         0.023205023258924484
24 0.5861104  0.88243014 0.80685717 0.98661005 0.023199699819087982
27 0.53475434 0.9333981  0.63518625 1.         0.02317827194929123
33 0.44785798 0.35192928 1.         0.6151486  0.023105578497052193
38 0.09510928 0.91584116 0.43548045 1.         0.02287633903324604
27 0.4777587  0.86984766 0.69198114 0.9999703  0.022796127945184708
38 0.18405488 0.88784647 0.45208356 1.         0.02279498800635338
10 0.         0.38087702 0.30901617 0.7526996  0.02261345274746418
1 0.49293068 0.31278676 1.         0.7726645  0.022594941779971123
27 0.33642152 0.6627554  0.66526926 0.9659485  0.022508960217237473
41 0.         0.31263188 0.29106218 0.81608653 0.02244625985622406
16 0.04409734 0.13792242 0.28485745 0.6670143  0.022430721670389175
27 0.18486537 0.5055647  0.45439616 1.         0.02220258302986622
28 0.26815933 0.9147023  0.5893771  0.99367243 0.022165421396493912
24 0.45711935 0.67753303 0.74786377 0.94514436 0.02202838659286499
10 0.00374067 0.00871281 0.06459709 0.06008803 0.02196533977985382
28 0.65114325 0.90899265 0.7363761  0.99508494 0.021926239132881165
27 0.6423313  0.93235046 0.74358547 1.         0.02179810404777527
28 0.35381964 0.88297486 0.6021974  0.9921489  0.021754827350378036
2 0.22613654 0.17355281 0.86461264 0.66284454 0.02173955738544464
27 0.42506012 0.87176484 0.63592094 1.         0.021640686318278313
14 0.6428746  0.95055413 0.8013125  1.         0.021573936566710472
13 1.09659835e-04 2.84098893e-01 2.66641438e-01 9.83847499e-01 0.02145760878920555
24 0.16684909 0.29027689 0.64396405 0.7987499  0.02135569043457508
19 0.6036382  0.9081425  0.67212886 1.         0.021224450320005417
27 0.0161851  0.50077844 0.20673925 0.9113526  0.02121475711464882
28 0.46940532 0.911485   0.8050023  0.9938892  0.021021194756031036
10 0.         0.33724353 0.43132162 0.8116563  0.020873473957180977
27 0.5080816 0.9337144 0.6083983 1.        0.02081301249563694
10 0.00744624 0.00694407 0.17124191 0.0893537  0.02081034518778324
14 0.66380364 0.9365382  0.77748007 1.         0.02080739103257656
19 0.5768075  0.90784526 0.64577776 1.         0.020722270011901855
10 0.00259449 0.09011243 0.4220688  0.6605554  0.020597096532583237
19 0.38468012 0.9078625  0.6517652  1.         0.020534174516797066
24 0.5074096  0.82674706 0.79695374 0.9600893  0.02048538625240326
28 0.03004977 0.18026741 0.37994158 0.8033168  0.02023504301905632
38 0.6810781  0.90937227 0.7617904  0.9967284  0.020131176337599754
38 0.05683618 0.35203823 0.348453   0.65491533 0.020100995898246765
41 0.         0.11113541 0.28110528 0.535574   0.019944200292229652
1 0.6294231  0.27212235 1.         0.9799492  0.01988840661942959
14 0.58944947 0.9503997  0.74889404 1.         0.019883256405591965
1 0.21858776 0.18524612 1.         0.8109696  0.019849175587296486
27 0.6517972  0.94726527 0.7894506  1.         0.019837357103824615
24 0.75232565 0.5372352  1.         0.81541985 0.019808493554592133
19 0.         0.34453514 0.29894537 0.74237543 0.019808169454336166
27 0.44891062 0.9071537  0.72471184 1.         0.019726628437638283
29 0.02151379 0.36411726 0.29467267 0.7928904  0.019645042717456818
14 0.53601587 0.9505016  0.6948314  1.         0.01963372901082039
19 0.5853592  0.9321225  0.68606293 1.         0.01958608813583851
28 0.15744258 0.9147149  0.48307455 0.99293756 0.019581852480769157
28 0.6830604  0.9323211  0.80867434 0.9964713  0.019570795819163322
27 0.6582215  0.90812105 0.72926074 1.         0.01954863965511322
14 0.5296361 0.9370238 0.6457224 1.        0.0194835402071476
27 0.37357622 0.8734824  0.5808712  1.         0.01942818984389305
25 0.60749406 0.9532351  0.7741534  0.9996808  0.019396351650357246
19 0.61261487 0.93246627 0.712678   0.9999854  0.019347665831446648
1 0.13647652 0.04910757 0.7606362  0.52757937 0.019303927198052406
24 0.72914195 0.9491014  0.8794961  0.99563766 0.019285323098301888
19 0.28074905 0.9077055  0.5422886  1.         0.01926868036389351
24 0.22051468 0.5351349  0.49305674 0.92115885 0.019264934584498405
15 0.         0.06667234 0.29996088 0.6871096  0.01919034868478775
14 0.58263516 0.93646413 0.69894904 1.         0.018929971382021904
19 0.5583559  0.93217117 0.6597453  1.         0.018837714567780495
29 0.23233214 0.32957873 0.8828408  0.8149528  0.01873745582997799
19 0.6304687  0.9087979  0.69874704 1.         0.018712351098656654
19 0.26098475 0.8757674  0.4609393  1.         0.01870989054441452
2 0.48191386 0.12500575 0.9142202  0.61845636 0.01854141429066658
40 0.00159106 0.32886553 0.45647207 0.8581053  0.01848641224205494
24 0.6251397  0.83607453 0.7768666  0.9752172  0.018437359482049942
4 0.         0.32627693 1.         0.7188304  0.018411902710795403
19 0.5650462  0.94710755 0.7041439  1.         0.018339406698942184
25 0.5544424  0.9531961  0.7212461  0.99994725 0.018327536061406136
27 0.34332734 0.90968215 0.61050093 1.         0.018228130415081978
28 0.13628918 0.8856942  0.3896341  0.98970157 0.01792812906205654
25 0.6596887  0.9534117  0.82700336 1.         0.017921196296811104
19 0.5317215 0.932298  0.6330869 1.        0.017847895622253418
25 0.65724194 0.94025666 0.7787969  0.9994262  0.017831848934292793
29 0.02248741 0.11547435 0.26514098 0.8108441  0.01779821887612343
28 0.24548192 0.88560456 0.49509227 0.9909315  0.017702627927064896
19 0.36631784 0.8762654  0.56937206 1.         0.017698582261800766
19 0.20865914 0.8759879  0.40717492 1.         0.017643418163061142
27 0.4816034  0.9337876  0.58162344 1.         0.017568927258253098
19 0.619807   0.9475136  0.75804245 1.         0.017445718869566917
25 0.55066675 0.93991053 0.6735352  0.99927735 0.017421003431081772
28 0.6774438  0.90852976 0.7636663  0.9952402  0.0174208153039217
25 0.5711183 0.9186246 0.6565402 0.9979314 0.01739663816988468
14 0.57453716 0.9138093  0.65388936 1.         0.017385408282279968
16 0.04432279 0.31712034 0.32730433 0.6366738  0.017382798716425896
27 0.5339202  0.8690973  0.7449067  0.99879867 0.017305200919508934
27 0.31969413 0.8746747  0.52709097 1.         0.01728626899421215
24 0.7884161  0.68819815 1.         0.9542492  0.01725565828382969
27 0.5102516  0.81059057 0.66677713 0.99299747 0.017219556495547295
19 0.6396644 0.9328129 0.7395445 0.9996863 0.017212163656949997
40 0.         0.09440328 1.         0.80148804 0.017122849822044373
25 0.6045739  0.94037896 0.7268193  0.9989847  0.01710602082312107
19 0.3976187  0.9332525  0.49710724 1.         0.01709090545773506
24 0.7375475  0.9138536  0.81341505 0.9917058  0.01707022823393345
14 0.6007295 0.9137086 0.6805232 1.        0.017038708552718163
14 0.6272932  0.91361004 0.70695966 1.         0.016870563849806786
24 0.6330438  0.73071724 1.         0.95450485 0.016857555136084557
19 0.15506795 0.8759951  0.35499203 1.         0.016851864755153656
24 0.         0.0282183  0.29353362 0.13763456 0.01677279733121395
25 0.5001997 0.9527524 0.6674664 0.9998748 0.01673104427754879
19 0.50515044 0.93246776 0.60593474 1.         0.016701601445674896
10 4.3412528e-04 5.4792094e-01 2.9849803e-01 8.2527357e-01 0.016670381650328636
25 0.49461716 0.84722185 0.6765172  1.         0.016617566347122192
25 0.5980264 0.9187439 0.6835407 0.9978331 0.0165946613997221
2 0.42807496 0.20949718 0.99797285 0.9130417  0.016570130363106728
14 0.482997  0.9506427 0.6424115 1.        0.016469944268465042
24 0.         0.84451956 0.5099278  0.98475254 0.016469422727823257
14 0.6541932  0.91371167 0.7331364  1.         0.01641182042658329
10 0.00618132 0.00494389 0.08822749 0.04428251 0.016411352902650833
10 0.6081423  0.94834423 0.7747913  0.9944577  0.016266509890556335
27 0.0071461  0.4564558  0.14277124 0.92566663 0.016256796196103096
19 0.4251048 0.9333251 0.524372  1.        0.016235046088695526
13 0.         0.14608973 0.29496247 0.8354147  0.016203055158257484
24 0.7481321 0.9351174 0.8583783 0.9936135 0.016168856993317604
25 0.70149213 0.62496084 1.         0.95986503 0.01615670695900917
1 0.         0.08727279 0.8991088  0.46157634 0.016108663752675056
14 0.47648785 0.93704337 0.5932064  1.         0.01609543152153492
4 0.         0.3816374  0.4034895  0.68971914 0.01609223335981369
28 0.50270253 0.82723635 0.67015564 0.9808895  0.016077207401394844
24 0.27593845 0.72193176 0.84566694 0.95591706 0.01605953276157379
24 0.5489871  0.47064883 1.         0.69190717 0.015985064208507538
34 0.        0.3473906 0.3996984 0.6547145 0.015979543328285217
27 0.26566768 0.87518567 0.47210613 1.         0.015793180093169212
1 0.01258413 0.35696307 0.31428736 0.8068734  0.015790574252605438
21 0.5793542  0.08512054 1.         0.58868694 0.015789968892931938
27 0.14525831 0.6360747  0.7545815  0.94327974 0.0157625749707222
19 0.47877458 0.9327638  0.5785453  1.         0.01576143316924572
19 0.4521919  0.93308383 0.55135024 1.         0.01572275534272194
27 0.11445698 0.62165093 0.4937197  0.96591085 0.015658514574170113
1 0.8266751  0.34520912 1.         1.         0.015571833588182926
27 0.45513496 0.93384206 0.55479723 1.         0.015482765622437
25 0.         0.3842378  0.3898819  0.68777204 0.015482062473893166
41 0.         0.4358963  0.39623758 0.8498175  0.015450923703610897
25 0.6247981  0.9189133  0.7099567  0.99816316 0.015437683090567589
10 0.52868867 0.94778544 0.6928637  0.9936945  0.01536876242607832
35 0.5652143  0.9378696  0.67073435 0.99959606 0.01532390620559454
16 0.02699548 0.3982629  0.3103767  0.7259767  0.015304596163332462
10 0.6321508 0.933387  0.7530676 0.992952  0.015170845203101635
25 0.4970292  0.9395573  0.61972266 0.998704   0.015159953385591507
35 0.5820478  0.91660506 0.65311193 0.999552   0.015036454424262047
35 0.5913744  0.9370741  0.69803435 0.9993873  0.015009408816695213
38 0.54366195 0.90806437 0.8592971  0.9941374  0.015007613226771355
24 0.0281955  0.10908895 0.37829438 0.5064751  0.014966398477554321
24 0.21533707 0.6889337  0.5097312  0.96140456 0.014954956248402596
