21 0.18991323 0.         1.         0.593431   0.8777902722358704
21 0.04936208 0.00261912 0.9010172  0.67054015 0.7093514204025269
24 0.17457667 0.29289252 0.75542784 0.6121128  0.4503079354763031
24 0.3241263  0.3469883  0.86845493 0.6027769  0.2869650721549988
21 0.24743696 0.0921725  0.7728215  0.445099   0.25945404171943665
21 0.27142477 0.02379466 0.6339078  0.64471215 0.15319664776325226
24 0.01066471 0.00906809 0.22787848 0.10735355 0.10577353835105896
24 0.04074562 0.00808132 0.19277406 0.14855121 0.10424899309873581
24 0.22292735 0.15169255 0.57826436 0.6593025  0.10177717357873917
21 0.40954667 0.09207382 0.8969686  0.6532016  0.09792494028806686
24 0.06093952 0.0084319  0.2834659  0.10935549 0.09431630373001099
24 0.00833527 0.00514357 0.15627106 0.07488484 0.09363464266061783
24 0.01687889 0.00661157 0.26841214 0.07611047 0.08827945590019226
24 0.07171913 0.0028569  0.21070375 0.03726035 0.07478520274162292
24 0.00532698 0.00585204 0.11263161 0.10563386 0.07193358987569809
24 0.01565046 0.00272494 0.15577601 0.03685033 0.0716548040509224
41 0.42807803 0.21609914 1.         0.64531434 0.058621399104595184
29 0.21715195 0.00172846 1.         0.9227057  0.05854523926973343
24 0.39761385 0.4075735  0.97815424 0.6438931  0.05775103345513344
7 0.4487411  0.07206459 0.9314203  0.7058462  0.05514459311962128
24 0.00345684 0.00208582 0.07432419 0.0357066  0.054199233651161194
38 0.         0.00834701 0.24241875 0.10255711 0.051734186708927155
24 0.00138573 0.00365835 0.05347579 0.05111522 0.05143650993704796
24 0.00034999 0.00389177 0.03751455 0.07502572 0.0506262481212616
24 0.00500799 0.00671118 0.07836601 0.14233592 0.047863345593214035
38 0.         0.00974906 0.16448453 0.14157371 0.04713097959756851
21 0.1899144  0.1768543  0.90655357 0.5687048  0.04692913964390755
38 0.90039027 0.         0.99813825 0.15572515 0.04594370722770691
24 0.10751267 0.20422038 0.67759925 0.6874403  0.04563416168093681
38 0.         0.00947975 0.11880445 0.10108522 0.04514770209789276
38 0.         0.00815293 0.16123429 0.07172861 0.04293147101998329
7 0.12899086 0.01755117 0.9261231  0.74608743 0.0421065017580986
38 0.8628934  0.00521557 0.99905163 0.11487084 0.0415773019194603
41 0.25431365 0.41097403 0.7709215  0.73444986 0.04043233022093773
38 9.4187522e-01 7.7952706e-04 9.9698895e-01 8.4013030e-02 0.03991548344492912
38 0.813938   0.00576731 1.         0.0825885  0.03859107568860054
24 0.33581325 0.28601027 0.64737314 0.6659875  0.03772835060954094
41 0.39906943 0.06977364 0.9920851  0.5114867  0.03694678097963333
21 0.29679862 0.09596351 0.57863516 0.4271659  0.03680562227964401
24 0.01379409 0.05909484 0.15098044 0.20413531 0.03622126951813698
38 0.         0.01049839 0.08609045 0.1350746  0.03578231856226921
24 0.00717736 0.00935667 0.11220197 0.18404093 0.03543057292699814
18 0.32785743 0.11466992 0.90159434 0.50105315 0.03297686576843262
24 0.2186643  0.14549688 0.76711726 0.7410148  0.0328139066696167
24 0.00582059 0.0673348  0.07500596 0.1362601  0.03192967176437378
41 0.24149087 0.45299572 0.5838066  0.6795019  0.031299084424972534
24 0.94896406 0.00666976 0.997543   0.07917703 0.031196950003504753
27 0.00717859 0.01169516 0.14261025 0.1595959  0.030965197831392288
24 0.01210238 0.01070542 0.306553   0.14916435 0.030753863975405693
27 0.00625721 0.00665503 0.10031951 0.10727677 0.03050294890999794
25 0.         0.30375937 0.8678301  0.5721456  0.0303900558501482
38 0.         0.01116756 0.04267272 0.07569954 0.03030669316649437
24 0.115834   0.00865052 0.3375326  0.10783773 0.02962358668446541
21 0.50960773 0.10920139 0.8048857  0.51988333 0.029071778059005737
24 0.15155615 0.23391956 0.94440633 0.69039667 0.028828782960772514
25 0.         0.3783219  0.81335324 0.6108542  0.028828633949160576
1 0.27391398 0.33379638 1.         0.70523876 0.02850336953997612
27 0.00435829 0.02542109 0.10247391 0.23180479 0.028133675456047058
4 0.         0.18235426 1.         0.59415436 0.027880089357495308
27 0.00505463 0.00764408 0.07330868 0.1507326  0.02765570767223835
33 0.0999173  0.05156706 1.         0.8391041  0.027649231255054474
20 0.00839463 0.06900328 0.08109557 0.13936435 0.027434010058641434
4 0.06623281 0.21208832 1.         0.7921728  0.027383996173739433
27 0.00980554 0.00629939 0.20274153 0.10955242 0.027377331629395485
10 0.35947368 0.16091482 0.9175992  0.56992567 0.027112087234854698
27 0.00277417 0.07053929 0.07283791 0.14576261 0.026463111862540245
4 0.         0.23360234 0.9165777  0.6972074  0.026048623025417328
10 0.24586014 0.14049144 0.6460612  0.6440253  0.025693658739328384
24 0.01378018 0.11464131 0.15178475 0.2513439  0.025682931765913963
27 0.00207779 0.11183605 0.13439167 0.25724813 0.02567829191684723
38 0.         0.00819855 0.06054381 0.05259205 0.02562050148844719
27 0.00956065 0.00381442 0.13753706 0.07416178 0.02540932036936283
24 0.16692485 0.22429836 0.6191164  0.55238575 0.02526174485683441
38 0.9195529  0.00372257 0.9979321  0.05596562 0.025216002017259598
41 0.25029284 0.3088824  1.         0.817989   0.02513868547976017
20 0.00844439 0.0955882  0.08214811 0.1646106  0.025081491097807884
38 0.00168411 0.18459909 0.17250909 0.3307427  0.025009332224726677
24 0.00291766 0.05428074 0.05413031 0.14781176 0.024868212640285492
10 0.         0.         0.09385125 0.10709741 0.024136746302247047
24 0.01711216 0.01373908 0.21681    0.20925035 0.023816201835870743
27 0.00349143 0.060811   0.14062953 0.20895201 0.023205922916531563
41 0.20580655 0.17259596 0.89144015 0.7251649  0.023086385801434517
28 0.         0.01378996 0.22290927 0.09883082 0.023075055330991745
27 0.00402662 0.07334866 0.09868917 0.28289887 0.022987404838204384
27 0.00354274 0.00358819 0.03436175 0.07158072 0.02259354665875435
27 0.00545054 0.00049975 0.0720565  0.26115102 0.022141115739941597
28 0.0004894  0.00958233 0.03856676 0.07149311 0.02128167264163494
19 0.         0.         0.03332913 0.08330242 0.021258633583784103
10 0.         0.         0.06652911 0.1501467  0.021237505599856377
24 0.9315246  0.00498539 0.99871653 0.05268863 0.021071409806609154
28 0.00059822 0.01063525 0.1089148  0.09723511 0.020773565396666527
33 0.9421332  0.00746696 0.9959066  0.07722307 0.020632021129131317
10 0.         0.06765867 0.06800134 0.148316   0.02062157355248928
38 0.         0.00478411 0.08347496 0.03726998 0.020571034401655197
14 0.00191454 0.06536364 0.07406175 0.15188815 0.020139534026384354
27 0.00276332 0.05597312 0.05224016 0.15881708 0.02003304474055767
27 0.03535552 0.01004737 0.18096927 0.15310484 0.019931217655539513
10 0.21139781 0.12871814 0.9181733  0.7417592  0.01980067789554596
38 0.00017772 0.07197245 0.08532729 0.13781486 0.019746780395507812
24 0.00902012 0.03282125 0.15506324 0.2817601  0.01969076693058014
38 0.         0.00443066 0.1642416  0.03716103 0.019519001245498657
10 0.         0.0001981  0.03488782 0.07683557 0.019201384857296944
28 0.         0.01628354 0.15016595 0.13909373 0.01891862228512764
27 0.00731822 0.01057664 0.13433138 0.28408548 0.018841590732336044
19 0.         0.         0.08663549 0.12024679 0.018820036202669144
7 0.13145462 0.08753868 0.7405688  0.6315804  0.018766772001981735
25 0.         0.24127257 0.77160364 0.4927191  0.01875387504696846
28 0.         0.00863402 0.0778017  0.13158144 0.018663054332137108
18 0.15546346 0.         1.         0.65661126 0.01842624321579933
20 0.00563892 0.05733409 0.05967648 0.15158334 0.018344366922974586
27 0.01553106 0.00414193 0.23011951 0.07579837 0.01829182729125023
33 0.8956405  0.01439748 0.9994265  0.14648949 0.01820964738726616
41 0.31917778 0.11125838 1.         0.4152764  0.018138237297534943
14 0.         0.00585194 0.1477641  0.18106493 0.01811271347105503
20 0.01827136 0.01210579 0.1585746  0.14952245 0.018034670501947403
24 0.0070489  0.09344467 0.07312517 0.16304383 0.018016278743743896
21 0.41064194 0.16825336 0.8594082  0.5074042  0.017832446843385696
27 0.00467471 0.00293614 0.04814139 0.04845564 0.0176781564950943
19 0.        0.        0.0458324 0.0578808 0.01749047450721264
19 0.         0.         0.06457249 0.16326867 0.01735644042491913
28 0.00254616 0.0105129  0.1503366  0.06945217 0.017123740166425705
10 0.0011302  0.         0.12761821 0.15310016 0.017010999843478203
19 0.         0.         0.17237787 0.12130656 0.016951696947216988
20 0.01037767 0.01204712 0.08328702 0.1422291  0.016941698268055916
19 0.         0.         0.11865222 0.08496058 0.016926348209381104
27 0.00164111 0.09578787 0.0742405  0.17176174 0.016886094585061073
19 0.001067   0.00175416 0.11889806 0.17469597 0.016560982912778854
38 0.00106118 0.06150433 0.06101264 0.14729157 0.01653262786567211
33 0.16149168 0.42894483 0.8487511  0.6927556  0.016523567959666252
28 0.         0.00955082 0.2585186  0.06990771 0.01649821177124977
35 0.00499902 0.01086992 0.11062095 0.10589499 0.016380339860916138
41 0.2743941  0.28769007 0.5230074  0.7569481  0.01636119931936264
33 0.81144893 0.01015855 1.         0.07776801 0.01633245311677456
24 0.00754924 0.17362593 0.15542999 0.30493528 0.01627872884273529
33 0.8570893  0.01465725 1.         0.10783368 0.016218559816479683
20 0.01332222 0.00851046 0.11848419 0.17873932 0.01594315841794014
35 0.00903345 0.01003197 0.15583204 0.15416782 0.01563013531267643
33 0.921367   0.00720797 0.9953856  0.05308239 0.015480768866837025
38 0.         0.0383551  0.12445858 0.24087703 0.01544361375272274
14 0.00151647 0.04815069 0.05313968 0.16650163 0.015384068712592125
10 0.         0.05534384 0.04938257 0.16304591 0.015345162712037563
10 0.23203112 0.19331826 0.90734166 0.47526097 0.015231678262352943
24 0.8385776  0.00557448 0.9978813  0.07446039 0.015044194646179676
10 0.         0.         0.13230269 0.0747733  0.015036415308713913
32 0.250933   0.03546672 1.         0.6222988  0.014955922961235046
24 0.91370285 0.0118363  0.99786806 0.14497782 0.014916510321199894
27 0.01671092 0.00258533 0.13686249 0.03643878 0.014895378611981869
24 0.00633139 0.09005283 0.10627746 0.28128937 0.014887967146933079
14 0.        0.        0.0759399 0.1702346 0.014741381630301476
35 0.01263164 0.00956568 0.22262166 0.10462495 0.014738722704350948
24 0.00240752 0.02486953 0.07684662 0.26021865 0.014653949066996574
28 0.02588132 0.01206575 0.19397274 0.13456836 0.014625073410570621
28 0.00145924 0.00805675 0.05448207 0.04838816 0.014565733261406422
10 0.         0.09602252 0.06965043 0.17564295 0.014526516199111938
1 0.09322833 0.2906515  0.7542444  0.6622941  0.014521845616400242
20 0.00640808 0.0843797  0.05996479 0.17544663 0.0144278509542346
10 0.         0.         0.18823414 0.10586771 0.014304646290838718
14 0.         0.         0.10642958 0.12644257 0.014183832332491875
27 0.00873246 0.16188236 0.12878288 0.3078789  0.014143400825560093
27 0.00663575 0.00227566 0.06662141 0.03442482 0.01411393005400896
38 0.         0.06109445 0.17156452 0.2079067  0.0140829524025321
14 0.00277295 0.08987357 0.0748049  0.17889519 0.014066644012928009
38 0.07563243 0.00950128 0.36794245 0.1078855  0.013784871436655521
38 0.00227805 0.12576407 0.17649823 0.2728896  0.01377940084785223
38 0.         0.0455847  0.1768494  0.30649206 0.013755543157458305
38 0.         0.10311967 0.12759463 0.3141611  0.01370491273701191
20 0.0166157  0.01073169 0.1173961  0.1027762  0.013643324375152588
14 0.02152115 0.00621136 0.19496593 0.17183821 0.013615832664072514
21 0.11713804 0.0138354  0.7160965  0.56328017 0.013612134382128716
20 0.01946772 0.06108252 0.15933836 0.1998793  0.013603623025119305
24 0.47388887 0.3908     0.90182304 0.70280945 0.013317864388227463
18 0.49451783 0.         0.9115551  0.57032263 0.01327565684914589
14 0.91300786 0.00136025 0.9915686  0.15523924 0.013053004629909992
10 0.         0.00083085 0.04936447 0.0530074  0.013031789101660252
35 0.00400412 0.01147812 0.07983913 0.14622502 0.012909859418869019
38 0.         0.01192129 0.35769838 0.1386311  0.012882661074399948
24 0.00384254 0.08170881 0.05307211 0.1753657  0.012829985469579697
35 0.00782441 0.00770289 0.15390247 0.07353765 0.012770864181220531
5 0.         0.11021758 0.84480214 0.49045214 0.01275306660681963
19 0.         0.         0.0615809  0.04219973 0.012737387791275978
24 0.11255223 0.00672511 0.40152544 0.07445173 0.012714165262877941
24 0.91186    0.0022306  0.9983887  0.03706454 0.01269508246332407
6 0.89690655 0.         1.         0.17835552 0.012684659101068974
24 0.36483786 0.26597852 1.         0.77127075 0.012651843018829823
35 0.00109904 0.0123707  0.0396764  0.07379342 0.012347818352282047
41 0.52076566 0.17161207 0.93395615 0.7323348  0.012339024804532528
38 0.01001198 0.00690441 0.3796724  0.07549334 0.012246617116034031
29 0.25060913 0.12877773 0.9635372  0.63459545 0.01209438219666481
30 0.         0.00541612 0.03854715 0.08056366 0.012032801285386086
14 0.         0.         0.10652339 0.2194604  0.011953981593251228
38 0.04308189 0.0029658  0.2200227  0.03763255 0.011862361803650856
16 0.001102   0.00905677 0.03340398 0.07530808 0.011860142461955547
14 0.         0.00218927 0.22074951 0.12637733 0.011784299276769161
14 0.         0.         0.1476719  0.09007525 0.011743394657969475
14 8.8055931e-05 5.7268348e-02 1.4733541e-01 2.3131137e-01 0.011585928499698639
19 0.951697   0.0027821  0.9896271  0.08791189 0.011562353000044823
1 0.01108246 0.00982877 0.21464139 0.1111621  0.011455015279352665
24 0.8806454  0.01076594 0.9980353  0.1059198  0.011436399072408676
27 0.00199299 0.08054962 0.05254082 0.18457063 0.01137514691799879
7 0.00333111 0.         0.04346034 0.07384109 0.011360643431544304
35 0.00652596 0.00596112 0.11220177 0.19012184 0.011347116902470589
35 0.001112   0.06614337 0.0789579  0.14540261 0.011173355393111706
7 0.00826996 0.         0.0829935  0.14221738 0.011154824867844582
41 0.29662064 0.46239087 0.7021245  0.7089069  0.011118188500404358
7 0.55215514 0.16881463 0.8657445  0.68829274 0.011023181490600109
7 0.01178863 0.         0.11675125 0.09964987 0.010955007746815681
19 0.00663043 0.         0.12161946 0.04401436 0.01095053181052208
25 0.         0.21275496 1.         0.56588244 0.010853427462279797
33 0.45837322 0.14025539 0.98915786 0.9934424  0.010827936232089996
38 0.894838   0.00348219 0.9982769  0.04053711 0.010805124416947365
15 0.02509557 0.07023969 0.85070646 0.52476645 0.010728318244218826
41 0.34344885 0.09608207 0.66900235 0.37666118 0.010616697371006012
5 0.         0.09661016 0.94921386 0.63115823 0.010611374862492085
1 0.956101   0.00432665 1.         0.08831288 0.010608917102217674
41 0.6305372 0.3110438 0.9705374 0.7066898 0.010599921457469463
41 0.61811227 0.23557785 1.         0.57526517 0.01055429968982935
38 0.39230928 0.86946243 0.64016706 1.         0.010501130484044552
32 0.45330238 0.01475721 0.9280241  0.49609396 0.010489828884601593
35 0.0203076  0.00769138 0.2567391  0.07499152 0.010334877297282219
1 0.01001428 0.01434446 0.14426264 0.15428896 0.010325669310986996
1 0.00429064 0.00657187 0.03858436 0.07895879 0.010263216681778431
43 0.00304054 0.00535969 0.14356232 0.14610697 0.010207904502749443
21 0.34665096 0.11619823 0.6828907  0.50621146 0.010184776037931442
28 0.         0.18007259 0.1535185  0.306984   0.01012040488421917
19 0.         0.15742792 0.12157908 0.32985097 0.01004184503108263
25 0.         0.45092392 0.8495801  0.67396194 0.010039878077805042
14 0.         0.         0.03649324 0.08701373 0.010038753971457481
33 0.         0.01048396 0.10892281 0.09600621 0.010020606219768524
35 0.00210059 0.05275926 0.1480177  0.21284364 0.010014042258262634
10 0.         0.08433697 0.05099191 0.19043557 0.010008487850427628
20 0.00775612 0.113268   0.06055387 0.20218427 0.009996892884373665
18 0.23362991 0.08908142 0.7776772  0.5894006  0.0099492771551013
10 2.0012220e-04 1.9851252e-02 9.5660783e-02 2.5136146e-01 0.009925317019224167
24 0.00351507 0.10983706 0.05173281 0.20310794 0.009902173653244972
14 0.9489489  0.00110564 0.9949558  0.08717184 0.00988391600549221
14 0.8822978  0.00372479 0.9896393  0.11552045 0.009875278919935226
35 0.0067445  0.1122642  0.1422183  0.26428285 0.009836861863732338
28 0.00239351 0.00585094 0.07489563 0.03436267 0.009815585799515247
30 0.         0.00431415 0.05383053 0.05601265 0.009765894152224064
19 0.84018505 0.0022308  0.96503896 0.08387166 0.009590757079422474
4 0.33070752 0.12373782 1.         0.7004164  0.009499145671725273
28 0.         0.05421361 0.0550231  0.14551863 0.009473376907408237
35 0.0600778  0.0139498  0.27065182 0.10839055 0.009471893310546875
19 0.03642674 0.00309219 0.15294403 0.16500358 0.009456723928451538
7 0.01629772 0.         0.157493   0.14916825 0.00943536777049303
19 0.05400807 0.00318051 0.21941432 0.11842929 0.009435202926397324
35 0.01000004 0.17889237 0.13863231 0.3172109  0.009414108470082283
35 0.00289101 0.07300378 0.1035909  0.29827103 0.009409667924046516
25 0.         0.07562518 1.         0.60805005 0.009376944042742252
41 0.32665005 0.34538305 0.56313485 0.7997249  0.009364255703985691
10 0.         0.00106775 0.06978555 0.29358268 0.009335911832749844
20 0.00611857 0.00982376 0.04191611 0.07438637 0.00930950976908207
1 0.03666742 0.00921865 0.18395509 0.14951722 0.009302842430770397
40 0.         0.         0.14608589 0.14183336 0.009269715286791325
28 0.         0.06821477 0.07745941 0.13526422 0.009265643544495106
10 0.00250933 0.05612291 0.13415052 0.21549098 0.009251980111002922
6 0.9395265  0.         1.         0.10032463 0.009237374179065228
1 0.0085892  0.00967698 0.10511405 0.1089989  0.009225742891430855
10 0.         0.06894484 0.10107492 0.3092665  0.009217804297804832
6 0.8597156  0.         1.         0.13100581 0.009176483377814293
34 0.0082905  0.01009339 0.17273259 0.14327255 0.009140648879110813
24 0.42244267 0.28581634 0.72572607 0.6870746  0.009127209894359112
19 0.         0.05503544 0.04968946 0.16646306 0.009101725183427334
38 0.         0.09748865 0.08504124 0.16632415 0.009016269817948341
38 0.         0.00998526 0.25544804 0.19584888 0.009000367484986782
35 0.0008586  0.0554791  0.05733128 0.15762031 0.008991063572466373
33 0.         0.01238804 0.21572645 0.09717329 0.00898064486682415
3 0.00316345 0.01843226 0.14793506 0.151474   0.008973293006420135
20 0.03043507 0.01107959 0.23066343 0.10200872 0.008966532535851002
35 0.00225103 0.00849947 0.05568876 0.05110758 0.008964031003415585
7 0.00472808 0.05122568 0.05838811 0.15227336 0.008934295736253262
7 0.01844868 0.         0.1588126  0.0694116  0.008929125033318996
19 2.3433050e-04 0.0000000e+00 6.6766210e-02 3.3075172e-01 0.008885234594345093
7 0.0053716  0.         0.0611813  0.05001795 0.008870672434568405
20 0.9220971  0.01909554 1.         0.13209076 0.008819247595965862
19 0.93326    0.00352249 0.98617935 0.05993004 0.008778288960456848
19 3.4627916e-05 2.1445466e-02 8.9780442e-02 2.7463561e-01 0.008764627389609814
25 0.         0.06863684 0.08423672 0.14776903 0.008735226467251778
7 0.04444219 0.         0.6807124  0.891082   0.008725730702280998
34 0.         0.0104859  0.19659077 0.10296442 0.00864990521222353
7 0.00558866 0.06605511 0.07952654 0.13974148 0.00862850621342659
33 0.         0.00841219 0.14763364 0.06775059 0.00861956737935543
20 0.02520704 0.00787623 0.15869088 0.07315382 0.008581697940826416
10 0.02904546 0.         0.17065264 0.14372142 0.008536881767213345
32 0.43148133 0.0948433  0.98705995 0.38568458 0.008518463000655174
38 0.21097113 0.7616066  0.7093835  1.         0.008517183363437653
10 0.         0.         0.06853751 0.03812953 0.008503954857587814
13 0.         0.         0.22746924 0.11514217 0.008495043963193893
1 0.00734258 0.00833158 0.07643036 0.14552808 0.00849362462759018
40 0.         0.         0.21600251 0.09531834 0.008482382632791996
1 0.01088126 0.00682512 0.14169152 0.07998312 0.008468316867947578
25 0.         0.00153708 0.08925799 0.14766042 0.008465317077934742
27 0.9486278  0.00439866 0.99837375 0.0715089  0.008425869047641754
25 0.         0.00594822 0.04459724 0.07219097 0.00837607029825449
7 0.02567267 0.         0.22845037 0.10190359 0.008361661806702614
43 0.00032361 0.00261803 0.20678848 0.09961963 0.00833403691649437
32 0.59808207 0.05145945 0.9502523  0.5975907  0.008321408182382584
10 0.9434004  0.00311748 0.99560297 0.07640169 0.00831490010023117
12 0.05088968 0.02054729 0.30095083 0.11895976 0.00830091256648302
18 0.34764877 0.12941366 0.62692744 0.42789206 0.008277266286313534
