1 0.387732   0.44014996 0.82166743 0.87018406 0.7813962697982788
1 0.29981992 0.32973433 0.92681503 0.96513295 0.7510726451873779
1 0.2399889  0.21185166 1.         0.9097052  0.4266018271446228
1 0.413921   0.21667214 0.69569004 0.92326826 0.263839989900589
19 0.24245031 0.30209604 1.         0.86399907 0.2557656466960907
1 0.42792064 0.         1.         0.7646045  0.18049107491970062
19 0.40355784 0.351851   1.         0.6978296  0.17971080541610718
1 0.41075405 0.3222328  0.83496386 0.73300064 0.1613214910030365
25 0.30769622 0.2398688  1.         0.49775556 0.14595569670200348
19 0.45977277 0.15044154 1.         0.86126345 0.1379755437374115
38 0.47850165 0.3956034  0.95630574 0.63714445 0.11810838431119919
25 0.45701528 0.12232544 1.         0.6398514  0.10954992473125458
19 0.35007438 0.432638   1.         0.77875465 0.1054496169090271
19 0.11042547 0.03380641 1.         0.74345917 0.09504444897174835
32 0.17352906 0.21993421 0.9430877  0.7805645  0.09496579319238663
8 0.5663851  0.17835401 0.96825105 0.99882644 0.09486554563045502
25 0.17302974 0.15797125 1.         0.6578205  0.09279246628284454
25 0.31339598 0.32103124 1.         0.6800369  0.08886567503213882
38 0.47606787 0.44883627 0.8882102  0.7519341  0.08602949976921082
25 0.3560409  0.34656638 1.         0.5735715  0.08498678356409073
28 0.44543505 0.26097795 0.99671143 0.5621232  0.08357075601816177
8 0.5351007  0.15322675 0.9329174  0.655394   0.08233675360679626
25 0.497847   0.26528734 0.9374451  0.60228205 0.07954683899879456
42 0.62009746 0.11771876 0.97437644 1.         0.07761847227811813
19 0.3211948  0.28062057 1.         0.615216   0.07317803055047989
32 0.33686414 0.38068867 0.79876256 0.8962739  0.07232167571783066
25 0.24998847 0.15446721 1.         0.42015073 0.07019922137260437
25 0.36564168 0.40241802 1.         0.6257065  0.06928761303424835
19 0.         0.19109607 1.         0.6511085  0.06920012831687927
19 0.4946592 0.3406286 0.8451908 0.7451265 0.06659020483493805
36 0.46569154 0.3409801  0.87198234 0.85224634 0.06419485807418823
27 0.05522263 0.         1.         0.9084933  0.06396139413118362
19 0.         0.30002442 1.         0.74705386 0.057668738067150116
41 0.24463522 0.35801774 0.88390374 0.7163996  0.05578405782580376
18 0.6470616  0.2581206  0.96620494 0.9213284  0.05555393919348717
32 0.17829384 0.14154088 0.97715294 0.6001253  0.05496111139655113
19 0.         0.12689446 1.         0.8339428  0.05390895903110504
25 0.188122 0.       1.       0.559623 0.05329785495996475
20 0.54205513 0.17212777 0.95056635 0.88625765 0.05069147050380707
41 0.10700265 0.48568127 0.7685907  0.780991   0.050675295293331146
38 0.46927348 0.37288406 1.         0.775444   0.049652349203825
28 0.32605729 0.08058231 1.         0.59299815 0.04896344617009163
8 0.6420797  0.23907222 0.9238146  0.84572184 0.04839814826846123
28 0.41195226 0.4007602  1.         0.62270063 0.04825923964381218
1 0.34943828 0.14009662 0.9476937  0.7279107  0.048066239804029465
30 0.43192723 0.2043991  0.81245136 1.         0.04693407937884331
30 0.43849936 0.16936682 0.82202387 0.70253253 0.04633801430463791
30 0.29315078 0.31224996 0.7788936  1.         0.04559273645281792
38 0.47553676 0.04420825 1.         0.48239464 0.045539289712905884
25 0.59980136 0.38454103 1.         0.62994486 0.04198035970330238
1 0.37375543 0.19449884 0.72251993 0.7043974  0.041302867233753204
25 0.56633836 0.44127482 1.         0.68318087 0.041135575622320175
36 0.3292695  0.40664056 0.8524626  0.92045766 0.04108402505517006
38 0.48237124 0.12618119 1.         0.69844466 0.04063910245895386
29 0.47998953 0.3020349  1.         0.75321627 0.04028123989701271
42 0.5112228  0.20140539 1.         0.7585338  0.04020973667502403
36 0.31166226 0.29419997 0.8197362  0.72282636 0.04009157046675682
19 0.22974032 0.36778596 0.93700826 0.6650577  0.0395176075398922
41 0.3998488 0.6168571 0.8976349 0.8729351 0.03914862126111984
8 0.576997   0.28178003 1.         0.7098523  0.038313694298267365
25 0.12321234 0.73297614 1.         0.92717683 0.03771615028381348
32 0.29240444 0.5191594  0.9024148  0.9126055  0.037174176424741745
25 0.55099785 0.33560675 1.         0.7650187  0.03690800815820694
29 0.44174877 0.14069863 1.         0.60462934 0.036338578909635544
43 0.620681  0.        1.        0.8942805 0.03524814546108246
36 0.39683136 0.28803065 0.8617156  0.60363215 0.03475202992558479
8 0.40100244 0.15849423 1.         0.7713844  0.034563202410936356
42 0.47752076 0.         1.         0.8977248  0.03327460214495659
18 0.62774235 0.28512186 0.93331385 0.6894908  0.032862693071365356
41 0.17836253 0.5867066  0.9159482  0.8651219  0.03252355009317398
41 0.36759433 0.42854396 0.88116    0.64889073 0.032274339348077774
36 0.08221835 0.3430782  0.8788701  0.8853565  0.031101394444704056
20 0.5327224  0.29395565 0.97360647 0.64514667 0.03075806237757206
8 0.5281697  0.20551705 0.90590835 0.52909577 0.029816927388310432
18 0.68767226 0.36811307 0.95106715 0.82683164 0.028625814244151115
25 0.5616678 0.        0.9993138 0.6267208 0.02831312082707882
42 0.47252828 0.3486404  1.         1.         0.028282102197408676
18 0.585689   0.20087601 0.90438205 0.6311464  0.02794555574655533
32 0.34610602 0.31259555 0.8484747  0.58414316 0.027932539582252502
42 0.6969621  0.2888231  0.97127324 1.         0.02792111039161682
1 0.3884502  0.52254015 0.9317061  1.         0.02779049053788185
20 0.5438755  0.04203804 0.99571264 0.6419244  0.02773958630859852
42 0.5735462 0.7168367 1.        1.        0.02764095552265644
25 0.3330018  0.4451969  0.9881943  0.76000243 0.026081817224621773
38 0.43995443 0.28184575 0.9084772  0.5866466  0.026079170405864716
6 0.5026113 0.        1.        0.8421574 0.02600802108645439
20 0.6027528  0.45821086 0.93550193 0.723926   0.025591861456632614
19 0.44783643 0.25040644 1.         0.4891763  0.025188438594341278
36 0.3969906 0.4454994 0.8391375 0.7295539 0.024597762152552605
19 0.42862687 0.48758796 0.9754529  0.72955847 0.024480342864990234
41 0.2922121  0.5394926  0.76925224 0.70370483 0.024076689034700394
3 0.30030066 0.31991696 0.6871901  1.         0.02390306629240513
18 0.5748141  0.17551835 0.93745935 1.         0.023736074566841125
6 0.47290212 0.06951948 0.8872034  0.6751746  0.02360103838145733
30 0.15282638 0.18138133 0.76240677 0.708278   0.023495547473430634
25 0.0722051 0.8026312 1.        0.9530851 0.023326970636844635
8 0.5891487  0.28380108 0.9579663  0.59503686 0.023207468912005424
42 0.62384146 0.08510584 1.         0.7896415  0.023132482543587685
36 0.5964017  0.37270567 0.91632694 0.89243644 0.023129796609282494
1 0.53201437 0.400404   0.9838861  0.9473456  0.022847294807434082
1 0.45182315 0.02949242 0.9463475  0.4554533  0.022846592590212822
1 0.416948   0.61587054 0.7831371  1.         0.022504182532429695
28 0.35376677 0.23720784 1.         0.75901276 0.02250204049050808
36 0.01221115 0.3236031  0.74861944 0.6582883  0.022299179807305336
20 0.5387937  0.39827958 0.9349102  0.77408564 0.022057656198740005
1 0.48637402 0.46873698 0.90875095 0.78886485 0.02203580178320408
41 0.23705511 0.5468999  0.691519   0.7804722  0.021955985575914383
36 0.         0.28937054 0.69355285 0.816874   0.02165597677230835
25 0.17312899 0.11966272 0.9066637  0.37160823 0.021218298003077507
27 0.0991187  0.26397756 1.         0.77282006 0.021046528592705727
32 0.29853222 0.0501697  0.9349971  0.5382925  0.020837925374507904
8 0.58759755 0.39010894 1.         0.8910302  0.02077353559434414
41 0.41903204 0.5335624  0.8899563  0.8246709  0.020727338269352913
18 0.20809615 0.06009982 0.8522127  0.82521373 0.02043026313185692
19 0.19582999 0.3844153  0.75687045 0.7566108  0.02022993192076683
32 0.2954242  0.33693635 0.7635688  0.6654162  0.020181292667984962
8 0.21847314 0.19471174 0.94083226 0.64213115 0.020125336945056915
30 0.27803156 0.2713183  0.8007305  0.81494904 0.020001808181405067
25 0.2971846  0.52388024 1.         0.78761    0.019882407039403915
32 0.38798776 0.774036   0.8506121  0.99725235 0.019874246791005135
1 0.44401684 0.7145596  0.8755057  1.         0.019452480599284172
38 0.36877778 0.33107078 1.         0.7064429  0.019410325214266777
25 0.26422894 0.4363615  1.         0.8493371  0.019195368513464928
43 0.47679913 0.         0.98186016 0.781569   0.019073238596320152
28 0.4887983  0.46700442 0.9743128  0.7163677  0.018818223848938942
8 0.4336036  0.44721508 1.         1.         0.018760506063699722
26 0.41245973 0.4918147  0.9444424  0.85909957 0.01850218139588833
18 0.35590026 0.00844152 0.89074904 0.6660467  0.01823132298886776
3 0.30908477 0.51624763 0.7405476  1.         0.0171198807656765
28 0.455512   0.19024602 0.93448895 0.5039166  0.016922878101468086
32 0.37437713 0.09079371 0.8640493  0.66681635 0.01683691516518593
18 0.45866084 0.20782682 0.8569325  0.70949304 0.016815723851323128
28 0.369303   0.32178885 1.         0.58338434 0.016808325424790382
28 0.40373874 0.40425473 1.         0.8345872  0.016611484810709953
3 0.28000027 0.44384858 0.6781683  0.80484915 0.016566157341003418
1 0.4668502 0.5753483 0.6870923 0.9943447 0.016542283818125725
6 0.42495137 0.         1.         1.         0.016525881364941597
36 0.58251774 0.28662053 0.93317395 0.6454858  0.016314152628183365
19 0.16617878 0.2506156  0.9130226  0.60908526 0.016182612627744675
19 0.14153819 0.5009416  0.9676829  0.78684676 0.01612260937690735
3 0.5180998 0.3673926 0.7209428 0.9865334 0.016060547903180122
36 0.53875285 0.38800696 0.8700003  0.7126605  0.01588480919599533
30 0.34578755 0.4011082  0.85941184 0.69801676 0.01581142097711563
41 0.39953476 0.6257969  0.7651496  0.79947215 0.01528091635555029
41 0.06867216 0.3208211  0.8184745  0.6668436  0.015198157168924809
19 0.26048422 0.17803763 1.         0.51617146 0.015162304975092411
8 0.27943605 0.34936526 0.88495183 0.8903192  0.015156296081840992
8 0.5020075  0.13270193 0.9472001  0.460583   0.014918706379830837
6 0.29503074 0.03124685 1.         0.6587027  0.014699522405862808
24 0.5243508  0.4304775  0.9651506  0.74662405 0.014673013240098953
41 0.16600403 0.30897853 0.9138277  0.5613018  0.01457261573523283
30 0.3737733  0.31576017 0.85901004 0.6237705  0.014394829049706459
26 0.23598911 0.3939339  0.9190913  0.87076664 0.014274569228291512
18 0.74825245 0.3015473  0.95069224 0.75978523 0.014185226522386074
3 0.15968168 0.3264622  0.64907694 1.         0.014181112870573997
25 0.2858324  0.03639379 0.967818   0.40946853 0.014151734299957752
42 0.6292291  0.30382252 1.         0.91519004 0.014116164296865463
25 0.2620878 0.2749942 0.9770567 0.5543209 0.014112057164311409
20 0.54425347 0.22949268 0.96942425 0.5220148  0.013861000537872314
6 0.46054903 0.27587405 0.9316167  0.7494662  0.013834638521075249
25 0.07481964 0.53312653 1.         0.8889409  0.01371496357023716
3 0.51259744 0.3025545  0.72144085 0.7571779  0.013683897443115711
15 0.08759166 0.38351974 0.9052894  0.92675436 0.013459338806569576
28 0.33065692 0.31065553 0.8876816  0.71546376 0.013434100896120071
8 0.3527027  0.60010517 0.9535728  1.         0.013410840183496475
1 0.63214874 0.         1.         0.73098075 0.013368267565965652
41 0.69065213 0.4311778  0.9614584  0.77727795 0.01331257913261652
27 9.4492594e-04 2.3019196e-01 1.0000000e+00 1.0000000e+00 0.013131329789757729
24 0.5474518  0.307384   1.         0.69168633 0.013121606782078743
29 0.43267813 0.43927267 1.         0.63005394 0.013107385486364365
19 0.48393607 0.4307188  1.         0.642868   0.01310498546808958
1 0.4248153  0.1379703  0.8621315  0.54900455 0.013015499338507652
19 0.         0.52317387 1.         0.89795303 0.012915764935314655
40 0.37278312 0.09179571 1.         0.8554745  0.012734402902424335
32 0.2623087  0.28507456 0.6889278  0.7797955  0.012699220329523087
41 0.41799933 0.5311942  0.8449513  0.66770756 0.01248498260974884
24 0.52424604 0.09447276 1.         0.8083353  0.01238592341542244
20 0.56729513 0.14737277 0.9845571  0.4588268  0.012267433106899261
25 0.47167075 0.07389093 0.994435   0.4512523  0.012179164215922356
41 0.29414135 0.50170064 0.6172743  0.82010543 0.012177113443613052
29 0.5858194  0.04462881 1.         0.69985455 0.012074030935764313
26 0.31893882 0.3674713  0.8425345  0.6581094  0.012061291374266148
41 0.6454013  0.44573173 0.9165011  0.86633515 0.012059680186212063
25 0.5500346  0.18843979 1.         0.5157515  0.011994208209216595
29 0.4838248  0.38304013 1.         0.658464   0.011873629875481129
27 0.09262909 0.018424   1.         0.650216   0.011679474264383316
35 0.57086843 0.00109383 1.         0.79974926 0.01150924526154995
18 0.5613141  0.09188589 0.9315551  0.7137379  0.011350306682288647
20 0.64760107 0.3922902  0.96321696 0.69187343 0.011315660551190376
16 0.224699   0.36198366 0.6380311  0.7227564  0.011308536864817142
42 0.5226054  0.06609362 1.         0.60099965 0.011289014481008053
26 0.16221103 0.40927607 0.75343806 0.79221195 0.011219966225326061
26 0.37816796 0.6184539  0.9356804  0.95258296 0.011152151972055435
38 0.3292757  0.17369685 1.         0.5335461  0.011108465492725372
18 0.25194633 0.3020941  0.94075125 1.         0.01108731608837843
32 0.31742    0.20563172 0.73363525 0.5661037  0.010717292316257954
25 0.         0.15840474 1.         0.52480096 0.010670672170817852
3 0.0680362 0.2772093 0.61916   0.8713249 0.010508490726351738
42 0.6171716  0.1866279  0.90207034 0.8517379  0.010495452210307121
18 0.6592947  0.22106361 0.9338851  0.56978047 0.010435695759952068
18 0.405185   0.0801058  0.83596283 0.56467015 0.010417448356747627
42 0.6681291  0.24100858 0.99220574 0.7706424  0.010212209075689316
18 0.38972092 0.05979279 0.94165653 0.99661726 0.01004571933299303
18 0.09197792 0.         0.9368044  0.97418827 0.010021784342825413
6 0.3940583  0.6297179  0.94979435 1.         0.009997474029660225
20 0.42578998 0.23516493 0.92413384 0.57640564 0.009861460886895657
19 0.20380078 0.2953901  0.5891833  0.86598134 0.00981784239411354
41 0.43073726 0.56984913 0.85263354 0.719464   0.009681472554802895
41 0.5399192  0.56501126 0.8845282  0.8807002  0.00967650767415762
1 0.5252689 0.790567  1.        1.        0.009602664969861507
3 0.35177964 0.49861208 0.69426644 0.9602806  0.009535061195492744
3 0.264339   0.31218648 0.6062908  0.7871423  0.009528965689241886
36 0.6921962 0.4612194 0.9907473 0.9065035 0.009440694935619831
29 0.56370014 0.40157253 1.         0.80877197 0.009434476494789124
27 0.1303238  0.34802428 1.         0.9490553  0.009426208212971687
32 0.721209   0.2336118  1.         0.78468573 0.009312903508543968
29 0.46253103 0.48453915 1.         0.68554604 0.009304642677307129
37 0.58212036 0.24946672 0.9294276  0.75467646 0.009165420196950436
3 0.5815316  0.41372502 0.78213036 0.952976   0.00910413172096014
8 0.6583865  0.37636623 0.9985483  0.73114866 0.008848782628774643
36 0.19342364 0.24693798 0.8513749  0.62965536 0.0088119525462389
29 0.36480945 0.29237226 1.         0.61933553 0.00880999956279993
37 0.48301515 0.14212807 1.         0.9539861  0.008805377408862114
29 0.613022   0.23008227 1.         0.8867912  0.008795540779829025
27 0.         0.07542664 1.         0.75786155 0.008766409009695053
1 0.29077205 0.         0.8528925  0.8357397  0.00872806180268526
6 0.484351   0.         1.         0.60864246 0.008708733133971691
1 0.56943953 0.38831443 0.9693975  0.74938965 0.008627067320048809
30 0.55707854 0.14505982 0.85351247 0.85392135 0.008606505580246449
15 0.2664517  0.24655247 0.981388   0.8330393  0.008531429804861546
24 0.48274374 0.2212416  1.         0.93893486 0.00853117648512125
25 0.         0.06305407 1.         0.63289034 0.008409764617681503
26 0.00913747 0.35151896 0.6164054  0.8558725  0.008400926366448402
18 0.5923993  0.23389275 0.82018465 0.843624   0.008387201465666294
42 0.16488668 0.04022184 1.         0.843281   0.008382467553019524
42 0.3038404 0.5109417 0.9723794 1.        0.008360586129128933
43 0.5025711 0.2172935 0.909791  0.8289322 0.008343561552464962
38 0.30811688 0.31494716 0.80611104 0.74001443 0.008170614019036293
32 0.4258002  0.19808143 0.85808533 0.5223894  0.008141542784869671
11 0.3621154  0.22939375 0.8721867  0.6841156  0.008131730370223522
15 0.         0.24842949 0.92940575 0.80590355 0.008019001223146915
18 0.5960615  0.10739262 0.9284538  0.5102488  0.008007284253835678
43 0.6734401  0.13382576 0.99221766 0.86553293 0.00795675814151764
32 0.3113003  0.7496469  0.72768736 0.9722828  0.007917803712189198
19 0.08902202 0.3997642  0.61550975 0.803577   0.007914217188954353
25 0.         0.28843445 1.         0.6411828  0.007857284508645535
43 0.57355946 0.14275745 1.         0.6440799  0.007727434858679771
32 0.63468456 0.15192686 0.9832068  0.85165477 0.007625361904501915
16 0.17727633 0.40016    0.4513763  0.8192792  0.007593432907015085
14 0.58333874 0.06802224 1.         0.87585473 0.007588963955640793
26 0.5361927  0.34236842 0.9260982  0.7392639  0.007588524837046862
41 0.54215634 0.5493893  0.9014036  0.7466178  0.007585165090858936
41 0.20149039 0.60667306 0.79437745 0.80521154 0.007567975670099258
29 0.44162562 0.5309935  0.92529035 0.77346474 0.007527034729719162
42 0.32474354 0.09735291 0.9925046  1.         0.0075171939097344875
35 0.31272298 0.01071416 1.         0.6957851  0.007513251155614853
30 0.3423872  0.42976707 0.8056009  0.8705978  0.007496262900531292
32 0.584751   0.2881157  0.96192956 0.67321587 0.007492003962397575
24 0.7210915  0.42015794 0.94263625 0.69180274 0.007473658304661512
41 0.36412045 0.6649114  0.73999333 0.8641967  0.00745440274477005
29 0.27227694 0.18695404 1.         0.53408766 0.0074147917330265045
24 0.49333432 0.4786905  0.8942375  0.84991723 0.007409321144223213
24 0.7104714  0.24464269 0.99781173 0.7819727  0.007395475171506405
18 0.7685625  0.442616   0.9558359  0.92539656 0.007318765856325626
19 0.16211218 0.78067917 1.         0.96492004 0.007281249389052391
6 0.22700284 0.13470535 0.9142623  0.94396853 0.007250150199979544
41 0.6977455  0.52869755 0.9749295  0.84409195 0.00724192475900054
36 0.61445373 0.37475726 0.9492978  0.69957155 0.007229640614241362
41 0.38035807 0.44199002 0.76708996 0.61594254 0.007150413002818823
28 0.51219726 0.35834467 1.         0.7191508  0.007135164923965931
26 0.41082287 0.87096775 0.8021401  0.9941194  0.0071182455867528915
6 0.27652103 0.74827164 0.9648322  1.         0.007067089434713125
19 0.14460233 0.3077884  0.74983555 0.6702387  0.007036611903458834
27 0.23100752 0.29435542 0.6727332  0.95939493 0.0069787707179784775
30 0.17494904 0.34055647 0.6970769  0.9286055  0.006966434419155121
32 0.5191279  0.21882927 0.92766684 0.7719092  0.006961632985621691
25 0.40073538 0.10351157 0.7894726  0.4303825  0.006941032130271196
43 0.6052594  0.25760314 0.9797674  0.72315013 0.006900619715452194
41 0.458381   0.44827563 0.88662744 0.5831607  0.006864246912300587
36 0.58628666 0.32157323 0.8228601  0.7930332  0.006833367515355349
32 0.47496814 0.36379725 0.8445549  0.7277418  0.006818235386162996
41 0.6248324  0.542399   0.93949294 0.80437136 0.006817122921347618
29 0.44450858 0.5070707  1.         0.85171276 0.006815068889409304
20 0.40665185 0.32352358 0.89195377 0.85329896 0.0068025169894099236
15 0.         0.01702957 0.95250034 0.8558482  0.006800372153520584
29 0.2454926  0.20340598 1.         0.68133515 0.006795681547373533
38 0.47676992 0.5571191  1.         0.80173993 0.006737318821251392
3 0.43464148 0.4175353  0.695279   0.79687876 0.006646593101322651
32 0.35165095 0.21937534 0.6225716  0.8230473  0.006639296654611826
31 0.5469076  0.08355606 1.         0.9951056  0.006558309309184551
24 0.6365338  0.26754582 0.8644315  0.70781183 0.006546633318066597
15 0.4228207 0.        1.        0.829162  0.00647828821092844
16 0.19794552 0.2247337  0.52735615 0.7040064  0.006462796125560999
42 0.54243827 0.5283979  1.         1.         0.006334040779620409
23 0.5258912  0.08104767 0.98953694 0.75942147 0.006221236195415258
37 0.5417852  0.34024104 1.         0.6994594  0.006173252128064632
24 0.48940778 0.12858945 1.         0.65027773 0.006172219291329384
36 0.04032926 0.53913885 0.8432568  0.9352209  0.006166650447994471
3 0.22513    0.54340184 0.6300243  1.         0.006123085971921682
3 0.46978435 0.48162696 0.7539039  1.         0.006032293196767569
