30 0.08197825 0.         1.         0.7649297  0.4901183545589447
27 0.05578145 0.5297005  0.60189706 0.83537567 0.2781403660774231
27 0.14675918 0.40542293 0.5889164  0.8115838  0.25284963846206665
29 0.18358068 0.12116727 0.7672073  0.82494354 0.2500016689300537
29 0.2893707  0.1231543  0.96458924 0.72399414 0.19176146388053894
30 0.19128884 0.2659696  0.65284896 0.727425   0.15412060916423798
31 0.1940267  0.31113824 0.9320673  0.60520816 0.1431799829006195
27 0.32284904 0.12831548 1.         0.7532916  0.14181481301784515
27 0.13782404 0.15796334 0.86451846 0.7957605  0.13730056583881378
27 0.06221947 0.18818538 0.6084996  0.7928384  0.13176116347312927
1 0.11071894 0.         0.74910396 0.19893527 0.11828521639108658
27 0.12770617 0.41517606 0.90786034 0.947283   0.11759334057569504
1 0.07048085 0.01660322 0.96273124 0.34799987 0.11275704950094223
40 0.06221194 0.0732417  0.84717554 0.610354   0.10430305451154709
27 0.18854867 0.35554653 0.48277152 0.8809526  0.10299790650606155
1 0.39248762 0.08578379 1.         0.7294115  0.10234922170639038
30 0.07339866 0.23526976 0.9031337  0.81807995 0.1006629541516304
31 0.3259966  0.23062007 0.81900924 0.63325465 0.09876564145088196
30 0.1504758 0.331489  0.5403396 0.7492251 0.09597349166870117
29 0.13551733 0.03041166 0.5965703  0.7867032  0.09119562059640884
1 0.30988523 0.05227602 1.         0.42710802 0.08633621782064438
27 0.25776616 0.5228569  0.69652545 0.98689526 0.08491268008947372
27 0.2515123  0.42337328 0.73405915 0.8197068  0.08448265492916107
30 0.13878387 0.05269183 1.         0.53864    0.08323147892951965
32 0.12039796 0.3347969  0.57829434 0.72044575 0.0768410861492157
27 0.23327777 0.3422832  1.         0.8190057  0.0759136974811554
10 0.10023537 0.10041858 0.75652325 0.5844279  0.06927742063999176
10 0.02912053 0.3437406  0.57387674 0.77362037 0.06870163232088089
40 0.        0.0464914 1.        0.3196688 0.06506253778934479
27 0.10639005 0.4555745  0.5626344  0.96163493 0.06448289006948471
29 0.12476509 0.23162448 0.8614535  0.98091656 0.06439416110515594
30 0.22253348 0.24418458 0.93551046 0.5606323  0.064261794090271
10 0.21200396 0.         1.         0.59254724 0.062493279576301575
10 0.05597176 0.04783099 0.8736604  0.34482026 0.06161857023835182
31 0.12994824 0.3067123  0.84580815 0.74080116 0.061226971447467804
27 0.26555127 0.32159823 0.61824566 0.84326154 0.06114847958087921
40 0.         0.07774142 0.62500864 0.7247966  0.06038703769445419
5 0.        0.        0.6903463 1.        0.05978177487850189
10 0.10455447 0.26333106 0.46622223 0.8210517  0.05647838115692139
31 0.05581431 0.29375905 1.         0.82529306 0.05621609464287758
30 0.18736501 0.08941419 0.7453116  0.6527862  0.055973365902900696
5 0.         0.         0.8304476  0.93438023 0.05559924244880676
32 0.09719402 0.11648168 0.97049713 0.61642593 0.054378312081098557
32 0.1648353  0.4017672  0.71730846 0.7227001  0.051214549690485
33 0.05733345 0.47695073 0.5904217  0.84698695 0.04933829978108406
31 0.456463   0.10744627 0.80822504 0.6705895  0.04839308559894562
1 0.4494268  0.12648056 0.9680613  0.5425542  0.04824715107679367
30 0.28832874 0.15670775 0.8242856  0.5964514  0.047169752418994904
25 0.        0.        1.        0.5148665 0.046080127358436584
27 0.3584215  0.27388915 1.         0.65004754 0.045195069164037704
41 0.03146467 0.21666293 0.51417065 0.7032302  0.04497861489653587
29 0.32325163 0.15969102 1.         0.5375191  0.043107613921165466
32 0.13484696 0.11324028 0.6892759  0.69578165 0.042280539870262146
27 0.09554305 0.22599025 0.47378436 0.91343266 0.0392511785030365
29 0.18503587 0.37175974 0.61273116 0.80920017 0.03814566135406494
10 0.03334854 0.11632485 0.7510638  0.8359485  0.03810224309563637
25 0.         0.16523972 1.         0.53354704 0.0374828465282917
19 0.06162499 0.34568253 0.5512729  0.8750509  0.03570856899023056
32 0.15996741 0.30243167 0.47067195 0.7671959  0.03509458154439926
10 0.07500239 0.47525066 0.5831194  0.82634705 0.03455381095409393
41 0.04671277 0.3374583  0.66562754 0.7204752  0.03395950421690941
30 0.2128715  0.33014807 0.8321969  0.60788894 0.033155038952827454
31 0.31567445 0.10985103 0.99982554 0.6855632  0.032735563814640045
24 0.13402556 0.51594615 0.57198256 0.844375   0.03273073583841324
29 0.08664457 0.09043249 0.85632277 0.41705558 0.030715802684426308
10 0.01798803 0.05546775 0.82580745 0.23595195 0.029663993045687675
7 0.13090943 0.         1.         0.7199928  0.029555726796388626
40 0.14248632 0.05732892 1.         0.48431396 0.029411351308226585
41 0.11709297 0.3213259  0.8388427  0.62527394 0.029150357469916344
33 0.17864569 0.35708076 0.4916956  0.9027944  0.028497496619820595
27 0.11241356 0.32323533 0.65981406 0.7487278  0.028255799785256386
40 0.01821086 0.26410034 0.907816   0.6754883  0.027966173365712166
30 0.18408002 0.1061212  0.9575032  0.42526796 0.02783171646296978
5 0.01156624 0.35926262 0.62298334 0.9027495  0.027588697150349617
14 0.26114392 0.00068771 0.32834744 0.08144726 0.027335023507475853
14 0.24525554 0.00143933 0.34327677 0.05569266 0.027329958975315094
25 0.26018307 0.3725347  1.         0.74726176 0.02707665227353573
13 0.11901589 0.47447205 0.62956923 0.87405866 0.026949483901262283
1 0.5096411  0.23598191 1.         0.59178865 0.026062609627842903
25 0.         0.5801416  0.72290975 0.80488896 0.025788430124521255
41 0.04316516 0.10093177 0.6632425  0.31176093 0.025553256273269653
32 0.09829041 0.21914592 0.87859774 0.83532584 0.024907736107707024
30 0.18031242 0.37108415 0.695164   0.65574175 0.024734804406762123
14 0.28885508 0.00152057 0.3564198  0.08264662 0.024702606722712517
21 0.01259855 0.10413028 0.73422444 0.66040325 0.024073926731944084
31 0.2362896  0.14001654 0.83289057 0.7974539  0.024066779762506485
33 0.2022578  0.39003897 0.62280947 0.7778625  0.02395695261657238
33 0.02064804 0.24225388 1.         0.8368644  0.02324421890079975
38 0.28217152 0.43374228 1.         0.95367575 0.023141933605074883
16 0.06186851 0.5752455  0.50535095 0.8017662  0.02311549335718155
24 0.30818567 0.24346924 0.76715    0.86223716 0.023095611482858658
7 0.         0.         0.62944293 0.68908066 0.02278350479900837
5 0.         0.21614492 0.7043857  0.8477318  0.02241719327867031
38 0.3591362  0.49341604 0.8991633  0.8880962  0.022049972787499428
10 0.21273878 0.02531237 1.         0.37950817 0.022034434601664543
14 0.27401382 0.00185228 0.37225682 0.05718629 0.022028332576155663
25 0.         0.11463924 1.         0.67514646 0.02202414907515049
27 0.3543999  0.2781174  0.7400015  0.71686095 0.021992862224578857
27 0.305741   0.07670741 1.         0.56857395 0.021916501224040985
40 0.23248953 0.1981672  0.9459641  0.5526722  0.021862419322133064
14 2.3021619e-01 2.2915364e-04 3.5857832e-01 4.0558912e-02 0.021068984642624855
2 0.13131577 0.10685868 0.71996635 0.8297718  0.020800910890102386
24 0.46994054 0.30650333 0.86686057 0.8953356  0.02074606344103813
38 0.42883185 0.3659916  1.         0.8582413  0.02024047076702118
32 0.23176448 0.2644061  0.54664916 0.74756175 0.019742043688893318
31 0.2906324  0.24292503 0.6910467  0.7014455  0.019709818065166473
29 0.34641585 0.2913486  0.7314237  0.83099186 0.019667023792862892
24 0.20054495 0.40503934 0.8154756  1.         0.01941024512052536
25 0.         0.4950126  0.7051401  0.74155897 0.019391467794775963
14 0.21589044 0.0017455  0.31349862 0.0551572  0.01938742958009243
30 0.33407858 0.         0.8522745  0.49389532 0.019273905083537102
33 0.35835955 0.32417765 0.74041265 0.7623153  0.0189888346940279
10 0.07177524 0.         0.8742812  0.6955899  0.018479466438293457
4 0.         0.25845167 0.6094041  0.76815206 0.018146634101867676
41 0.13006975 0.4640392  0.48720032 0.7407487  0.018022147938609123
25 0.         0.31890392 1.         0.6966039  0.018019311130046844
24 0.26390108 0.55329055 0.6993796  0.897929   0.018001336604356766
14 0.2326926  0.00154833 0.2999506  0.08089141 0.017719093710184097
33 0.08053029 0.21625145 0.82953584 0.96584016 0.017698295414447784
19 0.02574076 0.26743972 0.84671    1.         0.01758110336959362
10 0.3505618  0.         0.72233903 0.4267564  0.01741141453385353
24 0.05935509 0.06027148 0.6448877  0.13847649 0.01740860939025879
32 0.35135835 0.16429256 0.6570979  0.7187112  0.017259949818253517
25 0.        0.4049046 1.        0.8236642 0.017037218436598778
29 0.320046   0.32258663 1.         0.8156582  0.01698458567261696
29 0.07987329 0.13188879 0.49855047 1.         0.016675924882292747
40 0.08908366 0.39550537 0.52738386 0.67564285 0.016343768686056137
21 0.         0.         0.71256787 0.31087753 0.016229836270213127
30 0.08788152 0.         0.9948658  0.378663   0.016127917915582657
21 0.09628319 0.07099958 0.92759806 0.5722051  0.015334085561335087
19 0.24184227 0.30762437 0.506268   0.9546841  0.015315058641135693
25 0.30394638 0.         1.         0.38751176 0.015307986177504063
25 0.         0.6393302  0.7206223  0.95094097 0.015229572542011738
29 0.10714951 0.43641907 0.64864933 0.8827123  0.01521836593747139
27 0.43493277 0.23973136 0.79998773 0.6799135  0.015154514461755753
38 0.42307985 0.4058702  0.7782227  0.8978608  0.015083788894116879
31 0.5463383  0.15226619 0.8958123  0.6485383  0.01503616664558649
14 0.26066995 0.00055231 0.38799295 0.042376   0.014898249879479408
19 0.17560531 0.36088893 0.46495897 0.9980736  0.014895175583660603
21 0.03766073 0.06186386 0.53293496 0.73924536 0.01470218226313591
32 0.27029034 0.         1.         0.49901408 0.014652206562459469
25 0.46052635 0.22771014 1.         0.5159603  0.014526237733662128
30 0.16415001 0.33209032 0.39697945 0.7736998  0.014479391276836395
1 0.33576435 0.         0.8724859  0.3237393  0.014385635033249855
32 0.03591385 0.31973493 0.74423    0.7850543  0.014249705709517002
27 0.15349689 0.48309648 0.38862884 0.9481997  0.014095768332481384
10 0.47491986 0.         1.         0.54003733 0.014075805433094501
7 0.         0.08881725 1.         0.6084113  0.01396065205335617
21 0.11015359 0.4196117  0.5171742  0.77141327 0.013918636366724968
27 0.2545572  0.34256583 0.7496801  0.6444212  0.013916253112256527
30 0.23336345 0.18684095 1.         0.71516633 0.013867768459022045
30 0.18983577 0.         1.         0.56366104 0.013811596669256687
13 0.         0.25044408 0.8778771  0.91454285 0.013265919871628284
40 0.04212275 0.43878374 0.5044231  0.7555518  0.013242647051811218
24 0.20877871 0.47170126 0.5533949  0.93021876 0.013228588737547398
40 2.3775737e-04 3.9181063e-01 6.9145823e-01 8.0944103e-01 0.01318726409226656
4 0.         0.23943914 0.80968046 0.6270611  0.0131568294018507
20 0.2586515  0.00647871 0.333063   0.075937   0.012748782522976398
14 0.27806696 0.00723663 0.67052907 1.         0.012706248089671135
33 0.28411266 0.31191042 1.         0.7621624  0.012517915107309818
24 0.42684978 0.24031879 0.87461305 0.7293437  0.012468605302274227
29 0.4014355  0.19628981 0.859941   0.6694085  0.012407156638801098
32 0.24305512 0.3342686  0.6651705  0.7877216  0.012323851697146893
14 0.2242113  0.25552902 0.7229319  0.8902466  0.01221439242362976
41 0.12914518 0.31917098 0.4039057  0.7792915  0.012125162407755852
7 0.         0.48535132 0.5269769  0.7483836  0.012118369340896606
29 0.14552999 0.36339086 0.45453802 0.93569297 0.01202788669615984
41 0.19647759 0.10982778 0.8823747  0.32812288 0.011960048228502274
20 0.2415977  0.00590785 0.35012916 0.05182755 0.011656190268695354
33 0.16311634 0.31161684 0.70591444 0.8629999  0.011588018387556076
31 0.34801683 0.08343288 0.7248674  0.630204   0.01156970951706171
2 0.02086494 0.33169645 0.49474692 0.828341   0.011477285996079445
27 0.5155994  0.01685224 1.         0.5553759  0.011194105260074139
24 0.11026497 0.28106314 0.843766   0.81854576 0.011178036220371723
2 0.06998065 0.03715017 0.5634947  0.97490275 0.011106252670288086
31 0.0464108  0.38933387 0.8016484  0.6886917  0.010757113806903362
32 0.21232107 0.2956974  0.83382887 0.61643034 0.010753788985311985
25 0.0063899  0.46130168 0.56516635 0.83098054 0.010598944500088692
25 0.11620183 0.5024219  0.7992311  0.83372813 0.010338298045098782
27 0.5942456  0.22199433 0.9273461  0.69530153 0.010302859358489513
24 0.39999047 0.43853852 0.70803976 0.8795634  0.010112769901752472
27 0.23719718 0.27761438 0.5297577  0.7364238  0.010077115148305893
29 0.45173687 0.24229361 1.         0.5062595  0.010073328390717506
19 0.24953611 0.13715103 0.94352347 0.84203804 0.010009100660681725
14 0.31666282 0.00283115 0.38468528 0.08610498 0.009964958764612675
38 0.31393626 0.22959381 1.         0.60527647 0.009954441338777542
10 0.06880949 0.0676093  0.5458721  0.78375727 0.009926368482410908
40 0.08833311 0.24261355 0.559418   0.60767955 0.009898570366203785
35 0.02618441 0.2285225  0.8034377  0.80646086 0.009882044978439808
31 0.46869326 0.26247472 0.9819847  0.6053732  0.009879732504487038
34 0.1075841  0.25093678 0.95993906 0.66215646 0.009860835038125515
7 0.00721817 0.38135815 0.560011   0.7087379  0.009798415936529636
34 0.         0.05473722 0.69583803 0.2774858  0.009771058335900307
27 0.37611327 0.45686498 0.84226024 0.86899596 0.009766393341124058
29 0.05650716 0.40175048 0.48949432 0.8314167  0.009752039797604084
20 0.23056905 0.00708254 0.3038612  0.07796285 0.009749394841492176
25 0.5356271  0.10250865 1.         0.50207716 0.009678879752755165
29 0.24554259 0.38401732 0.7554713  0.75162333 0.009649858810007572
14 0.30406442 0.00261187 0.40001622 0.06050455 0.009640921838581562
29 0.03905381 0.15114354 0.7253128  0.5732514  0.009589758701622486
24 0.03099808 0.1029283  0.9007473  0.29766023 0.009436352178454399
1 0.4517751  0.07226181 0.788148   0.5788994  0.009405666030943394
29 0.16852385 0.15679048 0.89944035 0.498237   0.00928038451820612
20 0.21199171 0.00627085 0.32066965 0.05275955 0.009266809560358524
32 0.2777049  0.25886446 0.6905591  0.6743268  0.00926124956458807
5 0.         0.23122427 0.897211   1.         0.009058032184839249
30 0.1844768  0.28120956 0.47015768 0.8286729  0.009048120118677616
25 0.        0.3592197 0.7271164 0.8113354 0.009014676325023174
34 0.18135582 0.00120466 0.31705534 0.05446281 0.008996452204883099
24 0.09910002 0.4224375  0.4625773  0.83500075 0.008957519195973873
35 0.         0.18217528 0.9097985  0.6806658  0.008931529708206654
25 0.3086303  0.3940121  0.82349724 0.78017664 0.008845061995089054
7 0.         0.23811857 0.7408467  0.6564862  0.008839515969157219
20 0.22775747 0.00354836 0.3681212  0.03637499 0.008818033151328564
27 0.23329104 0.0014589  0.34871957 0.04901302 0.008809981867671013
34 0.15588163 0.         0.3314723  0.03960133 0.008723793551325798
12 0.02988012 0.09760196 1.         0.63694876 0.008689923211932182
25 0.43749046 0.16539836 1.         0.6610361  0.008680720813572407
1 0.52446395 0.19396688 0.89640045 0.6842137  0.008634781464934349
27 0.49737006 0.10197589 0.8450927  0.5325028  0.008362523280084133
30 0.30752492 0.07080711 0.7161889  0.53844607 0.008224256336688995
13 0.066204   0.3941256  0.63749933 0.77799034 0.008201957680284977
25 0.         0.         1.         0.25925976 0.0081481346860528
41 0.092643   0.5312143  0.55517745 0.72814447 0.008147907443344593
20 0.2861106  0.00618061 0.36067697 0.07436974 0.008089466951787472
28 0.10813329 0.1285964  0.8644271  0.74526215 0.008037373423576355
27 0.0892924 0.1357008 0.7161789 0.5611287 0.007898926734924316
33 0.         0.37001044 0.9856999  0.9366063  0.007870747707784176
13 0.06997477 0.33260378 0.5756572  0.94068736 0.00786629132926464
27 0.25176415 0.00210897 0.33200768 0.07092236 0.007857383228838444
10 0.25101823 0.01624304 0.7854546  0.36035624 0.007758629508316517
2 0.08379497 0.21004215 0.9452275  0.8493836  0.007752110715955496
6 0.24923359 0.00239112 0.3316057  0.08282681 0.00774749368429184
24 2.3616125e-01 1.6594888e-04 3.5141185e-01 5.1297531e-02 0.007736671715974808
31 0.28042173 0.18885438 0.9304942  0.5593781  0.007668919395655394
28 0.39377883 0.31937402 1.         0.7945407  0.007664905395358801
25 0.55524045 0.27145267 1.         0.5681349  0.007631920278072357
10 0.22502996 0.19858767 0.6111306  0.8359166  0.0076233260333538055
27 2.17418447e-01 1.07580825e-04 3.64624828e-01 3.61073017e-02 0.007617592811584473
24 0.22057638 0.         0.3703901  0.03703849 0.007584418170154095
10 0.79589015 0.02050209 1.         0.64557874 0.007530610077083111
38 0.31246114 0.4590318  0.6913673  0.9579062  0.007526904810220003
13 0.19379623 0.06798188 0.76943326 0.8328884  0.007525771390646696
40 0.         0.00955087 1.         0.19930664 0.007516414858400822
33 0.22903308 0.00310698 0.34754333 0.05279804 0.007506655994802713
36 0.04685117 0.54528826 0.58628005 0.8853103  0.007441419642418623
34 0.06899521 0.4360959  1.         0.8981133  0.007435312494635582
10 0.13748507 0.15794635 0.92269546 0.5055964  0.00740914698690176
33 0.2520098  0.22036245 0.9897357  0.6575395  0.007404842413961887
7 0.         0.12423722 0.5643176  0.72677416 0.007383008953183889
38 0.11197342 0.1855243  1.         0.7736334  0.007381449919193983
22 0.         0.         0.5788216  0.92939293 0.0073571885004639626
25 0.         0.33643448 1.         0.6259757  0.007338351104408503
32 0.3667668  0.21185283 0.9558209  0.5540307  0.007330409716814756
27 0.5241362  0.18574333 0.8610628  0.6319616  0.007317981217056513
19 0.28237772 0.1930629  0.5715493  0.9321043  0.007317483425140381
25 0.         0.06180044 1.         0.5045559  0.007270051632076502
25 0.         0.49515137 1.         0.9331175  0.007235254626721144
19 0.08947678 0.07682953 0.6688611  0.8817055  0.007234492339193821
14 0.2923219  0.00108658 0.41489503 0.04495041 0.007175766862928867
24 0.2313612  0.23095825 0.7801638  0.60229516 0.0071643562987446785
6 0.27713183 0.0019672  0.35575363 0.0812876  0.00708455964922905
27 0.53542256 0.27318427 1.         0.58796597 0.007061003241688013
10 0.07499512 0.11739878 0.80922526 0.395478   0.007027309853583574
25 0.22996071 0.00280201 0.34138268 0.04995492 0.006986391730606556
25 0.21273604 0.00074021 0.3581842  0.035908   0.006956509314477444
31 0.1397691  0.47704163 0.83292526 0.7598678  0.0069501674734056
25 0.         0.40081906 0.892812   0.70693606 0.006947740912437439
27 0.40180048 0.05507594 0.7628486  0.48722938 0.006929293740540743
6 0.22749479 0.00211434 0.3481868  0.0570126  0.00688709644600749
34 0.15579972 0.49714452 0.75805455 0.76352894 0.006829323712736368
33 0.15697609 0.1167879  1.         0.78029037 0.006800297647714615
25 0.15659094 0.3970384  0.67275816 0.79343826 0.006798676215112209
25 0.         0.         1.         0.32920066 0.006782507989555597
25 0.         0.48239157 0.84645224 0.84379673 0.006757689174264669
2 0.24865194 0.12942526 0.87697613 0.65012425 0.006727473810315132
20 0.2703599  0.00517528 0.37813652 0.05029278 0.006709154229611158
33 0.25002575 0.00325065 0.3311355  0.07704884 0.006689691916108131
25 0.05795881 0.62402314 0.86415905 0.89849234 0.0066829947754740715
24 0.589432   0.33875173 0.9547044  0.92002493 0.006665587890893221
32 0.35944757 0.16884933 0.9563663  0.77011126 0.006644356995820999
30 0.50792056 0.08668681 0.9462717  0.66650724 0.006635821890085936
38 0.19713168 0.56361586 0.8637783  0.9044094  0.0066211652010679245
34 2.1011931e-01 7.3553725e-05 3.0045184e-01 7.7814959e-02 0.00661153020337224
5 0.         0.         1.         0.67851424 0.006602967157959938
29 0.18904178 0.27606648 0.9087972  0.53684205 0.006544455420225859
21 0.         0.32878917 0.9013218  0.7306827  0.00650091003626585
28 0.30466595 0.19610994 0.9664953  0.7073812  0.006475748494267464
34 0.         0.17658725 0.6519919  0.7877171  0.0064459796994924545
25 0.34787005 0.32599413 0.9966518  0.61614776 0.0064317770302295685
24 0.5300695  0.2836646  0.88541627 0.67223233 0.006402625702321529
25 0.68914837 0.25518888 1.         0.52942854 0.006379459518939257
14 0.18775716 0.00064548 0.28166264 0.05724546 0.006359098479151726
41 0.02866209 0.22399832 0.31750187 0.7213326  0.006347515620291233
41 0.09795517 0.16424759 0.65702295 0.42595187 0.0063230376690626144
29 0.15451169 0.3494197  0.8283708  0.6189695  0.0063039581291377544
14 0.17405526 0.         0.29343876 0.04131149 0.006295617204159498
5 0.         0.21505804 0.5860875  1.         0.006276044994592667
25 0.         0.15326305 0.8339082  0.6552597  0.006251323502510786
13 0.0835716  0.06832245 0.53365844 0.88277876 0.006241262424737215
