1 0.30257854 0.22039765 0.9650127  0.63328505 0.7758564949035645
1 0.22228013 0.04534236 1.         0.7079824  0.697474479675293
41 0.10921987 0.06292129 0.75733846 0.69656706 0.6214761734008789
1 0.14245239 0.         1.         0.73993164 0.4877474308013916
41 0.14739133 0.24583878 0.7096054  0.61811    0.46125707030296326
1 0.02918655 0.11857964 1.         0.9067377  0.45172765851020813
41 0.07834663 0.06150158 0.778133   0.4010957  0.4389002025127411
41 0.14140867 0.19678049 0.7903792  0.4997326  0.4091738760471344
41 0.15703632 0.26482716 0.5713927  0.7021814  0.3612429201602936
41 0.        0.6190961 0.392594  1.        0.3587781488895416
1 0.         0.3463023  0.86206293 0.99952394 0.3204624056816101
41 0.2726148  0.2637281  0.67646176 0.7247694  0.3146854639053345
41 0.25409293 0.28255215 0.5859455  0.89639163 0.29182949662208557
41 0.02334452 0.5126802  0.55154794 0.95132256 0.2822529673576355
41 0.13277198 0.3793763  0.58591074 0.8059091  0.27568870782852173
41 0.22186173 0.41299412 0.5276824  0.9373212  0.25754937529563904
41 0.00224843 0.42253163 0.6714122  0.890127   0.2532578408718109
41 0.16241199 0.542352   0.8074027  0.9285403  0.23146113753318787
41 0.16376387 0.2595427  0.7972298  0.8243119  0.22566479444503784
1 0.38218784 0.         0.9975226  0.79248434 0.21482916176319122
1 0.         0.55136794 0.44291374 0.97866994 0.19842804968357086
21 0.32266566 0.138536   0.87301356 0.55688643 0.19558019936084747
41 0.04872803 0.64423573 0.6404283  1.         0.19039936363697052
1 0.0280765  0.5213369  0.63034403 0.98977935 0.18385720252990723
1 0.02366216 0.5793287  0.32490382 1.         0.18205639719963074
41 0.09346645 0.00647591 0.73569506 0.2820306  0.18187284469604492
1 0.277134   0.34216776 0.8281703  0.7304302  0.1810501366853714
41 0.08424772 0.21698569 0.54867005 0.8572052  0.17504537105560303
41 0.17822643 0.35286796 0.7393426  0.6523568  0.16829301416873932
24 0.35330528 0.23802237 0.86281383 0.6567885  0.1670929342508316
1 0.4116203  0.09643459 0.7617809  0.7129245  0.16704604029655457
41 0.28971842 0.15474783 0.55424637 0.79288423 0.1626562923192978
21 0.34061044 0.04868364 0.94773054 0.4687859  0.15454918146133423
1 0.41155875 0.         0.8874457  0.6329982  0.1505458503961563
1 0.5000485  0.02911036 0.8116324  0.7382729  0.14911454916000366
24 0.02716192 0.43909273 0.99489176 0.88053477 0.1425870805978775
41 0.11796199 0.15149142 0.5955104  0.5662224  0.14207597076892853
41 0.5469099 0.7579683 0.9709943 1.        0.1417556256055832
41 0.16788395 0.551444   0.46739367 0.9967818  0.14037398993968964
1 0.1725462  0.         1.         0.46085045 0.13522659242153168
41 0.4046431  0.7785453  0.85952485 0.9912213  0.13351768255233765
24 0.34043875 0.2604477  0.7391048  0.8513971  0.12366236001253128
41 0.3100142  0.40353572 0.57137966 0.988536   0.11948319524526596
41 0.         0.47427726 0.30258033 1.         0.11316008120775223
41 0.48509943 0.83087224 0.9923924  0.9984124  0.11028967052698135
41 0.         0.83227676 0.36400515 0.9937692  0.10791527479887009
41 0.3169614  0.2064671  0.7628749  0.63947177 0.10715627670288086
41 0.         0.69730985 0.49366638 0.97447056 0.10085009038448334
10 0.         0.7582463  0.27400804 1.         0.0982411727309227
1 0.41325668 0.0673359  1.         0.5143928  0.09778949618339539
41 2.7099610e-04 7.5517964e-01 2.9501027e-01 9.8795414e-01 0.09438619762659073
10 0.         0.82712525 0.38781285 0.9802993  0.09347232431173325
1 0.11741924 0.42239252 0.4433023  1.         0.09111911803483963
24 0.29704958 0.17412394 1.         0.8171418  0.08948475122451782
1 0.0408138  0.44405615 0.7460321  0.90596074 0.0890844389796257
24 0.2532117  0.2394646  0.92623377 0.53120667 0.08814090490341187
41 0.27949762 0.6238194  0.65521806 0.9693911  0.08682646602392197
41 0.36371475 0.07126668 0.64147663 0.6587356  0.08567138016223907
21 0.00955394 0.78661007 0.26617202 1.         0.08508370071649551
21 0.39288485 0.08583428 0.7087745  0.5913106  0.08278457820415497
21 0.01560009 0.632241   0.27692017 1.         0.08254527300596237
24 0.01913384 0.5251616  0.80194    0.9575942  0.07979442924261093
16 0.32613555 0.2740315  0.68016005 0.5661883  0.07925007492303848
41 0.2853903  0.3839131  0.78005755 0.86725396 0.07834120094776154
41 0.        0.7742247 0.3948352 1.        0.07761336117982864
16 0.31150332 0.35758308 0.6302726  0.68736446 0.0772315040230751
24 0.43432805 0.17369832 0.9723725  0.5991731  0.0742657482624054
41 0.08323319 0.5457648  0.39434013 1.         0.07281675934791565
24 0.3496958  0.04603289 1.         0.61583364 0.07205646485090256
41 0.6616148 0.7165373 1.        1.        0.06983166933059692
1 0.00346882 0.7814536  0.42299348 1.         0.06825282424688339
10 0.         0.63141745 0.34403205 0.97456026 0.06802478432655334
24 0.03414525 0.27500218 1.         0.7557154  0.06568503379821777
1 0.22330755 0.2941097  0.7690512  0.91099274 0.06445057690143585
24 0.20676456 0.33180854 0.8227857  0.69277066 0.06281444430351257
41 0.28163645 0.08637805 0.7281281  0.4511856  0.06159228831529617
21 0.0179288  0.6980359  0.17845078 1.         0.05908387526869774
24 0.2670733  0.36152714 0.9395277  0.5980598  0.05895642191171646
21 0.4113767  0.02445174 0.7906551  0.3592384  0.05635679140686989
10 0.         0.488555   0.44665274 0.983271   0.05626756697893143
24 0.364446   0.05918966 0.8911055  0.5168768  0.05588947981595993
24 0.2818184  0.18303315 0.8021949  0.593486   0.055695123970508575
21 0.11632784 0.03618787 0.9179857  0.3908005  0.05565699562430382
1 0.2713718  0.11302181 0.6816652  0.8162567  0.05550936609506607
24 0.18355685 0.4042298  0.7596801  0.81613684 0.05523795261979103
4 0.02980479 0.3311636  1.         1.         0.05486707761883736
24 0.        0.6726513 0.6873536 0.9875006 0.054860055446624756
41 0.34769678 0.07272362 0.85382044 0.52822167 0.053777460008859634
21 0.         0.         0.79624593 0.8933108  0.05307898670434952
1 0.3745092  0.15848982 0.94212973 0.91341656 0.052974142134189606
43 0.07235334 0.15954615 0.8464264  0.95941716 0.051920268684625626
21 0.01734487 0.03213855 0.90011936 0.603949   0.05188065022230148
41 0.8238874  0.77999455 1.         0.9966649  0.05151833966374397
10 0.22220322 0.17562024 0.75456905 0.5966664  0.050947751849889755
10 0.34411636 0.01086558 0.6522525  0.66208154 0.04995401203632355
16 0.36270276 0.36872616 0.5847195  0.75066715 0.04922468215227127
5 0.17700493 0.         0.99605525 0.24583635 0.04808146134018898
24 0.2502201  0.31361976 0.65085334 0.8285416  0.047766514122486115
1 0.18003082 0.19576895 0.5966009  0.94297266 0.04771577939391136
24 0.543635   0.06835981 0.8563579  0.60766816 0.0475870780646801
10 0.         0.7445095  0.4704206  0.99600565 0.04661833494901657
1 0.0671754 0.4006202 0.8683771 0.7996923 0.046240270137786865
1 0.54669636 0.         0.9761076  0.7130262  0.045567162334918976
41 0.0651709 0.5639599 0.5652962 0.8465531 0.04516160488128662
41 0.31964353 0.6236925  0.8561309  0.9277679  0.043438028544187546
24 0.3273939  0.3654315  0.88120955 0.8153743  0.04299551621079445
21 0.19866519 0.14090407 0.76255435 0.506762   0.042887382209300995
24 1.1703491e-04 6.1621547e-01 4.5573705e-01 9.5582551e-01 0.04284285008907318
27 0.13271526 0.06689316 1.         0.6333666  0.042685266584157944
24 0.39715612 0.11295029 0.7551751  0.74091965 0.042384374886751175
4 0.2171809  0.08564784 1.         0.7114742  0.04219869524240494
41 0.02837929 0.0234493  0.34626383 0.54784966 0.04207973554730415
21 0.         0.5556265  0.38371715 1.         0.0420091450214386
16 0.4063644  0.29302835 0.73745614 0.61296123 0.04172555357217789
41 0.20236672 0.41734362 0.7055723  0.7107904  0.04147667437791824
10 0.42656487 0.04008423 0.7516382  0.6280898  0.04118197038769722
16 0.1636995 0.1219877 0.8043526 0.4869689 0.039895880967378616
16 0.36320892 0.22932862 0.56796676 0.61757445 0.039842747151851654
5 0.2580249 0.        0.7920748 0.3010548 0.0388277992606163
24 0.17084163 0.5706662  1.         0.9335777  0.03821684792637825
24 0.12172816 0.5653847  0.5249103  1.         0.03798907250165939
41 0.03301961 0.83951455 0.65403324 0.9964846  0.03797810524702072
41 0.        0.704276  0.8006052 0.982049  0.03711700811982155
5 0.12881348 0.         1.         0.40046546 0.037096526473760605
21 0.3231278  0.04227117 0.8709361  0.30436182 0.03708892688155174
21 0.24369495 0.02623043 0.8030778  0.2250971  0.036718592047691345
16 0.1993777  0.1646359  0.67036617 0.62447906 0.03639266639947891
24 0.4953234  0.07630409 1.         0.7637602  0.03601422533392906
10 0.2650041  0.04805143 0.8626549  0.5726877  0.03582577407360077
16 0.17925729 0.31670034 0.6815734  0.74767786 0.03481888025999069
21 0.         0.47596905 0.4997446  0.9342327  0.034679513424634933
24 0.18065628 0.45581472 0.547839   0.9118914  0.034401390701532364
24 0.1275118  0.06019081 1.         0.3573924  0.034248948097229004
21 0.         0.27920517 0.55290693 0.9090019  0.03365657106041908
16 0.2904774  0.20595932 0.74506664 0.5406407  0.03345648944377899
41 0.         0.82350504 0.48321077 0.97811586 0.03341667726635933
41 0.8049117 0.6796924 1.        1.        0.033060114830732346
41 0.39168447 0.15846759 0.71717674 0.7250932  0.032540131360292435
34 0.18467306 0.00436554 1.         0.4877972  0.032399483025074005
33 0.470649   0.1771119  0.80972016 0.6382303  0.03149306774139404
27 0.34168646 0.14730139 0.7302648  0.7592168  0.03049991838634014
34 0.20490278 0.11487137 0.9702286  0.60131997 0.030362427234649658
1 0.2524966  0.14697002 0.9002134  0.5027267  0.030145999044179916
41 0.22763802 0.44093373 0.6541618  0.8373925  0.02989591658115387
24 0.23327176 0.6556354  0.7971864  0.93470603 0.029606251046061516
1 0.44270653 0.28122175 0.8980655  0.72599334 0.029505224898457527
41 0.33141664 0.04715656 0.8959284  0.2824231  0.029461100697517395
41 0.2998931 0.7156382 0.7559853 0.987676  0.029358362779021263
24 0.         0.82654613 0.38981324 0.99315196 0.029321342706680298
42 0.45050183 0.57232046 0.9726474  1.         0.029021289199590683
36 0.24007958 0.         0.93355834 0.49475896 0.028904085978865623
24 0.23638591 0.51287866 0.6327139  0.94212234 0.028769325464963913
42 0.12895775 0.22926298 0.7441917  0.8030401  0.02875775657594204
5 0.         0.00263402 0.8680597  0.5037749  0.028663337230682373
41 0.01160159 0.         0.33062732 0.1588758  0.028619522228837013
24 0.14105336 0.11612834 1.         0.52065027 0.028575697913765907
41 0.74631196 0.83895355 1.         0.99654716 0.028468677774071693
33 0.32320288 0.03949595 0.87785137 0.6534808  0.028408652171492577
10 0.04478795 0.3934329  0.61379755 0.9344865  0.028170133009552956
41 0.3028258  0.21412435 0.94612753 0.5025606  0.027852389961481094
41 0.04231397 0.00785436 0.4764562  0.22502877 0.027627762407064438
10 0.0811647  0.15697122 0.74532515 0.8386505  0.02694678120315075
21 0.         0.5652579  0.68406135 0.96512514 0.026770910248160362
10 0.01426552 0.11059329 0.69604737 0.6372905  0.026661325246095657
41 0.14300944 0.12491776 0.4895236  0.7539017  0.02661004662513733
41 0.2036097  0.59416366 0.7086656  0.86966145 0.026575429365038872
24 0.02534434 0.6270727  0.7736142  0.8916482  0.026503074914216995
16 0.42187864 0.24669448 0.7679461  0.5350755  0.025799216702580452
41 0.25486094 0.00133227 0.81261885 0.21471213 0.025725601240992546
41 0.51924855 0.6478709  0.9184036  0.9888898  0.025510188192129135
41 0.4628703  0.22298448 0.8808084  0.8595044  0.02513929456472397
34 0.2896648  0.21957389 0.87794954 0.55627924 0.024946928024291992
24 0.         0.6224996  0.25618073 0.95302373 0.024580374360084534
41 0.04160542 0.528632   0.42141363 0.8637653  0.024503029882907867
27 0.4072161  0.07473852 0.7583307  0.6480187  0.023804115131497383
10 0.4930476  0.08869504 0.8766956  0.6155211  0.023297343403100967
24 3.0161540e-05 7.0564264e-01 9.8009872e-01 9.5347852e-01 0.022901706397533417
41 0.61588186 0.36226445 0.92651767 0.96301925 0.02275635488331318
4 0.06750812 0.06818276 0.8480927  0.6851484  0.02264137752354145
24 0.22753848 0.16893506 0.83740705 0.46753258 0.02256902866065502
24 0.06640577 0.4973137  0.6869936  0.86320925 0.022518038749694824
21 0.47112083 0.19541329 0.8666681  0.69024414 0.022485680878162384
41 0.91623396 0.88106334 1.         0.99994946 0.022463690489530563
24 0.27374578 0.02428366 1.         0.31767043 0.022354723885655403
41 0.0019626  0.         0.23756002 0.23087059 0.022140122950077057
27 0.21822889 0.01710571 0.86534846 0.22247486 0.02193761058151722
36 0.36338967 0.19714344 0.84343255 0.6690092  0.021529585123062134
1 0.24471606 0.4584161  0.82040375 0.9886935  0.02121727168560028
32 0.31873876 0.05052345 1.         0.52958876 0.02103389799594879
21 0.30522186 0.22529897 0.79034954 0.6874424  0.020934095606207848
16 0.31599268 0.23398718 0.80584365 0.7244764  0.020512353628873825
21 0.2633173  0.07444067 0.8016547  0.38584676 0.020458035171031952
21 0.3345996  0.12793933 0.62546563 0.70341617 0.02034730836749077
21 0.05626241 0.15436032 0.6951265  0.9141759  0.02013344131410122
24 0.10054286 0.13205463 0.97308105 0.6474457  0.019886916503310204
34 0.22119983 0.2822585  0.8468607  0.6237081  0.019713953137397766
42 0.46103996 0.7583888  1.         1.         0.019690869376063347
34 0.39559034 0.18391062 0.751527   0.66009545 0.019595831632614136
16 0.3067569  0.3750243  0.5363444  0.73616195 0.019498128443956375
16 0.44288158 0.30921036 0.676791   0.712649   0.01922392100095749
41 0.35134986 0.0125775  0.7504633  0.30789298 0.019141381606459618
10 0.         0.57732445 0.52947736 0.87815785 0.019112467765808105
19 0.         0.2117335  0.960292   0.72313714 0.01907283440232277
24 0.65069187 0.08854014 0.9860264  0.66329    0.019045716151595116
4 0.27024513 0.27868694 0.7144549  0.99090904 0.018448278307914734
36 0.429275   0.         1.         0.47528312 0.018426166847348213
24 0.3573644 0.        1.        0.4040723 0.018421653658151627
27 0.48323253 0.03004481 0.89804274 0.6432652  0.018243735656142235
34 0.23173803 0.         0.967757   0.23683287 0.018062874674797058
4 0.08930296 0.19171458 0.90726644 0.9499559  0.017839811742305756
27 0.38821626 0.02000513 0.9455661  0.26375794 0.017747787758708
21 0.22398639 0.24923645 0.91167116 0.5857619  0.017721107229590416
41 0.         0.         0.16384834 0.33233002 0.017694655805826187
16 0.25626522 0.25224692 0.5641971  0.5857666  0.017576171085238457
24 0.01725006 0.8452145  0.7825747  0.9769592  0.017484428361058235
24 0.16637619 0.48877752 0.9633191  0.7682689  0.01743006333708763
41 0.30850992 0.83980185 0.89331025 0.99228215 0.017289914190769196
42 0.22265807 0.34266096 0.69901156 0.97144026 0.01727886125445366
10 0.25218734 0.01491084 0.8692911  0.24730423 0.017269229516386986
34 0.07594477 0.2081533  0.98003054 0.6912918  0.016786517575383186
4 0.17813668 0.2099189  0.90894574 0.6573964  0.01674344204366207
36 0.34419593 0.16791548 0.6581979  0.6546796  0.016734164208173752
21 0.         0.66786385 0.51269096 0.9943192  0.016665851697325706
42 0.23921862 0.68527985 0.65248626 1.         0.016597555950284004
42 0.5453508 0.6854713 1.        1.        0.016578104346990585
24 0.04875471 0.32461318 0.62081575 0.92348677 0.0164585392922163
33 0.282794   0.02812883 0.9402535  0.28332266 0.016317378729581833
24 6.6991544e-01 8.3347323e-04 1.0000000e+00 2.3698650e-01 0.01626412943005562
19 0.11078764 0.0519573  0.9156007  0.58973163 0.016221268102526665
16 0.17840983 0.45187852 0.56978667 0.84186274 0.01611645705997944
24 0.19935194 0.748539   0.73910016 0.95694816 0.016059795394539833
1 0.06842509 0.         0.733492   0.82206523 0.015891781076788902
16 0.15278117 0.11232151 0.753807   0.33577633 0.015857305377721786
34 0.1867376  0.17459692 1.         0.4584074  0.015788037329912186
5 0.        0.        1.        0.3150022 0.01576269418001175
25 0.22498734 0.17577305 0.9447882  0.48990688 0.015718339011073112
41 0.7471462  0.55709    1.         0.98831046 0.01570826582610607
36 0.30549777 0.3312939  0.7363198  0.7293596  0.01570218801498413
25 0.08492747 0.0928444  1.         0.48898384 0.01569264940917492
41 0.04598656 0.06755942 0.4933187  0.3550715  0.015523700974881649
4 0.24899213 0.03079231 0.6693497  0.7543389  0.015517821535468102
19 0.12670448 0.29383987 0.70488346 0.7265745  0.01550878956913948
36 0.03716146 0.03635531 1.         0.49719158 0.015350032597780228
27 0.         0.         1.         0.77345836 0.015330708585679531
29 0.2875173  0.06375219 0.78993005 0.6461489  0.015253263525664806
27 0.26316968 0.09974474 0.86605847 0.57281834 0.015221678651869297
10 0.38301322 0.04493818 0.7974408  0.38042778 0.01516361627727747
16 0.2530094  0.07402015 0.8336618  0.20992061 0.015083776786923409
10 0.         0.6764371  0.61508626 0.96316916 0.014972273260354996
36 0.44864509 0.00501063 0.74851435 0.62225723 0.01488905493170023
36 0.410977   0.10508375 0.70675266 0.71809053 0.014362365007400513
21 0.16588707 0.3109182  0.48458436 0.8657461  0.014220944605767727
5 0.17533466 0.05320501 0.7540487  0.4755976  0.014177343808114529
33 0.18864371 0.2592859  0.54510283 0.75590456 0.01415921188890934
24 0.26895    0.57079387 0.9694149  0.83588505 0.014149168506264687
18 0.21624187 0.02006719 0.9719382  0.6623969  0.014079848304390907
33 0.31127924 0.20596993 0.6983128  0.6684858  0.014025766402482986
40 0.12210093 0.06821498 0.9773674  1.         0.013864913955330849
19 0.         0.02535767 1.         0.6259344  0.01365937665104866
41 0.06036705 0.015211   0.5646912  0.16497082 0.013652868568897247
43 0.24353674 0.02500308 0.9628693  0.75830853 0.013509557582437992
36 0.26280674 0.26983064 0.9615668  0.5780477  0.013496185652911663
24 0.77467364 0.01962691 0.9963027  0.20419978 0.01333410944789648
18 0.        0.6828973 0.3004157 1.        0.013299656100571156
4 0.2158549 0.2201029 1.        1.        0.013282704167068005
21 0.5044525  0.09613253 0.9742496  0.6357547  0.013235360383987427
18 0.        0.        0.9782361 0.521019  0.013172340579330921
24 1.3533275e-04 7.4665987e-01 2.5869563e-01 1.0000000e+00 0.013079119846224785
36 0.         0.24332507 0.90245026 0.7759085  0.01301830168813467
41 0.61883354 0.1915439  0.9395631  0.81891835 0.013017910532653332
41 0.49445146 0.15579097 0.7907966  0.55822396 0.012929561547935009
24 0.28993985 0.7231851  0.8989553  0.95054334 0.012912026606500149
19 0.22132836 0.1828091  0.77490646 0.64854074 0.012824047356843948
42 0.3711574  0.15047547 0.83891654 0.56792295 0.012819143943488598
10 0.12539792 0.22725601 0.6235667  0.632421   0.012756229378283024
15 0.25661725 0.32324916 0.59326476 0.7815826  0.012714024633169174
36 0.52464926 0.         0.8369979  0.65604717 0.01270818430930376
19 0.         0.26367706 1.         0.91691357 0.012602695263922215
42 0.43280834 0.7003822  0.86505324 1.         0.012505763210356236
10 0.3315326  0.23326229 0.6074004  0.7361649  0.012495656497776508
42 0.52734286 0.13049045 0.94835055 0.5733603  0.01239730417728424
27 0.40188554 0.02235139 1.         0.41585827 0.01237610261887312
22 0.05356982 0.         0.8367722  0.24217701 0.012322789989411831
25 0.17279008 0.10351954 0.9569224  0.40683356 0.012304448522627354
33 0.3657705  0.04640993 0.8395073  0.3611625  0.012156926095485687
15 0.         0.10257675 0.7025981  0.9251162  0.012126455083489418
41 0.06871653 0.13657947 0.43536133 0.421342   0.012125211767852306
21 0.43159887 0.04217223 0.6879847  0.40267482 0.012059864588081837
36 0.2652326  0.05674093 1.         0.7181389  0.011975224129855633
34 0.29090273 0.0637395  0.9157074  0.4126271  0.011867492459714413
16 0.5133215  0.25796947 0.74027264 0.5998283  0.011695202440023422
34 0.31835476 0.25275677 0.7022479  0.7057338  0.011667982675135136
41 0.0770221  0.33030176 0.40306365 0.7641628  0.011645814403891563
1 0.0795975  0.79018015 0.34164625 1.         0.011641607619822025
24 0.24309549 0.01996422 0.81485814 0.23494947 0.011637256480753422
27 0.19770658 0.19934988 0.8999472  0.71535623 0.01158837415277958
33 0.34245756 0.10469302 0.78989786 0.53743726 0.011536892503499985
10 0.11264385 0.31784573 0.7581574  0.5935966  0.01152832992374897
18 0.         0.8374164  0.33101583 0.9973747  0.011458282358944416
1 0.28655845 0.         0.97044164 0.36748958 0.011441133916378021
