41 0.06944026 0.30819267 0.72780496 0.60154057 0.4201291501522064
41 0.0869986  0.31748438 0.7590143  0.7734905  0.3740615248680115
1 0.05138525 0.05200163 1.         0.7232022  0.36838775873184204
1 0.3647645 0.        1.        0.7390417 0.3111746609210968
21 0.         0.         0.41747507 0.5535375  0.3059227764606476
10 0.03132124 0.02569598 0.58059686 0.6083682  0.24994060397148132
40 0.         0.         0.8665621  0.87564456 0.24769677221775055
21 0.         0.         0.60715026 0.49347046 0.23287740349769592
1 0.22909348 0.17269748 1.         0.9523367  0.2247401475906372
16 0.39166656 0.3857965  0.8932692  0.8685297  0.22463364899158478
41 0.13740903 0.38476136 0.67343855 0.67770714 0.2182089388370514
29 0.4157125  0.28317273 0.8495987  0.9173031  0.20402641594409943
29 0.4728684 0.2708622 0.9555461 1.        0.203634575009346
15 0.         0.2628118  0.8910372  0.73229283 0.19953405857086182
41 0.10769079 0.40622166 0.67322    0.8446294  0.19523528218269348
1 0.        0.        1.        0.9321225 0.18653742969036102
1 0.13864924 0.1461838  1.         0.57027256 0.18461395800113678
1 0.50763065 0.0315818  1.         0.7033979  0.18042795360088348
41 0.03700002 0.25115427 0.6336756  0.67589194 0.17697006464004517
41 0.03678935 0.327843   0.60061187 0.9675428  0.17403565347194672
21 0.         0.         0.83359313 0.60096866 0.1704542338848114
41 0.06168321 0.3263143  0.46482864 0.836179   0.16752474009990692
15 0.1890478  0.29266164 0.78001744 0.6292036  0.16266624629497528
24 0.47209772 0.21510117 0.79817694 0.7340943  0.1621265560388565
16 0.48555616 0.5233373  0.7885782  0.87966496 0.16052484512329102
10 0.         0.18360838 0.4990078  0.6275343  0.15815849602222443
15 0.0875177  0.37582743 0.7322952  0.60490644 0.1579207181930542
34 0.4349237  0.07638906 0.9657575  0.8173703  0.13527067005634308
21 0.018595   0.12358984 0.36713317 0.5965673  0.13226167857646942
10 0.         0.22401068 0.48254204 0.8987838  0.12815019488334656
16 0.39715186 0.27813518 0.9055184  0.6645175  0.12781953811645508
41 0.03909041 0.25802097 0.3618487  1.         0.12752097845077515
24 0.         0.3366945  0.73179585 0.8761248  0.1229458823800087
16 0.16252035 0.42528796 0.81477296 0.8828004  0.12011762708425522
10 0.         0.         0.7439259  0.49784842 0.11168992519378662
16 0.5997357  0.35612583 0.9074894  0.88614017 0.11145980656147003
41 0.04821765 0.23791885 0.7318088  0.5104909  0.1098930612206459
24 0.54264945 0.20990133 0.9934279  0.8635746  0.1072838231921196
29 0.30347595 0.28083315 0.7567511  0.9745827  0.10159797221422195
1 0.         0.09520897 1.         0.40938404 0.09969931840896606
21 0.         0.         0.87269765 0.3616923  0.0960276797413826
38 0.7457221  0.19834712 1.         0.66931313 0.0931897982954979
29 0.42544416 0.11004799 0.9813517  0.6856096  0.09203684329986572
27 0.3315238  0.19480273 0.7954656  0.7919323  0.08926793932914734
24 0.4193483  0.22749709 1.         0.7280769  0.0863286554813385
15 0.225238   0.17874005 0.8728054  0.6497251  0.08540954440832138
41 0.18581103 0.33453217 0.5635772  0.768203   0.08503437042236328
1 0.00336192 0.01880252 0.73745096 0.7265439  0.0850323811173439
24 0.07198535 0.18354987 0.76999277 0.7032916  0.08453827351331711
41 0.1415058  0.6850874  0.47003323 0.97355145 0.08289968222379684
40 0.24512233 0.         0.88253033 0.7359108  0.08167614787817001
1 0.32879323 0.06671885 0.83725077 0.616329   0.08018925786018372
11 0.         0.2640076  0.73495865 0.7473385  0.08011166006326675
24 0.01363547 0.26923844 0.3337991  0.8062103  0.07936111837625504
27 0.12036332 0.1966563  1.         0.73906666 0.07932444661855698
29 0.17684592 0.27616465 0.53904474 0.91226107 0.07901966571807861
41 0.10723305 0.5189847  0.7271343  0.9464364  0.07866311073303223
24 0.50852084 0.37345046 0.814857   0.8619209  0.07783576846122742
29 0.30997396 0.55606526 0.9824394  1.         0.0769781619310379
40 0.42858624 0.10739197 0.8801269  0.8603053  0.07689517736434937
38 0.6481973  0.12161937 1.         0.8889127  0.07680767774581909
24 0.10684718 0.23081844 1.         0.79571176 0.07622256875038147
40 0.07376739 0.05116437 0.95954186 0.5825666  0.07365770637989044
15 0.13953839 0.05259514 0.8630048  0.7871403  0.07357069849967957
6 0.74725163 0.10086375 1.         0.7510757  0.07318730652332306
27 0.22461236 0.29908234 0.83562744 0.7171507  0.06991264969110489
41 0.22322074 0.29811826 0.9455039  0.79599935 0.06832733005285263
21 0.03024936 0.11484857 0.51420736 0.44117188 0.06815620511770248
16 0.43752697 0.45505607 0.72214377 0.863023   0.06714660674333572
40 0.4832056  0.00851865 0.82817525 0.6352936  0.06597845256328583
16 0.44879162 0.39487082 0.7931222  0.68240225 0.06589692085981369
41 0.27615374 0.26642263 0.8826603  0.66734713 0.06566716730594635
40 0.12240636 0.14913382 0.88233113 1.         0.06556973606348038
21 0.02062953 0.00271617 0.49442685 0.8422808  0.06484555453062057
24 0.         0.3157247  0.41110176 0.90320224 0.06453213840723038
24 0.95229554 0.90773106 0.9969904  0.99713063 0.0640498474240303
1 0.08249624 0.42439628 1.         0.98930806 0.06277113407850266
7 0.         0.11133629 0.8189625  0.69328564 0.0627639964222908
24 0.40319008 0.18441762 0.7744216  0.58042246 0.06256871670484543
33 0.52132225 0.07038023 0.9094533  0.68421197 0.061750493943691254
16 0.28707498 0.5573512  0.8076353  0.9112704  0.0606854185461998
1 0.         0.29375944 0.7500949  0.98607475 0.060299962759017944
34 0.22995232 0.20965053 1.         0.7160877  0.06022626534104347
24 0.06816524 0.57158685 0.76517516 0.92020917 0.05956156924366951
1 0.01914758 0.07409833 0.3750598  0.91970146 0.059543658047914505
10 0.02533407 0.07646965 0.69880366 0.80342746 0.059267956763505936
19 0.         0.3321278  0.74485326 0.6563726  0.05925280228257179
24 0.39741343 0.47060946 0.7806121  0.84987223 0.05921047925949097
41 0.11637698 0.20831881 0.9321515  0.48097402 0.0587572306394577
2 0.56252605 0.05387802 1.         0.9964956  0.0585741363465786
16 0.50427306 0.3621797  0.74814785 0.7389162  0.05775311589241028
16 0.15511335 0.51806575 0.6368248  0.8628734  0.056831613183021545
41 0.81576884 0.9478362  0.95854396 0.9975807  0.05647420510649681
24 0.07112073 0.1271597  0.6404827  0.51407635 0.056268300861120224
41 0.02587552 0.6485308  0.6031799  0.9794163  0.05621222034096718
16 0.5253994  0.57816935 0.8994667  0.96394646 0.05572269856929779
16 0.30832538 0.27338544 0.8557032  0.8135714  0.05469565838575363
15 0.        0.3547649 0.7112107 0.7041313 0.053797416388988495
34 0.05875438 0.28886756 1.         0.8052486  0.05307809263467789
1 0.23212095 0.15762909 1.         0.4684795  0.05100727453827858
1 0.01101207 0.17054956 0.5557989  1.         0.0496768094599247
2 0.         0.50922734 0.9754628  0.92533267 0.04907552897930145
33 0.        0.533226  0.9757274 0.9503067 0.04892456531524658
16 0.5698398  0.17876293 0.90514296 0.6103717  0.048908766359090805
34 0.12071805 0.08843058 0.8546864  0.73318017 0.04835956171154976
29 0.22706808 0.27011526 0.62836343 0.78722274 0.047924384474754333
24 0.9364743  0.93115157 0.99684525 0.9969509  0.04719424247741699
41 0.8650679 0.9473518 1.        0.9967079 0.04654039815068245
24 0.04128194 0.24690224 0.49880454 0.77965295 0.04635179042816162
1 0.56660765 0.19384135 1.         0.8952812  0.046044643968343735
24 0.9365011  0.8804753  0.99492353 0.9818445  0.04604434221982956
10 0.         0.29394194 0.60355127 0.65438336 0.0454220287501812
41 0.8567964  0.9319704  0.96315485 0.9972687  0.045163944363594055
24 0.15950033 0.5189738  0.9737546  0.9072402  0.044683899730443954
21 0.01432371 0.         0.66315657 0.2940799  0.04458068311214447
24 0.3647661  0.29041225 0.8635673  0.68581265 0.04447700083255768
41 0.40100336 0.26296827 0.65124494 0.7510534  0.04398781433701515
24 0.03191956 0.3479362  0.712214   0.67337036 0.04254753142595291
1 0.         0.07474669 0.67521346 0.3638186  0.04191206023097038
21 0.02652897 0.         0.33941492 0.76434296 0.04153186082839966
1 0.27288806 0.29316708 1.         0.6568949  0.040695223957300186
15 0.         0.         0.7477562  0.83105946 0.040618766099214554
24 0.9524861  0.8570577  0.9949875  0.99345887 0.04059232026338577
41 0.30732945 0.395292   0.7494194  0.6655127  0.04032866656780243
41 0.8023443  0.932728   0.90939975 0.9977715  0.040119025856256485
29 0.37495142 0.21029475 0.97150505 0.5779181  0.04004349187016487
41 0.28483507 0.22492148 0.7318504  0.58250403 0.039777424186468124
16 0.15519384 0.450294   0.54149616 0.65042096 0.03949204087257385
10 0.07318761 0.02078983 0.7247016  0.3752686  0.03948588669300079
24 0.44384807 0.33372727 0.9725841  0.66334134 0.03946729376912117
41 0.76164573 0.94745016 0.90115064 0.9977261  0.03919008746743202
33 0.28489977 0.12038089 0.85900515 0.8160589  0.03896768391132355
24 0.6300104  0.33654195 0.9419318  0.927948   0.038245465606451035
1 0.3928152  0.1025205  0.86036235 0.976235   0.03801190108060837
24 0.9183233  0.894181   0.9941373  0.96871394 0.037743523716926575
38 0.94838583 0.9012074  0.9973851  0.99776846 0.03711565583944321
33 0.0071464  0.42452127 0.8725092  0.8823516  0.03700653463602066
32 0.20461477 0.29832974 0.6693157  0.6029499  0.03663887828588486
27 0.09224625 0.31166327 0.9651233  0.63954717 0.036597128957509995
29 0.65493107 0.17223963 0.9534975  1.         0.03639790415763855
2 0.38934395 0.12884517 0.9434988  0.91193014 0.03639639541506767
41 0.         0.69175875 0.81594896 0.99349755 0.03616081178188324
18 0.11676147 0.06362071 0.4945538  0.56334364 0.035923492163419724
1 0.95180637 0.9058338  0.99728835 0.9997937  0.03565559163689613
41 0.05651675 0.46148434 0.40597644 0.89884424 0.03487710282206535
22 0.7566724  0.07660128 0.9866492  0.5870044  0.03470786660909653
41 0.11329247 0.45211756 0.44116396 0.78717995 0.03468259796500206
42 0.         0.9049098  0.04352667 1.         0.034615159034729004
24 0.48473653 0.58679295 0.9624109  0.9231882  0.03455134108662605
42 0.         0.9405835  0.08530431 1.         0.03448199853301048
1 0.44259533 0.15816315 1.         0.51692325 0.03408157080411911
1 0.9359152  0.93042994 0.9963239  0.9994348  0.034054286777973175
41 0.14896666 0.4610139  0.8676959  0.8674447  0.0339420847594738
16 0.36551106 0.48935935 0.8384576  0.72273105 0.03374611213803291
24 0.03975133 0.48215404 0.7391634  0.7577103  0.03310723602771759
10 0.00216853 0.15096293 0.57959634 0.49336538 0.03310607373714447
21 0.02343702 0.13931178 0.6684774  0.78138953 0.03296395763754845
27 0.44743145 0.33194748 0.96592885 1.         0.032893888652324677
27 0.13958603 0.29300478 0.9604971  0.95968527 0.03279230743646622
42 0.76743346 0.9420786  0.92731243 1.         0.03276859596371651
15 0.         0.55111825 0.97725403 0.8741188  0.032266344875097275
24 0.14851205 0.7466111  0.46534094 0.94755006 0.03225746378302574
18 0.8620038 0.9436556 0.9999998 1.        0.03192880377173424
41 0.0226708  0.67908436 0.36566436 0.9839315  0.031820666044950485
1 0.9155821  0.94676137 0.9941413  1.         0.03166541829705238
18 0.8146097  0.94082123 0.95935416 0.9972265  0.03146442770957947
24 0.93600255 0.8575341  0.99295443 0.95530164 0.0314142219722271
1 0.04542211 0.06391294 0.7743757  0.48022014 0.03137749433517456
41 0.17054486 0.5301692  0.5546277  0.92480886 0.031132793053984642
14 0.24330519 0.24955532 0.89508367 0.7440566  0.030836651101708412
20 0.9310091 0.9368024 0.9974528 0.9972742 0.03065335564315319
41 0.8441968  0.91231745 0.9995799  0.99478424 0.03034227155148983
42 0.7593039  0.9253699  0.88377595 1.         0.03032556362450123
19 0.         0.23348574 1.         0.8313784  0.030210088938474655
24 0.28521523 0.1859965  1.         0.5837428  0.030170243233442307
16 0.19269104 0.4416176  0.5882792  0.81147224 0.030151352286338806
33 0.44110242 0.26033068 0.9482406  0.83319527 0.030050108209252357
29 0.51962787 0.22551201 0.7468992  1.         0.02995629981160164
4 0.01032094 0.14881928 0.96641034 0.8352575  0.029717057943344116
41 0.0786583  0.7595681  0.5597625  0.98475444 0.029611783102154732
38 0.9322721  0.9283492  0.996902   0.99842125 0.029530636966228485
16 0.28661257 0.43426153 0.84458834 0.67467505 0.029416397213935852
20 0.9076424  0.95108026 0.9959182  0.9993326  0.029361126944422722
14 0.94759524 0.91379887 0.99991924 1.         0.028858674690127373
38 0.5621702  0.22264804 1.         0.7241611  0.028641417622566223
14 0.92967236 0.93594027 0.99989474 1.         0.028625983744859695
18 0.855358   0.92651606 0.96235913 0.9992317  0.02856612578034401
10 0.         0.35301563 0.6800811  0.8650999  0.028204891830682755
2 0.31324047 0.45035604 0.7776247  0.9070636  0.028150225058197975
21 0.         0.10570639 0.5697639  0.6647827  0.027956608682870865
2 0.3309323  0.47308677 1.         0.9300469  0.027917642146348953
41 0.84474754 0.9086062  0.92057985 0.9994102  0.02742009051144123
42 0.81853396 0.92806256 0.9339071  1.         0.027319852262735367
32 0.8620815  0.9424625  1.         0.99760693 0.027154885232448578
24 0.13860986 0.18185613 0.8346341  0.5192049  0.027073482051491737
7 0.         0.05122439 0.8716155  0.4916625  0.027052205055952072
16 0.11029749 0.44104275 0.49768913 0.8448847  0.027015388011932373
15 0.         0.41465297 0.91083133 0.8189581  0.026967277750372887
1 0.86483794 0.94807386 0.9949885  1.         0.026904413476586342
41 0.87162405 0.9078699  0.94701594 1.         0.02690143883228302
24 0.87192476 0.9484006  0.99614125 0.9952512  0.02653312124311924
24 0.8876053 0.9325325 0.9843792 0.9938    0.02622411586344242
16 0.21717834 0.47037044 0.6472201  0.66873133 0.026092104613780975
20 0.9495305  0.9130679  0.99816877 0.9938674  0.025872454047203064
16 0.4799428  0.5307848  0.68869543 0.9189156  0.025782883167266846
18 0.13219452 0.20303126 0.58362293 0.50998664 0.025782590731978416
14 0.90680516 0.9499858  0.99736094 0.9997915  0.025756197050213814
24 0.16820015 0.56875604 0.59257907 0.9409539  0.02570205181837082
1 0.14629568 0.60832626 0.46519935 0.9633234  0.025303242728114128
19 0.03531446 0.31383857 0.7598652  0.8460423  0.025300033390522003
15 0.         0.2388695  0.56808513 0.7603712  0.025220999494194984
41 0.05455029 0.36841154 0.37478456 0.7263883  0.025167638435959816
1 0.13674404 0.36289084 0.5899195  0.98777914 0.025132769718766212
13 0.53459334 0.17999822 0.8551641  0.89622074 0.024977952241897583
41 0.91422683 0.9483177  0.99993074 0.9991555  0.024637749418616295
27 0.         0.27718142 1.         0.8308452  0.02462407387793064
32 0.14664966 0.30830002 0.4625051  0.6161802  0.0246063694357872
24 0.91744804 0.8692065  0.9924981  0.94151926 0.024539677426218987
6 0.74671966 0.40009397 0.9978051  0.94133306 0.024509482085704803
40 0.38498574 0.22287768 0.91897607 1.         0.024361494928598404
24 0.17487572 0.39141297 0.8665008  0.6946827  0.024219276383519173
29 0.3542466 0.3389508 0.7935115 0.7293668 0.024191943928599358
18 0.9115374  0.94643396 0.9986496  1.         0.024176863953471184
16 0.21450298 0.6035237  0.62019044 0.9173798  0.024173440411686897
2 0.06039228 0.63725907 0.80277693 0.94768965 0.024041365832090378
1 0.21727245 0.11563309 0.5964244  0.80067796 0.023902293294668198
20 0.8495286  0.94962895 0.9925222  0.99995244 0.023751331493258476
1 0.09663063 0.33030725 0.9194333  0.705328   0.023634033277630806
33 0.35851443 0.39473376 0.80199504 0.8475275  0.02348928339779377
27 0.56221205 0.18608244 1.         0.89093316 0.02339479885995388
4 0.11026408 0.31933296 1.         0.954914   0.02339138835668564
25 0.        0.        0.6028341 0.6778174 0.023356446996331215
24 0.9013329  0.9079483  0.9697651  0.99060196 0.02331196703016758
10 0.00952307 0.06116361 0.42529625 0.7383495  0.023244399577379227
29 0.53100526 0.3394808  0.79905283 1.         0.023229900747537613
32 0.81961924 0.9433831  0.9681701  0.9973801  0.023085448890924454
15 0.3512773  0.25255632 0.80873036 0.67463607 0.023082580417394638
18 0.05739856 0.1918477  0.40923765 0.5420138  0.023031456395983696
24 0.6521795  0.1380639  0.93516785 0.7211105  0.022916564717888832
1 0.04096181 0.5760085  0.8545095  0.99315095 0.022618459537625313
1 0.9354747  0.87565583 0.99550235 0.98592013 0.022604795172810555
24 0.06998828 0.22798538 0.60142446 0.5839864  0.022576425224542618
38 0.9487238  0.83940905 0.99775577 0.99472475 0.02254871279001236
32 0.8577705  0.92615193 0.9674383  0.9964974  0.022537173703312874
38 0.9322017  0.87082136 0.99729586 0.98187053 0.022477954626083374
24 0.0601731  0.7297927  0.34988886 0.929881   0.022457540035247803
20 0.8454579  0.935394   0.9565716  0.99926096 0.022424597293138504
24 0.         0.40688655 0.6072981  0.71082616 0.022378887981176376
15 0.         0.40763006 0.5843776  0.6525065  0.02231757529079914
41 0.45109347 0.21209086 0.89350224 0.78365076 0.022290468215942383
1 0.91655123 0.8900975  0.9928173  0.9727145  0.02226301096379757
41 0.05474706 0.12292692 0.5646419  0.5658995  0.022233348339796066
19 0.8410159  0.9506177  0.9914606  0.99910283 0.022124631330370903
24 0.         0.73477143 0.79709107 0.9440615  0.022103628143668175
16 0.6475501  0.221396   0.9297688  0.71022475 0.02208038792014122
24 0.30979577 0.47627833 0.91840017 0.74995947 0.0220485832542181
11 0.16777176 0.17952187 0.752495   0.6298992  0.021895520389080048
1 0.32397324 0.2973957  0.8097188  1.         0.021838320419192314
33 0.30623418 0.31507236 0.89919436 0.90986586 0.021761050447821617
1 0.84273815 0.9086251  0.991736   1.         0.02173282392323017
25 0.         0.07627833 0.8946023  0.55091405 0.02168174274265766
11 0.08912916 0.49189568 0.7746717  0.94604415 0.02163475938141346
16 0.86987966 0.9460361  0.9804298  0.99776584 0.021585820242762566
25 0.         0.18553604 0.44372132 0.7053671  0.021584520116448402
33 0.33601516 0.51680136 0.9347502  0.92250246 0.021534735336899757
41 0.36267477 0.5039888  0.7648918  0.9642843  0.021532312035560608
13 0.65615696 0.2172623  0.95689636 0.88337433 0.021404556930065155
16 0.12607087 0.47126317 0.42489535 0.6946292  0.021119823679327965
38 0.9126863  0.94547194 0.9947102  0.99795645 0.0210582185536623
25 0.9038543 0.9484873 0.9997489 1.        0.021022332832217216
1 0.8980941  0.9046223  0.96709496 1.         0.020957544445991516
34 0.22576939 0.33010605 0.9808953  0.6442601  0.020880332216620445
42 0.13953032 0.09947611 0.72907084 0.7899269  0.02087830938398838
3 0.9153278  0.9507714  0.99460065 0.9977168  0.02067815139889717
7 0.         0.166288   0.77843076 1.         0.02063029259443283
18 0.80122024 0.9216468  0.9110343  0.9963442  0.020594269037246704
18 0.8342123  0.89895487 0.998654   1.         0.020436828956007957
33 0.         0.11864874 0.77946573 0.89515996 0.020295435562729836
2 0.03774113 0.19537717 0.3543434  0.8417259  0.020273564383387566
20 0.89220256 0.9134361  0.97069865 0.9975576  0.020260337740182877
16 0.9174492  0.947551   0.98683923 0.99804926 0.020238779485225677
25 0.8665794  0.9344384  0.98821026 0.99966156 0.020238706842064857
24 0.00764637 0.3651349  0.39416713 0.68818504 0.020197123289108276
11 0.3706407  0.24107039 0.69020164 0.7412938  0.020144345238804817
19 0.90431213 0.9505272  0.9915865  1.         0.020054534077644348
25 0.49228075 0.         0.9055796  0.47504216 0.02003483660519123
29 0.6387884  0.07208905 0.9397914  0.8861337  0.019948625937104225
14 0.847891  0.9497569 0.9895573 1.        0.019927609711885452
11 0.23286593 0.31119192 0.69815695 0.6442537  0.019853411242365837
18 0.16859281 0.04403534 0.6416594  0.60093397 0.019798142835497856
27 0.9484738 0.9064744 0.9994508 1.        0.019730964675545692
41 0.23396336 0.43756765 0.66075623 0.7629825  0.019699938595294952
37 0.9062376  0.94573885 1.         0.99467075 0.01965956948697567
10 0.2668585  0.         0.81008875 0.5677929  0.01961633376777172
41 0.8992653  0.90998864 0.97234243 1.         0.019592804834246635
1 0.4986375  0.38965648 1.         0.9902627  0.01955261640250683
34 0.84769344 0.9454592  1.         0.9970785  0.01952415518462658
42 0.84821075 0.9306132  0.9607883  1.         0.01949317567050457
19 0.         0.40689167 0.62201065 0.7093334  0.019417690113186836
1 0.4618461  0.27453247 0.95768905 0.9079588  0.019369155168533325
