24 0.3068795 0.2376601 1.        0.4803817 0.48036274313926697
24 0.21667714 0.06695979 1.         0.6217252  0.44161900877952576
24 0.52547795 0.1393059  1.         0.6414855  0.3967577815055847
24 0.2853424  0.22796638 1.         0.6646606  0.39090293645858765
24 0.31932428 0.09389575 0.6473977  0.4962434  0.3113669157028198
24 0.42465848 0.2309697  1.         0.8543504  0.2907276153564453
24 0.34589428 0.14796932 0.8002853  0.48908058 0.21608537435531616
24 0.10398819 0.3649844  1.         0.7853041  0.21310697495937347
24 0.2570448  0.09532551 0.55953294 0.46162587 0.17871928215026855
24 0.06402595 0.17016017 0.83152    0.72401214 0.16590498387813568
40 0.02513865 0.08158809 1.         1.         0.15885870158672333
24 0.04131297 0.10843004 0.78601176 0.47406602 0.15836329758167267
24 0.3346437  0.32056147 1.         0.554123   0.14393435418605804
24 0.6125179  0.09645467 1.         0.5462548  0.13478679955005646
24 0.39885536 0.27407297 0.73982733 0.643182   0.1184396967291832
24 0.22892527 0.24587831 0.6845468  0.53362364 0.1129012331366539
21 0.31839713 0.02437543 0.95517486 0.8367039  0.10720353573560715
35 0.         0.16313721 0.82570946 0.84797376 0.10028664022684097
24 0.27554744 0.15369573 1.         0.41028348 0.09773433953523636
24 0.464568   0.34997344 1.         0.61711234 0.09478818625211716
40 0.14405544 0.24248004 1.         0.6724276  0.09126494079828262
34 0.13746916 0.2512907  0.9873435  0.8264672  0.08413795381784439
24 0.2645953  0.24022645 0.58567727 0.6052029  0.08021174371242523
24 0.42495817 0.6742414  0.96638584 0.98596287 0.08010075986385345
24 0.31710112 0.7225456  1.         0.996015   0.07786828279495239
24 0.177833   0.66481364 1.         0.9515019  0.07752493768930435
24 0.11468885 0.11409991 0.632054   0.6799205  0.07638461142778397
1 0.36271033 0.         1.         0.8888314  0.07407870888710022
40 0.15175934 0.03839254 1.         0.8762323  0.0697808638215065
1 0.4857788  0.         0.9925662  0.54758507 0.06681381911039352
24 0.39902633 0.444639   1.         0.8719032  0.06552519649267197
41 0.49868947 0.24964745 0.9884642  0.53257996 0.06429894268512726
24 0.59776103 0.29369253 1.         0.8768394  0.0633208230137825
25 0.         0.35489202 0.9203467  0.72219956 0.06291691213846207
24 0.61150044 0.24714509 1.         0.6035901  0.06102309748530388
1 0.3579243  0.09466921 1.         0.506663   0.05952617898583412
10 0.29021144 0.14176382 1.         0.52403    0.05766262486577034
24 0.14610402 0.1080644  0.47128266 0.47066662 0.05641026422381401
24 0.431125   0.17091899 0.8478223  0.55542606 0.05610128864645958
29 0.3305205  0.19564998 1.         0.8655853  0.05134756863117218
41 0.38218316 0.12902468 0.7664248  0.5981304  0.049947164952754974
21 0.7214622  0.         0.98252696 0.57096994 0.04948306456208229
10 0.34939387 0.100893   0.68095404 0.5790978  0.04759707301855087
24 0.08481186 0.09940521 1.         0.38517356 0.04731058329343796
29 0.20725398 0.07940557 0.79175484 1.         0.04503178596496582
24 0.20080504 0.06588488 0.74355316 0.41154677 0.04495575278997421
35 0.13474856 0.1848137  0.7100828  0.63538176 0.04437605291604996
27 0.10080567 0.69916415 1.         0.9933562  0.04414467141032219
41 0.434079   0.19942671 0.99884725 0.80519134 0.04319832846522331
24 0.02309504 0.13224207 0.67289835 0.39168757 0.042806144803762436
35 0.         0.11911207 0.7495152  0.6463789  0.04271826148033142
29 0.34188697 0.27254066 0.94438845 0.6434617  0.042334720492362976
24 0.6920332  0.34313473 1.         0.8031684  0.042054682970047
24 0.26659855 0.552588   1.         0.9178507  0.041823744773864746
24 0.25678742 0.44351074 0.63669854 0.87784284 0.03998837620019913
29 0.20910259 0.1085628  0.9852815  0.53599286 0.03868970274925232
34 0.02744949 0.10294589 1.         0.6629168  0.03841917961835861
33 0.21295571 0.09294523 1.         0.6690046  0.03834305331110954
2 0.21258217 0.         0.8522962  1.         0.03743612393736839
24 0.35206106 0.3997604  0.92833257 0.60782754 0.037379760295152664
24 0.33645108 0.3534641  0.68235904 0.6812905  0.03606777265667915
1 0.18944912 0.         1.         0.57330173 0.03587635979056358
33 0.39138678 0.12202714 0.74111956 0.60619056 0.035519201308488846
35 0.22150107 0.2864293  0.63104934 0.7933131  0.03544473648071289
9 0.15232117 0.20983349 0.8321553  0.9500925  0.03522907942533493
41 0.25411776 0.12774183 0.88068837 0.6476689  0.03501295670866966
34 0.06836426 0.09829897 1.         0.44175732 0.03463193029165268
40 0.29858622 0.07131627 0.75663984 0.8515267  0.034614186733961105
24 0.15421233 0.27209416 0.66348696 0.6143239  0.03431631252169609
34 0.19343603 0.22094049 1.         0.46578452 0.033201444894075394
21 0.2621811  0.         0.9715865  0.56097406 0.03308934345841408
1 0.0854069 0.        1.        0.8018426 0.03285815566778183
2 0.0897406  0.04239387 0.7099999  0.57678145 0.03265254944562912
24 0.52489674 0.21968624 0.91852635 0.7296936  0.03199409693479538
34 0.4437253  0.19143282 0.9317896  0.4606885  0.03100057877600193
2 0.29962048 0.06930637 0.6858195  0.5552243  0.030607139691710472
24 0.09014151 0.24532354 0.6608111  0.82669675 0.03006819263100624
27 0.10963033 0.5943199  0.54645294 0.9657208  0.029689572751522064
41 0.4356424  0.18507496 0.70180595 0.7506967  0.02890135906636715
25 0.         0.         0.97402954 0.36534393 0.02801351435482502
24 0.42720795 0.29886618 0.88379854 0.6533724  0.027405504137277603
41 0.3822526  0.11927912 1.         0.56295276 0.027106890454888344
16 0.32794425 0.28533134 0.9520285  0.80951315 0.026857037097215652
29 0.3966771 0.2272451 0.7429322 0.8734668 0.026733113452792168
9 0.2173103  0.69252455 0.92301905 0.94075495 0.02661823108792305
24 0.7390655  0.52882725 1.         0.93475896 0.026534443721175194
27 0.2629409  0.5877954  0.77778274 1.         0.02641996368765831
40 0.19001013 0.08911128 0.8826658  0.67151827 0.02591811679303646
35 0.04092743 0.27782473 1.         0.87308097 0.025514790788292885
11 0.18269719 0.2786521  1.         0.8706065  0.025480618700385094
33 0.35164708 0.07780571 0.6444079  0.5519151  0.0252121202647686
35 0.         0.11465294 0.49241355 0.8656116  0.024980580434203148
16 0.36196375 0.18777111 0.89908767 0.40136284 0.024585431441664696
10 0.37709472 0.15976466 0.83523095 0.53945154 0.024584729224443436
10 0.3123349  0.09290758 1.         0.40116155 0.02446906827390194
1 0.5484203 0.        1.        0.769433  0.023944633081555367
24 0.5867385  0.4292387  1.         0.77482635 0.023918630555272102
24 0.521945   0.09836101 0.8926641  0.5699398  0.023865872994065285
34 0.5301347  0.06652425 0.95414656 0.762115   0.02315424010157585
33 0.28879958 0.25307876 1.         0.52077323 0.02297152392566204
35 0.32712358 0.11279251 0.71574295 0.71316785 0.022970201447606087
25 0.         0.69865805 0.97995424 0.93191874 0.0227559395134449
24 0.5901755  0.58348554 1.         0.956944   0.022646475583314896
1 0.45144898 0.         0.8399104  0.5780775  0.022367851808667183
10 0.14588284 0.18506661 0.9049761  0.6765368  0.02235146053135395
6 0.00443525 0.45848513 0.28540063 1.         0.022262711077928543
1 0.65287983 0.         0.9983772  0.575431   0.022253751754760742
21 0.59265876 0.         0.99433047 0.84687734 0.02224947325885296
11 0.09340892 0.17073365 0.86743754 0.94201183 0.022140249609947205
2 0.28813702 0.00178464 0.8703694  0.6118705  0.022074533626437187
16 0.42632598 0.3231865  0.8915308  0.5021164  0.0220563393086195
16 0.41487956 0.2845279  0.68211186 0.6607523  0.02204650267958641
35 0.        0.3694377 0.6741149 0.8580724 0.021908709779381752
1 0.3012305  0.         0.7018044  0.54648274 0.02153540961444378
25 0.         0.         0.92625284 0.5117916  0.021455315873026848
2 0.15946089 0.09024796 0.9231468  0.76836455 0.021385744214057922
41 0.37361985 0.17198545 0.9016608  0.49148142 0.020883304998278618
35 0.02706149 0.6130698  0.55933136 0.9821563  0.020856041461229324
24 0.25428393 0.61442393 0.80330455 1.         0.020781734958291054
1 0.51168185 0.19036207 1.         1.         0.020779522135853767
24 0.31505108 0.7146606  0.7278753  1.         0.02070794068276882
2 0.27325588 0.10185593 0.5724166  0.7588344  0.020623115822672844
16 0.4545275  0.2844494  0.90338826 0.462375   0.020391255617141724
2 0.15780035 0.05577667 0.58995116 0.5022351  0.020206201821565628
24 0.23121798 0.77474934 0.86373264 0.9984015  0.019808530807495117
29 0.07174207 0.09332563 0.85118204 0.7501716  0.019551392644643784
36 0.34660402 0.1653564  0.9824417  0.9866999  0.018941426649689674
2 0.13254173 0.         0.6582887  1.         0.018885917961597443
24 0.6506704 0.6988475 1.        0.9953922 0.018849585205316544
2 0.23928945 0.06505051 0.531089   0.5914906  0.01880503073334694
10 0.37744108 0.15433416 1.         0.8499904  0.018675096333026886
34 0.15749401 0.27914372 0.967457   0.5373833  0.018216557800769806
15 0.08984396 0.11228275 0.9621949  0.69020295 0.018200332298874855
12 0.35370144 0.52386993 0.79475176 1.         0.01797492802143097
35 0.14642593 0.03885747 1.         0.51170707 0.01785399578511715
1 0.30077797 0.03676357 0.9635817  0.40173605 0.017836155369877815
41 0.09011394 0.12438083 0.70522887 0.71904105 0.017820943146944046
24 0.09414358 0.12944141 0.5043622  0.5766781  0.017779113724827766
35 0.         0.02477281 0.83319706 0.4471387  0.01774272322654724
35 0.24015585 0.         0.6591415  0.45661074 0.01758899912238121
35 0.10245074 0.10258634 0.66074973 0.4813903  0.017540372908115387
33 0.28180274 0.0691257  0.9205652  0.49110556 0.017467236146330833
22 0.00773687 0.5351303  0.56410116 0.95338017 0.01725151389837265
27 0.         0.08677477 0.85134983 0.5553924  0.017099328339099884
12 0.1869898 0.5175324 0.7461767 0.9657886 0.017043370753526688
10 0.         0.01061921 0.18320993 0.33146363 0.01703839749097824
35 0.17918791 0.2533321  0.98787713 0.5668043  0.016711656004190445
16 0.40624258 0.28563243 0.9263307  0.6392556  0.01653609797358513
12 0.         0.11874774 1.         0.8354991  0.016517790034413338
29 0.3958735  0.34204483 1.         0.65969914 0.016462991014122963
27 0.01578166 0.09445468 1.         0.60338634 0.01616000384092331
16 0.19982415 0.19875385 0.75926465 0.6600766  0.016023896634578705
41 0.34772533 0.43921754 1.         0.8979862  0.015934914350509644
24 0.00318616 0.0461365  0.449156   0.37906852 0.01592639647424221
41 0.3555112  0.09322686 0.62844557 0.63312906 0.015536864288151264
2 0.31121165 0.18648402 0.80173695 0.65212107 0.015282965265214443
1 0.42923138 0.6387478  1.         1.         0.015273288823664188
41 0.21886519 0.20476939 0.76024914 0.9119909  0.015251582488417625
41 0.32972836 0.3182952  0.8453234  0.6278365  0.01521981880068779
40 0.21091579 0.15144989 1.         0.56788105 0.015206067822873592
15 0.11513179 0.3493817  0.97649133 0.7575613  0.015150233171880245
1 0.39255324 0.06636162 0.9623513  0.6916219  0.015106727369129658
10 0.07464673 0.1128703  0.6300573  0.5186905  0.015059811994433403
27 0.02066867 0.16338746 0.7901424  0.8468083  0.014955711551010609
25 0.         0.         0.8496638  0.64002067 0.014922020956873894
1 0.         0.27921808 1.         0.9395658  0.014907765202224255
24 0.03391055 0.1993085  0.49605888 0.80562866 0.01459734421223402
41 0.5244994  0.32672393 1.         0.6314759  0.014433861710131168
34 0.41603094 0.07488362 0.93514955 0.55878764 0.014421515166759491
4 0.10088283 0.343233   1.         0.93551534 0.014357204549014568
41 0.64428914 0.16774079 0.997013   0.97505987 0.014191499911248684
27 0.1946768 0.7717698 0.6846715 0.9794814 0.013944047503173351
27 0.08154226 0.12893356 0.95853925 1.         0.013924606144428253
1 0.12890092 0.15062994 1.         0.59891605 0.013791737146675587
24 0.4905132  0.78028274 1.         0.99215794 0.013704365119338036
1 0.06119265 0.01462659 0.58368117 0.55775577 0.013616932556033134
10 0.7421916  0.06069423 1.         0.5828591  0.013464894145727158
2 0.32572958 0.17058375 0.5880536  1.         0.013388769701123238
16 0.44783673 0.174046   0.7062939  0.5211189  0.01309129036962986
41 0.17086676 0.13797535 0.558096   0.5602077  0.013034089468419552
27 0.43145162 0.6659655  0.94789034 1.         0.012996251694858074
2 0.2520286 0.5547572 1.        1.        0.012914169579744339
15 0.19027881 0.09510035 0.98376465 0.48459068 0.01283587608486414
25 0.         0.         0.62302077 0.5203283  0.012749533168971539
27 0.32241058 0.69914734 0.691152   0.9944326  0.012685759924352169
10 0.39570814 0.18844377 1.         0.6189624  0.012653526850044727
1 0.13521066 0.         0.4611087  0.6002845  0.012560336850583553
25 0.         0.         0.5690561  0.43040803 0.012443618848919868
22 0.         0.09634946 0.8467162  0.80524296 0.012165329419076443
29 0.05773829 0.69758457 0.90359235 1.         0.012033463455736637
10 0.4557384  0.12690249 0.94214356 0.48068482 0.011951287277042866
9 0.08214455 0.12982991 0.66455495 0.86647695 0.011917198076844215
16 0.5503349  0.3229671  0.805875   0.63772553 0.011834568344056606
27 0.09403923 0.71100086 0.7639086  0.9760929  0.011681772768497467
13 0.16218886 0.04437866 0.74680686 0.9767899  0.011653104797005653
40 0.         0.03614136 0.88209116 0.83286625 0.01164061389863491
16 0.4919367  0.28947654 0.76109654 0.72728896 0.011623397469520569
41 0.4814065  0.28980973 1.         1.         0.011535733006894588
35 0.3088185  0.05961665 0.8302449  0.50708836 0.011379649862647057
35 0.         0.68725276 0.9141857  0.9672324  0.01127020362764597
40 0.4280661 0.        1.        1.        0.01112897228449583
2 0.36918673 0.08814736 0.6572931  0.7588681  0.011073697358369827
33 0.14540136 0.7077699  1.         0.9835532  0.011069592088460922
35 0.25679126 0.09592173 1.         1.         0.010979101061820984
24 0.15421832 0.57021755 0.6502524  0.9710777  0.010896843858063221
25 0.         0.15763097 0.9706472  0.44884944 0.010822136886417866
34 0.5264302  0.15242335 0.9717151  0.53538376 0.01067669503390789
16 0.6212643  0.20205645 0.9251801  0.82227844 0.010625839233398438
11 0.24257223 0.27379528 0.8169739  0.69411695 0.010605140589177608
35 0.31555358 0.5818211  0.6956004  0.96156627 0.01054344605654478
2 0.43207052 0.04954926 0.87918377 1.         0.010453361086547375
25 0.10083593 0.         1.         0.417061   0.010437848046422005
1 0.19814256 0.565918   1.         1.         0.010336761362850666
33 0.309667   0.14542389 1.         0.8628799  0.010235701687633991
15 0.14037903 0.22319415 0.965711   0.92689526 0.010204327292740345
4 0.20865497 0.1878667  1.         0.6532912  0.01016257330775261
25 0.1695757  0.06234184 1.         0.7566855  0.010137665085494518
25 0.         0.21098918 0.8755768  0.5049062  0.010102545842528343
29 0.31822875 0.40265614 0.9781435  1.         0.010089787654578686
35 0.13009003 0.6397981  0.6959351  0.9581696  0.01004344318062067
24 0.39743194 0.40970638 0.74188226 0.8630955  0.009885179810225964
10 0.         0.02394071 0.09184882 0.23617636 0.009869643487036228
18 0.70905745 0.1475536  1.         0.66819966 0.009855599142611027
1 0.7340504  0.00565158 1.         0.6459781  0.009839336387813091
25 0.         0.15201765 0.53981364 0.69971824 0.009697617031633854
35 0.07948886 0.         0.52214205 0.5431655  0.009657388553023338
24 0.90976125 0.03560541 0.9935438  0.17182244 0.009652725420892239
16 0.38439655 0.207609   0.9518973  0.55614114 0.009595844894647598
41 0.36237308 0.26435816 0.6891181  0.6763843  0.009588089771568775
36 0.33796138 0.15564032 1.         0.5234168  0.009553147479891777
16 0.5462916  0.16649796 0.9010407  0.4962761  0.009530378505587578
25 0.02446105 0.         0.445353   0.43747652 0.009501088410615921
25 0.13933882 0.6316069  0.9480831  0.90918356 0.009482893161475658
24 0.25656494 0.37494764 0.6099475  0.71518373 0.009414112195372581
2 0.20717736 0.486166   0.633291   0.97000784 0.009393488056957722
36 0.39437413 0.39755252 1.         0.9340913  0.009380364790558815
9 0.04945849 0.13031545 0.79871625 0.65573704 0.009371086023747921
10 0.01390195 0.06255898 0.545842   0.44245434 0.009363624267280102
27 0.22181423 0.50490665 1.         1.         0.009283788502216339
33 0.40492454 0.7165149  0.99591106 0.97425395 0.00926645565778017
2 0.32537684 0.54841167 0.7570237  0.99342215 0.009245653636753559
11 0.285852   0.17196506 1.         0.7580365  0.00923499371856451
10 0.40015128 0.27789524 0.756698   0.72299725 0.009082544595003128
1 0.502132   0.71119195 0.87203246 1.         0.008870620280504227
29 0.36326134 0.17365311 0.7953415  0.61241907 0.008763425052165985
35 0.         0.5259972  0.70501286 0.9493509  0.008658424951136112
41 0.13791405 0.07475455 0.95556813 0.47720018 0.008609132841229439
2 0.24944657 0.11326761 0.82172215 0.46500885 0.008603367023169994
16 0.6071783  0.25979528 0.9194661  0.4872132  0.008586416020989418
10 0.17936127 0.24656947 0.9592862  0.910787   0.00858562532812357
24 0.35609522 0.03062512 0.9586406  0.1683897  0.008579152636229992
24 0.52754474 0.57804704 1.         0.8278322  0.008551999926567078
27 0.30880013 0.08538271 0.77941334 0.6771846  0.008542955853044987
9 0.28183714 0.76884985 0.8164229  0.95510656 0.008487317711114883
2 0.46188748 0.5778983  0.9171993  1.         0.008478754200041294
40 0.00867549 0.58142066 1.         1.         0.008470922708511353
41 0.08500112 0.13536249 0.6909111  0.48399746 0.008439297787845135
16 0.3474766  0.1717739  0.57720876 0.4704645  0.00830533541738987
24 0.09632123 0.77435243 0.66706717 0.98943746 0.008178934454917908
16 0.21213257 0.15699163 0.82130516 0.46383423 0.008172506466507912
2 0.13445912 0.01331914 0.4722844  0.589192   0.008159810677170753
21 0.2421379  0.03872193 1.         0.39557108 0.008153256960213184
41 0.09540556 0.2643875  0.60670775 0.89467937 0.008141638711094856
27 0.34594968 0.7640311  0.8426814  0.97818047 0.008129709400236607
29 0.19226632 0.10843521 0.6716317  0.9157538  0.008123986423015594
33 0.41334185 0.1874975  0.87882966 0.52624816 0.008123029954731464
18 0.82191986 0.03716123 0.99213165 0.3972618  0.008014602586627007
1 0.42663556 0.2300114  1.         0.66069573 0.007973196916282177
2 0.48866272 0.12865949 0.8821346  0.5835662  0.007949554361402988
29 0.49833295 0.33493057 1.         1.         0.007866762578487396
1 0.7074474  0.64781183 0.9914304  0.99314153 0.007856113836169243
41 0.30765632 0.18231268 0.56948555 0.73321694 0.007853220216929913
1 0.14569722 0.07057092 0.83060724 0.4195037  0.007771574892103672
35 0.10511307 0.04933057 1.         0.7038192  0.007742004003375769
27 0.48497397 0.7035419  0.84170353 0.98977137 0.007699273526668549
24 0.44689667 0.5693971  0.9252116  0.922203   0.00769576383754611
27 0.0470239  0.51915634 0.6711371  0.9430343  0.007589882239699364
10 0.28856295 0.6935898  1.         1.         0.0075136213563382626
35 0.30576777 0.64727086 0.8624709  0.9600995  0.007501048501580954
18 0.27219397 0.06803903 1.         0.48016962 0.0074960095807909966
2 0.59541553 0.01184952 0.90352136 1.         0.007470231968909502
6 0.09547798 0.59533626 0.44795024 1.         0.007470204494893551
1 0.59654605 0.7106809  0.9514135  1.         0.007461543660610914
40 0.16147465 0.2335973  0.70137364 1.         0.007435045670717955
16 0.28738636 0.70944035 0.74750966 1.         0.007405578624457121
41 0.14569244 0.10650902 0.43691912 0.5777468  0.00740227522328496
33 0.13629179 0.06478971 0.7399548  0.583212   0.0073965685442090034
1 0.34408897 0.02894592 0.8055392  0.823095   0.007381958421319723
24 0.4317454  0.3876828  0.82313466 0.7215321  0.007379103917628527
34 0.         0.09440089 0.85368633 0.84752    0.007369435857981443
25 0.05641142 0.60858184 0.5091531  0.88442457 0.007364471908658743
29 0.2640827  0.19322802 0.6579851  0.6931251  0.007342708297073841
41 0.04040433 0.11474748 0.5238372  0.44285014 0.007294170092791319
34 0.16273944 0.16482855 0.9628873  0.40135947 0.007256761193275452
41 0.5426111  0.28138328 0.8601359  0.69145477 0.007238770369440317
21 0.19582434 0.59786654 1.         0.92453974 0.0072072879411280155
21 0.33262387 0.12507224 0.9830044  0.45038906 0.007177115883678198
40 0.32934004 0.21556239 0.9454763  0.77200496 0.007146601099520922
27 0.31601626 0.08979988 1.         0.7194336  0.007146043702960014
16 0.126776   0.19814649 0.5872916  0.6313436  0.007093479391187429
