1 0.592773   0.41691202 1.         0.8551821  0.4642494022846222
1 0.5190018 0.        1.        0.9697751 0.3861098289489746
1 0.22878642 0.         1.         0.7817318  0.3265365660190582
24 0.45554903 0.54567814 0.8989013  0.96293217 0.3036058843135834
27 0.41547775 0.3496515  0.7683807  0.9551357  0.27809709310531616
1 0.5805365  0.46538427 0.9619297  1.         0.2690409719944
27 0.16576925 0.3793137  0.8775561  0.8246207  0.22858105599880219
1 0.36330187 0.24990663 1.         0.875913   0.22097590565681458
10 0.2797981  0.49572197 0.7830446  0.91516817 0.21743044257164001
24 0.25161543 0.5612836  0.91508037 0.9162973  0.2049599587917328
1 0.43286347 0.4403166  1.         0.9789382  0.20365364849567413
24 0.31557754 0.86116457 0.9379692  0.95974976 0.20364199578762054
1 0.37631732 0.0894971  1.         0.60875285 0.18466933071613312
10 0.43404847 0.59998935 0.8142072  1.         0.17992539703845978
40 0.2611459  0.25078785 1.         1.         0.1711798757314682
40 0.17797282 0.02188136 1.         0.93903446 0.17055384814739227
40 0.00189967 0.         1.         0.4026683  0.16375139355659485
24 0.35108915 0.5318321  0.9951945  0.85145307 0.16361747682094574
40 0.22563188 0.3122589  1.         0.8545451  0.16157524287700653
24 0.18952775 0.71173745 1.         0.9323942  0.1503172069787979
28 0.09042349 0.15087833 0.8993576  0.6948966  0.15022756159305573
24 0.52969635 0.47094905 0.9945616  0.9081114  0.1482488214969635
24 0.30026773 0.38493407 1.         0.8361708  0.14076845347881317
1 0.60642684 0.30392098 0.9033291  0.9423069  0.1406543105840683
10 0.45599738 0.4255367  0.74335545 0.99175674 0.13920851051807404
29 0.3324472  0.46441153 1.         1.         0.13899008929729462
27 0.3672094  0.40107358 0.98482335 0.9024406  0.13298536837100983
41 0.78645676 0.8611769  1.         0.9834193  0.13120804727077484
21 0.23439503 0.43277162 0.82776594 0.87867576 0.1299426406621933
41 0.40281907 0.56491256 0.99632955 0.93272644 0.12753590941429138
24 0.4797345  0.42614836 0.7893334  0.9014719  0.12542009353637695
28 0.34230778 0.20750287 1.         0.6963086  0.12466336786746979
41 0.7097236  0.82382536 1.         0.98209137 0.11434070020914078
27 0.15752175 0.23451132 0.8274884  0.99193084 0.10718034207820892
29 0.28636062 0.29631177 0.9876815  0.90423626 0.10241474211215973
29 0.41160244 0.40992224 1.         0.84546465 0.10213816910982132
10 0.35400283 0.45653167 0.8490628  0.7750625  0.1010967418551445
41 0.4112187  0.55848706 0.90591705 0.77382284 0.09969370812177658
28 0.         0.27547857 0.7968834  0.77482253 0.09806894510984421
29 0.23350528 0.3904238  0.80277145 0.9064001  0.09482759982347488
1 0.49102005 0.3701413  0.99794453 0.7455506  0.09190052002668381
10 0.48831493 0.49582398 0.71217126 0.7516099  0.09063798934221268
1 0.0654863  0.01167572 1.         0.36978063 0.0886322632431984
24 0.42619047 0.43715858 0.91858596 0.83739346 0.0848282054066658
24 0.5239904  0.30841866 1.         0.7119391  0.08479320257902145
24 0.41059738 0.49804994 0.7310551  0.97031516 0.08410878479480743
24 0.45197034 0.4427644  1.         0.73527926 0.08311357349157333
27 0.10698588 0.35515842 1.         0.97637314 0.08287856727838516
41 0.5752455 0.6003239 1.        0.9175159 0.0824052020907402
1 0.5486246  0.05445836 1.         0.6596545  0.0780395120382309
10 0.30270955 0.36727953 0.7293911  0.80948603 0.07669004797935486
4 0.         0.39744145 0.81341815 0.8778175  0.07637704163789749
24 0.5750156  0.37268665 0.9078016  0.9604164  0.07592011243104935
40 0.20169312 0.1935853  0.9020024  0.9839355  0.07352004945278168
24 0.27456728 0.25109544 1.         0.710532   0.0735115334391594
27 0.09850637 0.5146857  0.8713656  0.86907434 0.07155687361955643
4 0.         0.2927318  0.91167533 0.67618346 0.07129646837711334
24 0.21620908 0.5177015  0.8139724  0.8345587  0.07118875533342361
24 0.11838916 0.64297104 0.8840734  0.9518307  0.07049412280321121
24 0.39088443 0.80928755 0.99123    0.9733407  0.06758853793144226
10 0.28978664 0.5834178  1.         0.93907756 0.06631001830101013
41 0.8100437  0.7513181  1.         0.97770286 0.06625281274318695
41 0.59167576 0.5948747  0.90896815 0.85914654 0.06608327478170395
40 0.12825002 0.02980726 0.68324524 0.62654525 0.06522326916456223
1 0.5503669  0.25424102 0.9767142  0.8108716  0.06184130907058716
24 0.41234148 0.6212155  1.         0.92518985 0.06172090023756027
21 0.45243338 0.38705015 0.7286725  0.9542845  0.061427947133779526
41 0.3981976 0.660633  1.        0.8893268 0.06126389652490616
29 0.2707194  0.538678   0.9318289  0.96017134 0.060272470116615295
24 0.20062158 0.72773707 0.7782083  0.9762904  0.058499760925769806
41 0.4478014  0.4980689  0.9221957  0.87552524 0.05834318697452545
10 0.46993673 0.5096262  0.88246036 0.8526799  0.0582328625023365
41 0.41861904 0.5400235  0.780899   0.83156466 0.05779995769262314
25 0.        0.6333295 1.        0.9195976 0.05750442296266556
5 0.         0.13116573 1.         0.8146563  0.057005736976861954
1 0.06546132 0.6101749  1.         1.         0.05658724531531334
28 0.35889953 0.08559034 0.9392458  0.5972338  0.05513659864664078
10 0.44667065 0.6472703  0.9938961  0.9710853  0.055050238966941833
1 0.2614725  0.04475178 1.         0.4531319  0.05476954206824303
28 0.28342628 0.30205116 0.94999695 0.89703697 0.053731340914964676
29 0.5434831  0.47480196 1.         0.9291933  0.053386181592941284
24 0.52298445 0.87151265 0.98190635 0.97105205 0.05337122827768326
25 0.11499939 0.09551987 1.         0.7475987  0.052971865981817245
41 0.36765668 0.7344564  1.         0.923835   0.05149789899587631
10 0.4818777  0.26476464 0.7504325  0.905577   0.0513814240694046
41 0.8384751  0.68356854 1.         0.9624862  0.049057818949222565
24 0.16250631 0.09310106 0.9007298  0.19696586 0.048260752111673355
41 0.41892818 0.61480755 0.942001   0.83049685 0.04795357212424278
25 0.20829955 0.42188108 0.91032606 0.9209722  0.046432241797447205
7 0.04678566 0.04919963 0.640077   0.60998887 0.04579252749681473
41 0.50857574 0.5612018  0.74765515 0.9147937  0.04485074803233147
40 0.01909515 0.         0.9166415  0.43686047 0.0443771630525589
41 0.644342   0.58037645 0.9383596  0.96307    0.04432890936732292
41 0.57560295 0.6257563  0.95787776 1.         0.043691061437129974
10 0.25177795 0.31656674 0.97806257 0.70839065 0.04343608766794205
41 0.33063462 0.65811044 0.83731586 0.87642235 0.04304790496826172
40 0.       0.669888 1.       1.       0.04304100200533867
40 0.11900299 0.48183015 1.         1.         0.04278852045536041
21 0.29052833 0.38965985 0.7814067  0.7802299  0.04274548590183258
1 0.24711953 0.8073742  0.97305065 1.         0.042253341525793076
24 0.5430478  0.29351512 0.84061676 0.8445039  0.04213019832968712
34 0.40319702 0.5787554  0.95162445 0.8699653  0.041958216577768326
10 0.7044379 0.8260086 1.        0.9868885 0.041174765676259995
25 0.         0.5411875  0.95843154 0.86626184 0.04111246392130852
25 0.09153936 0.3896062  1.         0.8280055  0.04094924032688141
41 0.6014014  0.43491974 0.9316205  0.7799868  0.0406331829726696
21 0.36248618 0.5216898  0.88490623 0.8871408  0.04043896868824959
40 0.11279014 0.00142067 0.6779739  0.4079575  0.040178436785936356
41 0.3273553  0.44643122 0.9893905  0.78165084 0.040164846926927567
16 0.29324    0.62708586 0.63784236 0.7956487  0.04005756974220276
29 0.37412262 0.52396846 0.87958264 0.86226106 0.03987940773367882
41 0.3419025  0.69206685 0.92020243 0.9384717  0.039773084223270416
41 0.54436255 0.5922865  0.81687266 0.8995299  0.039608582854270935
7 0.18066132 0.29958126 1.         1.         0.03949178010225296
34 0.4637025  0.8358513  0.9511796  0.96727836 0.03936636820435524
1 0.43851766 0.32720593 0.90022147 0.91088676 0.0392109677195549
7 0.07939029 0.14542943 0.5603761  1.         0.03908547759056091
4 0.         0.4825107  0.41259778 1.         0.03886733204126358
25 0.00720378 0.78081214 0.95488214 0.99290013 0.038554754108190536
29 0.36774898 0.66772777 1.         1.         0.0381653867661953
27 0.39183542 0.15640758 1.         1.         0.03776061534881592
40 0.2838484  0.09710193 0.90983695 0.6594098  0.037032678723335266
27 0.35851234 0.545635   0.78875995 1.         0.03644692897796631
10 0.90954685 0.         1.         0.23256765 0.03634325787425041
2 0.16209714 0.65727264 0.96003515 0.9591146  0.035548675805330276
41 0.32548034 0.57043153 0.70822144 0.88399506 0.03537989407777786
34 0.31110513 0.33170724 1.         0.7849623  0.03520204499363899
24 0.16797455 0.30106804 0.8240821  0.85675764 0.03518442064523697
5 0.00568845 0.17282456 0.80640787 0.96114    0.03485528752207756
40 0.13543992 0.08625127 0.64548486 1.         0.03467271476984024
24 0.50528544 0.78753036 0.9154663  0.9620014  0.03438958153128624
4 0.01843666 0.17955182 0.48880687 0.5691528  0.033604539930820465
29 0.44388154 0.5696149  0.8585772  0.94717777 0.03206939995288849
10 0.47475985 0.569512   0.7616708  0.7987185  0.03197801485657692
21 0.2543946  0.2119901  0.95244956 0.7776985  0.031807154417037964
4 0.         0.35601753 0.44166946 0.8793362  0.031768180429935455
41 0.20960756 0.33645368 0.93296146 0.640931   0.03171906992793083
41 0.5144653  0.79939425 1.         0.9729821  0.031505972146987915
27 0.0344336  0.163316   1.         0.94106674 0.03111252933740616
40 0.4512912  0.42355496 1.         1.         0.03097265027463436
28 0.         0.0355291  0.4844676  0.48667735 0.030401142314076424
10 0.45568645 0.39580968 0.975504   0.91204655 0.030268242582678795
29 0.50546366 0.62704    0.9135781  0.99062    0.030133485794067383
34 0.63230956 0.8330511  0.98444337 0.97924024 0.030074628069996834
24 0.04164932 0.57102233 0.71973366 0.88894993 0.02977263554930687
1 0.38896972 0.6286844  0.9933804  1.         0.029710615053772926
21 0.3312578  0.82198215 0.9348462  0.9457305  0.029592135921120644
2 0.1070765 0.4982589 0.8379218 0.9414792 0.02948109619319439
10 0.48802704 0.42506042 0.92791647 0.71847117 0.029265889897942543
25 0.         0.43273875 1.         0.7013319  0.029237058013677597
25 0.33171773 0.3147083  0.8242444  0.8174752  0.028563082218170166
41 0.564939   0.5477671  0.88102806 0.8038875  0.028295839205384254
41 0.47366324 0.8513663  0.9816655  0.97014904 0.02807752788066864
1 0.3517865  0.45806122 0.8478942  1.         0.028045522049069405
1 0.14659719 0.31992707 1.         0.9705724  0.027981450781226158
24 0.20995596 0.28227517 0.925506   0.60911095 0.027540555223822594
40 0.5276666 0.781803  1.        1.        0.02740933559834957
16 0.32955456 0.6020483  0.6991902  0.82833344 0.027400502935051918
25 0.29746595 0.26903415 1.         0.8774535  0.027186691761016846
25 0.         0.24694233 1.         0.642954   0.02710449881851673
28 0.5194267  0.25476116 0.90197164 0.63131785 0.026987217366695404
40 0.10927666 0.09514575 0.8602115  0.81147736 0.026811879128217697
41 0.45083314 0.6018491  0.6960247  0.9132071  0.026328017935156822
10 0.21875586 0.6661853  0.9114903  0.96132123 0.02620958536863327
24 0.03244548 0.15400854 0.96174634 0.3085494  0.026208743453025818
28 0.6278823  0.37051225 0.97709507 0.7379309  0.026184525340795517
41 0.24972583 0.10080899 1.         0.27574944 0.026168545708060265
1 0.45771262 0.71467865 0.8621885  1.         0.025671539828181267
40 0.44626945 0.43959484 1.         1.         0.0254789087921381
28 0.38086966 0.40067166 0.9408547  0.6942424  0.025345955044031143
21 0.4740647  0.46062124 0.72160965 0.7609544  0.02527136169373989
28 0.         0.14047834 0.6221717  0.7310176  0.025254910811781883
29 0.57472354 0.6519157  1.         0.9664614  0.025199035182595253
21 0.67069197 0.79941696 0.9350151  0.9462777  0.025084398686885834
24 0.66768515 0.86888236 0.9478889  0.9584507  0.025021644309163094
24 0.1071313  0.05483167 0.61817706 0.15217121 0.02489427849650383
34 0.07842316 0.6847336  0.98828566 0.9228874  0.02480034902691841
23 0.13731657 0.3012005  0.66037303 1.         0.02464260905981064
7 0.1442794  0.20360428 0.85422367 1.         0.02441483922302723
25 0.         0.         1.         0.24074665 0.024383673444390297
7 0.07421148 0.21777716 1.         0.92923117 0.023479068651795387
4 0.         0.52384245 0.8004845  0.9955454  0.023264432325959206
10 0.21503307 0.01928538 1.         0.20486161 0.023044463247060776
28 0.5618754  0.15950908 0.9839274  0.7147582  0.02299744077026844
25 0.        0.3419574 1.        0.8317091 0.022986620664596558
24 0.3998449  0.25272244 1.         0.490375   0.022905610501766205
27 0.24961844 0.49138865 0.94401073 0.9740608  0.02288810908794403
40 0.3530844  0.20002376 1.         0.78671914 0.02283036895096302
24 0.05269203 0.10196611 0.5795039  0.30384326 0.022722788155078888
41 0.28540817 0.41115734 0.73390144 0.8572803  0.022454990074038506
24 0.23214555 0.7880229  0.6800342  0.9747638  0.02241552248597145
40 0.27996373 0.32074112 0.8220065  0.7417812  0.022074347361922264
10 0.08975782 0.49715775 0.7724059  0.766409   0.021986115723848343
40 0.14371933 0.19384886 0.6648736  0.54911345 0.02196274884045124
23 0.21172184 0.3742738  0.801184   1.         0.0218687504529953
21 0.41730613 0.34308267 0.92666364 0.8785239  0.02169741876423359
10 0.5826845  0.82159424 1.         1.         0.021396690979599953
41 0.14644396 0.21093532 0.76152104 0.5311653  0.021332046017050743
40 0.13194083 0.         1.         0.6433153  0.021296769380569458
34 0.23050682 0.5931633  0.8018161  0.8949054  0.021224146708846092
22 0.         0.15863065 0.7347268  0.7625476  0.021221434697508812
16 0.24622874 0.45408195 0.6331564  0.84299135 0.021206306293606758
35 0.         0.54081964 1.         0.9607957  0.021176453679800034
5 0.17553279 0.2615039  0.7797786  0.71694124 0.02105966955423355
34 0.251998   0.51651144 1.         0.87353456 0.021014196798205376
24 0.07903712 0.19169196 0.8968095  0.50327736 0.02081925794482231
24 0.05981046 0.13012762 0.55340636 0.4393248  0.020799972116947174
2 0.32245222 0.16433892 1.         0.70545816 0.02076861821115017
35 0.0716109  0.30320147 0.903878   0.87939495 0.020667100325226784
25 0.         0.7235599  0.80104107 0.93946385 0.020570047199726105
10 0.51974857 0.         1.         0.18355647 0.020503949373960495
25 0.         0.18592599 1.         0.7462609  0.020311908796429634
25 0.1912416  0.37159336 1.         0.6830689  0.02005305141210556
28 0.47938082 0.32317337 0.91984695 0.84678435 0.019885746762156487
24 0.00691877 0.15268472 0.7553     0.37076566 0.01982053928077221
1 0.17728873 0.19723848 1.         0.70382965 0.019779713824391365
27 0.42627054 0.5389985  0.7739302  0.7532224  0.01964462175965309
10 0.15752997 0.48301616 0.93542117 0.99372745 0.019588088616728783
1 0.11308823 0.00205053 0.99294883 0.59350604 0.019471922889351845
24 0.13514255 0.4583784  0.75931305 0.7484699  0.019430777058005333
29 0.12575328 0.54284304 0.7053232  0.9220457  0.01930338144302368
3 0.13624112 0.56085736 0.59348685 0.82014996 0.019301967695355415
1 0.66718674 0.37213176 0.96205723 0.7811491  0.01927025057375431
1 0.18472044 0.5026495  0.87771904 0.9340243  0.01924653723835945
24 0.60300916 0.48544657 1.         0.7991558  0.019228531047701836
40 0.42309096 0.4147796  0.9540068  0.8301178  0.019185632467269897
19 0.33230314 0.411498   0.8646751  0.93506867 0.019130997359752655
27 0.05950587 0.58715993 1.         1.         0.019092215225100517
25 0.21998128 0.02996137 1.         0.5692803  0.018922820687294006
2 0.33545664 0.24698144 0.90892386 0.9869561  0.01887448877096176
10 0.08312775 0.5460728  0.8558781  0.8531037  0.01872244104743004
41 0.36915112 0.52106065 0.8338964  0.7192811  0.01870056614279747
21 0.20847237 0.6417366  0.89002454 0.9309705  0.018640367314219475
24 0.7426769  0.8990832  0.99284863 0.96812063 0.018594233319163322
27 0.09976822 0.09531298 1.         0.71246624 0.018539967015385628
1 0.07256119 0.         0.79813075 0.3187391  0.01846681721508503
7 0.19710325 0.         0.9621329  0.34139717 0.018463971093297005
27 0.28831208 0.46122947 0.7161617  0.9849355  0.018391361460089684
40 0.17378126 0.12206627 0.5665512  0.69025666 0.018331849947571754
41 0.18501827 0.35826236 0.6649536  0.7979883  0.018330030143260956
1 0.02545097 0.0819312  0.742853   0.5486763  0.01831122115254402
10 0.728221   0.         1.         0.15125723 0.018289729952812195
10 0.7705294  0.75977993 1.         0.9951161  0.01823325641453266
10 0.18743367 0.7274944  1.         0.98281467 0.01820841059088707
25 0.         0.60898644 0.708676   0.841532   0.01808261312544346
7 0.13265894 0.021681   0.63082683 0.3694905  0.01807609386742115
24 0.6650475  0.82751185 0.98198724 0.95721287 0.01804974302649498
25 0.40136474 0.13912402 1.         0.7002641  0.017823856323957443
16 0.42574108 0.5600012  0.7801344  0.72063786 0.017786769196391106
7 0.12526454 0.42705283 0.71843123 1.         0.017667939886450768
10 0.75177824 0.8628705  1.         0.98124737 0.017408661544322968
35 0.06779508 0.690325   0.845835   0.9860254  0.017373763024806976
41 0.33441162 0.4782606  0.6808952  0.7565873  0.01735645718872547
7 0.12032603 0.03384823 0.7895684  0.44755596 0.01733529195189476
27 0.2885535  0.17427911 0.78133005 0.74505556 0.017222076654434204
24 0.43155235 0.3333879  0.7475377  0.8441219  0.01714693382382393
21 0.424071   0.4540254  0.90399903 0.7680059  0.01712842844426632
27 0.07427287 0.26446483 0.59336233 0.9666082  0.01709340326488018
24 0.00376836 0.19038117 0.597382   0.5024143  0.017029529437422752
33 0.3325089  0.49961695 0.71863914 0.93117046 0.016758158802986145
40 0.16351585 0.10505701 0.7013958  0.45940253 0.01672031544148922
37 0.51047164 0.5337097  0.7659499  0.74420494 0.016686659306287766
32 0.50602365 0.3791202  0.90470165 0.7127364  0.016640234738588333
28 0.17348479 0.06969162 0.72737336 0.48218334 0.016562988981604576
33 0.4763704  0.48441342 0.7533931  0.9587177  0.01651264727115631
25 0.43130025 0.5501327  0.80959904 0.76792246 0.016508959233760834
16 0.42439914 0.58867544 0.74868673 0.8078311  0.016406333073973656
25 0.00561221 0.51872253 0.826255   0.92439556 0.016333231702446938
34 0.7248658  0.7756387  0.98203146 0.97496736 0.016292845830321312
4 0.0408227  0.24695374 0.51613086 0.68163747 0.016129663214087486
40 0.5265676  0.09337214 1.         1.         0.016099316999316216
28 0.         0.24293968 0.46349162 0.7916854  0.01592743583023548
1 0.56511545 0.82098716 1.         1.         0.015802009031176567
34 0.38263458 0.51262087 0.903661   0.75518334 0.015788398683071136
21 0.37467313 0.7497718  0.9285812  0.9400718  0.015785198658704758
41 0.33368847 0.76156795 0.7851886  0.9287252  0.015766292810440063
24 0.09086472 0.08159984 0.6719385  0.22191827 0.0157549399882555
41 0.5537466 0.5303288 0.7591902 0.8413414 0.015622657723724842
41 0.8648276  0.47695905 1.         0.97010803 0.015597839839756489
40 0.3420017  0.05604541 1.         0.6610359  0.01548088900744915
22 0.        0.        0.7537572 0.6256306 0.015347584150731564
24 0.75288695 0.4321278  0.990071   0.7070409  0.015250143595039845
18 0.07925037 0.071157   0.69671977 0.8930959  0.015218928456306458
40 0.5338779  0.43843502 0.9192613  1.         0.015126225538551807
35 0.         0.6344642  0.79796124 0.89606977 0.015002110041677952
13 0.29853    0.23042285 0.67764693 1.         0.01492216531187296
28 0.22372442 0.17427634 0.5923038  0.57852125 0.014868523925542831
18 0.20422511 0.49675828 0.80741674 0.8045659  0.014809888787567616
41 0.8858246  0.8666527  1.         0.99229115 0.014776396565139294
24 0.         0.22750904 0.86296624 0.6142585  0.014708910137414932
24 0.09303838 0.08053817 0.40068346 0.29997808 0.014670873992145061
25 0.46162543 0.19181898 0.9324064  0.8172814  0.014545748941600323
24 0.51123554 0.48241186 0.7757596  0.71712285 0.0143872806802392
24 0.5393692  0.54212266 0.816804   0.81048244 0.014358652755618095
41 0.0669194 0.1508054 0.5234787 0.5154826 0.014348575845360756
34 0.24181855 0.7882121  0.9153203  0.9492125  0.01432784367352724
16 0.28201586 0.671199   0.58032495 0.83965933 0.014307607896625996
2 0.39921254 0.48588178 0.92232466 0.94290113 0.014258533716201782
41 0.5247166  0.5349785  0.7500112  0.72651964 0.014254332520067692
32 0.28044158 0.4946607  0.87669516 0.7593671  0.01412277203053236
