41 0.52376425 0.41406173 1.         0.9570397  0.6922435760498047
41 0.21280493 0.49770418 0.70321715 0.9004961  0.6677246689796448
29 0.29959872 0.07737277 0.9453524  0.7349891  0.6652366518974304
29 0.50214756 0.00166789 1.         0.681058   0.6257706880569458
41 0.45968574 0.41578904 0.78796506 0.81759226 0.6215987205505371
29 0.23338656 0.         0.7269769  0.7196576  0.5927261114120483
41 0.24536729 0.6183835  0.91953963 0.9662495  0.5571191906929016
41 0.32577246 0.7137042  1.         1.         0.5479934215545654
41 0.17161639 0.48822135 0.45319206 0.8793392  0.5369291305541992
41 0.4787195  0.53974384 0.88341564 0.9144147  0.5286561250686646
41 0.40434137 0.43289664 0.9534879  0.8060726  0.5016210079193115
41 0.49579498 0.51243347 1.         0.80296594 0.49760115146636963
41 0.42022544 0.3041742  0.87892723 0.6276704  0.4718766212463379
41 0.32173136 0.80301756 0.8009725  0.98486197 0.41079777479171753
41 0.5953036  0.29446507 0.9549883  0.9507872  0.4099680781364441
29 0.6074983  0.20892568 0.9776889  0.770626   0.38596081733703613
29 0.31074366 0.30628642 0.728467   0.94091076 0.38283035159111023
41 0.37618837 0.46519765 0.73715466 0.9084511  0.36919477581977844
41 0.47201666 0.21998358 0.74152666 0.6670656  0.35067301988601685
41 0.44855002 0.25072575 0.8679972  0.53535503 0.34466463327407837
10 0.24702848 0.28833324 0.7101925  0.7389005  0.33971989154815674
29 0.18941315 0.3933881  0.56901646 0.9061377  0.31459730863571167
41 0.19591543 0.77571887 0.66438335 1.         0.3129691481590271
41 0.40699244 0.7343379  0.8944849  0.9508729  0.31110310554504395
41 0.11565208 0.39047137 0.32901013 0.9025739  0.30956682562828064
29 0.3717178  0.29804936 1.         0.87391937 0.29907065629959106
41 0.22441976 0.47621623 0.62822247 1.         0.2818496525287628
41 0.26105872 0.3889857  0.8351141  1.         0.27343711256980896
41 0.32383204 0.29927874 0.93947005 0.55061543 0.24510487914085388
41 0.20046186 0.40138522 0.8538327  0.6627679  0.23338527977466583
29 0.24385531 0.34703818 0.7219029  0.6954806  0.2252681702375412
29 0.44174638 0.1560657  0.71743697 0.71452904 0.22091320157051086
40 0.1435193  0.27649876 1.         0.7856547  0.21722544729709625
41 0.19355118 0.65456486 0.67661345 0.99016654 0.21262811124324799
42 0.24365374 0.31007692 0.8061955  0.9415967  0.2040550410747528
41 0.39101806 0.36338717 1.         0.66074985 0.1990734040737152
10 0.31298682 0.32978547 0.8355716  0.6322358  0.1971171498298645
41 0.5644988  0.35321128 0.86879456 0.88676625 0.19608543813228607
41 0.06407385 0.4033122  0.21164915 0.88345057 0.1815098524093628
40 0.19664994 0.29795176 1.         1.         0.17960624396800995
2 0.24844445 0.31545186 0.7702398  0.7738612  0.1779303401708603
29 0.13441388 0.02884364 0.4302235  0.79393494 0.17789211869239807
42 0.14177641 0.38339671 0.59253025 0.9516036  0.16908098757266998
29 0.15231396 0.27616808 0.48995674 0.83774656 0.16580010950565338
42 0.30837986 0.45077404 0.94063777 0.99790764 0.16285477578639984
40 0.         0.3153934  0.95427287 1.         0.16119545698165894
29 0.3985138  0.11108951 0.9790495  0.58746827 0.1600790023803711
41 0.34343514 0.337443   0.8337663  0.70413685 0.1584661304950714
34 0.4740565  0.35953924 0.89537466 1.         0.15766747295856476
41 0.4136959  0.22137818 0.91768414 0.44191697 0.1532411128282547
29 0.29823294 0.38891667 0.8698979  0.7436385  0.15263475477695465
1 0.7942914  0.192983   1.         0.85028315 0.1491347700357437
29 0.0772239  0.04568067 0.30724743 0.84540457 0.14690054953098297
24 0.53477526 0.5244251  0.9127408  0.8611516  0.14462047815322876
33 0.42126387 0.         0.90116996 0.85751414 0.13981017470359802
34 0.36989102 0.45298004 0.88245934 0.8267701  0.13782277703285217
10 0.38862497 0.23232982 0.6893607  0.7931071  0.1373445838689804
34 0.35002315 0.28591335 0.8504261  0.7212607  0.13502556085586548
41 0.15244396 0.7860167  0.5220312  1.         0.13394230604171753
41 0.2838926  0.34042823 0.9598675  0.8780773  0.1333061307668686
1 0.00743546 0.         0.52052563 0.87367994 0.13229118287563324
1 0.49070874 0.40325326 1.         0.9020516  0.12997306883335114
24 0.47292674 0.44829622 0.988902   0.9751122  0.12943170964717865
21 0.10165444 0.         0.70151174 0.6103946  0.12858714163303375
1 0.5884534  0.21147485 1.         0.98230666 0.12748320400714874
29 0.4011662  0.17457923 0.8082622  0.5606959  0.12660153210163116
34 0.44356292 0.18247539 0.7778222  0.71745443 0.12225029617547989
40 0.19672745 0.12886086 0.9980414  0.32424116 0.12204007059335709
42 0.44268098 0.5811488  1.         1.         0.12192393839359283
1 0.64958704 0.07730044 1.         0.8320436  0.12097911536693573
42 0.2275424 0.606465  0.7725509 1.        0.11976791173219681
10 0.11711121 0.30099192 0.68322104 0.6190112  0.11688897013664246
41 0.524762   0.6844221  1.         0.98842156 0.11426551640033722
24 0.5838005  0.46849468 0.837057   0.96726125 0.11150344461202621
1 0.55080295 0.27982935 1.         0.7794813  0.11016783118247986
42 0.08507515 0.60305053 0.46372244 1.         0.10987571626901627
40 0.25189418 0.14874986 1.         0.53339064 0.10846750438213348
41 0.16066062 0.36360183 0.38738826 0.8742493  0.10611475259065628
41 0.2615797  0.50212955 0.5695186  0.87615347 0.10585470497608185
2 0.5368833  0.12813583 0.8996979  1.         0.10552340745925903
34 0.39862064 0.1838377  0.881449   0.5614228  0.10528364777565002
21 0.29963374 0.08727562 0.6223841  0.546163   0.10298146307468414
41 0.48555288 0.2143054  0.9309193  0.76357055 0.10189096629619598
42 0.12381749 0.29996178 0.43029374 0.85547286 0.10188432782888412
29 0.59435993 0.3850586  0.9835899  0.87463766 0.10185199230909348
2 0.41046026 0.26708877 0.8085611  0.8132945  0.10181058198213577
21 0.20927274 0.22471766 0.68940866 0.5915336  0.10180094838142395
11 0.04882006 0.17075232 0.39711002 1.         0.10105952620506287
2 0.07163625 0.32064408 0.41632324 0.7848309  0.10016502439975739
34 0.34256867 0.39388314 0.7934844  0.9159642  0.09855932742357254
41 0.42182863 0.70579803 0.7015252  1.         0.0969402864575386
41 0.81404114 0.43004584 1.         0.98155075 0.09691482037305832
24 0.6106699  0.30684236 0.944303   1.         0.09626127779483795
29 0.4020661  0.32613164 0.9840796  0.68896693 0.09624549746513367
2 0.10364009 0.14811358 0.6819009  0.5885328  0.09589934349060059
2 0.09250428 0.3054806  0.49643093 0.60710865 0.09566273540258408
41 0.16780001 0.59730774 0.3937711  0.9272572  0.09326287358999252
39 0.         0.09110319 0.28621197 0.8036322  0.0924919992685318
42 0.2673247 0.2683773 0.6671595 0.7460651 0.09193092584609985
41 0.23497966 0.21080008 0.83468366 0.5153093  0.0916740745306015
42 0.16145834 0.6437568  0.55858994 1.         0.0860934779047966
29 0.09678293 0.33855325 0.4001182  0.78326875 0.08572664111852646
33 0.45827964 0.10135287 0.74429464 0.5745678  0.08386736363172531
41 0.29474798 0.5600159  0.7690575  0.81676644 0.0834176167845726
41 0.10522792 0.5624122  0.29232383 0.94220185 0.08255711197853088
40 0.13731524 0.40318587 0.94854504 1.         0.08243288099765778
41 0.4387943  0.6250215  0.8277404  0.97643906 0.0805644616484642
1 0.         0.01126943 0.4570742  0.90029716 0.08016549050807953
1 0.49119884 0.         1.         0.92717004 0.07996799051761627
40 0.04228216 0.10569196 0.8474002  0.51852375 0.07804233580827713
42 0.23355047 0.10336789 0.60121936 0.9071472  0.07476061582565308
1 0.54947335 0.         1.         0.75114834 0.07230982929468155
29 0.36681235 0.325907   0.7896995  0.6288743  0.07181057333946228
41 0.27652806 0.28152096 0.65230995 0.97310174 0.06974565237760544
42 0.0575936  0.44046155 0.38242993 0.9102593  0.06944195181131363
24 0.627882   0.5408558  0.92680806 0.93135744 0.06806864589452744
41 0.17009804 0.6396678  0.45230684 0.99556386 0.06674608588218689
4 0.         0.63410544 0.7366431  1.         0.0649852305650711
2 0.42762554 0.42090502 0.9120171  0.8378602  0.0648982897400856
10 0.16752112 0.34503335 0.7460106  0.9008557  0.06358952075242996
24 0.7284946  0.46669298 0.98444694 0.91451275 0.06320211291313171
29 0.08826457 0.2850068  0.5350053  0.6505282  0.06089407950639725
40 0.136838   0.21442725 0.9896011  0.6488702  0.0608380101621151
33 0.36899528 0.2831804  0.89919424 0.61336017 0.06083258241415024
2 0.7706323  0.2588727  0.99155945 0.8767978  0.06073566526174545
41 0.49199882 0.13418233 0.7871735  0.61013335 0.06041426211595535
29 0.32764506 0.22727774 0.7364741  0.5821964  0.06004607677459717
2 0.09955147 0.36529619 0.57258487 0.83291084 0.059479016810655594
2 0.2498729 0.1491645 0.907592  0.5473062 0.05707798898220062
40 0.05040296 0.4108006  0.47795412 1.         0.05695376172661781
24 0.15209162 0.57235605 0.7833991  0.89523095 0.05630563199520111
41 0.26718855 0.4618627  0.7488072  0.7804162  0.055831171572208405
41 0.59135133 0.58669996 1.         0.8848579  0.05535233020782471
11 0.02596034 0.12442554 0.3158103  0.7158927  0.05472811684012413
24 0.29727346 0.4417513  0.9511308  0.76330996 0.054281558841466904
34 0.48511577 0.42669135 0.83593833 0.8855782  0.05322408676147461
21 0.20493759 0.08492971 0.7891279  0.4766737  0.05306265503168106
24 0.04789614 0.43622264 0.36143178 0.86248994 0.05252360552549362
10 0.15185733 0.32654428 0.58751976 0.8103807  0.051947299391031265
24 0.26953197 0.55729806 0.71503127 0.833261   0.04927121475338936
10 0.31690958 0.30297384 0.89897686 0.78319645 0.048951081931591034
33 0.40138653 0.3549826  0.9248523  0.8596777  0.048405151814222336
41 0.27804077 0.6067641  0.7345116  0.9148166  0.04772968962788582
33 0.1236821  0.15337752 0.9220276  0.76531667 0.047241728752851486
41 0.4680657  0.18393113 0.7531892  0.5130306  0.04722120612859726
1 0.14690684 0.06788691 0.52194816 0.9075509  0.04708169400691986
1 0.04133866 0.         0.70738095 0.7539963  0.046360038220882416
34 0.4604479 0.3120766 0.7339591 0.7931531 0.04625719040632248
18 0.0951355 0.        1.        0.5153719 0.04605770856142044
40 0.07005488 0.29200742 0.5100117  0.9139559  0.045974574983119965
2 0.5678725  0.29857534 0.8348021  0.94186485 0.04562809318304062
41 0.2048951  0.67496544 0.5004036  0.9468769  0.04534958675503731
39 0.00112167 0.26451826 0.2144939  0.855417   0.04532155767083168
34 0.20010905 0.16337843 0.9742165  0.6118734  0.045232269912958145
24 0.4937926 0.5199782 0.7548391 0.912464  0.04495665431022644
41 0.13569666 0.7765566  0.39548722 1.         0.04479939490556717
24 0.51544493 0.250106   0.79147685 0.89781994 0.044619567692279816
29 0.2150017  0.0120285  0.8236203  0.47682068 0.04428088292479515
10 0.06077494 0.32446855 0.55648154 0.6792495  0.04425385966897011
2 0.24467456 0.13592234 0.72195    0.8508659  0.0442158542573452
2 0.07192446 0.07169759 0.45943788 0.5158982  0.044188983738422394
2 0.4062727  0.12628894 0.78078717 0.63747406 0.044038861989974976
1 0.53318024 0.19329186 0.947228   0.846648   0.04375869780778885
2 0.08944979 0.43644124 0.6869354  0.96813303 0.043639492243528366
24 0.33093172 0.49373904 0.83004516 0.8626939  0.04359760880470276
41 0.0897378  0.37145686 0.2692537  0.8186403  0.043130937963724136
40 0.49178275 0.44463745 1.         1.         0.04298293590545654
28 0.         0.07762594 0.44164145 0.4805174  0.042960867285728455
4 0.         0.49574372 0.6972989  1.         0.042494866997003555
2 0.07920175 0.16340315 0.492848   0.8351229  0.04236259311437607
4 0.         0.24928465 0.65088314 0.59888166 0.042067185044288635
27 0.13198003 0.03579951 1.         0.5282618  0.04188697040081024
41 0.6914012  0.4559922  1.         0.92325664 0.04154389724135399
33 0.3853212  0.19222388 0.84327716 0.5466744  0.041306592524051666
2 0.4565762  0.12417191 0.695956   0.83685666 0.040901172906160355
1 0.         0.24786513 0.68276733 0.8750928  0.040648218244314194
34 0.20828642 0.39869654 0.80397695 0.7128498  0.03992551565170288
18 0.3778921  0.19193485 0.96840703 0.5363194  0.039823390543460846
28 0.14807986 0.06700877 0.75431114 0.2953852  0.03977762535214424
24 0.4477213 0.5883232 0.9351156 0.8253922 0.03912084922194481
19 0.16456345 0.         1.         0.43723777 0.03834421932697296
24 0.32517684 0.35111666 0.83159    0.72340894 0.038282863795757294
40 0.374812   0.16881435 0.9107365  0.5143525  0.03824760764837265
42 0.0511377  0.65202695 0.34387696 1.         0.0382084921002388
24 0.08063746 0.58218414 0.5968759  0.9116736  0.03791284188628197
2 0.28552243 0.0724709  0.91473085 0.375988   0.03753950819373131
24 0.22024359 0.42107174 0.74383724 0.78426033 0.03698809817433357
2 0.52380365 0.34390882 0.77692646 0.90684134 0.03692029416561127
10 0.12424744 0.21264951 0.9398232  0.8339371  0.03682378679513931
33 0.5759336  0.10231903 0.9428463  0.89027375 0.03681815043091774
40 0.09238307 0.2768392  0.77207965 1.         0.036740493029356
11 0.19564492 0.22877185 0.97594935 0.9373553  0.036543939262628555
18 0.9365883  0.         0.99583817 0.05969931 0.03632665425539017
41 0.14422865 0.36562294 0.46049348 0.72716457 0.03618655726313591
24 0.04944575 0.42043817 0.5229041  0.6304287  0.03612981364130974
41 0.5641226  0.22841834 0.8020791  0.73015416 0.03604086488485336
2 0.6157843  0.28050628 0.91133434 0.9044517  0.03575354069471359
1 0.         0.         0.88011295 0.6181931  0.03551161661744118
29 0.05377951 0.4719212  0.40224457 0.90687615 0.035079482942819595
24 0.44824612 0.29061076 0.8893752  0.78750503 0.03446132317185402
40 0.14732537 0.14353374 0.8492086  0.40433177 0.034347809851169586
1 0.40609667 0.32391775 1.         1.         0.03423004969954491
40 0.         0.15319492 0.7305932  0.7127066  0.03389405459165573
34 0.17395616 0.0685128  0.96406335 0.3160703  0.03378894552588463
34 0.1692787  0.35645485 0.9049812  0.9183755  0.03372926637530327
1 0.23904306 0.18881308 0.70207244 0.8358868  0.033646609634160995
24 0.11943057 0.4327648  0.76862746 0.6839689  0.033598385751247406
1 0.46263504 0.         1.         0.44299206 0.033378973603248596
24 0.39565346 0.45482397 0.71705014 0.85246843 0.03331558778882027
1 0.36692214 0.21387333 0.84041524 0.7966811  0.03314613178372383
41 0.1772042  0.5810216  0.50440574 0.8485332  0.033119719475507736
42 0.47869524 0.27946156 1.         0.8915733  0.03293299674987793
27 0.19078548 0.         1.         0.34004176 0.03264260292053223
24 0.45590955 0.15558174 0.80692315 0.6052193  0.032631274312734604
2 0.39856285 0.14292186 0.6316394  0.80530995 0.032501254230737686
29 0.3240752  0.25446382 0.87014943 0.49727413 0.03239116072654724
33 0.15160805 0.5889039  0.95776767 0.9327441  0.03235625848174095
16 0.2776618  0.3214403  0.49899742 0.75453526 0.032304584980010986
42 0.11031838 0.25284642 0.36185902 0.76043004 0.0317356139421463
33 0.37483525 0.09359062 1.         0.6153056  0.03158968314528465
42 0.16256265 0.1609225  0.42811185 0.75695807 0.03158626705408096
24 0.11882267 0.5023853  0.4706764  0.8587437  0.03149797022342682
1 0.34077343 0.2663839  1.         0.7995437  0.03145746886730194
10 0.30008212 0.38115892 0.95244235 0.6914512  0.03137581795454025
29 0.4805407  0.23657252 0.9378725  0.6210529  0.03134310245513916
34 0.         0.46731573 0.9406708  0.8340406  0.030459923669695854
2 0.3524316  0.07232635 0.68475616 0.6727656  0.030409228056669235
42 0.14702788 0.58111864 0.53891695 0.9033129  0.030100487172603607
24 0.06391178 0.5815669  0.42783663 0.87140536 0.02950907312333584
10 0.09405807 0.21191719 0.4750122  0.77874714 0.029418954625725746
1 0.01579697 0.07314184 1.         0.8023889  0.02926446497440338
2 0.20640685 0.3099566  0.60480744 0.69247925 0.029114535078406334
41 0.19005679 0.85271186 0.63047874 1.         0.028880581259727478
18 0.8551288  0.         0.9977798  0.07823189 0.02853212133049965
4 0.         0.43651775 0.6590375  0.8130348  0.028466762974858284
24 0.5274705  0.21709542 0.85950667 0.7268105  0.028237031772732735
29 0.43407264 0.47034842 1.         0.9402461  0.028220614418387413
40 0.         0.17574519 0.39373302 0.7124574  0.02802972123026848
16 0.11120211 0.28057078 0.24695204 0.73516124 0.02802354283630848
29 0.05028294 0.36763152 0.25874385 0.75849    0.027796924114227295
24 0.         0.3904797  0.47873455 0.734269   0.027713997289538383
24 0.16490525 0.45380077 0.862098   1.         0.02768433839082718
29 0.         0.         0.2682241  0.32360202 0.027613308280706406
42 0.46789858 0.50345296 0.8037653  1.         0.02755764313042164
1 0.3885503  0.09420741 1.         0.72489274 0.027504928410053253
24 0.36241704 0.6019514  0.9962071  0.94767815 0.02738024666905403
1 0.7280345  0.34293774 1.         0.9151566  0.027173932641744614
41 0.28621808 0.15695429 0.73523885 0.42571703 0.02715412899851799
2 0.11762341 0.22112305 0.3400511  0.73650485 0.026888839900493622
4 0.         0.6241075  0.51294196 1.         0.026672011241316795
33 0.08210312 0.32476106 0.9233895  0.88616437 0.026611581444740295
2 0.2603111  0.39644575 0.8027118  0.9500178  0.026577545329928398
29 0.19432628 0.30437592 0.7726233  0.582374   0.02645109035074711
29 0.136848   0.04521263 0.6595864  0.46607414 0.026445535942912102
40 0.         0.47840536 1.         1.         0.026384636759757996
5 0.         0.03795148 0.7869854  0.4649098  0.02626790478825569
21 0.3110686 0.        0.8207633 0.6215896 0.026097621768712997
24 0.49110648 0.18416926 0.73186547 0.8030796  0.026057308539748192
33 0.36516517 0.6068864  0.7886809  0.97956544 0.026020484045147896
24 0.35897443 0.30819443 0.92649597 0.9969613  0.02598128654062748
2 0.21068475 0.15023036 0.55506206 0.66093946 0.02597806788980961
33 0.46496162 0.26530418 0.808231   0.771744   0.025570912286639214
24 0.08180589 0.65602994 0.47145304 0.95377636 0.02552916668355465
10 0.4448048  0.17636842 1.         0.7948112  0.024799838662147522
34 0.25908992 0.19316825 0.89485884 0.44746497 0.024787789210677147
39 0.         0.24809243 0.3584369  1.         0.0247446671128273
41 0.12635455 0.79307413 0.311941   1.         0.024696607142686844
11 0.01780762 0.24198154 0.5289725  0.8329099  0.024595849215984344
2 0.04043034 0.29738033 0.2514944  0.76657414 0.024584705010056496
41 0.44217825 0.11544792 0.86292267 0.44437024 0.02449277602136135
15 0.07465474 0.04200974 0.346521   0.92439336 0.02442397177219391
1 0.22874446 0.         1.         0.34952438 0.024387940764427185
10 0.20665286 0.734297   0.7440669  0.9725223  0.024379268288612366
7 0.19253947 0.24635357 1.         0.6862786  0.02434467151761055
24 0.17003746 0.36912602 0.5942846  0.6807914  0.024310903623700142
33 0.48950964 0.15273274 0.6925551  0.7122915  0.024206385016441345
41 0.9004473  0.00662015 1.         0.11702393 0.02410234697163105
29 0.6921924  0.3247833  0.9727997  0.75292546 0.02407711371779442
18 0.8868213  0.         0.99602157 0.11545885 0.02336123026907444
40 0.3801254  0.30958506 0.9269461  0.7542436  0.023103026673197746
24 0.5859724  0.7089732  0.95418257 0.8864196  0.023031599819660187
19 0.38015744 0.00294423 0.8975348  0.47465995 0.022910570725798607
41 0.508547   0.81592447 0.9911041  0.963788   0.022849727421998978
21 0.18089777 0.05486323 0.5594499  0.4345174  0.02260458655655384
7 0.08760661 0.3622815  0.7666587  0.7699982  0.0223072562366724
29 0.37704837 0.16872038 0.88791305 0.4496102  0.022078895941376686
42 0.38881987 0.3277736  0.8599669  0.8384684  0.021909428760409355
1 0.32828087 0.         0.96782035 0.39250445 0.02188839204609394
10 0.3786776  0.7185137  0.8131505  0.97108257 0.021710852161049843
4 0.         0.21143374 0.8304171  0.49264282 0.02150031365454197
5 0.1932384  0.06816556 0.7446234  0.49970073 0.021351009607315063
36 0.14534403 0.3463541  0.78179467 0.66482294 0.02123885229229927
1 0.12780447 0.22633995 1.         0.9806348  0.02121219038963318
34 0.3143652  0.24000739 0.7710706  0.5444793  0.0211617611348629
29 0.5842488  0.41509908 0.9577104  0.7285958  0.021108683198690414
1 0.         0.01317369 1.         0.29162827 0.021040642634034157
11 0.1119234  0.36054066 0.81472045 0.9030177  0.020952189341187477
24 0.14615753 0.6163322  0.69323933 0.81393886 0.0209132581949234
1 0.0346404  0.16054595 0.4885564  0.715971   0.02085043117403984
29 0.10125498 0.03557594 0.8469543  0.31695393 0.02076251432299614
