24 0.2267886 0.6700093 0.7744295 0.9159734 0.42635175585746765
10 0.26157337 0.3565728  0.54104656 0.791143   0.2601558566093445
24 0.2264858  0.40984967 0.767113   0.8877408  0.19885095953941345
10 0.2735365  0.41206655 0.65966624 0.7693579  0.16883203387260437
24 0.21718702 0.81360406 0.7640857  0.9528889  0.15086139738559723
24 0.37062052 0.6164054  0.83604574 0.8688743  0.11872562021017075
24 0.442983   0.6820293  0.86827844 0.9073333  0.11558734625577927
7 0.0671607  0.20973308 0.93139774 1.         0.09879209846258163
10 0.24632928 0.319808   0.67959726 0.6931844  0.09555085748434067
1 0.2394693  0.27685335 1.         0.94662184 0.09276178479194641
1 0.2220452  0.06314064 1.         0.7806186  0.09154832363128662
24 0.30004528 0.23445348 0.94066805 0.8739128  0.08618420362472534
24 0.40570465 0.74208516 0.75112355 0.9243571  0.08471937477588654
24 0.28973332 0.75311095 0.7205735  0.9473766  0.08445731550455093
24 0.2638744 0.3231937 0.5578713 0.8394736 0.07955177128314972
24 0.21919553 0.35111356 0.6249873  0.74406695 0.07943142205476761
2 0.2573981  0.39363262 0.90342396 0.94961715 0.07742298394441605
10 0.13135387 0.40318942 0.7359014  0.6718914  0.07529226690530777
24 0.39225805 0.5408918  0.91600853 0.90619326 0.0743698701262474
24 0.0816699  0.3447952  0.7873594  0.80843836 0.07163123041391373
24 0.5808931  0.671229   0.77021205 0.8789586  0.07066516578197479
24 0.13755412 0.42033017 0.7014523  0.67459    0.06631224602460861
24 0.51565564 0.65427446 0.73227847 0.8887316  0.06187018007040024
1 0.33857065 0.19734332 0.66442007 0.79100853 0.058183703571558
29 0.07676895 0.303782   0.9563886  0.9836214  0.05797501653432846
7 0.24622682 0.15489365 0.86858225 0.8320965  0.056765295565128326
4 0.15181778 0.36461627 1.         0.9244037  0.05667182803153992
24 0.4968161 0.5167543 0.7423976 0.8827969 0.05648459121584892
1 0.08903491 0.20312215 0.8585136  0.8900004  0.05270233750343323
10 0.19353066 0.3861844  0.783784   0.8013635  0.052530813962221146
21 0.8657903  0.33271146 0.99421316 0.5170602  0.05103178322315216
10 0.35703257 0.3819949  0.6240497  0.8531282  0.05074954405426979
18 0.8905349  0.2863282  0.9942686  0.57707256 0.050099026411771774
1 0.26199517 0.28433812 0.75987554 0.76184165 0.04564870521426201
7 0.13294989 0.5600741  0.8404482  1.         0.04440341889858246
2 0.33377436 0.65249157 0.8085701  0.9972871  0.04370182752609253
7 0.16497287 0.35535747 0.8254476  0.98108554 0.04282769560813904
40 0.         0.35795313 1.         1.         0.041643451899290085
4 0.         0.51071554 0.875128   0.9996463  0.04135341942310333
21 0.14239375 0.09208219 0.8376241  0.8068457  0.04094288870692253
29 0.20973957 0.58094484 0.9390942  1.         0.04048200324177742
7 0.33517924 0.18816033 0.9857717  0.9555662  0.03986366093158722
2 0.30200097 0.3961265  0.7326869  0.8081531  0.037985168397426605
33 0.19279176 0.35941175 0.9949921  0.92954284 0.03772900998592377
21 0.21156754 0.24293625 0.65309507 0.733452   0.03750789165496826
24 0.08983859 0.44227377 0.628447   0.89724195 0.03737041354179382
2 0.23803425 0.34531227 0.7186357  1.         0.03581898286938667
10 0.88085   0.3588572 1.        0.6074275 0.03513005003333092
24 0.49529186 0.15279348 0.94513214 0.79950583 0.03504779934883118
1 0.14222926 0.59734845 0.86606956 0.9633356  0.03417428210377693
2 0.29328653 0.3013548  0.56757176 0.85270685 0.03345194831490517
2 0.2598599  0.33618978 0.6496375  0.74000716 0.03342791646718979
40 0.12765175 0.23133953 0.896792   0.82911056 0.033199574798345566
24 0.18024346 0.76767963 0.62219536 0.9545895  0.03233520686626434
10 0.2695435  0.44713262 1.         0.93234277 0.032281190156936646
24 0.21835455 0.00666518 0.52647424 0.07266749 0.031947895884513855
4 0.         0.33709645 0.7402025  0.8730496  0.031479544937610626
1 0.08679599 0.7773697  0.80230266 0.9844543  0.031364548951387405
24 0.25274375 0.00976571 0.48819688 0.10541768 0.02978808619081974
33 0.49704683 0.5709415  0.7935484  0.9290747  0.028710035607218742
35 0.         0.5090862  0.59973484 0.85729945 0.02772533893585205
24 0.50995713 0.44539073 0.9370559  0.85534316 0.02753053791821003
41 0.2669471  0.42757508 1.         0.99065554 0.02720036916434765
24 0.35851434 0.01018034 0.5939507  0.10542479 0.027124444022774696
1 0.27836102 0.18278207 0.7676446  0.6008377  0.026949532330036163
25 0.         0.41208518 0.9886237  0.8241262  0.026891209185123444
28 0.         0.34642148 0.55010474 0.9237868  0.026532476767897606
24 0.19311371 0.01477935 0.8039383  0.14981884 0.026061030104756355
10 0.08485741 0.34978306 0.68451834 0.8484583  0.026022445410490036
40 0.08202439 0.24957253 1.         0.9664469  0.025440191850066185
41 0.48233044 0.65487975 0.7962964  0.97681725 0.02514767460525036
24 0.22714502 0.6531449  0.56298715 0.96042424 0.02489910088479519
34 0.05450142 0.66317755 0.89157075 0.9075886  0.024791613221168518
35 0.         0.49273816 0.9469619  0.92834747 0.02433677576482296
24 0.55238175 0.58942366 0.913063   0.88536686 0.023661160841584206
21 0.12851624 0.44139236 0.9305168  0.883479   0.023616967722773552
25 0.         0.57102925 0.9140534  0.88201886 0.023103060200810432
7 0.27320585 0.27463502 0.70278466 0.70948267 0.022690488025546074
41 0.94455165 0.90640974 1.         0.98546165 0.022056611254811287
41 0.22373472 0.761566   0.7224528  0.97490585 0.02190614677965641
2 0.2202952  0.27988136 0.8012639  0.83185506 0.021059498190879822
29 0.1265325  0.41192707 1.         0.87188447 0.02104266919195652
1 0.1758146  0.25116557 0.637953   0.8033034  0.021007193252444267
41 0.24260171 0.48183858 0.8038416  0.9319632  0.020892221480607986
34 0.10416446 0.37792057 0.8439328  0.8652406  0.020454464480280876
1 0.44231722 0.3692856  0.8298524  0.96029514 0.02036048285663128
7 0.10817439 0.41120517 0.63593817 0.9775314  0.02030203491449356
22 0.23518069 0.         0.5265602  0.06857707 0.020225029438734055
2 0.27183262 0.802947   0.85368776 0.9981836  0.019220510497689247
28 0.         0.1884632  0.6107361  0.74103653 0.018535757437348366
33 0.50033206 0.44090933 1.         0.9633109  0.018046893179416656
33 0.2943917  0.40837857 0.7120246  0.77026415 0.017916329205036163
1 0.41648933 0.20069909 1.         0.83076966 0.01776804029941559
21 0.11231293 0.34217644 0.69345576 0.6892572  0.017535574734210968
33 0.35908008 0.5561435  0.98217124 0.938237   0.017315473407506943
1 0.3265155  0.4222833  0.91835505 0.986048   0.01731257513165474
28 0.         0.5890508  0.64446414 0.9286794  0.01729728654026985
41 0.25248596 0.6462575  0.82189333 0.9457491  0.017291953787207603
22 0.2687283  0.         0.49326062 0.10013691 0.017156364396214485
10 0.32468116 0.29561925 0.9704739  0.8672416  0.01672331616282463
9 0.15536332 0.6309113  0.73945653 0.93074137 0.01659325696527958
18 0.92344546 0.30553368 0.99810284 0.40902302 0.016497723758220673
35 0.        0.6577175 0.7608649 0.9000048 0.015883151441812515
28 0.         0.38444245 0.6918969  0.8088826  0.015775132924318314
25 0.         0.63220507 1.         0.91409856 0.015559619292616844
10 0.12390854 0.35095176 0.6804939  0.6103007  0.015417732298374176
1 0.40370098 0.07417805 1.         0.48470017 0.01539013721048832
24 0.12340704 0.5726446  0.76107633 0.92070204 0.015176819637417793
33 0.11028926 0.7470863  0.867934   0.95010084 0.015161908231675625
27 0.10025366 0.20455924 1.         1.         0.015139168128371239
10 0.67905074 0.34108284 1.         0.64181083 0.015137308277189732
1 0.30340892 0.65709054 0.78207195 0.9957605  0.015100874938070774
41 0.20976663 0.33529603 0.7193786  0.78028345 0.015041787177324295
23 0.08175909 0.33886334 0.7645322  0.923955   0.01503072027117014
22 0.24672946 0.         0.8152934  0.14358747 0.01503060944378376
33 0.034963   0.830097   0.85829806 0.97346324 0.014912626706063747
22 0.37573466 0.         0.6023926  0.10036802 0.014904831536114216
25 0.         0.7010251  0.6088739  0.94560796 0.014666182920336723
24 0.1476346  0.00983289 0.38636512 0.10491952 0.014578151516616344
34 0.01005997 0.7434927  0.88461244 0.9432367  0.014438319019973278
41 0.5528477  0.66670465 0.8709787  0.9704054  0.014396191574633121
41 0.87484133 0.9085306  1.         0.9870574  0.01413392648100853
2 0.41238886 0.23453045 0.8860124  0.9138897  0.014050905592739582
24 0.07325631 0.25319812 0.7007719  0.7061717  0.014033581130206585
2 0.2756681  0.60133356 0.5842694  1.         0.01402482483536005
25 0.        0.6855294 0.8416068 0.9112495 0.013915473595261574
4 0.14655162 0.41059768 0.765326   0.81578505 0.01385656837373972
1 0.28430718 0.1611249  0.5749165  0.77853173 0.013854818418622017
7 0.20150481 0.33610272 0.592642   0.7936479  0.013850724324584007
10 0.19701824 0.58881736 0.9149701  0.97877645 0.0138128362596035
24 0.92895216 0.19167571 0.99414665 0.2905934  0.013776911422610283
24 0.90821    0.20324646 0.99122673 0.27587393 0.013760912232100964
21 0.6368578  0.32839096 0.990766   0.5937     0.013593279756605625
10 0.11558203 0.4742733  0.72613305 0.73365927 0.013553738594055176
35 0.         0.24180947 0.9635846  0.80742556 0.013404201716184616
41 0.9240093  0.93022394 1.         0.991055   0.013269394636154175
21 0.2168357 0.2830635 0.9376789 0.7963774 0.013177623972296715
28 0.90791905 0.19592969 1.         0.27518332 0.013139083981513977
34 0.00830724 0.504371   0.97584575 0.90021324 0.01313324086368084
41 0.9039555  0.88177663 1.         0.9810851  0.013027922250330448
24 0.7350408  0.03815579 0.9849631  0.28811103 0.01297488622367382
1 0.04925364 0.6820108  1.         0.99375814 0.012861592695116997
28 0.25266922 0.00736431 0.5027802  0.10719864 0.012843095697462559
28 0.8310187  0.         1.         0.28303355 0.012816201895475388
7 0.29459378 0.4403773  0.9788723  1.         0.012723913416266441
4 0.10957947 0.6532144  0.9875868  0.94405866 0.012719927355647087
18 0.7280408  0.2740483  0.9998824  0.67699575 0.012713958509266376
41 0.22162153 0.25990176 0.5504143  0.8511965  0.01269877515733242
28 0.21751878 0.00636974 0.5395314  0.07287119 0.0126343984156847
35 0.         0.7125867  0.5307487  0.95309734 0.012557853944599628
25 0.         0.09479607 0.95797104 0.6876467  0.012202022597193718
24 0.16206643 0.25709575 0.5931198  0.62250304 0.012185251340270042
28 0.19942671 0.00851177 0.8512023  0.15311764 0.012185045517981052
33 0.36023614 0.35950536 0.63830394 0.84793615 0.01218082569539547
29 0.2857091  0.39845118 0.59355694 0.8571728  0.012171612121164799
41 0.7057512  0.9313105  0.8121954  0.99152327 0.012051265686750412
7 0.25755915 0.39064947 0.6897899  0.85221523 0.01193126942962408
28 0.8329263  0.15068659 1.         0.3071025  0.011865231208503246
18 0.8963509  0.37836665 0.9975936  0.6964197  0.011852052062749863
1 0.39680034 0.5595716  1.         0.95741546 0.011834490112960339
24 0.63234437 0.6938959  0.8182733  0.89267284 0.011660213582217693
27 0.08865443 0.30749285 1.         0.91859263 0.011623443104326725
24 0.43861684 0.01791955 0.8725868  0.19648278 0.01153450645506382
40 0.05213242 0.36255375 0.7696253  0.96763104 0.011531822383403778
22 0.83549297 0.         0.9973409  0.2812392  0.011492871679365635
41 0.7568884  0.9320388  0.86546826 0.99226075 0.011489151045680046
24 0.8282675  0.17435725 0.98890996 0.31286305 0.011432334780693054
1 0.16559504 0.         1.         0.55456626 0.011333446018397808
21 0.8734121  0.28107324 0.9847166  0.47783473 0.011174065992236137
40 0.15036924 0.15289335 0.80864394 0.60711426 0.011171911843121052
25 0.         0.7932675  0.79679507 0.97576314 0.011099659837782383
1 0.17490506 0.16847208 0.8780407  0.48597932 0.011043663136661053
19 0.2235334  0.         0.48478913 0.08179122 0.01096082478761673
24 0.9292166  0.16420323 0.9945098  0.26285955 0.010913359001278877
15 0.18413226 0.35087952 0.70183766 0.9067542  0.010886214673519135
15 0.12902547 0.20496792 0.82636803 0.91960734 0.010785241611301899
40 0.18482798 0.24784084 0.7316752  0.7389117  0.010781507007777691
5 0.         0.07963206 0.7744404  1.         0.01076530385762453
24 0.2802084  0.01616491 0.7094227  0.20023042 0.010746413841843605
34 0.16419904 0.4000445  0.6918012  0.75085485 0.010741527192294598
24 0.90753174 0.23103407 0.99120015 0.30431116 0.010725900530815125
41 0.12452909 0.36949167 0.5811541  0.8239995  0.010688296519219875
29 0.3103976  0.26134554 0.95374656 0.8318806  0.010597361251711845
28 0.9082709  0.22143939 1.         0.30016294 0.01046636514365673
35 0.08002747 0.75666773 0.5902195  0.95136416 0.010451240465044975
29 0.2146773  0.19353226 0.8199341  0.73380417 0.010412387549877167
22 0.9094668  0.20093963 0.99953085 0.27284124 0.010405033826828003
28 0.35665482 0.0069869  0.60948616 0.10725688 0.010388260707259178
2 0.2882721  0.2093116  0.6260278  0.68109846 0.010375957004725933
41 0.81026006 0.9321257  0.9190855  0.992771   0.010161693207919598
41 0.65565884 0.908698   0.94290745 0.98581696 0.009960428811609745
41 0.88932496 0.39583045 1.         0.60009295 0.009957936592400074
5 0.02814906 0.04783335 0.90817225 0.8215386  0.009915105998516083
24 0.92780185 0.00637465 0.99960583 0.05071314 0.009914700873196125
33 0.24169011 0.59913695 1.         1.         0.009882667101919651
41 0.12482771 0.55991626 0.6400878  0.9683574  0.009866290725767612
24 0.90856224 0.17642054 0.99189657 0.24889736 0.009785357862710953
40 0.4393862  0.12906462 0.98628765 0.56168145 0.009765420109033585
41 0.6543274  0.9306872  0.7597868  0.99133295 0.009726244956254959
28 0.8765605  0.09501756 1.         0.30335855 0.009684892371296883
4 0.10536476 0.308701   0.79318786 0.66322595 0.009620611555874348
24 0.83200765 0.11807664 0.9857805  0.2555904  0.00949821900576353
24 0.6754837  0.01758467 0.9892346  0.14792039 0.009497616440057755
33 0.15676002 0.26903114 0.7982576  0.8059092  0.009494669735431671
9 0.18227188 0.43368572 0.63144505 0.8977625  0.009425237774848938
7 0.8839772  0.32994914 0.99924207 0.54701936 0.009415308944880962
2 0.29396644 0.75972104 0.68921894 1.         0.009375805035233498
4 0.37810183 0.21697544 1.         0.9056812  0.009356723167002201
18 0.94669133 0.8829527  0.998371   0.98871726 0.009345523081719875
41 0.6398422 0.9465841 0.7804447 0.9946961 0.009253859519958496
28 0.83274406 0.09503868 1.         0.25874272 0.00921833235770464
13 0.07302638 0.2627626  0.62381184 1.         0.009211216121912003
41 0.89135784 0.3507833  1.         0.547021   0.009210150688886642
28 0.9289206  0.15875667 1.         0.25939158 0.009193239733576775
10 0.12695658 0.48537984 0.8281238  0.921085   0.009133471176028252
38 0.23113404 0.00473571 0.5160127  0.10519941 0.009120703674852848
29 0.2427088  0.29491213 0.5196841  0.8238508  0.009044528938829899
18 0.9139823  0.2820387  0.99863845 0.37423006 0.00904118176549673
41 0.34337628 0.3758958  0.62105185 0.9777395  0.008961967192590237
14 0.93576694 0.18306765 0.9975315  0.29916096 0.008902461268007755
10 0.11881065 0.22347371 0.7452309  0.75580204 0.008900096639990807
41 0.10142031 0.6260652  0.56264496 0.91343427 0.008886323310434818
24 0.92804164 0.21950836 0.9942786  0.32079193 0.00880352221429348
35 0.         0.78922963 0.47890472 0.96724725 0.008792148903012276
22 0.83790123 0.1587114  0.9956541  0.30899686 0.008777325041592121
38 0.9243885  0.18523467 1.         0.28526962 0.008750949054956436
22 0.6965151  0.         1.         0.24339277 0.008721780963242054
24 0.9067358  0.00475955 0.99886894 0.03567042 0.00871813204139471
22 0.16385342 0.         0.38612    0.09855074 0.008692012168467045
7 0.12491407 0.13290168 0.6893856  0.6837754  0.008689613081514835
7 0.16143744 0.30839214 0.6580432  0.65098774 0.008680443279445171
22 0.90750146 0.22699311 0.99964154 0.30109456 0.008655982092022896
38 0.18487036 0.00401807 0.55784684 0.07398449 0.00864611566066742
24 0.5785323  0.04435143 0.8984709  0.2760853  0.008643656969070435
1 0.07362475 0.43016583 0.6524989  0.9787972  0.00863301008939743
27 0.15524544 0.30370697 0.7923209  0.69117975 0.00859785731881857
19 0.2568518  0.         0.45837834 0.11633329 0.008493606932461262
18 0.866823   0.12783363 0.9916916  0.93957514 0.008491293527185917
41 0.86717176 0.93056285 0.97209954 0.9927313  0.008486771956086159
41 0.15327144 0.4158364  0.7770225  0.6839673  0.008460392244160175
19 0.20507014 0.         0.4046168  0.11651572 0.008439477533102036
24 0.75958896 0.01928195 0.98889196 0.2051424  0.008374601602554321
18 0.3534548  0.08342799 1.         0.8581757  0.008372284471988678
22 0.8417783  0.10703849 0.9997802  0.25101817 0.008353997953236103
23 0.19495502 0.23276454 0.6255458  0.8922614  0.008314581587910652
9 0.15817599 0.74954104 0.6235     0.94030297 0.008296950720250607
35 0.10421616 0.60404176 0.6741261  0.9213432  0.008195891976356506
1 0.8762616  0.30842042 0.9932792  0.57599336 0.008189087733626366
34 0.        0.8210806 0.8838109 0.9681625 0.008177646435797215
28 0.6790182 0.        1.        0.2538618 0.0081050805747509
33 0.13936892 0.46911377 0.8333487  0.8840214  0.008090970106422901
9 0.16556346 0.27453384 0.761887   0.89223474 0.008026576600968838
15 0.15967087 0.2951411  0.65215594 0.632505   0.00802033580839634
36 0.1170226  0.3894392  0.79536825 0.9038784  0.007943391799926758
14 0.91891736 0.22493048 0.99655104 0.30890062 0.00792895071208477
22 0.485506   0.         1.         0.14201072 0.00791163370013237
24 0.11357334 0.00682597 0.4236828  0.07162609 0.007898691110312939
24 0.82635427 0.00863919 0.99566054 0.07417732 0.007883782498538494
10 0.9159115  0.32051334 0.99885154 0.3975674  0.007875469513237476
38 0.80868155 0.00603279 1.         0.2783054  0.007871386595070362
24 0.86937124 0.12475978 0.99158376 0.315329   0.007841543294489384
19 0.30922288 0.         0.5115338  0.11669528 0.007787965703755617
19 0.92972577 0.         0.9841205  0.05876175 0.007761010434478521
4 0.         0.38274434 0.8592436  0.6893792  0.007749202661216259
41 0.49694875 0.6347014  1.         0.9704932  0.007734861224889755
34 0.23568685 0.35384765 0.55310774 0.79754364 0.0077347178012132645
1 0.8789137  0.24501663 0.9926212  0.5107791  0.007694694213569164
41 0.24883863 0.45210662 0.8359966  0.73422384 0.0076617649756371975
22 0.92886454 0.1622306  0.99981225 0.2537274  0.007534625008702278
42 0.20738104 0.39532745 0.8127738  0.8514896  0.007528723683208227
10 0.88658285 0.2932545  1.         0.51482075 0.0075274077244102955
24 0.5411262  0.08823629 0.93221843 0.48501015 0.0075223445892333984
29 0.22051746 0.29009432 0.67260075 0.6587769  0.007499141618609428
27 0.09051964 0.3881345  0.7912658  1.         0.007461880799382925
22 0.8777434  0.10418744 0.99519384 0.30953455 0.007453160360455513
28 0.45848823 0.0018357  1.         0.14655681 0.007451030891388655
33 0.42399418 0.69333833 0.772133   0.92222834 0.0074327848851680756
24 0.6384346  0.9519906  0.77830464 0.98169947 0.007399886380881071
22 0.77751446 0.         1.         0.19572355 0.0073873186483979225
25 0.        0.4853897 1.        0.869325  0.007375499699264765
38 0.1544452  0.00697707 0.89928937 0.1480457  0.007316634524613619
41 0.9270329  0.84705496 1.         0.97412306 0.007304721046239138
24 0.90568525 0.01193349 0.9963377  0.14342123 0.00728273531422019
22 0.7022559  0.         1.         0.13788305 0.0072633856907486916
27 0.06268532 0.11092779 0.7753084  0.69909036 0.007253944408148527
1 0.5275267 0.        1.        0.5791586 0.007248816546052694
28 0.15248549 0.00955872 0.39573282 0.10653882 0.007207821123301983
4 0.16088589 0.5723781  1.         0.9280676  0.007179596461355686
34 0.05339938 0.21730202 0.8959995  0.767186   0.007143334485590458
41 0.36743405 0.20291296 0.91531026 0.84867275 0.007022477220743895
41 0.62702256 0.9310471  0.7324943  0.99238825 0.006983650382608175
38 0.33592758 0.00481636 0.6254282  0.1047914  0.006977191660553217
23 0.         0.19228892 0.5149799  1.         0.0069212643429636955
38 0.8261095  0.16001636 1.         0.3054407  0.006920413114130497
27 0.26989838 0.0012218  0.4880615  0.07470049 0.006863947957754135
21 0.9104955  0.31673864 0.9870997  0.38594973 0.006837561726570129
40 0.04567726 0.71949106 0.79999787 1.         0.006816228851675987
19 0.36188966 0.         0.5649267  0.11720406 0.006803110241889954
14 0.9374823  0.21228045 0.9973462  0.32478255 0.006799406837671995
33 0.22332154 0.3749842  0.6575287  0.7165153  0.0067368424497544765
