7 0.08438634 0.29061377 0.82358617 0.87834555 0.18777701258659363
24 0.5039201  0.42752677 0.76764274 0.83943075 0.17735528945922852
33 0.47315928 0.72532475 0.75852376 0.91948277 0.17500454187393188
2 0.19459343 0.727857   0.777922   1.         0.1603194773197174
35 0.0137014 0.7524909 0.7675358 1.        0.13983154296875
24 0.06306839 0.75430954 0.94810957 0.99174166 0.1040043905377388
7 0.22942585 0.2988964  1.         0.96625054 0.0922895222902298
34 0.15787919 0.798318   0.8921102  0.9541795  0.08822759240865707
40 0.         0.26506642 1.         0.929161   0.08315010368824005
7 0.34373194 0.35365516 0.95591444 0.8634365  0.07562101632356644
41 0.2085207  0.78289807 0.6782372  1.         0.07324577122926712
24 0.414636   0.70339715 0.8747386  0.9650828  0.07316826283931732
24 0.08771884 0.8552099  0.93957686 1.         0.07102364301681519
24 0.03745072 0.7977218  0.7064157  1.         0.07090073823928833
24 0.10975258 0.54895747 0.93437165 0.9440241  0.07059429585933685
10 0.         0.9482177  0.10219405 0.9996156  0.06959857046604156
2 0.3005518  0.67487276 0.80280024 1.         0.0692242681980133
24 0.52448684 0.4718806  0.972289   0.9120369  0.06886191666126251
24 0.40228665 0.45589885 0.8012884  0.7681929  0.06760940700769424
33 0.43120104 0.36859778 0.76811385 0.7992281  0.06519956141710281
10 0.         0.9370984  0.06932026 1.         0.06300528347492218
24 0.49949026 0.37378994 0.855295   0.6778687  0.06213885173201561
10 0.         0.9207039  0.04606833 1.         0.06125326454639435
24 0.4276118  0.5742741  0.76787215 0.90715253 0.06025463715195656
40 0.22799826 0.31851146 1.         1.         0.058259766548871994
33 0.17683597 0.7877235  0.7032666  0.99585867 0.0538274347782135
24 0.30906084 0.4500644  0.9010672  0.90239614 0.05356594920158386
33 0.47875923 0.3007457  0.81448615 0.7468719  0.05282206833362579
24 0.31377947 0.25284195 0.9422565  0.701899   0.05173008516430855
34 0.17396696 0.7124816  0.8700138  0.93083966 0.0495644174516201
2 0.38904795 0.3681642  0.9319219  1.         0.04918579384684563
24 0.17548622 0.8148894  0.847257   1.         0.04891720786690712
18 0.9315171 0.9234495 1.        0.9985594 0.044475216418504715
34 0.28477353 0.39295956 0.94008833 0.8003307  0.041979651898145676
4 0.04788157 0.44480318 0.7751478  0.88896334 0.04177406057715416
2 0.43905222 0.7240234  0.83578104 1.         0.04070408642292023
10 0.01949281 0.39163056 0.18406616 0.8684783  0.04069649428129196
24 0.27211997 0.71621454 0.74993896 0.98723745 0.04061231017112732
41 0.47173494 0.40315446 0.7678643  0.9050873  0.04020014777779579
24 0.48771527 0.75022596 0.7731319  0.93580765 0.04008997604250908
24 0.51426715 0.4331557  0.9688912  0.6676441  0.03704766929149628
10 0.03560313 0.41249847 0.38372558 0.6996499  0.03684380650520325
10 0.         0.83709276 0.10270105 1.         0.03666532412171364
40 0.         0.37170616 1.         1.         0.03633465617895126
29 0.22793005 0.24200213 0.87155706 0.8228208  0.03628459945321083
10 0.         0.8799057  0.14674689 1.         0.03623981028795242
24 0.5370671 0.7473987 0.8637598 0.986437  0.03607288375496864
1 0.25073066 0.5747001  0.74371785 0.9763134  0.035572171211242676
24 0.41605002 0.5142759  0.8401152  0.8392178  0.03518722951412201
2 0.5383264  0.28137982 0.7425041  0.9895032  0.03518173471093178
24 0.4220687  0.35051307 0.85526574 0.5742807  0.03489893674850464
24 0.33831096 0.6287246  0.7040068  0.94852084 0.03265081346035004
1 0.35561937 0.651883   0.72764015 1.         0.03132016956806183
29 0.455355   0.29014668 1.         0.7822589  0.03123331256210804
24 0.5364741  0.27573898 0.75896424 0.62383306 0.030870849266648293
24 0.4915831  0.56396925 0.8768623  0.87682956 0.030668390914797783
4 0.03726018 0.53454196 1.         1.         0.030603056773543358
18 0.01180036 0.9421576  0.09235801 0.99330956 0.0290693212300539
34 0.42270994 0.41927963 0.77601206 0.7766217  0.028615156188607216
10 0.00159262 0.6111433  0.13477641 0.86052674 0.027879854664206505
2 0.49002507 0.70981985 0.72517514 1.         0.02787001058459282
41 0.38899526 0.36752763 0.88471144 0.6861508  0.027482934296131134
24 0.13331705 0.7473851  0.5171521  0.99177796 0.027116861194372177
24 0.4262382  0.22444728 0.98274547 0.5857851  0.027065305039286613
24 0.02331725 0.4084759  0.14250836 0.7230224  0.026903312653303146
33 0.3537375  0.75097835 0.8939396  0.935612   0.02688981406390667
1 0.45854402 0.5924885  0.8504726  0.9591306  0.026304442435503006
9 0.         0.75594187 0.75532454 1.         0.025921927765011787
7 0.46659324 0.40727225 0.74057275 0.9104742  0.02582482062280178
24 0.5012872  0.22612183 0.72626626 0.5645172  0.025821631774306297
24 0.41274983 0.48443976 0.90869397 0.69052917 0.025675751268863678
10 0.0114679  0.6946968  0.19683196 1.         0.025237780064344406
4 0.1647742  0.50869364 0.8417282  0.9964968  0.024898044764995575
18 0.00955808 0.90791607 0.04343032 0.98824364 0.02489674836397171
24 0.31252864 0.64720577 0.8751746  0.87869    0.02467563934624195
33 0.3193343  0.21352385 1.         0.77370375 0.024576375260949135
35 0.         0.08129659 1.         0.7492275  0.024407999590039253
18 0.01076046 0.93129426 0.06449059 0.9898579  0.02439124323427677
24 0.58190566 0.3304097  0.80717534 0.71971786 0.023936690762639046
24 0.33170766 0.36505193 0.9210163  0.7904976  0.023541217669844627
10 0.03289295 0.3966092  0.26799318 0.8163901  0.023391827940940857
24 0.1920623 0.227305  0.7807115 0.6179666 0.02292739972472191
1 0.32502076 0.18282466 1.         0.61438227 0.022895831614732742
41 0.01464645 0.6124853  0.12560175 0.84635365 0.022742541506886482
10 0.         0.6159773  0.17622022 0.7791654  0.022403856739401817
41 0.01301624 0.61865854 0.1706644  0.7691792  0.02237987145781517
1 0.45903036 0.35274628 0.76764804 0.89230275 0.022045113146305084
24 0.5631695  0.59162325 0.8491949  0.9388902  0.02204013057053089
33 0.2700573  0.08425878 1.         0.9696645  0.02199055440723896
41 0.01660839 0.69805723 0.17881425 1.         0.021976744756102562
41 0.9307652 0.9502703 1.        1.        0.021760549396276474
1 0.09311239 0.028673   1.         0.6820009  0.02158271335065365
35 0.02332219 0.04486148 1.         0.84738284 0.02111530490219593
41 0.31027722 0.75255454 0.619697   1.         0.020945755764842033
18 0.84628445 0.8565135  1.         1.         0.02083689533174038
41 0.34191114 0.42628273 0.90265363 0.82844096 0.02078837901353836
10 0.25747195 0.2673023  0.7978429  0.8115019  0.020518088713288307
34 0.08013126 0.6237016  0.8846572  0.88085175 0.020401418209075928
4 0.22732331 0.4949861  1.         0.9365221  0.020376617088913918
40 0.         0.23672685 0.19930705 1.         0.01955048367381096
34 0.07093867 0.37571883 1.         0.71923006 0.019336843863129616
24 0.177907  0.6980672 0.8029039 0.9002109 0.019288459792733192
24 0.56246376 0.29655835 0.9514691  0.6591955  0.019211962819099426
24 0.00761683 0.95162934 0.07733476 0.9818957  0.01887124963104725
40 0.16738118 0.7786197  1.         1.         0.018335293978452682
1 0.49947196 0.26414496 0.8137099  0.8306538  0.018330449238419533
7 0.32490748 0.39543283 0.83280975 0.7272386  0.01824318617582321
9 0.11385761 0.75787    0.52572536 1.         0.01796049252152443
41 0.01310504 0.9458476  0.08751044 0.99995285 0.017930716276168823
33 0.5202357  0.82187635 0.7930115  0.95428437 0.017609810456633568
1 0.3959877  0.06911715 0.87188685 0.5961681  0.017490213736891747
18 0.897793   0.78731537 0.9990591  1.         0.016753975301980972
24 0.00873869 0.64853644 0.10660835 0.7973763  0.01647958718240261
10 0.00258131 0.4505492  0.14615062 0.66348153 0.016446804627776146
24 0.00409465 0.9392375  0.05369115 0.97824544 0.016389861702919006
10 0.39396906 0.41325542 0.8121393  0.7392987  0.016108635812997818
24 0.00277044 0.9157003  0.03738601 0.97442853 0.01607850380241871
29 0.07244845 0.71653014 0.8143369  1.         0.016073673963546753
33 0.43810853 0.64864653 0.86847997 0.93730795 0.015981948003172874
33 0.32033315 0.38094872 0.8285538  0.74681276 0.01590617746114731
33 0.40434176 0.6977736  0.7316275  0.956527   0.015890397131443024
24 0.5983616  0.22297268 0.85967845 0.64342004 0.015757471323013306
29 0.50401473 0.34372735 0.75554025 0.8080186  0.015551120974123478
7 0.00248087 0.9108426  0.03442442 1.         0.015395445749163628
41 0.0159453  0.56123143 0.12707454 0.7823406  0.015372886322438717
4 0.08549449 0.3745134  0.6705708  0.80449706 0.015368015505373478
24 0.4747166  0.23041265 0.8141615  0.50624293 0.01532945316284895
41 0.01965408 0.57085264 0.17149526 0.7094412  0.01526015903800726
24 0.02766593 0.51380324 0.14699042 0.84917015 0.015212995000183582
1 0.00129941 0.9107687  0.03916317 0.9919084  0.015156692825257778
41 0.49457642 0.32549834 0.7484239  0.7675225  0.015140359289944172
24 0.00799043 0.84790367 0.07820523 0.9476577  0.015094603411853313
1 0.32659963 0.651596   1.         0.9944462  0.014641482383012772
24 0.0121142  0.5882318  0.10600372 0.73319924 0.014513444155454636
24 0.01685118 0.6146198  0.14099078 0.7079636  0.014425946399569511
1 0.         0.9351818  0.05805213 0.99499583 0.014353613369166851
7 0.01242261 0.29797196 0.14017819 0.9672681  0.014120543375611305
24 0.         0.85300803 0.6588634  1.         0.014103187248110771
10 0.         0.5619186  0.18442477 0.7209503  0.014019818045198917
29 0.41882876 0.38253888 0.83488804 0.73224896 0.013848562724888325
33 0.3663532 0.3240918 0.9069222 0.6835412 0.013794451020658016
25 0.         0.94702935 0.08047536 1.         0.013731768354773521
24 0.6121338  0.14331587 0.9920981  0.6612066  0.013688525184988976
35 0.         0.690311   0.6234436  0.98752433 0.013668007217347622
1 0.         0.5909942  0.14659496 0.7543865  0.013659154064953327
18 0.82265574 0.72137356 1.         1.         0.013516644015908241
16 0.46239153 0.7171475  0.7079969  0.9428354  0.01346304826438427
40 0.29801404 0.30266836 0.8496747  0.68780416 0.013442874886095524
10 0.9111888  0.92816836 1.         0.99073344 0.01339711807668209
18 0.8969617 0.362737  0.9947992 0.703424  0.013383246026933193
41 0.01394489 0.3682724  0.18296187 0.8681957  0.013338237069547176
40 0.1959458  0.24000974 1.         0.8025106  0.013311153277754784
10 0.00131994 0.9113231  0.20033324 0.99917525 0.013270831666886806
29 0.16025633 0.78927296 0.7044967  1.         0.013029929250478745
29 0.37000787 0.40513507 0.9861381  0.99380517 0.013020429760217667
41 0.01025483 0.9326733  0.06011458 1.         0.012997278943657875
10 0.00162538 0.46658322 0.09780251 0.77452743 0.01296972669661045
24 0.01050601 0.8915965  0.10478113 0.96383667 0.012741385027766228
24 0.01379706 0.6419499  0.14088017 0.73961824 0.012646936811506748
41 0.02755847 0.49201253 0.17923109 0.9708779  0.012625397183001041
24 0.02114719 0.5851994  0.1416644  0.67542523 0.012602136470377445
35 0.51446325 0.70742065 0.7757186  0.9535079  0.012532494962215424
34 0.346595   0.7525997  0.8768132  0.95983505 0.012311459518969059
35 0.30651644 0.671548   0.8096022  0.98821986 0.012293648906052113
24 0.43522778 0.25682965 0.6633623  0.5837188  0.012231847271323204
41 0.01272438 0.8241369  0.09046281 1.         0.012112002819776535
10 0.3823424  0.45777163 0.76151305 0.8694531  0.01210954412817955
24 0.01899309 0.5264753  0.10572173 0.6659298  0.011832119897007942
24 0.01576763 0.7487409  0.14791697 0.9348016  0.011823511682450771
1 0.         0.558113   0.11010875 0.7986051  0.011816591955721378
18 0.86515355 0.6376949  1.         1.         0.011810719035565853
1 0.         0.6209326  0.10926513 0.8550337  0.011806750670075417
10 0.         0.50235456 0.13979727 0.73125774 0.011800904758274555
4 0.         0.350743   0.16242059 0.9076279  0.011721322312951088
24 0.45597577 0.291065   0.9387613  0.53823525 0.01170319877564907
33 0.1612597  0.77859455 0.9601755  0.94803977 0.011658575385808945
1 0.40701586 0.46483126 0.9214575  0.9155823  0.011602824553847313
2 0.22422214 0.72758406 0.60048383 1.         0.011410106904804707
40 0.         0.578415   0.15276551 0.9009703  0.01120240893214941
24 0.33866668 0.8249725  0.9833404  0.99843276 0.011194088496267796
1 0.18975686 0.5836977  0.956001   0.89474225 0.011148671619594097
1 0.4863914  0.32797238 1.         0.87917984 0.01110498234629631
7 0.00422812 0.9369622  0.04981642 1.         0.011089708656072617
40 0.12006997 0.63944936 0.9544436  1.         0.011087284423410892
40 0.         0.90943414 0.0552616  1.         0.01102538499981165
1 0.         0.9483945  0.08587927 0.99852127 0.01102162804454565
27 0.33448493 0.10946646 1.         1.         0.01100762840360403
10 0.8766892  0.38048685 1.         0.60124403 0.010755987837910652
4 0.37612355 0.44913912 0.8719246  0.76792675 0.010690795257687569
27 0.00549805 0.25402823 1.         0.9558941  0.010646682232618332
2 0.49280697 0.604617   0.77774817 1.         0.01063641719520092
35 0.         0.78223157 0.508263   0.98897433 0.010550567880272865
24 0.36885902 0.2690704  0.7125011  0.53525907 0.010462712496519089
24 0.38047206 0.07529732 0.9883938  0.462518   0.010458620265126228
41 0.3234298 0.6018726 0.6516634 1.        0.010390790179371834
40 0.44077438 0.4118302  0.8036276  1.         0.010383373126387596
40 0.         0.5701415  0.20198871 0.77932143 0.01032676175236702
18 0.02360841 0.85780114 0.12717213 0.9808307  0.010237004607915878
25 0.         0.05875018 1.         0.6102924  0.010109656490385532
41 0.23153704 0.5195727  0.8484377  1.         0.010057695209980011
33 0.2930196  0.40571502 0.938973   0.88671786 0.009814965538680553
24 0.12220699 0.89423025 0.47892517 0.98441803 0.009805572219192982
24 0.7163987  0.8986577  0.93531626 0.9805813  0.009750946424901485
41 0.01654146 0.8770925  0.12381297 0.9997443  0.009696339257061481
2 0.30448475 0.3744401  0.768578   1.         0.009683596901595592
7 0.3894895  0.37218648 0.6545889  0.8275531  0.009649720974266529
25 0.         0.91274476 0.04177877 1.         0.009614585898816586
41 0.5259181 0.6681564 0.7009916 1.        0.009517322294414043
41 0.0082344  0.90738916 0.04039777 1.         0.009517155587673187
24 0.01134864 0.48279604 0.07600147 0.69085664 0.00943827722221613
24 0.07336513 0.46179277 0.27959082 0.61985785 0.009348318912088871
1 0.19604638 0.67944723 0.8644733  0.99440044 0.009338798932731152
41 0.1097829  0.45886883 0.8845631  0.956785   0.009316954761743546
21 0.02439872 0.2561748  0.15884428 0.81490165 0.009286501444876194
24 0.3618193  0.56450164 0.8875241  0.77292657 0.009268173947930336
24 0.01917662 0.4673256  0.10335895 0.6077021  0.009210952557623386
42 0.0012941 0.3890174 1.        0.8287865 0.009161380119621754
18 0.03304579 0.5162389  0.13250114 0.75973207 0.00910432543605566
24 0.02598066 0.5554233  0.14211175 0.64360213 0.009058979339897633
21 0.33386305 0.24420647 0.77358675 0.67579335 0.009048386476933956
24 0.55731255 0.79956996 0.98206747 0.989814   0.00903521478176117
18 0.03564513 0.5797573  0.13388202 0.8186241  0.008844096213579178
34 0.16480863 0.7355873  0.6906183  0.9139588  0.008825443685054779
18 0.01913839 0.8075665  0.09286547 0.9736244  0.0088195214048028
18 0.90336114 0.6310573  0.9996384  0.95156425 0.008756441995501518
25 0.         0.28565115 0.19701503 0.8458836  0.008750266395509243
2 0.49331146 0.3583105  0.8456664  0.98354626 0.008750236593186855
41 0.01885777 0.51051193 0.12835036 0.7227963  0.008683701045811176
10 0.80093336 0.86825216 1.         0.99626505 0.008613921701908112
2 0.4820555  0.28546137 0.80392796 0.80454785 0.008608649484813213
18 0.04259534 0.589864   0.17931876 0.75559694 0.008595574647188187
10 0.29779014 0.398183   0.7440391  0.6280011  0.008531213738024235
1 0.00248316 0.30264053 0.17256531 0.81015086 0.008526455610990524
16 0.02168198 0.8373049  0.71199584 0.9750425  0.008504784666001797
27 0.3082404  0.2532063  1.         0.72451895 0.008434114046394825
40 0.         0.9313324  0.08068969 1.         0.008409041911363602
40 0.3502185  0.3634656  0.92167765 0.94410086 0.008356454782187939
41 0.41002044 0.5488956  0.72459567 1.         0.008294479921460152
34 0.18998803 0.33551663 0.91179323 0.6579853  0.008291938342154026
41 0.14972858 0.6709726  0.72427607 1.         0.008264224044978619
7 0.0052204  0.9504073  0.06958538 1.         0.008252150379121304
7 0.3533543 0.3447572 0.8988948 0.6397406 0.0081827687099576
1 0.67795706 0.8721735  0.92924196 1.         0.007857625372707844
34 0.37383816 0.31344438 0.80324674 0.72189766 0.007721008267253637
35 0.4991663  0.67864174 0.9730123  0.9915015  0.007666400168091059
1 0.4421062 0.5444615 1.        0.9487958 0.007654681336134672
10 0.51335794 0.3774434  0.74207836 0.7786164  0.007650522515177727
10 0.         0.51009387 0.19691287 0.6586876  0.007643731310963631
1 0.40269902 0.7135722  0.89701277 0.98891157 0.007594119757413864
1 0.16312364 0.30900416 1.         0.7602205  0.0074839345179498196
10 0.25161785 0.48402548 0.8209116  0.99013716 0.0074438354931771755
40 0.         0.8093785  0.11099138 1.         0.007411173079162836
34 0.07646055 0.45688966 0.8447144  0.7978855  0.007324712350964546
1 8.4044778e-04 8.3063877e-01 8.1228331e-02 9.9704725e-01 0.0073234341107308865
1 0.         0.4996514  0.11310924 0.727482   0.007261339575052261
1 0.06109105 0.550888   1.         0.94714075 0.007210940588265657
10 0.76434255 0.75237703 1.         1.         0.007188613526523113
4 0.22848311 0.40474874 0.7072626  0.72335255 0.007071944884955883
1 0.24238917 0.6732027  0.6417885  0.99498844 0.007003427017480135
25 0.881662   0.9508072  0.99621445 0.99743235 0.006969281006604433
40 0.         0.6502791  0.21254241 1.         0.0069687641225755215
24 0.02974753 0.52710825 0.14142717 0.6130419  0.006955639459192753
1 0.50331086 0.16021545 0.8756433  0.7156124  0.006947063375264406
35 0.4066106  0.19410647 0.78410196 0.91146874 0.006904800422489643
41 0.51714563 0.43420884 0.9622154  1.         0.006813093088567257
40 0.00562012 0.1783611  0.8718365  0.7402942  0.006797035690397024
34 0.12967351 0.22729231 0.9719458  0.71219176 0.006775583140552044
18 0.9020678  0.51785696 1.         0.84304607 0.006735213100910187
7 0.55493647 0.394245   0.8334399  0.9561268  0.006731225177645683
25 0.         0.82439756 0.08166195 1.         0.006681142840534449
16 0.4222721  0.72998875 0.81908077 0.92553174 0.006654823664575815
1 0.         0.53548807 0.15166675 0.6893789  0.006650547031313181
35 0.07089686 0.50872946 0.9597162  1.         0.006637662183493376
24 0.15206249 0.6985762  0.5824397  0.9577835  0.006621974054723978
4 0.34211242 0.4489205  1.         0.809374   0.0065671601332724094
24 0.9084278  0.9523443  0.9895543  0.98433137 0.006560815963894129
1 0.5786837  0.69466776 0.9245928  1.         0.0065419599413871765
34 0.4208954 0.6044885 0.7871688 0.9254599 0.006507550366222858
24 0.6402029  0.8983954  0.86932    0.99491477 0.006489417515695095
40 0.         0.8575164  0.15614092 1.         0.006460968405008316
1 0.         0.3888757  0.30806267 0.7008565  0.00641574477776885
1 0.         0.4385915  0.16262902 0.96211267 0.00641203299164772
1 0.         0.6965336  0.1551857  0.99608505 0.006404180079698563
40 0.18957807 0.21822026 0.9736899  0.61139613 0.006368508096784353
24 0.4051264  0.61824447 0.9514737  0.8522731  0.006352212280035019
41 0.26664665 0.3406875  0.8668393  0.59839964 0.006280610803514719
1 0.         0.87832236 0.1125494  1.         0.006235451437532902
24 0.666213   0.7647964  0.95077944 0.9781777  0.006205444689840078
24 0.20920086 0.86602235 0.5853297  1.         0.006164720747619867
1 0.         0.44172314 0.07840399 0.7582528  0.006087711080908775
24 0.05248221 0.46754712 0.21023189 0.72998995 0.006074117496609688
10 0.1812543  0.4318567  0.61679524 0.90142274 0.006023515947163105
41 0.1333084  0.85017645 0.56512403 1.         0.006020978558808565
4 0.5034991 0.4547445 0.8112692 0.8087682 0.0060150520876049995
33 0.5353238  0.86536723 0.8281295  0.9663237  0.0059897806495428085
18 0.04271677 0.53316665 0.18334089 0.692976   0.005956721492111683
25 0.9086731  0.93981886 0.99736047 0.99313855 0.005938384681940079
42 0.37457004 0.3286813  1.         0.87833863 0.00593413645401597
33 0.30100742 0.6998887  0.9805565  0.95091474 0.005892506800591946
41 0.27557316 0.32871208 0.803837   0.9257475  0.0058882106095552444
