42 0.17815432 0.03281894 0.78604746 0.55694884 0.27601778507232666
41 0.25075555 0.19302866 0.81076294 0.5182002  0.2494542896747589
42 0.05051598 0.         0.64763033 0.50757897 0.23045501112937927
41 0.4086107  0.16933587 0.9723997  0.41389447 0.12762494385242462
42 0.36979377 0.         0.9091262  0.5488879  0.12455810606479645
41 0.37705472 0.20230986 0.9382308  0.54581535 0.12078442424535751
43 0.15652706 0.0395974  0.7460924  0.54094595 0.12043849378824234
43 0.01094757 0.00510033 0.8652105  0.6056     0.06996146589517593
6 0.00029626 0.00374541 0.08071325 0.15578154 0.06881359964609146
1 0.         0.00551015 0.4394608  0.7109044  0.06457708030939102
6 0.00068038 0.05303766 0.05803668 0.16125157 0.06351181119680405
20 0.00576806 0.00579619 0.11088669 0.15857744 0.06183523312211037
42 0.2472785  0.18109086 0.75458187 0.5502047  0.05996542423963547
20 0.00842036 0.00405707 0.15102626 0.0734273  0.05819108709692955
1 0.52419543 0.         1.         0.6943202  0.05774218216538429
20 0.00323352 0.00395405 0.08323076 0.05223218 0.05523155257105827
6 0.         0.00339187 0.11224885 0.11041016 0.05481051653623581
20 0.00207152 0.05353414 0.05664903 0.15756726 0.05399267002940178
20 0.01028166 0.00597254 0.15132159 0.12403214 0.05345996841788292
29 0.3700586  0.17505243 1.         0.48207316 0.05260197073221207
24 0.61051285 0.13445616 0.9883785  0.35064182 0.052349261939525604
21 0.10903326 0.         0.664858   0.31815445 0.052330099046230316
20 0.02895151 0.00449046 0.13706377 0.05237412 0.052283644676208496
20 0.07242443 0.00532725 0.14624324 0.07630978 0.05172131210565567
21 0.         0.         0.81946075 0.33837947 0.05169741436839104
20 0.00201503 0.02723376 0.05645092 0.1303661  0.051665328443050385
20 0.01403944 0.00297673 0.15424138 0.03720338 0.05143670737743378
20 0.00223275 0.08026785 0.05705907 0.18434797 0.05058450996875763
40 0.        0.        1.        0.9043428 0.04959482699632645
21 0.         0.         0.7053431  0.47967896 0.04810146987438202
6 0.00014613 0.00285104 0.0576395  0.08181939 0.047781527042388916
40 0.         0.05681468 1.         0.6876684  0.047629691660404205
41 0.205312   0.15425539 0.85030735 0.41993934 0.04744289815425873
6 0.0003444  0.03460505 0.15502307 0.18606481 0.047246530652046204
20 0.0565243  0.00462955 0.16411215 0.05212814 0.04675697162747383
20 0.00188212 0.00314781 0.05600675 0.07681902 0.04596736282110214
34 0.         0.09677249 0.7981508  0.5368792  0.045888666063547134
34 0.         0.10575324 0.94229424 0.45970196 0.04481216147542
20 0.01096958 0.03554302 0.15439206 0.17970757 0.044562097638845444
20 0.00687627 0.02924611 0.11263452 0.24184395 0.043638668954372406
22 0.3631023  0.69132966 1.         0.99067307 0.04197559505701065
20 0.09928878 0.00540657 0.17316774 0.07499373 0.04170502722263336
24 0.74521023 0.84448355 0.9043786  0.98672986 0.04045824706554413
22 0.4264064 0.6893892 0.7531613 0.9909422 0.04030879959464073
6 0.         0.03025875 0.11775925 0.25481537 0.04014068469405174
24 0.8007216  0.84247226 0.95771027 0.9856577  0.03981894999742508
22 0.15725005 0.7662829  0.59640634 0.9897049  0.03962947055697441
24 0.25664708 0.84444284 0.86359733 0.9852821  0.039293259382247925
22 0.2924905  0.68550885 0.6184489  0.9926282  0.03894949331879616
24 0.03936163 0.20096515 0.9654686  0.41038623 0.03889875486493111
6 0.         0.0032651  0.08611753 0.0556267  0.0387914665043354
24 0.6788745  0.88520265 0.9014613  0.98982406 0.038743723183870316
6 0.         0.00297494 0.15551451 0.07727012 0.03869336098432541
6 0.00308228 0.6569376  0.24029256 1.         0.03851654380559921
24 0.04600644 0.8447505  0.6469427  0.9854478  0.03851453214883804
42 0.3028922  0.11612174 0.85873234 0.5131895  0.038488615304231644
22 0.         0.         0.0797933  0.15918458 0.03818139061331749
24 0.3978233  0.8470372  0.55790997 0.9855276  0.03802936151623726
22 0.34728464 0.7691442  0.7827596  0.9869759  0.03789711371064186
24 0.73354137 0.8841656  0.9559311  0.98926264 0.03777935355901718
24 0.3323102  0.7899738  0.7530479  0.97818685 0.0375230498611927
22 0.50751096 0.68884575 0.833724   0.98931104 0.03741780295968056
24 0.3447095  0.8473916  0.5036846  0.98582685 0.0374123714864254
7 0.04003911 0.07853752 0.8410564  0.5427636  0.03732193633913994
24 0.674527   0.84099346 0.98516184 0.9862201  0.03725557029247284
24 0.6758142  0.91450036 0.96166915 0.99178326 0.03711755946278572
24 0.8351258  0.85845286 0.9912505  0.99056673 0.03705403208732605
22 0.         0.0458473  0.05689928 0.16573314 0.03692351654171944
24 0.38398424 0.8856484  0.60812026 0.98942894 0.036715615540742874
14 0.00906079 0.         0.10430004 0.10986753 0.03660227358341217
6 0.00650813 0.74766916 0.31986684 1.         0.036505553871393204
24 0.4513464  0.8467788  0.6112872  0.98589915 0.036211300641298294
20 0.08413007 0.00465333 0.19123454 0.05162827 0.03620373085141182
24 0.593795  0.9151169 0.8786887 0.9920871 0.036176566034555435
24 0.87728506 0.9349136  0.9819543  0.99505717 0.03608681261539459
24 0.5985095 0.8851878 0.8207032 0.9895917 0.0360809750854969
24 0.49268734 0.78954226 0.91645813 0.9780414  0.03601411357522011
24 0.9319095  0.93496674 0.99508375 0.99828607 0.03600902855396271
22 0.13104497 0.67887616 0.46110073 0.99491864 0.03592010959982872
24 0.76663905 0.78102    0.98811954 0.9812979  0.03580546751618385
24 0.8355421  0.80594265 0.99287885 0.9497395  0.0356990247964859
24 0.50445265 0.8463727  0.6642263  0.9859862  0.035674143582582474
6 0.00701229 0.7851214  0.15181018 0.9634989  0.03537464886903763
24 0.5580856 0.8460267 0.7176853 0.9857645 0.03530136123299599
6 0.04334714 0.65355253 0.36825857 1.         0.03522428497672081
24 0.9309318 0.8552715 0.9962732 0.9589056 0.03520842641592026
1 0.         0.03851736 0.86669284 0.68966943 0.03517245873808861
24 0.9496726  0.91048026 0.99619013 0.999699   0.03487265855073929
24 0.9112857  0.94915205 0.99295604 0.9974974  0.034778814762830734
22 0.5874262  0.69086635 0.916386   0.9889032  0.03467084839940071
1 0.02577413 0.         1.         0.6092015  0.03464877977967262
24 0.9103131  0.83655757 0.99503785 0.9930287  0.03453754633665085
14 0.00686563 0.         0.07541895 0.14937751 0.03432494029402733
24 0.611568   0.84593815 0.77093625 0.98580974 0.034222379326820374
14 0.01283826 0.         0.14571607 0.07792618 0.03403635323047638
24 0.8504586  0.9357877  0.95574516 0.9936897  0.033946238458156586
40 0.         0.04563276 0.5256177  0.7953865  0.03391546010971069
24 0.8346007  0.91301596 0.98973125 0.9940074  0.03387394919991493
7 0.         0.10771703 0.69677943 0.6815095  0.03368883207440376
24 0.93119836 0.8810733  0.99555033 0.9855873  0.03360314667224884
24 0.49162778 0.88524866 0.71427953 0.98946637 0.03338738530874252
6 0.75476766 0.2732129  0.99784714 0.77514124 0.03336548060178757
24 0.931057  0.8298371 0.9963605 0.931272  0.033300817012786865
14 0.00692179 0.         0.07890169 0.05571079 0.032967884093523026
24 0.27750644 0.886098   0.5004175  0.9892955  0.032798077911138535
24 0.40712819 0.17937645 0.98397475 0.4447339  0.032773226499557495
14 0.01433519 0.         0.14587888 0.13038148 0.03248650208115578
24 0.91058934 0.8943713  0.994096   0.9703478  0.03231533244252205
24 0.37977567 0.9152056  0.6645872  0.9917516  0.03229203820228577
24 0.22439301 0.7898985  0.6458579  0.980201   0.032013121992349625
28 0.13523328 0.77984756 0.6345953  1.         0.03194765746593475
14 0.07393602 0.00020041 0.14271381 0.07908285 0.031943902373313904
28 0.33212823 0.68471354 1.         1.         0.0316634327173233
14 0.03217512 0.00032302 0.13059442 0.05482361 0.031620461493730545
41 0.581331   0.14236727 0.98669416 0.43493634 0.031518373638391495
24 0.4867472  0.91513056 0.77107644 0.9919121  0.031427860260009766
24 0.9315442  0.80365425 0.99667054 0.90441966 0.03137224540114403
28 0.31392115 0.77750844 0.8231839  1.         0.0311307143419981
6 0.01037506 0.658745   0.68608975 1.         0.03106587566435337
22 0.06880404 0.82715356 0.68640953 0.9897984  0.0310498159378767
22 0.01268845 0.6828604  0.7251025  0.9902375  0.030776681378483772
20 0.07006342 0.00311625 0.20978633 0.03666534 0.030668463557958603
41 0.13020472 0.26594165 0.806447   0.587532   0.03063088469207287
14 0.05795352 0.00063228 0.15795322 0.05445693 0.030629808083176613
28 0.03462423 0.8380322  0.7338097  1.         0.030626453459262848
1 0.46669212 0.10777512 1.         0.5723862  0.030606120824813843
14 0.10135906 0.         0.16990581 0.07985061 0.03023599460721016
24 0.29204342 0.8475044  0.45024475 0.9852624  0.030186787247657776
41 0.18831116 0.23500128 0.7609162  0.455177   0.030103782191872597
24 0.27327693 0.9158179  0.5567109  0.991626   0.03004610538482666
24 0.87832737 0.8816725  0.9923009  0.9931339  0.03000284545123577
22 0.         0.         0.11262079 0.11438673 0.02999304048717022
14 0.0052269  0.         0.05321205 0.0824143  0.02997441031038761
14 0.00566276 0.02028954 0.05375771 0.1322685  0.02996516413986683
6 0.0096848  0.8009789  0.11457357 1.         0.029691627249121666
6 0.06264132 0.00157757 0.14645906 0.07977537 0.029424337670207024
6 0.20899466 0.65242106 0.51713586 1.         0.02941184677183628
22 0.6651456  0.6965224  1.         0.99038434 0.02936088666319847
24 0.11903018 0.88640517 0.34351042 0.9888087  0.029323499649763107
24 0.1879567 0.846921  0.3452643 0.9838376 0.029213065281510353
6 0.07098597 0.7430726  0.48975283 1.         0.029149381443858147
14 0.01833905 0.02595858 0.14566152 0.18200237 0.029133792966604233
28 0.         0.8396318  0.47094625 1.         0.02906418778002262
14 0.08550748 0.00042317 0.18525894 0.05501976 0.029022352769970894
22 0.         0.7600059  0.32380396 0.9963021  0.028925927355885506
14 0.01508166 0.         0.14441372 0.040032   0.028592169284820557
38 0.12124194 0.77058727 0.63806194 0.991582   0.028294963762164116
22 0.         0.00429745 0.11764969 0.25728485 0.028293171897530556
22 0.1916424  0.83073735 0.35369152 0.9897776  0.028271857649087906
6 0.01566173 0.00219425 0.1387935  0.05560984 0.028259797021746635
43 0.26439863 0.22077747 0.8309562  0.5324223  0.02820625901222229
28 0.64538413 0.769518   1.         0.99853456 0.02819984033703804
24 0.24048787 0.847011   0.39826387 0.984359   0.02804751507937908
22 0.         0.82336944 0.43567038 0.99441797 0.027939850464463234
22 0.         0.         0.0564045  0.08328854 0.027851207181811333
28 0.5195822 0.8304065 1.        0.9971916 0.027660712599754333
14 0.0103999  0.01326462 0.10410906 0.24328876 0.027516869828104973
28 0.34132573 0.8396787  0.5258061  1.         0.027358656749129295
22 0.5095318 0.7681359 0.9435763 0.9830692 0.02723945677280426
24 0.        0.8473213 0.4124746 0.9871028 0.026905952021479607
28 0.3940236  0.83918107 0.5794559  1.         0.026880178600549698
6 0.29412645 0.65241885 0.59886056 1.         0.026834025979042053
38 0.18016528 0.835814   0.3647025  0.9936064  0.026706457138061523
28 0.24127312 0.83564055 0.9479001  0.99984926 0.026694288477301598
42 0.08576276 0.         0.7116856  0.71360254 0.026648636907339096
24 0.05954511 0.9164536  0.34972894 0.9918005  0.02662203460931778
22 0.351671   0.8301749  0.51224047 0.9882077  0.026490190997719765
29 0.29602754 0.21977405 0.937938   0.57058525 0.026335688307881355
38 0.         0.83072644 0.47881472 0.9915738  0.02633414976298809
1 0.        0.3124893 0.740355  0.6977428 0.026136381551623344
6 0.01724644 0.81410587 0.42663708 1.         0.026063375174999237
28 0.18249173 0.8416278  0.36407214 1.         0.025950927287340164
14 0.06910106 0.         0.20045635 0.03983098 0.02589486911892891
24 0.16637066 0.915782   0.45388275 0.99130875 0.025766318663954735
14 0.00566266 0.07298832 0.05406927 0.1837352  0.02550102025270462
22 0.40536627 0.8303007  0.56591773 0.9866727  0.02549106255173683
28 0.83105624 0.854644   1.         0.9955011  0.02546880580484867
38 0.10253247 0.6816685  0.47554663 0.99694574 0.02540041320025921
38 0.01901581 0.8341346  0.7467339  0.9922161  0.025297492742538452
41 0.26012367 0.34284258 0.67244315 0.5484576  0.025105103850364685
28 0.8308231 0.8025273 1.        0.9570191 0.02496747113764286
24 0.9318028  0.77738714 0.9968319  0.8771556  0.02496524527668953
28 0.9068052  0.75315565 1.         0.9947184  0.02485526353120804
38 0.         0.7621305  0.34276932 0.99439913 0.024808106943964958
22 0.24589862 0.8312342  0.40724435 0.98885196 0.024745473638176918
24 0.06865232 0.79145545 0.48647156 0.9832739  0.024665793403983116
28 0.32653233 0.87853944 0.5847073  0.99966496 0.02463797852396965
6 0.09021331 0.00124962 0.17232205 0.07939967 0.024534862488508224
22 0.00145525 0.79355687 0.15053773 0.95739573 0.024485627189278603
14 0.1137647  0.         0.21167877 0.05627139 0.024169588461518288
22 0.         0.67477477 0.24134217 1.         0.024167902767658234
1 0.         0.16277637 0.5083165  0.95085585 0.024159830063581467
6 0.         0.00151701 0.15913272 0.04058088 0.02397257648408413
22 0.28546515 0.8276552  0.8983311  0.9865498  0.023950906470417976
22 0.         0.         0.08521229 0.05655361 0.023805081844329834
1 0.40197423 0.         1.         0.81152976 0.023638511076569557
1 0.4070435  0.         1.         0.44676086 0.023505868390202522
28 0.44705588 0.83879596 0.6322266  1.         0.023477738723158836
28 0.11499807 0.8797992  0.36896428 1.         0.02341308258473873
22 0.29920372 0.83068067 0.45985603 0.9887967  0.023294417187571526
14 0.93296987 0.93516064 1.         1.         0.02304423600435257
28 0.2885894  0.8397586  0.47114855 1.         0.022975880652666092
38 0.31537703 0.77459806 0.8334942  0.98819786 0.02294035255908966
41 0.3720021  0.28769374 0.76278526 0.5122413  0.022901399061083794
28 0.7245899 0.8772628 0.982707  0.9967359 0.022886063903570175
28 0.23620771 0.8410224  0.4174594  1.         0.022860702127218246
22 0.        0.8164606 0.1100534 1.        0.022753465920686722
6 0.06916401 0.00124729 0.1904376  0.05517694 0.022711532190442085
41 0.39406085 0.09410817 0.71845746 0.30207708 0.022486912086606026
25 0.         0.01132298 0.10425394 0.15138859 0.02243117429316044
24 0.01480127 0.8887637  0.235129   0.9887133  0.02240392193198204
14 0.12875775 0.         0.19638844 0.08229894 0.022323615849018097
22 0.8306489  0.69975305 1.         0.98432    0.022257734090089798
24 0.04597361 0.23107204 0.82088786 0.48517716 0.022251058369874954
22 0.00069382 0.01931498 0.1623534  0.18670762 0.022175634279847145
24 0.835363   0.75448257 0.9903951  0.89591736 0.022067148238420486
28 0.40516877 0.6974727  0.7721399  1.         0.022035636007785797
22 0.45937175 0.8301613  0.61943775 0.98587435 0.02199362777173519
28 0.         0.78291917 0.3453107  1.         0.02199176512658596
41 0.01236969 0.40641385 0.562364   0.612627   0.02194957062602043
24 0.42094767 0.715935   0.7215507  0.97298425 0.021945415064692497
28 0.73868984 0.83722043 0.92496455 0.99732697 0.021921450272202492
38 0.23388974 0.8374071  0.4190007  0.9928473  0.021789975464344025
20 0.12608856 0.00568521 0.19980776 0.07338347 0.021768363192677498
24 0.36076647 0.7184037  0.93640995 0.97508514 0.021764738485217094
24 0.579692   0.7153728  0.88020766 0.9714021  0.021722309291362762
22 0.         0.         0.15888819 0.07845359 0.02168405055999756
41 0.43211314 0.23764634 0.830453   0.52674556 0.021574141457676888
28 0.90960705 0.9199777  1.         0.9962912  0.021482296288013458
34 0.         0.14671713 0.5947376  0.4865744  0.02147412858903408
20 0.11122546 0.00455138 0.21756466 0.05064286 0.021428432315587997
22 0.8395451  0.75154215 1.         0.8943802  0.021412121132016182
24 0.4991036  0.7167531  0.8016573  0.97275585 0.02141054905951023
14 0.9498446 0.9109406 0.9998991 1.        0.02132786251604557
42 0.20788234 0.         0.85766727 0.6355916  0.021304642781615257
28 0.49941224 0.8383155  0.68575317 0.999836   0.021245501935482025
28 0.9298637  0.8834526  1.         0.98379827 0.0211621206253767
6 0.03368411 0.81348795 0.18980554 1.         0.021149136126041412
38 0.         0.68280005 1.         0.9833745  0.02114710956811905
14 0.9122688  0.74693155 0.99888134 1.         0.02100806124508381
22 0.34097272 0.8731141  0.56717736 0.9907118  0.020777413621544838
20 0.01513934 0.09297743 0.15932351 0.23208298 0.020777340978384018
28 0.01240499 0.87944794 0.26046932 1.         0.020768146961927414
28 0.00296287 0.8561328  0.15835269 1.         0.020664984360337257
28 0.2756575  0.7013997  0.63689256 1.         0.02060573920607567
28 0.22177134 0.87947786 0.47622615 1.         0.020565202459692955
38 0.26758942 0.6841347  0.64602184 0.9885979  0.020563021302223206
22 0.02716998 0.8302568  0.1943369  0.99332106 0.020543238148093224
22 0.83808494 0.804112   1.         0.9425149  0.020518586039543152
6 0.4331005  0.65068585 0.7328501  1.         0.02049865387380123
28 0.43111166 0.8783298  0.6915616  0.99902195 0.02049258165061474
28 0.5626091  0.6942405  0.93302697 1.         0.020283550024032593
22 0.771921   0.7728726  1.         0.97991323 0.02021353505551815
14 0.00792621 0.         0.07558089 0.2632789  0.020148061215877533
28 0.5525231  0.8373781  0.739582   0.99955446 0.020137248560786247
22 0.07060936 0.87418115 0.30442342 0.9927753  0.020096268504858017
38 0.33979842 0.8392264  0.52938455 0.99279714 0.02005217969417572
38 0.11331831 0.8784253  0.3722744  0.99361455 0.01990571618080139
28 0.726814   0.68364817 1.         1.         0.019901830703020096
28 0.9298369  0.8583207  1.         0.95645124 0.019881123676896095
28 0.87675834 0.87890995 1.         0.99485844 0.019875185564160347
22 0.51300836 0.8302645  0.6731969  0.9853266  0.019840039312839508
27 0.01195805 0.00123596 0.14404023 0.03467904 0.01983005739748478
27 0.00455342 0.00141374 0.06880198 0.03407292 0.01957753300666809
25 0.13642898 0.7249406  0.4429773  0.988463   0.019556794315576553
28 0.9487889  0.91132355 1.         0.99658966 0.019513167440891266
6 0.3819197 0.6485311 0.9695781 1.        0.019429372623562813
6 0.         0.00613301 0.21450135 0.1102683  0.01942237839102745
28 0.02661386 0.8365498  0.2015915  1.         0.019360376521945
25 0.        0.7923357 0.3225141 0.9929022 0.019356677308678627
24 0.6622918 0.714339  0.9576996 0.9716369 0.019244013354182243
24 0.6741885  0.14552023 0.95800906 0.44517127 0.019189607352018356
24 0.28913128 0.71444005 0.5892933  0.9759579  0.019160810858011246
28 0.60517013 0.83685535 0.79298776 0.9992152  0.019157733768224716
6 0.92584413 0.6486405  1.         0.7789648  0.01909511163830757
27 0.00432063 0.00199147 0.14340605 0.06773455 0.01909276843070984
25 0.         0.08721844 0.05044738 0.18097983 0.019084051251411438
38 0.28673705 0.8384828  0.4744037  0.9933304  0.01901731826364994
6 0.04853553 0.00035529 0.20946419 0.04046274 0.0189684946089983
14 0.93276244 0.8823662  0.9990133  0.9913426  0.0189353134483099
25 0.         0.00606414 0.10390184 0.0980693  0.018888261169195175
25 0.         0.0015627  0.07730512 0.03387375 0.018834946677088737
6 0.19193126 0.81339985 0.34236085 1.         0.01881481520831585
38 0.24290325 0.8357863  0.968808   0.991377   0.018801501020789146
27 0.02577867 0.00309417 0.13037379 0.0479988  0.01878844015300274
25 0.00015523 0.05968981 0.04998267 0.1530775  0.018753312528133392
22 0.9092796 0.7584801 1.        0.9776231 0.018724719062447548
28 0.8738632  0.93187064 0.9931013  0.9977949  0.018679846078157425
38 0.39395827 0.8401302  0.5831909  0.99232894 0.018669813871383667
22 0.87922233 0.72872496 1.         0.92059106 0.018657898530364037
22 0.18007076 0.87429243 0.41043764 0.99183166 0.01864354871213436
28 0.588534   0.87789464 0.85291755 0.99876213 0.018622493371367455
43 0.25179112 0.12295053 0.7147108  0.42629364 0.018547432497143745
14 0.10106245 0.774997   0.5295403  0.9973592  0.0185238104313612
14 0.880406   0.93606347 0.9929874  1.         0.018462643027305603
25 0.07030014 0.8039286  0.5054036  0.99129623 0.018437301740050316
22 0.5663687  0.8304477  0.72629994 0.9845752  0.018412364646792412
6 0.00096366 0.08547805 0.15825848 0.24222489 0.018350185826420784
27 0.00288034 0.00889925 0.10303547 0.14453201 0.01828182488679886
22 0.5502299  0.83044475 1.         0.98443973 0.018233010545372963
