41 0.23660389 0.15939312 0.9454655  0.7457441  0.39395761489868164
41 0.13195357 0.08200259 0.9107125  0.56809783 0.18224181234836578
21 0.         0.22925134 0.7502428  0.8028898  0.13833977282047272
41 0.09440623 0.07630157 0.8334887  0.3093385  0.13490188121795654
16 0.7968129 0.3510944 0.9759233 0.8785999 0.13066112995147705
21 0.         0.09483139 0.7534498  0.61963254 0.11398328840732574
21 0.1315006  0.31602764 0.8390921  0.7716397  0.11144115030765533
41 0.43311805 0.47857493 1.         0.79076886 0.10337681323289871
21 0.         0.39707842 0.82135135 0.860918   0.10257678478956223
41 0.503108   0.13629161 0.87355787 0.84056866 0.08441410958766937
41 0.31676242 0.23777024 1.         0.89687485 0.07628083229064941
16 0.76396656 0.22258437 0.9702052  0.6189202  0.0760149359703064
7 0.        0.404271  0.8343365 1.        0.07228533923625946
21 0.39629355 0.31630772 0.69348514 0.7799039  0.06873399019241333
1 0.00893845 0.         1.         0.5676693  0.06578055024147034
11 0.73435694 0.38527468 1.         0.81248283 0.06531162559986115
29 0.4387493  0.11617635 0.8877632  0.8354469  0.0645851194858551
41 0.55727947 0.42397264 0.96758926 0.8274501  0.06287263333797455
41 0.35962245 0.09822467 0.8692082  0.6811315  0.061073511838912964
4 0.         0.16337904 0.9509939  0.9026869  0.058464836329221725
40 0.         0.01292587 1.         1.         0.05840189382433891
2 0.25879377 0.         0.75820917 0.7075991  0.053981389850378036
16 0.7945806  0.5125152  0.9753295  0.98698235 0.05368640273809433
12 0.7891918  0.13050118 1.         0.8570352  0.05147828906774521
21 0.18725906 0.3896123  0.7307049  0.6838916  0.04894256964325905
41 0.         0.03076983 0.6708934  0.20175242 0.04811253026127815
1 0.18038994 0.         0.7862438  0.47028637 0.0463503897190094
41 0.10491621 0.14427523 0.6597995  0.41493136 0.04572689160704613
2 0.3312625  0.         0.88197523 0.5024113  0.04507051780819893
41 0.46078894 0.38374263 0.8152219  0.8065118  0.04052947461605072
10 0.18027975 0.4277472  0.92252547 0.8000567  0.040282562375068665
2 0.7860953  0.04661011 0.99809825 0.80663264 0.03976002708077431
41 0.         0.14300986 0.7312793  0.48935354 0.03816038742661476
41 0.16629736 0.11302961 0.720174   0.35015014 0.037367165088653564
24 0.79958344 0.2792174  1.         0.8551886  0.037282418459653854
40 0.        0.        1.        0.8183275 0.036050356924533844
2 0.12126076 0.         0.7663914  0.48127645 0.035018712282180786
16 0.73219    0.4326115  0.98152906 0.9516997  0.03479539602994919
41 0.         0.05004934 0.63014436 0.32501245 0.034295231103897095
10 0.10311615 0.122995   0.60958284 0.46992117 0.03329795226454735
33 0.6660884  0.         1.         0.17688122 0.033152416348457336
16 0.8220502  0.18141307 0.98021317 0.72261435 0.03236941993236542
33 0.3450636  0.         0.87385064 0.23374747 0.0316389799118042
41 0.22242081 0.02997096 0.7008934  0.29873577 0.030431555584073067
1 0.03142451 0.         0.69193745 0.59526974 0.02994472160935402
10 0.17905742 0.22090684 0.6390724  0.6533454  0.02904568985104561
18 0.3219419  0.12021732 0.93026716 0.86415774 0.02876032516360283
41 0.4667459  0.4280954  1.         0.69878554 0.02862659841775894
11 0.7062717  0.22757803 1.         0.8213135  0.028032850474119186
4 0.09399155 0.36007532 1.         1.         0.02779746986925602
1 0.5785908  0.         0.9942261  0.93082136 0.02720845490694046
12 0.7350579  0.00914586 1.         0.6146593  0.02715918980538845
7 0.07935623 0.234311   0.86097026 0.9145385  0.02690477855503559
10 0.10058192 0.17810571 0.8093003  0.4467463  0.026567090302705765
21 0.31121236 0.3335489  0.76225364 0.72287273 0.025968341156840324
40 0.0493747  0.         1.         0.56614983 0.025866609066724777
10 0.12338209 0.04365916 0.60496676 0.2446935  0.025421157479286194
1 0.17188965 0.09350942 1.         0.62481374 0.0251064021140337
29 0.80442107 0.27659237 0.99663883 1.         0.024560971185564995
10 0.09820186 0.4810554  1.         0.9077932  0.024453148245811462
29 0.47649425 0.27022317 0.95759565 0.7413264  0.024027016013860703
7 0.03410815 0.11082166 0.5382143  0.7719588  0.023568488657474518
35 0.7905056  0.26141247 1.         0.77636373 0.023245034739375114
14 0.73677266 0.21260877 0.9695915  0.59753734 0.023125512525439262
2 0.78411525 0.2697482  1.         0.933737   0.022809375077486038
29 0.3042665  0.05577052 0.93300784 0.4383917  0.022718902677297592
2 0.73552245 0.29308134 0.9729712  0.8114163  0.021565625444054604
33 0.77623343 0.10894806 0.96875906 0.7863425  0.021442987024784088
33 0.7763253  0.         1.         0.29608515 0.021381650120019913
33 0.1629391 0.        1.        0.7546202 0.02122565172612667
41 0.567228   0.28651792 0.918083   1.         0.0206264890730381
1 0.5144374  0.10100764 1.         0.7514352  0.020577961578965187
21 0.         0.04635994 0.6421162  0.5324271  0.019759949296712875
14 0.7548627  0.25115043 0.98393536 0.83837456 0.01957727037370205
42 0.15831108 0.33860546 0.88998294 0.85699344 0.01925576850771904
33 0.30757385 0.         1.         0.26884553 0.01909545622766018
12 0.66272813 0.10786331 1.         0.5137944  0.018616775050759315
29 0.35881543 0.11468052 1.         0.51549906 0.017843110486865044
16 0.6969567  0.20054781 0.96169424 0.47815767 0.01774861291050911
16 0.77768147 0.30037034 0.936437   0.7418242  0.01767805404961109
40 0.1022831  0.         0.7083426  0.64848524 0.017654743045568466
24 0.791337   0.11324611 1.         0.56324655 0.01761641539633274
33 0.7740755  0.         1.         0.57696384 0.017380405217409134
29 0.51930827 0.24641465 1.         0.85867864 0.017297163605690002
4 0.00751022 0.12503332 0.86377156 0.60158193 0.017265230417251587
10 0.07768288 0.0074602  0.66096693 0.3689846  0.017200808972120285
29 0.53712314 0.35100877 1.         0.976025   0.016913024708628654
40 0.30590728 0.         1.         1.         0.01674579828977585
29 0.45232648 0.05297396 0.9250767  0.590538   0.01665530353784561
2 0.54940534 0.         0.9012274  0.81398356 0.016437165439128876
29 0.48678693 0.4642411  0.92253524 0.8192119  0.016381440684199333
16 0.73572695 0.38211328 0.95456535 0.79404676 0.01610170677304268
35 0.7304512  0.15680659 1.         0.59574294 0.01563246175646782
2 0.44250607 0.         0.8612832  0.6991906  0.014594330452382565
10 0.4268327  0.40667045 0.7813353  0.9357092  0.014376978389918804
35 0.7708818 0.        1.        0.6481421 0.014181160368025303
40 0.25829208 0.         1.         0.9434955  0.014126988127827644
16 0.70618623 0.2795622  0.94693923 0.56438357 0.014089352451264858
11 0.72833437 0.18521753 1.         0.59167427 0.014033544808626175
10 0.22131498 0.19964987 0.8054304  0.7804853  0.013948306441307068
41 0.34849215 0.04733266 0.6140848  0.2855655  0.013927589170634747
41 0.2784227  0.5715216  1.         0.97239685 0.013913564383983612
12 0.6850937  0.16040237 1.         0.77202183 0.0137794753536582
34 0.2369883 0.1743129 0.9489195 0.6738463 0.013723152689635754
12 0.5992247 0.        1.        0.3906358 0.01370835117995739
29 0.69326866 0.10952836 0.96779585 1.         0.013624242506921291
7 0.13691999 0.48092133 0.76533735 0.9643809  0.013221469707787037
33 0.87316346 0.01163289 1.         0.1490382  0.01314203068614006
2 0.6348977  0.         0.9997634  0.81884617 0.013085972517728806
29 0.7634555 0.346082  0.9723156 0.9076046 0.012936706654727459
27 0.7805212  0.4096234  0.99168223 0.934645   0.012693588621914387
4 0.27578223 0.5045321  1.         1.         0.01260210108011961
10 0.01603946 0.08992521 0.5729003  0.39209813 0.012385520152747631
41 0.72405386 0.36120257 0.9612888  0.8820394  0.012052232399582863
41 0.26535428 0.06697363 0.78948396 0.47119153 0.011987851932644844
34 0.27359888 0.14042416 0.9608836  0.5042661  0.011883871629834175
1 0.27600247 0.05666796 0.95872945 0.5234606  0.011535441502928734
4 0.14114629 0.3862777  1.         0.8605053  0.01152181625366211
18 0.40894532 0.         1.         0.7181506  0.011347228661179543
24 0.8230033  0.19905151 1.         0.693988   0.011105172336101532
29 0.3233859  0.05824445 0.7051714  0.41008422 0.01102100033313036
14 0.6816308  0.19968626 0.9681894  0.4881016  0.010977091267704964
41 0.17382795 0.38706902 0.9824499  0.84593874 0.010973665863275528
16 0.6577439  0.18300499 0.9805719  0.9192335  0.010781385004520416
24 0.43374574 0.12833446 0.63914794 0.24856721 0.010751418769359589
15 0.65211225 0.37870005 1.         0.72899324 0.010748044587671757
18 0.48219103 0.17434537 0.74564236 0.8564086  0.010539136826992035
1 0.19986878 0.         0.8931294  0.30609035 0.010416335426270962
1 0.30528343 0.         1.         0.43969122 0.010255846194922924
18 0.39144114 0.01676875 1.         0.79870784 0.010187669657170773
24 0.         0.29308295 0.78299135 0.6201377  0.010075327008962631
24 0.7973564  0.46306658 0.9747919  1.         0.010053609497845173
1 0.6706396  0.37381473 1.         0.8470505  0.009833511896431446
7 0.         0.07482665 0.5122804  0.49129868 0.009788496419787407
42 0.14694868 0.22387446 0.7993447  0.7619074  0.00972801074385643
24 0.02933039 0.25985783 0.5292141  0.50842977 0.009714124724268913
40 0.41902238 0.         1.         0.7279307  0.00968176405876875
15 0.7106946 0.5043535 1.        0.7633254 0.00967379193753004
11 0.80679286 0.12859993 1.         0.7362157  0.009595816023647785
40 0.2246189  0.         0.7875456  0.45031333 0.009538021869957447
33 0.8803771  0.09279463 1.         0.31537133 0.009449126198887825
16 0.68062264 0.51804984 0.99563134 0.8337383  0.009403462521731853
7 0.26072013 0.4432296  0.8429116  0.8045444  0.009363600984215736
24 0.14089279 0.27206278 0.8333744  0.7623858  0.009212952107191086
1 0.1500328 0.        1.        0.3456556 0.00918249599635601
41 0.82778305 0.13658923 0.9753054  0.9259921  0.009162520058453083
41 0.8081262  0.         0.9796646  0.28311262 0.00912404339760542
33 0.7800232 0.2849554 0.980012  0.9348737 0.00905518140643835
42 0.         0.3955363  0.70600915 1.         0.00902693159878254
24 0.71365607 0.36689445 1.         0.8985254  0.008966736495494843
24 0.88979423 0.03851138 1.         0.1776548  0.008924481458961964
21 0.        0.        0.5961495 0.3675093 0.008793764747679234
33 0.8804944  0.03510481 1.         0.23575069 0.008768429048359394
41 0.8953992  0.         1.         0.20318478 0.008652057498693466
10 0.2283813  0.2965854  0.88391256 0.9259895  0.00863855890929699
40 0.        0.        0.8718201 0.7943543 0.008620582520961761
10 0.05782054 0.04040026 0.5063143  0.29382187 0.008610381744801998
40 0.74358517 0.         1.         0.625187   0.008601587265729904
16 0.25571275 0.15177651 0.8243177  0.554103   0.008555731736123562
21 0.06542733 0.04401329 0.7327672  0.47843242 0.00851622223854065
2 0.15952419 0.03050081 0.6024523  0.43316874 0.008427455089986324
18 0.22953753 0.23730712 1.         0.99292994 0.00821350235491991
16 0.55658555 0.16932365 0.92436606 0.7062892  0.00820936169475317
40 0. 0. 1. 1. 0.008069397881627083
33 0.20659328 0.00658372 0.96834534 0.19285014 0.008002756163477898
10 0.0550505  0.0295407  0.4268063  0.22506453 0.00791837926954031
18 0.48775804 0.23692296 0.9071583  0.7676799  0.00785144604742527
35 0.6587211  0.21617575 1.         0.7456545  0.007735189516097307
41 0.90223104 0.02009225 1.         0.32097724 0.007548391353338957
21 0.17836674 0.45417768 0.80357486 0.7312913  0.007511536590754986
35 0.7973414  0.43424886 1.         0.93346304 0.007433788850903511
41 0.865118   0.         0.98700583 0.40651938 0.007391220889985561
41 0.82153064 0.         0.9870549  0.7607085  0.007268173154443502
18 0.3203416  0.         0.95357955 0.6135435  0.00725979870185256
2 0.72723657 0.06690662 1.         0.51577574 0.007231185678392649
12 0.7114841  0.25809753 1.         0.92832714 0.007207753136754036
24 0.12542652 0.21576193 0.59750146 0.43990245 0.007183470297604799
40 0.40367496 0.13981776 1.         1.         0.007118084467947483
41 0.7938961 0.        0.958512  0.4283666 0.007009980734437704
1 0.3559434 0.        1.        0.7682282 0.006983977742493153
33 0.2159682  0.01246502 0.8498902  0.28446716 0.00694696931168437
16 0.7271333  0.04514347 0.97161794 0.42043987 0.006941674277186394
7 0.01991593 0.24735814 0.58427554 1.         0.006864389404654503
34 0.20885521 0.2724402  0.9328223  0.89688694 0.006836311891674995
18 0.89188254 0.         0.99929607 0.13583964 0.006827907171100378
41 0.7160363 0.        0.9628261 0.2666834 0.006779239978641272
1 0.04397878 0.19489403 1.         0.84124094 0.0067084976471960545
16 0.15634832 0.02684509 0.69782734 0.39248148 0.006653741467744112
24 0.7762062  0.09966066 1.         0.36824524 0.006628680042922497
11 0.6743506  0.17330772 1.         0.48395106 0.006613173522055149
33 0.6780854  0.         1.         0.36294696 0.0065706996247172356
33 0.4231689  0.08057845 0.69363207 0.24349834 0.006552346982061863
24 0.8849251  0.02258393 1.         0.11856237 0.006526378449052572
2 0.12943006 0.02619446 0.62216043 0.6357148  0.006497452966868877
34 0.11072052 0.24306689 0.83198744 0.7756709  0.0064889066852629185
18 0.5279076  0.31031987 0.9922079  0.7091153  0.006472503766417503
2 0.670536   0.3833317  0.98697317 0.7503353  0.006461284123361111
40 0.49738643 0.         0.9876146  1.         0.006447537336498499
24 0.11857837 0.18062241 0.8272765  0.5681782  0.006438274867832661
27 0.68780017 0.23776765 0.99303997 0.9334639  0.006438090931624174
33 0.09714234 0.         1.         0.40527678 0.006432830356061459
24 0.63138765 0.20040901 1.         0.93780845 0.006384043488651514
33 0.5288004 0.        1.        0.8313151 0.006379416678100824
27 0.7386358  0.2809155  0.97275543 0.8177468  0.006376779172569513
24 0.8846641  0.07644895 1.         0.27070266 0.006311381701380014
41 0.53366137 0.5462992  1.         0.966893   0.006302236579358578
2 0.13341802 0.0150724  0.55135727 0.22694835 0.006192435044795275
1 0.33856463 0.         0.691072   0.52639955 0.006118355318903923
24 0.80428797 0.0570544  1.         0.21981436 0.0060676950961351395
1 0.         0.02887542 0.68513775 0.43487304 0.006014608312398195
24 0.7578616  0.57157874 0.9877241  0.9798206  0.005977267865091562
29 0.37193    0.03603729 0.75473225 0.32462487 0.005967594683170319
35 0.7049226  0.32077554 1.         0.84646046 0.005963258910924196
4 0.36817408 0.49307963 1.         0.91557354 0.005919189658015966
16 0.8237866  0.10113169 0.982192   0.5523183  0.0058633568696677685
40 0.7723887  0.22632831 1.         0.8358296  0.00585067318752408
42 0.37046698 0.16937669 0.79554325 0.72653216 0.00574096105992794
1 0.7563032  0.16501465 1.         0.97246    0.005704846698790789
40 0.24900305 0.         0.986957   0.34933695 0.00568704679608345
1 0.3234465  0.00816542 0.77897185 0.2973565  0.005682291463017464
16 0.7015011 0.5377465 0.966444  1.        0.005669704172760248
18 0.8942472  0.         1.         0.21304366 0.005489414557814598
4 0.0654954  0.27216962 1.         0.7747206  0.005481419153511524
35 0.59374857 0.10380631 1.         0.9158974  0.005462281405925751
18 0.38290474 0.         1.         0.4624429  0.005455060862004757
35 0.6914899  0.00670238 1.         0.3686781  0.005433978047221899
33 0.8765397  0.00985294 0.9985396  0.09991142 0.0053991819731891155
12 0.7191325 0.        1.        0.3372688 0.00519054289907217
35 0.78193647 0.         1.         0.36568794 0.005107455421239138
29 0.40409142 0.09658579 0.7234815  0.48434412 0.005099039524793625
24 0.         0.20840484 0.43899694 0.36987907 0.005092186853289604
21 0.         0.5814239  0.82363194 0.9206756  0.00507016945630312
18 0.2146178  0.         0.85563415 0.4419634  0.005042145028710365
33 0.16669571 0.15680179 1.         0.9083365  0.005028217099606991
40 0.         0.         0.80501604 0.3182277  0.005024418700486422
24 0.85343957 0.08014889 1.         0.33639267 0.005010406952351332
21 0.39893928 0.3486305  0.864289   0.7852037  0.004992205183953047
42 0.59040374 0.30486313 1.         0.81386465 0.004963971208781004
2 0.20352691 0.04971212 0.80941457 0.35102093 0.004958297125995159
4 0.11103862 0.18591438 1.         0.558857   0.004952175077050924
24 0.         0.09074978 0.54319966 0.18694134 0.004937882535159588
15 0.75004995 0.30863738 1.         0.6502184  0.004914437420666218
24 0.         0.22749642 0.5475099  0.45619214 0.004899389576166868
41 0.22775534 0.08953592 0.6131463  0.39053142 0.004868596792221069
13 0.7800258  0.35686925 0.97403413 0.82534546 0.004852989688515663
21 0.         0.00644726 0.41466475 0.30535635 0.004820749629288912
24 0.7076724  0.18877584 1.         0.44749585 0.004809282254427671
24 0.14574961 0.6278524  0.9917612  0.94780886 0.004778340458869934
35 0.8283224  0.09326816 1.         0.70603937 0.0046867444179952145
7 0.4567827  0.39014813 0.6705313  0.9516165  0.004663490224629641
41 0.6448152  0.32116252 0.92579615 0.8952816  0.004493947606533766
1 0.8276325  0.46595922 1.         1.         0.004402723163366318
12 0.5924176 0.        1.        0.8132747 0.00439025741070509
33 0.49482155 0.         1.         0.24561776 0.004365427419543266
29 0.6424435  0.44217148 0.9552168  0.8404218  0.004355206619948149
14 0.7865649  0.13665526 0.960781   0.7728709  0.004335689824074507
7 0.         0.11746998 0.39657867 0.4389822  0.004313655663281679
1 0.5401031  0.32391536 1.         0.72536844 0.004311749711632729
40 0.         0.         0.83709955 0.46555865 0.004299947526305914
18 0.22033283 0.03127912 0.7942446  0.85092807 0.004266013391315937
34 0.11064097 0.11474719 0.9240255  0.42914298 0.004257188644260168
16 0.873996   0.17405367 0.9801563  0.41223404 0.004184376448392868
21 0.09068553 0.30843028 0.7249385  0.6323973  0.00416558375582099
42 0.4202531 0.4641748 0.8785105 0.7767337 0.00414936663582921
40 0.73236793 0.         1.         0.3614268  0.004125073552131653
41 0.727964   0.01470318 0.9716559  0.39692044 0.004121923819184303
24 0.683929   0.24745764 1.         0.5505265  0.00410042330622673
1 0.         0.         0.71077377 0.19670573 0.004091857001185417
24 0.         0.41971558 0.8177031  0.8167599  0.004067776259034872
24 0.39121252 0.11457495 0.64483607 0.2825847  0.004056764300912619
41 0.40873164 0.55666727 1.         0.8665227  0.003980022855103016
32 0.64058447 0.36780435 1.         0.85942864 0.003961489535868168
16 0.1881171  0.20171598 0.6607879  0.6460328  0.0039300331845879555
24 0.6757229  0.49185222 1.         0.8378143  0.0038901919033378363
24 0.26485074 0.2084302  0.5546386  0.47250956 0.0038826188538223505
2 0.41564763 0.07246625 0.78428924 0.5111364  0.003875049529597163
1 0.03759417 0.         0.69622123 0.29993287 0.003863333258777857
1 0.36896545 0.38999304 1.         0.7270837  0.003862356534227729
7 0.36810625 0.37767532 0.7981555  0.85402894 0.0038617197424173355
1 0.26864466 0.2686129  1.         0.7580933  0.0038534740451723337
16 0.6707122  0.03062492 0.9687055  0.3180658  0.0038175280205905437
16 0.28665912 0.29267558 0.7617461  0.6149043  0.0037796420510858297
16 0.50230604 0.4936622  0.8321781  0.7887947  0.003746841801330447
2 0.3612069  0.03264988 0.7206216  0.45473966 0.003714747726917267
1 0.42114943 0.30272672 1.         0.6069635  0.0037075963336974382
21 0.         0.30736625 0.47083634 0.797913   0.0036735597532242537
14 0.7330244  0.41387674 0.96571046 0.9172505  0.003664895426481962
42 0.13359515 0.5285633  0.95024973 0.944257   0.0036468596663326025
41 0.3614561  0.8830186  0.55255526 0.99368083 0.0036292620934545994
24 0.5223774  0.15582708 0.931899   1.         0.003626700025051832
18 0.93637395 0.00099267 0.9924284  0.06714186 0.003613219829276204
24 0.25959387 0.15787615 0.6788676  0.47941473 0.0035661200527101755
41 0.43964773 0.02406695 0.82740635 0.2860159  0.003546305699273944
41 0.50486803 0.04286519 0.89344925 0.36760458 0.003542713588103652
1 0.47982088 0.23266861 1.         0.631842   0.003535682335495949
24 0.88452077 0.14155698 1.         0.33484906 0.0035326285287737846
24 0.60635084 0.11113539 0.9868358  0.3151437  0.003521416801959276
42 0.49692795 0.1733812  0.8894387  0.8159353  0.0035172358620911837
10 0.25599694 0.1496884  0.8584849  0.5373231  0.003503196407109499
34 0.4431071  0.12237643 0.99207765 0.7227594  0.0035021714866161346
