27 0.         0.6196852  0.68191224 0.9665262  0.3189672529697418
27 0.0388341  0.43561712 0.8749988  1.         0.24166326224803925
27 0.2933048  0.30810052 1.         1.         0.1344108283519745
24 0.06832812 0.6377247  0.54421085 0.86773694 0.11381212621927261
27 0.11721654 0.55094427 0.7811175  0.9669503  0.10064461827278137
27 0.74295735 0.36504883 0.9998769  0.6962318  0.09965693950653076
27 0.2506907  0.51068413 0.85249627 0.88852686 0.09740801900625229
27 0.5159309  0.3458903  0.99339736 0.9531406  0.09371556341648102
24 0.20040113 0.58188653 0.71330017 0.88825816 0.08990869671106339
24 0.1497717  0.70445204 0.4589149  0.88638604 0.0869412049651146
27 0.5568082  0.39874196 1.         0.72160006 0.07739859819412231
27 0.        0.5409911 0.7429719 1.        0.07156001031398773
24 0.07793083 0.72085667 0.39048913 0.8880293  0.06686314940452576
24 0.1930963  0.45963165 0.88902986 0.83899784 0.06520966440439224
34 0.6329412  0.32434663 1.         0.6792391  0.06422746181488037
38 0.3679655  0.28099453 1.         0.8656718  0.054446276277303696
34 0.16456701 0.46255887 0.982262   0.7292337  0.05395546555519104
27 0.         0.3318579  1.         0.99399906 0.052107762545347214
34 0.09517703 0.45567918 0.94214666 0.8654534  0.05209769308567047
27 0.33915898 0.47094178 0.97505116 0.74559957 0.04921209439635277
34 0.40744165 0.35539243 1.         0.67900884 0.04800637066364288
41 0.1136831  0.647111   0.45213187 0.9426525  0.047843728214502335
24 0.09776675 0.6955066  0.65570325 0.8841799  0.04528196156024933
1 0.14725642 0.6426906  0.7935289  0.9450472  0.038109298795461655
34 0.04673297 0.5391949  0.8164305  0.8118218  0.03735731169581413
38 0.14843015 0.42915776 0.7917852  0.8734532  0.03685641288757324
34 0.3315003 0.2634487 0.9671759 0.8563772 0.0329514816403389
38 0.07420518 0.6102115  0.6536547  0.8586041  0.03228161111474037
27 0.03442312 0.6698577  0.4725667  1.         0.030902447178959846
41 0.05524076 0.68242615 0.37677968 0.92770684 0.029743492603302002
27 0.65625316 0.33306292 1.         0.64648813 0.02888953685760498
38 0.6444813  0.3599249  0.9763139  0.89964664 0.028005199506878853
27 0.35852593 0.3194512  1.         0.7881143  0.027148602530360222
38 0.76995176 0.2381189  0.98812073 0.6511734  0.026568090543150902
41 0.02319527 0.65984255 0.61396956 0.93850577 0.025656668469309807
1 0.18154094 0.64942956 1.         0.9264412  0.02546301856637001
24 0.05367872 0.4561222  0.5157547  0.82254404 0.024957401677966118
24 0.17508693 0.6216729  0.9364657  0.87003726 0.024918876588344574
27 0.19689012 0.23596647 1.         0.88209563 0.024499086663126945
38 0.2752531  0.52694726 0.7677494  0.85951114 0.024189312011003494
1 0.1525904  0.64024866 0.47567403 0.93762594 0.023733632639050484
27 0.5611467  0.17549928 1.         0.8357074  0.022678587585687637
34 0.04068217 0.57727784 0.66641086 0.8786261  0.022498786449432373
24 0.46920064 0.3483895  0.99476206 0.88974124 0.022429917007684708
1 0.30327693 0.46327358 1.         0.8820276  0.022359924390912056
27 0.01050786 0.4151763  0.40582258 1.         0.022178100422024727
1 0.11504151 0.56077904 1.         0.89281636 0.021356740966439247
1 0.14239162 0.37264818 1.         0.8313005  0.020912880077958107
1 0.34636235 0.5244047  0.8781783  0.8723087  0.020323166623711586
24 0.36426383 0.5300391  0.81209975 0.83384734 0.020320119336247444
38 0.75937784 0.29499662 1.         0.7886071  0.020193161442875862
34 0.         0.26295292 0.9015782  0.9001298  0.019112227484583855
38 0.593574   0.08992943 0.9974931  0.85949427 0.019100371748209
3 0.10833374 0.5793148  0.68819785 0.9427634  0.01733294129371643
24 0.21500568 0.7103909  0.5548795  0.91100913 0.017278945073485374
1 0.37087062 0.62572044 0.6675921  0.97080976 0.01722818799316883
34 0.4818847  0.41610247 0.9852758  0.8230372  0.01703622192144394
1 0.         0.2738842  0.83774954 0.82722324 0.016779575496912003
27 0.        0.6736527 0.9479193 1.        0.01665128953754902
1 0.5301641  0.41124713 1.         0.86320794 0.01661238819360733
24 0.04501909 0.7358886  0.28760865 0.8934232  0.01648799516260624
33 0.7231157  0.31798652 0.99291974 0.6779525  0.016460301354527473
1 0.6449508  0.43117982 1.         0.9411615  0.01638074778020382
25 0.        0.3174069 0.7769169 0.8682074 0.014200329780578613
34 0.11633136 0.31975356 0.9464552  0.76570404 0.014136129058897495
34 0.5243785  0.28762984 0.98035556 0.61581504 0.014097323641180992
24 0.42600977 0.46144018 0.87354964 0.76892394 0.014039558358490467
1 0.4272546  0.54270244 1.         0.92286336 0.013949701562523842
41 0.03246066 0.70839995 0.28158754 0.94769037 0.013108106330037117
24 0.60404634 0.4020594  0.96220046 0.63472974 0.012823243625462055
1 0.40525487 0.67359143 1.         0.9565891  0.012526223435997963
24 0.18673712 0.71631736 1.         0.9538381  0.012416253797709942
38 0.58832276 0.3334499  1.         0.75635356 0.012259083800017834
24 0.6902984  0.24974959 0.9618447  0.83142763 0.012144762091338634
41 0.40409532 0.90803856 0.6577896  1.         0.01156225148588419
28 0.00569658 0.4388922  0.15543434 0.58664507 0.011469990946352482
1 0.291546   0.6226477  0.58966875 0.9591987  0.011278694495558739
41 0.04824626 0.5488395  0.51150537 0.9335122  0.011137774214148521
38 0.37507528 0.4280234  0.9442999  0.80012596 0.010904370807111263
24 0.80326355 0.31787002 0.973924   0.6563515  0.010757669806480408
41 0.5101462  0.90784305 0.765722   1.         0.010504119098186493
18 0.01767807 0.00506509 0.04025646 0.08292018 0.010459640994668007
38 0.04721072 0.63641775 0.4850941  0.8679816  0.010211345739662647
25 0.         0.45540416 0.63639927 0.92913496 0.010127208195626736
27 0.         0.25998572 0.5833777  1.         0.010112162679433823
1 0.9472732  0.92385715 0.99845624 0.9948272  0.010066423565149307
38 0.14935856 0.61626816 0.8710716  0.89686406 0.010038712061941624
34 0.         0.52972263 0.82254845 0.9012854  0.009906855411827564
25 0.         0.45113507 1.         0.9309241  0.009723370894789696
41 0.29933468 0.90825623 0.549475   1.         0.009651006199419498
41 0.11913292 0.51019686 0.631678   0.91621584 0.009638171643018723
1 0.45503592 0.6441071  0.7532485  0.9644444  0.009523594751954079
18 0.02263408 0.00236574 0.05634724 0.05972358 0.009509223513305187
1 0.07789162 0.66353357 0.39729097 0.9310661  0.009488783776760101
33 0.52435577 0.2768051  0.9604666  0.92020977 0.009333275258541107
24 0.9435148  0.9365264  0.99684453 0.99651766 0.009095543995499611
24 0.3065436  0.31490245 0.929062   0.82368743 0.008987242355942726
1 0.16676784 0.6802534  0.5762954  0.9674776  0.008873497135937214
38 0.6914224  0.16605109 0.98460877 0.5723543  0.00856781005859375
1 0.09978801 0.62044907 0.6122622  0.88689905 0.008546003140509129
24 0.6759535  0.3501882  0.96345073 0.602418   0.008505436591804028
18 0.03084113 0.00062987 0.07964222 0.04421076 0.008254233747720718
41 0.03228793 0.56331325 0.84706634 0.9512485  0.008196945302188396
38 0.616966   0.32525483 1.         0.6255617  0.00795244611799717
33 0.11318932 0.5687719  0.58439976 0.9668488  0.007865059189498425
7 0.01824684 0.01528595 0.49034455 0.9732022  0.007839926518499851
6 0.8165997  0.60311896 1.         1.         0.007678835652768612
25 0.        0.570105  1.        0.9560148 0.007650425191968679
19 0.10302006 0.54152983 0.45980394 1.         0.007418026216328144
19 0.32130828 0.2712     0.7267099  1.         0.007272486109286547
4 0.         0.23637775 0.6761015  0.91358036 0.00721865426748991
1 0.         0.4652149  0.70068645 0.84468555 0.007150517776608467
38 0.40393588 0.5296233  0.9649141  0.88369334 0.007109887432307005
38 0.8066084 0.6644136 0.9843493 0.9697169 0.00701412558555603
25 0.         0.7415918  0.51290876 0.9575039  0.006970060523599386
3 0.14459002 0.39033931 0.7298104  1.         0.006872605998069048
33 0.5443458  0.33803374 0.998631   0.7105301  0.0068649775348603725
1 0.51958776 0.6633795  0.85217047 0.9599585  0.006794278975576162
19 0.05260224 0.3787023  0.52923644 1.         0.006789403036236763
27 0.         0.7162262  0.31138122 1.         0.006772702094167471
19 0.         0.57523227 0.40989727 1.         0.006553989369422197
41 0.11472962 0.3463153  0.9361853  0.88635844 0.006517809350043535
41 0.6317978 0.9060821 0.8811173 1.        0.006422186270356178
24 0.12416995 0.7637214  0.5123089  0.93126273 0.00639714440330863
25 0.        0.6840087 0.6379387 0.94023   0.0063758734613657
25 0.        0.6398606 0.8358019 0.9109665 0.006348774302750826
25 0.        0.7555501 0.7801866 1.        0.0062806024216115475
24 0.         0.44727245 0.15177506 0.57300913 0.006279980298131704
42 0.00133667 0.92768335 0.06449047 1.         0.006234853528439999
24 0.6667575  0.45676023 0.9684287  0.90025294 0.006083272863179445
24 0.16567823 0.3234209  0.7562549  0.78969353 0.006015447434037924
35 0.72102153 0.1802485  1.         0.71093947 0.005900844000279903
1 0.60683227 0.69425136 0.96407574 0.95661926 0.005863870028406382
33 0.12481394 0.46201453 0.7009562  0.9879425  0.00585563387721777
41 0.13971066 0.69092566 0.9364254  0.9635349  0.005828470457345247
1 0.         0.3824917  0.4612434  0.85171014 0.005789985880255699
18 0.01030885 0.92451644 0.05972768 0.9862075  0.00573066296055913
22 0.00261708 0.39964986 0.14532326 0.5622717  0.005704628769308329
38 0.07035515 0.68733466 0.597684   0.9027328  0.005682065617293119
1 0.9096156 0.8611194 1.        0.9831435 0.005579165183007717
41 0.47064206 0.8645644  0.66502804 1.         0.005500832572579384
41 0.41769323 0.8649569  0.6107266  1.         0.005478330887854099
21 0.01582181 0.1258425  0.5329332  0.8506487  0.005376491695642471
35 0.63054454 0.00852127 1.         0.94340414 0.005315658636391163
33 0.34340873 0.40494558 0.8632367  0.7946645  0.005311011802405119
3 0.19479513 0.47350606 0.8551074  0.878051   0.005124102812260389
1 0.01556795 0.44462204 0.14437185 0.6002504  0.0050943815149366856
41 0.5239094  0.8646808  0.71902955 1.         0.005093817133456469
1 0.47808996 0.7343274  0.93485516 0.99036443 0.0049383314326405525
5 0.         0.05732341 0.7749779  1.         0.004927079658955336
19 0.5083537 0.2762764 0.7984147 1.        0.004923955537378788
1 0.3183061  0.7074738  0.72593814 0.9818905  0.004921074490994215
24 0.476846   0.29655734 0.92530173 0.7448628  0.004884053021669388
4 0.         0.3890003  0.96518934 0.91928065 0.004880434367805719
3 0.34889013 0.35777587 0.87235355 0.86907756 0.004869637545198202
3 0.4822925  0.29287294 0.9806393  0.786165   0.004832740873098373
41 0.3645653  0.8654061  0.55602086 1.         0.004817071836441755
35 0.35841244 0.3648945  0.90095544 0.8126826  0.004809272941201925
41 0.0936493  0.36608836 0.48711503 0.9072229  0.004789154976606369
25 0.         0.5738831  0.47012112 0.9627423  0.004714714363217354
38 0.1276579  0.25662476 0.94552785 0.76038426 0.004697856027632952
3 0.26735377 0.28871447 0.91941226 0.98321044 0.004636942408978939
41 0.00910483 0.7241112  0.14896892 0.97348684 0.004572684410959482
7 0.06693985 0.28648823 0.7567388  1.         0.0045693498104810715
41 0.5769388  0.8646846  0.77292544 1.         0.004545379430055618
20 0.76330495 0.30243352 1.         0.59383523 0.004399014636874199
34 0.         0.63842565 0.71436566 0.9094065  0.0043732402846217155
27 0.6929553  0.26563224 1.         0.5937503  0.004361886531114578
18 0.36920208 0.         0.44065502 0.0980939  0.0043490733951330185
41 0.0106246  0.9347194  0.05655457 1.         0.004330378957092762
1 0.04237066 0.7383205  0.6337802  0.96436566 0.004299872554838657
33 0.04994972 0.65142065 0.44743755 0.97186893 0.004273702390491962
1 0.6994051  0.37124255 1.         0.83739364 0.004265520256012678
41 0.22609559 0.44883433 0.74700063 0.901773   0.004245951771736145
24 0.43666592 0.58395404 0.96447474 0.92722803 0.004232288803905249
42 0.396936   0.90239537 0.70094866 1.         0.00421614944934845
24 0.40958503 0.00451985 0.55056566 0.03834763 0.004197695758193731
38 0.         0.4394954  0.50968987 0.830208   0.00410838657990098
35 0.5629887  0.24992132 0.97123486 0.7751205  0.004048299975693226
33 0.20636752 0.4282823  0.8429534  0.9321698  0.003999612759798765
42 0.5039027  0.90236604 0.8063173  1.         0.003997187130153179
24 0.76093537 0.20836717 0.98556244 0.5661433  0.003991228062659502
41 0.63073283 0.86382735 0.8274084  1.         0.003987561445683241
10 0.00826078 0.00853555 0.06419212 0.05967546 0.0038971584290266037
35 0.         0.55130017 0.80376875 0.91091484 0.003877100767567754
24 0.4230754  0.00786186 0.53486305 0.05420492 0.0038476199842989445
25 0.        0.6897176 1.        1.        0.0038430695421993732
38 0.         0.33338684 0.83074254 0.79594934 0.003830346278846264
18 0.3515042  0.         0.4564152  0.06608953 0.0038176695816218853
41 0.00528146 0.82018983 0.07930768 0.997818   0.0038151689805090427
38 0.92068654 0.9190378  0.9848441  0.9954733  0.003786278422921896
27 0.02284595 0.41297254 0.1401443  0.578825   0.0037827263586223125
10 0.01123978 0.00548001 0.08926675 0.04377626 0.0037779577542096376
41 0.02151068 0.9112927  0.15263592 1.         0.0037392801605165005
18 0.3880229  0.         0.46752617 0.09532462 0.0035958082880824804
38 0.         0.4446755  0.15748535 0.59073997 0.0035714046098291874
1 0.57799137 0.7475787  1.         0.98310703 0.0035574533976614475
10 0.38999334 0.         0.55319136 0.03757199 0.0035561886616051197
25 0.         0.4505114  0.16955175 0.57720137 0.0035133417695760727
41 0.01914124 0.3766878  0.69899    0.93616986 0.003510726848617196
18 0.4180944  0.89282256 0.7152231  0.9938026  0.003506810637190938
24 0.04680864 0.43039104 0.4040861  0.7636887  0.0035025279503315687
41 0.50404876 0.7834552  0.8779289  0.9970199  0.0035000620409846306
41 0.6909253  0.8647284  0.88560236 0.99984235 0.003446024376899004
19 0.         0.43068483 0.12495471 0.5871498  0.0034393551759421825
38 0.12009874 0.7059559  0.41836813 0.9175109  0.0034187219571322203
38 0.7393875  0.6268217  0.97538686 0.95392674 0.0033829195890575647
1 4.3807235e-01 4.3724696e-04 5.3477007e-01 5.6748498e-02 0.0033674887381494045
25 0.17488648 0.48797685 1.         0.91751546 0.0033605103380978107
19 0.         0.42995626 0.40551966 1.         0.003342114156112075
1 0.01813135 0.6590149  0.1791113  0.93928736 0.0033329431898891926
41 0.0667408  0.78465194 0.613773   0.9675232  0.0033206010702997446
19 0.19032288 0.4332972  0.6472094  1.         0.003318125382065773
38 0.16455023 0.7121996  0.66519755 0.93692404 0.003292889567092061
18 0.31709823 0.         0.40275964 0.06938331 0.0032672665547579527
18 0.32279217 0.         0.4437576  0.04897687 0.0032603340223431587
42 0.2849558 0.9009837 0.5990666 1.        0.0032492943573743105
18 0.31242004 0.89266247 0.60916233 0.9937414  0.003220621030777693
10 0.3585956  0.00997993 0.43911913 0.08764794 0.003201992716640234
10 0.33828342 0.00663454 0.4566607  0.06037814 0.0032016318291425705
24 0.02145533 0.41226646 0.25258848 0.76326895 0.00319411582313478
41 0.         0.42912894 0.1403621  0.56222075 0.003192666219547391
1 0.02960523 0.71901757 0.26213473 0.94929284 0.0031713435892015696
35 0.         0.43600103 1.         0.9757239  0.0031398346181958914
41 0.31111014 0.8656527  0.49984616 1.         0.0031329174526035786
25 0.9306765  0.93256706 0.9891675  1.         0.0031299476977437735
10 0.00679944 0.01510717 0.04682107 0.08701763 0.0031256244983524084
18 0.52942693 0.8919908  0.8234163  0.99395776 0.0030994501430541277
25 0.5239614  0.42110026 1.         0.90257955 0.003012832487002015
25 0.6599284  0.25255302 1.         0.8519098  0.003010287880897522
5 0. 0. 1. 1. 0.0030095900874584913
10 0.38291204 0.00638734 0.46641436 0.08367677 0.0030064615420997143
34 0.663584   0.22430901 0.9610197  0.5813732  0.003003249643370509
1 0.42232832 0.         0.48823652 0.08516691 0.0030015704687684774
34 0.19012062 0.580204   0.9357678  0.89713025 0.0029888402204960585
1 0.8852386  0.88818043 1.         0.99311924 0.002983430167660117
24 0.906758   0.8919798  0.9934737  0.98950565 0.0029766415245831013
41 0.01004553 0.8667969  0.10976906 1.         0.002954247407615185
21 0.00558731 0.         0.0554177  0.05553384 0.002927418565377593
10 0.31443456 0.00856412 0.42686972 0.06297638 0.0029238942079246044
18 0.00404483 0.8543213  0.10956082 0.994042   0.002916876459494233
38 0.8780467  0.86201185 0.9840302  0.9871581  0.0028789350762963295
22 0.4114413  0.         0.541996   0.05531885 0.0028714630752801895
25 0.75617015 0.38812897 1.         0.68656915 0.00286909774877131
33 0.08292343 0.7241181  0.35198212 0.97981    0.002856534905731678
34 0.         0.46352383 0.5338643  0.93558985 0.002855071099475026
2 0.39130837 0.17328405 1.         1.         0.0028403650503605604
41 0.19153583 0.7404764  0.5827383  0.954573   0.0028172011952847242
3 0.72435296 0.2166328  0.9888836  0.6925901  0.0028074365109205246
16 0.11000489 0.46284017 0.74538535 0.77873844 0.00280711124651134
16 0.11430424 0.7202928  0.33333182 0.8892024  0.0027965877670794725
3 0.14828837 0.69768006 0.43965262 0.9887095  0.0027953453827649355
24 0.         0.420976   0.14851904 0.53649825 0.002794780535623431
42 0.6025691  0.9062701  0.91272676 1.         0.0027924533933401108
10 0.407962   0.00217942 0.49142635 0.08044755 0.0027816796209663153
27 0.9216187 0.9346725 1.        1.        0.0027705112006515265
6 0.8768135  0.85615563 1.         1.         0.002768654143437743
10 0.29934114 0.00522897 0.44334272 0.04634613 0.0027636236045509577
10 0.         0.36940455 0.06231854 0.4687019  0.002758330199867487
41 0.5718407  0.33775675 0.95513296 0.942615   0.002716019283980131
35 0.3427391  0.12735233 1.         0.95530164 0.0027102488093078136
10 0.34517816 0.00229207 0.49887258 0.04235376 0.0026702824980020523
10 0.38427043 0.00232332 0.5087453  0.05510199 0.0026673360262066126
3 0.06348445 0.6384957  0.4937164  0.98809206 0.002649614354595542
1 0.43803763 0.00696014 0.7356511  0.3280834  0.00262763281352818
22 0.3922023 0.        0.5615194 0.0396384 0.002607891336083412
38 0.7570388 0.7405745 0.9779938 0.9608662 0.0025840557646006346
4 0.         0.50785613 0.67887956 0.98880446 0.0025796080008149147
1 0.3940993  0.         0.46228176 0.08741198 0.00257845688611269
18 0.06934763 0.         0.16073442 0.09464863 0.0025734773371368647
1 0.4352227  0.06727871 0.6431463  0.33256567 0.002559057902544737
33 0.67314124 0.27010053 1.         0.61266524 0.002509047044441104
18 0.26484913 0.         0.46858144 0.10211437 0.002496115630492568
21 0.00427018 0.         0.04048833 0.08208807 0.0024904077872633934
1 0.4086551  0.         0.5049572  0.05794869 0.0024524389300495386
42 0.0225654  0.89966136 0.17619292 1.         0.00244142790324986
33 0.         0.6407139  0.69858205 0.9931468  0.00243337987922132
25 0.63454187 0.36999634 1.         0.61920464 0.002425376558676362
35 0.1946504  0.47902885 0.8647278  0.8378121  0.002417003968730569
5 0.00221208 0.4092307  0.14231627 0.599418   0.0024143599439412355
34 0.         0.68513143 1.         0.92065585 0.00240823021158576
7 0.13545433 0.18159765 0.97167563 1.         0.0024046965409070253
21 0.00707852 0.         0.07701693 0.03947166 0.0023957316298037767
38 0.41273227 0.00205396 0.5416027  0.05002047 0.0023948128800839186
18 0.0118437  0.89136577 0.15993892 0.9905766  0.0023820423521101475
10 0.         0.38234276 0.08780916 0.45619345 0.0023732269182801247
10 0.289822   0.00969719 0.3996883  0.06606536 0.0023658080026507378
24 0.30493975 0.7201948  0.62310094 0.9301362  0.0023506300058215857
1 0.81549037 0.7593199  1.         0.977949   0.002345035318285227
40 0.        0.        0.7007827 1.        0.0023427235428243876
6 0.00061829 0.41704488 0.14936374 0.60832065 0.0023265182971954346
1 0.41632572 0.         0.557481   0.16546777 0.0023231934756040573
18 0.40908983 0.         0.49533445 0.09134721 0.002321983454748988
37 0.06280439 0.5763365  0.6343889  0.90803033 0.0023029919248074293
10 0.         0.02506622 0.6153077  0.45366853 0.0022780694998800755
24 0.0065462  0.3934618  0.07688528 0.4463177  0.002275891602039337
33 0.         0.73022324 0.54172915 0.9893591  0.0022608248982578516
34 0.0436557 0.6932693 0.4841553 0.9146096 0.0022600842639803886
24 0.02944649 0.7342143  0.16162972 0.9112841  0.0022495221346616745
38 8.4949678e-01 9.7802479e-04 9.9674207e-01 1.1130228e-01 0.0022365159820765257
