13 0.18259947 0.11984569 0.7455853  0.56422555 0.07936092466115952
38 0.11246078 0.13394186 1.         0.5876492  0.07092941552400589
24 0.7343625  0.00276617 0.812017   0.07492276 0.0613335482776165
38 0.22215281 0.1696322  0.94925845 0.5497636  0.06087120622396469
24 0.7429001  0.00372875 0.8588009  0.05132696 0.055747926235198975
22 0.11602234 0.16069485 0.68635523 0.4669927  0.04624208062887192
24 0.72697234 0.00204308 0.8771159  0.03622147 0.04318912327289581
24 0.06390152 0.00508283 0.3739113  0.07305741 0.03851013258099556
24 0.09445899 0.007807   0.33630773 0.10601818 0.03723950311541557
22 0.26492292 0.05433964 0.76172316 0.46384284 0.036529287695884705
28 0.14847006 0.034474   1.         0.50020003 0.036492135375738144
14 0.1571078  0.18290696 0.6883566  0.59660083 0.03582308068871498
19 0.18884943 0.08311635 0.65475875 0.60580695 0.03564023599028587
27 0.34383458 0.23639506 0.66689396 0.6026392  0.03445962071418762
24 0.         0.00924612 0.15403889 0.07273501 0.03388373553752899
28 0.06737419 0.16197036 0.7533426  0.4645247  0.032840024679899216
28 0.00833169 0.01079352 0.1549363  0.1259012  0.032401472330093384
28 0.00277797 0.00620853 0.08216134 0.14668605 0.031240496784448624
28 0.00342229 0.00733245 0.11595904 0.10475533 0.031136013567447662
30 0.2072919  0.18703113 0.65314496 0.4745674  0.030865514650940895
24 0.         0.01516099 0.3079003  0.14745723 0.03051154315471649
24 0.         0.0122559  0.22884522 0.10654458 0.03046451136469841
28 0.00381594 0.03131081 0.15989538 0.18422715 0.028785105794668198
31 0.27846617 0.1024171  0.83329624 0.57967824 0.02853900007903576
24 0.         0.01558491 0.1504241  0.12584302 0.028405586257576942
28 0.00202873 0.01978157 0.16489975 0.29870513 0.02815633825957775
24 0.         0.04363073 0.14685638 0.17483322 0.027534455060958862
24 0.53331816 0.81368166 0.9388882  0.9895746  0.027031295001506805
28 0.00603388 0.01227231 0.23312669 0.10662045 0.027017688378691673
28 0.22082484 0.1851035  0.82461566 0.56060714 0.026462316513061523
28 0.00542487 0.00963052 0.15778658 0.07206183 0.026061078533530235
28 0.00660305 0.01423628 0.3149589  0.14904954 0.025777611881494522
13 0.         0.10527654 0.93995523 0.71624106 0.025775128975510597
28 0.00109818 0.13714632 0.16150442 0.29093924 0.025435663759708405
28 0.         0.04581444 0.1223575  0.2757863  0.025279132649302483
24 0.         0.01586693 0.10991324 0.10567719 0.025157291442155838
27 0.27384287 0.1731287  0.6085877  0.5244922  0.02492654323577881
28 0.00115153 0.08264688 0.16087937 0.23746023 0.02477358654141426
24 0.68778354 0.00390597 0.8077948  0.05102734 0.024729352444410324
24 0.         0.02205401 0.21979712 0.20361967 0.024689694866538048
28 0.00425486 0.01550062 0.22919238 0.20869392 0.02442428655922413
28 0.00124859 0.1909272  0.16118485 0.3443836  0.024296987801790237
24 0.         0.00530315 0.07441092 0.03559187 0.02421022206544876
24 0.         0.04232765 0.15136506 0.2839544  0.023990103974938393
24 0.         0.02401353 0.11118618 0.15864797 0.02354259230196476
28 0.00174388 0.2447189  0.16111812 0.39775035 0.023312535136938095
28 0.         0.15629844 0.12240712 0.38209856 0.022956743836402893
28 0.000799   0.00602009 0.03899449 0.07438184 0.02274269610643387
22 0.         0.         0.14270256 0.06780582 0.02231588400900364
28 0.         0.26431772 0.12251967 0.48911196 0.02229386381804943
28 0.14631523 0.07354358 0.72251886 0.41838205 0.022249609231948853
28 0.00200364 0.2990642  0.16100699 0.45127106 0.022052772343158722
28 0.09826118 0.01050674 0.34240094 0.10660906 0.02196580357849598
22 0.         0.         0.10259768 0.1017537  0.021691732108592987
24 0.7188598  0.7522339  0.96437144 0.9789071  0.02167624793946743
28 0.7314417  0.00615131 0.8150159  0.07544221 0.0215302687138319
28 0.00250406 0.03006335 0.16876961 0.48196667 0.021459383890032768
28 0.01425129 0.00892255 0.32430735 0.07287137 0.021044543012976646
13 0.02388987 0.04654129 0.7919644  0.5983318  0.020804842934012413
38 0.22468479 0.09245683 0.93696666 0.4337803  0.020620916038751602
24 0.         0.1485569  0.14505884 0.27715862 0.0206160768866539
24 0.         0.20170812 0.14518385 0.3305863  0.019998803734779358
24 0.241014   0.00941855 0.40514562 0.14206605 0.01986646093428135
22 0.         0.         0.07291066 0.14231455 0.019853943958878517
22 0.73510575 0.         0.812732   0.06954646 0.01982910744845867
24 0.         0.09516018 0.14579992 0.22470291 0.019797801971435547
24 0.         0.00856346 0.05300982 0.05103013 0.019510507583618164
38 0.0756423  0.00647575 0.3446158  0.1076726  0.019184008240699768
28 0.00191313 0.35272408 0.16099842 0.5049214  0.019004708155989647
24 0.         0.25500053 0.14526536 0.38384262 0.01887492462992668
38 0.         0.01191749 0.1576922  0.12281586 0.018777796998620033
24 0.20449501 0.00900676 0.43876854 0.10517894 0.01870427280664444
13 0.12461159 0.24847612 0.7662136  0.61074716 0.018661892041563988
38 0.         0.01026215 0.23858038 0.1046873  0.018467174842953682
38 0.         0.0084343  0.16122031 0.07337311 0.018444029614329338
22 0.         0.         0.03822207 0.07561603 0.018241168931126595
24 0.         0.07640167 0.10801986 0.25710273 0.01816224493086338
24 0.         0.6959162  0.267692   0.92441064 0.01808151602745056
22 0.         0.         0.2124721  0.10038228 0.01791432686150074
24 0.         0.3081128  0.14520434 0.4368132  0.017852503806352615
24 0.         0.01177144 0.03605103 0.07449345 0.017762567847967148
24 0.9132788 0.9490486 0.9864795 1.        0.01746929995715618
24 0.         0.06010848 0.15457888 0.4456626  0.017441773787140846
27 0.2626457  0.27762574 0.553514   0.61372995 0.017438028007745743
24 0.81949615 0.7212609  0.980594   0.97593683 0.01742657646536827
19 0.         0.         0.12904373 0.07980201 0.017412658780813217
28 0.1323968  0.16578096 1.         0.59128106 0.017182307317852974
19 0.73296887 0.         0.8016183  0.08202679 0.01707579381763935
19 0.741768   0.         0.8420469  0.05675802 0.016990669071674347
38 0.         0.00705087 0.32929417 0.07472974 0.016914507374167442
22 0.01174975 0.         0.29921335 0.06694812 0.01685432344675064
24 0.         0.12861675 0.10701148 0.3069338  0.01670190691947937
24 0.         0.5915485  0.26472068 0.8258392  0.01657526008784771
24 0.         0.18240954 0.10676528 0.36016595 0.016504231840372086
27 0.33776727 0.21717736 0.8247677  0.6838611  0.016476618126034737
38 0.72579813 0.00272566 0.81722033 0.07349237 0.016453754156827927
22 0.22083585 0.         0.9665753  0.486905   0.016444124281406403
28 0.00136754 0.00594333 0.05539735 0.05000124 0.016428649425506592
27 7.4224383e-01 3.5329821e-04 8.0462235e-01 7.8204565e-02 0.01642833650112152
19 0.00788244 0.         0.26655853 0.0810315  0.016402585431933403
38 0.         0.01163778 0.32252795 0.14489123 0.01626483164727688
24 0.         0.23580456 0.10688438 0.41352662 0.016156736761331558
22 0.00438887 0.01263732 0.14025202 0.1742248  0.016058823093771935
28 0.7379545  0.00641796 0.8614821  0.05077771 0.015998167917132378
13 0.05792023 0.14874357 0.638942   0.6561413  0.015759140253067017
24 0.         0.28904158 0.10709193 0.46679217 0.01571238413453102
22 0.10682522 0.         0.3234922  0.09663668 0.01564970798790455
24 0.6712402  0.00184147 0.82590735 0.03587064 0.01563384011387825
22 0.         0.         0.05429788 0.05127769 0.015615857206285
24 0.8412719 0.9156161 0.9813936 0.997426  0.015609676949679852
24 0.9318211  0.93604344 0.9901451  1.         0.015404626727104187
24 0.         0.36093614 0.14498623 0.48954612 0.015377593226730824
22 0.00339476 0.         0.14409661 0.2837203  0.015322225168347359
19 0.71410197 0.         0.81440383 0.05711349 0.015231085009872913
30 0.2777003  0.10868695 0.7003934  0.50463945 0.015056109055876732
38 0.00125031 0.0396645  0.15813558 0.17643057 0.014987979084253311
22 0.00458087 0.         0.20506991 0.19725467 0.014718960970640182
22 0.         0.         0.07347456 0.03544388 0.014542541466653347
27 0.3386198  0.09473653 0.84912926 0.58421546 0.0143854646012187
24 0.         0.3418559  0.10723811 0.51951784 0.01434857863932848
22 0.         0.03255081 0.10493829 0.26148376 0.014272810891270638
19 0.10016578 0.         0.29374957 0.11509285 0.014202097430825233
22 0.00335126 0.         0.2860495  0.13956775 0.014102548360824585
19 0.         0.         0.19064082 0.11538788 0.01408515963703394
22 0.7424889  0.         0.85903066 0.04746919 0.014053870923817158
22 0.05052746 0.         0.268099   0.09706648 0.013910125941038132
38 0.         0.01561268 0.23171337 0.20136702 0.013896913267672062
28 0.00173376 0.40626    0.1621108  0.5592783  0.013577326200902462
24 0.         0.5921611  0.19768438 0.9271629  0.013568469323217869
14 0.01541184 0.11295693 0.77271956 0.6578642  0.013541148044168949
19 0.04612802 0.         0.23916423 0.1148904  0.013500851579010487
24 0.00260918 0.03328252 0.22455779 0.34815    0.013476543128490448
38 0.7271944  0.0033781  0.8664457  0.05058934 0.013468855991959572
38 1.0347366e-04 3.5327289e-02 1.6170861e-01 2.8490251e-01 0.01345532014966011
28 0.00201743 0.0045527  0.07621435 0.03475787 0.013371221721172333
28 0.007233   0.01891568 0.23590487 0.36779034 0.013272935524582863
19 0.         0.         0.0954     0.11323857 0.013074642047286034
38 0.         0.01361055 0.08382194 0.1392475  0.012973085977137089
24 0.2826683  0.21451136 0.6224718  0.5635576  0.012814270332455635
24 0.25536326 0.8578588  0.80365074 0.9849853  0.012769956141710281
22 0.06158567 0.03345528 0.70388216 0.56802887 0.012634437531232834
22 0.         0.13984877 0.1055476  0.36443916 0.012530012056231499
24 0.17301916 0.00637998 0.47763693 0.07303277 0.01247231476008892
24 0.02786371 0.61710626 0.4106688  0.94251305 0.012456437572836876
24 0.38535824 0.81316286 0.78436804 0.9882367  0.012370865792036057
24 0.         0.7587761  0.28091756 0.96104574 0.012164787389338017
24 0.         0.8018199  0.19720058 0.9663551  0.01213389914482832
27 0.7557275  0.00184833 0.84593636 0.0519632  0.012089421972632408
22 0.         0.24549235 0.10544534 0.47031435 0.012053623795509338
22 0.00325086 0.06901991 0.13951491 0.22538853 0.011915228329598904
19 0.         0.         0.0673007  0.04139143 0.011903231963515282
22 0.00290972 0.12264059 0.14042063 0.27754995 0.011897354386746883
13 0.14636637 0.03063828 1.         0.5333726  0.011879774741828442
19 0.17253277 0.         0.8497335  0.64790994 0.011843987740576267
27 0.02400194 0.         0.13167672 0.07375542 0.011706097982823849
27 0.05659662 0.         0.27743164 0.07564348 0.011704431846737862
24 0.2534692  0.19994916 0.8107512  0.6245379  0.011587790213525295
14 0.73569685 0.00287994 0.8131842  0.08539394 0.011507156305015087
22 0.00286338 0.17578211 0.14076647 0.33045304 0.011477292515337467
27 0.72791076 0.00147144 0.8206536  0.05258171 0.011443862691521645
19 0.         0.         0.04960595 0.05753215 0.011386582627892494
24 0.3720058  0.75932807 0.94224197 0.99392945 0.011287673376500607
28 0.11232323 0.00764085 0.43035686 0.07203856 0.011103114113211632
24 0.04017829 0.7243538  0.34937257 0.96519625 0.011088119819760323
22 0.00286456 0.22883268 0.14070381 0.38332695 0.01107195857912302
22 0.1621973  0.         0.37523744 0.09490882 0.011062904261052608
24 0.6896334  0.8528048  0.96302897 0.98734397 0.010893533006310463
24 0.         0.41458154 0.14457169 0.5429068  0.010814056731760502
27 0.03397182 0.         0.19387029 0.10910849 0.010704388841986656
38 0.00136089 0.14442569 0.15762362 0.28407648 0.010529511608183384
24 0.88142693 0.88477224 0.9818928  0.99414927 0.010477413423359394
22 0.328837   0.09414208 0.8295282  0.5482465  0.010441857390105724
19 7.7126932e-01 1.6951244e-04 8.6896437e-01 5.7209510e-02 0.010440665297210217
29 0.2823526  0.20372176 0.8619736  0.6195496  0.010418355464935303
27 0.02444297 0.         0.12909134 0.12948674 0.010405004024505615
22 0.00273455 0.2818424  0.14035714 0.43594646 0.010348223149776459
24 0.05027255 0.7844569  0.44480562 0.9758227  0.010317102074623108
19 0.         0.         0.03490692 0.08264993 0.01028949674218893
26 0.7416029  0.0101015  0.8113875  0.06768472 0.010255267843604088
38 0.00137922 0.09073445 0.1576931  0.23096006 0.010254768654704094
38 0.00112719 0.19768362 0.15778144 0.33724457 0.0100313825532794
38 0.         0.06501494 0.12050204 0.26004964 0.010008999146521091
22 0.09511141 0.23898177 0.7190383  0.56803375 0.009956849738955498
31 0.1557579  0.         1.         0.63942885 0.009940732270479202
24 0.9104676  0.83909655 0.98545873 0.99411875 0.009805502369999886
27 0.04261354 0.         0.2619395  0.15343483 0.009796280413866043
27 0.0159858  0.         0.09446199 0.10649638 0.009715293534100056
26 0.7531928  0.00810048 0.8570869  0.04700876 0.00969681516289711
19 0.         0.         0.26060712 0.16021484 0.00961979478597641
30 0.7422148  0.00386147 0.8501267  0.05579509 0.009617794305086136
27 0.1279404  0.         0.30476463 0.11007157 0.009577497839927673
24 0.        0.8512707 0.2686907 0.9745798 0.009543913416564465
28 0.72177804 0.00479197 0.87656885 0.03572364 0.009540078230202198
26 0.7253343  0.00859635 0.8285967  0.04698567 0.009473751299083233
19 0.         0.         0.06865795 0.15527984 0.00943395122885704
38 0.00084941 0.25130388 0.15799561 0.39081782 0.009341818280518055
38 0.0182636  0.15060659 1.         0.802555   0.009289078414440155
31 0.19856362 0.22682978 0.91987604 0.5889096  0.009144973941147327
30 0.7349249  0.00310359 0.8076844  0.08059061 0.009089668281376362
4 0.         0.00457227 0.12883948 0.07323658 0.009082847274839878
22 0.12987064 0.         0.41062787 0.06497626 0.00907865446060896
19 0.15671039 0.         0.3478144  0.11689433 0.009072640910744667
27 0.0774503  0.         0.2503814  0.11030228 0.009043126367032528
22 0.13915667 0.05953392 0.5903413  0.41749814 0.008995668031275272
38 0.         0.00665151 0.04225575 0.0725813  0.008986035361886024
38 0.         0.00603128 0.06095812 0.05118866 0.008937687613070011
14 0.7449068  0.00265621 0.8580996  0.05924638 0.008913525380194187
28 0.01191854 0.11017318 0.56146795 0.46530768 0.008908943273127079
38 0.         0.11742903 0.12011641 0.3139275  0.008899996057152748
19 0.         0.         0.1882293  0.22239472 0.00887200329452753
6 0.0015755  0.         0.040045   0.08683386 0.008836879394948483
30 0.00186217 0.01288541 0.03958718 0.08719072 0.008830497972667217
38 0.7063335  0.00181656 0.8860429  0.03642008 0.008775277994573116
26 0.00559166 0.00462153 0.07080358 0.03418656 0.008765286765992641
27 0.03253227 0.         0.1889644  0.2129405  0.008691048249602318
13 0.2772612  0.16867532 0.88550824 0.60974765 0.00863668043166399
38 0.         0.17117274 0.12009235 0.36754578 0.008627843111753464
22 0.00241212 0.33484486 0.1396244  0.4885189  0.008615606464445591
38 0.00061262 0.30516413 0.15826009 0.44442883 0.008583741262555122
38 0.         0.05072071 0.16809134 0.45787933 0.008580748923122883
28 0.26906744 0.11533377 0.9167912  0.45561698 0.00857625063508749
38 0.         0.22492315 0.12017222 0.42120972 0.008501575328409672
24 0.47463486 0.6940477  0.88126165 0.996343   0.008466685190796852
38 0.07557876 0.00423106 0.44530383 0.07575638 0.0084477374330163
36 0.7259024  0.00552447 0.8121371  0.08286007 0.008442554622888565
4 0.         0.00653571 0.0933139  0.10485798 0.008371178060770035
28 0.         0.10370771 0.17016615 0.66071004 0.008368665352463722
27 0.7436811  0.00107105 0.8583587  0.03673515 0.008342820219695568
38 0.         0.27885112 0.1202914  0.47506648 0.008316087536513805
22 0.723699  0.        0.877015  0.0336423 0.008308562450110912
24 0.         0.84197825 0.54815793 0.9787416  0.008248341269791126
19 6.8818480e-01 6.5508526e-04 7.8468889e-01 5.8129046e-02 0.008210401982069016
6 0.00481372 0.         0.07779221 0.15955395 0.008208193816244602
28 0.         0.04309288 0.9539965  0.42777112 0.00816031452268362
4 0.7263376  0.00351019 0.80091196 0.07612158 0.008148330263793468
28 0.2367409  0.01202882 0.41634017 0.14407532 0.00808301568031311
5 0.01133308 0.         0.13537279 0.08598395 0.00808276329189539
22 0.36819658 0.02664126 0.8856706  0.42487726 0.007986598648130894
14 0.7178717  0.00340199 0.8303928  0.05864046 0.007966826669871807
30 0.00087417 0.00909915 0.05568807 0.06144832 0.007960722781717777
4 0.         0.00891984 0.18937859 0.10489066 0.007946617901325226
41 0.7308401  0.0029747  0.80973405 0.07089327 0.00794452428817749
30 0.30539215 0.05787865 0.93617    0.5219328  0.00793126318603754
35 0.74476415 0.0161441  0.8156392  0.08040787 0.007871760986745358
41 0.         0.00381067 0.14423856 0.06657946 0.007870372384786606
38 0.         0.00396923 0.08316397 0.03656379 0.007830518297851086
28 0.         0.5655731  0.32669088 0.86087793 0.007824881002306938
24 0.11031983 0.02599537 0.7259466  0.16172604 0.007814486511051655
28 0.         0.4613512  0.16492723 0.6147297  0.007808486465364695
27 0.4046009 0.2695489 0.7290767 0.6424387 0.007793049793690443
5 0.7373629  0.00429356 0.80252594 0.08551607 0.0077818529680371284
4 0.         0.00204976 0.06445456 0.03797606 0.007766843307763338
19 0.12671217 0.         0.3723698  0.08358957 0.007741357199847698
5 0.00772487 0.         0.09928535 0.1257669  0.007727550342679024
27 0.02219192 0.         0.1331746  0.3019499  0.007702982518821955
24 0.2604261 0.1135213 0.816022  0.8620133 0.007666686084121466
4 0.         0.00924077 0.12633409 0.12377407 0.0076598976738750935
4 0.7291887  0.00247266 0.8402976  0.05195481 0.007652708794921637
28 0.         0.6891092  0.32693633 0.96337575 0.007645980454981327
24 0.12266232 0.7078866  0.43045583 0.97042465 0.007612559944391251
8 0.7413691  0.         0.8154751  0.07274945 0.007585274055600166
4 0.         0.00940118 0.066754   0.1435187  0.007568638771772385
4 0.         0.00292707 0.04775657 0.05362714 0.0075585548765957355
6 0.41747332 0.         1.         0.6624939  0.007557872217148542
27 0.02131631 0.02173796 0.12901343 0.1846029  0.007550356909632683
26 0.7406915  0.00583209 0.87113804 0.03352069 0.007543354295194149
27 0.01062702 0.         0.06612726 0.14368069 0.007476367987692356
38 0.         0.33282602 0.12109452 0.5287101  0.007401139009743929
27 0.18083805 0.         0.35437736 0.11074196 0.007371971383690834
40 0.73315954 0.00124804 0.81241554 0.06223506 0.007328477688133717
24 0.22019292 0.7922661  0.61278737 0.9816197  0.0073173195123672485
6 0.00603704 0.         0.1089882  0.11570588 0.007304745260626078
40 0.20209005 0.19074595 0.62860554 0.3715102  0.007287996355444193
14 0.         0.23678459 0.9459084  0.75250447 0.007187587209045887
28 0.1950965  0.00949495 0.45139074 0.1041257  0.007160149980336428
24 0.         0.4692143  0.14219984 0.5963729  0.0071576908230781555
12 0.73998547 0.01267338 0.8180412  0.07836414 0.007156896870583296
38 0.23139161 0.27556825 0.8883966  0.67887217 0.007134255487471819
36 0.730404   0.00461891 0.8575753  0.05600615 0.007126405369490385
14 0.16773137 0.2835852  0.7293831  0.6968172  0.0071138497442007065
24 0.         0.74190634 0.13675317 0.9602986  0.007098450791090727
4 0.         0.00297931 0.03413819 0.07711905 0.0070783887058496475
30 0.12209471 0.11722863 0.7786858  0.64069986 0.006999545730650425
24 0.23610358 0.17495917 0.57874465 0.50672454 0.006997885648161173
22 0.01360915 0.         0.21506456 0.3418841  0.006989818532019854
41 0.7355859  0.00369134 0.85488886 0.0491434  0.006986379157751799
38 0.1375665  0.2171046  0.7886296  0.58180195 0.006948415655642748
6 0.37644142 0.07458664 0.7888923  0.61572695 0.006931472569704056
19 0.         0.02171764 0.12801152 0.18653037 0.0069158561527729034
38 0.         0.35899657 0.1597178  0.49771836 0.006874626036733389
12 0.19123095 0.29241684 0.7515971  0.5794461  0.006869226228445768
6 0.00179621 0.         0.05670016 0.05954959 0.006866880226880312
30 0.71296537 0.00351439 0.82376134 0.05556366 0.006814598571509123
27 0.7843038  0.00183379 0.8707477  0.05200559 0.006805910263210535
27 0.02173844 0.12728947 0.13170731 0.29293525 0.006739510223269463
26 0.00986361 0.0111649  0.1428124  0.06638855 0.006710167042911053
19 0.         0.00067727 0.13347784 0.30421403 0.006688782479614019
28 0.         0.01718478 0.5265952  0.54547435 0.006666912697255611
30 0.00033832 0.02058114 0.08045408 0.16842468 0.006659862585365772
24 0.69484854 0.00407673 0.8565556  0.14399602 0.006652962416410446
