41 0.0448877  0.52078265 0.32577837 0.82313055 0.08401922881603241
18 8.7640006e-03 8.4533691e-05 4.0786434e-02 7.2060749e-02 0.06815767288208008
18 0.9543041  0.         0.9971598  0.08795088 0.06526348739862442
18 0.01567773 0.         0.08624007 0.05206336 0.05790400505065918
41 0.10926719 0.01531921 0.477605   0.78313804 0.05690919607877731
18 0.00814056 0.9112655  0.04129915 0.9884831  0.05582604184746742
18 1.1486284e-02 8.0439255e-05 5.8553088e-02 7.3728785e-02 0.05495939403772354
18 0.9387238  0.         0.99717164 0.06057594 0.05372295528650284
41 0.9297852  0.94881696 1.         1.         0.05100507289171219
18 0.02747192 0.         0.16178195 0.07386663 0.04995208606123924
18 0.859207   0.         1.         0.08299745 0.04918624833226204
18 0.8920118  0.         1.         0.11909793 0.049075428396463394
41 0.18098208 0.18486534 0.66896325 0.6520822  0.048616256564855576
18 0.01920633 0.         0.11768726 0.10283206 0.046983592212200165
41 0.06657622 0.12443171 0.3368456  0.89902896 0.045669831335544586
18 0.91766256 0.         1.         0.1623051  0.042734406888484955
18 0.01399244 0.         0.08213121 0.14368089 0.04207363352179527
18 0.771906   0.         1.         0.08146272 0.04165012016892433
18 0.04201389 0.         0.24712051 0.07524989 0.04055805504322052
18 0.92938244 0.92035466 1.         0.99344647 0.03964391350746155
18 0.81279594 0.         1.         0.11754873 0.03895391896367073
18 0.00972794 0.932724   0.06032752 0.9904045  0.03811461478471756
2 0.13870873 0.         0.6789372  0.71578383 0.03788997605443001
18 0.0149218  0.8157718  0.08549593 0.98102105 0.037712469696998596
42 0.        0.9071498 0.0423732 1.        0.037125714123249054
41 0.20342189 0.04017319 0.83913183 0.6561905  0.03632968291640282
41 0.0379614 0.910597  0.219071  1.        0.03602925315499306
24 0.1812036  0.21707012 0.55675036 0.6372794  0.03595795854926109
18 0.01337266 0.01490383 0.08675406 0.3471611  0.03585119917988777
41 0.10105005 0.8761893  0.30648214 1.         0.03571305051445961
39 0.20504642 0.         0.620571   0.23959169 0.03570353984832764
41 0.04923155 0.87644506 0.25405154 1.         0.03412901982665062
41 0.01320972 0.08409378 0.16379808 0.24306303 0.03409659489989281
18 0.01165134 0.94552577 0.08676147 0.9929206  0.0339738093316555
18 0.01558558 0.         0.12213723 0.22868976 0.033187247812747955
18 0.01736908 0.79910934 0.12296183 0.97871196 0.03283526748418808
18 0.02467262 0.         0.16569932 0.14935303 0.03282693028450012
18 0.01703952 0.86283755 0.11838356 0.9852187  0.03230971843004227
41 0.17310104 0.06877594 0.4939088  0.6387861  0.0315127894282341
41 0.15374781 0.8764422  0.35944363 1.         0.031088251620531082
42 0.         0.93039614 0.05984896 0.9978367  0.031020455062389374
18 0.01673107 0.19466153 0.12476739 0.4396217  0.030452745035290718
18 0.01453808 0.08750711 0.12297572 0.3339793  0.030160583555698395
41 0.00777252 0.02150868 0.11845376 0.2581725  0.02998202294111252
41 0.00878904 0.12859856 0.11856072 0.35996556 0.029944228008389473
42 0.02154298 0.49875778 0.35826808 0.7904885  0.029422786086797714
41 0.00712114 0.05099949 0.08448404 0.38669673 0.02869914472103119
18 0.88192123 0.8516186  1.         0.99516106 0.02868211828172207
41 0.8726507  0.91395324 1.         1.         0.028413081541657448
41 0.01725218 0.03040993 0.16523258 0.50993794 0.028180740773677826
18 0.84288436 0.89040023 1.         0.99475855 0.02779054455459118
15 0.20347711 0.0349835  0.6047794  0.39670753 0.02778155542910099
18 0.85435843 0.         1.         0.18537758 0.027538124471902847
41 0.20800945 0.87651056 0.41426164 1.         0.027442554011940956
18 0.7152682  0.         1.         0.15475212 0.027350855991244316
18 0.88864994 0.         1.         0.2532712  0.027173679322004318
41 0.2495979  0.16272403 1.         0.76478285 0.026973271742463112
41 0.01186374 0.0111269  0.16113277 0.3134669  0.026958590373396873
41 0.01180349 0.0050161  0.16448273 0.16824242 0.02685368061065674
41 0.02312857 0.8770744  0.17268388 1.         0.026731811463832855
41 0.05369574 0.43479502 0.4448927  0.9867909  0.026688028126955032
41 0.02975526 0.00029989 0.26875088 0.11836507 0.026627710089087486
41 0.08426601 0.56307507 0.5729981  0.94248253 0.0266049075871706
41 0.06596092 0.42384526 0.3258705  0.7405704  0.02655583992600441
41 0.01307605 0.1385846  0.1625751  0.29490107 0.026478026062250137
41 0.01504592 0.9471998  0.08395245 1.         0.02637934684753418
41 0.03552787 0.76999503 0.23601621 1.         0.02636891044676304
41 0.01666838 0.82489806 0.12036178 1.         0.025879889726638794
41 0.01022725 0.23494485 0.12066249 0.47014254 0.02531527169048786
41 0.01671831 0.00415812 0.23858394 0.23016192 0.02525392733514309
18 0.03246007 0.         0.24084839 0.20431422 0.024961011484265327
41 0.90606946 0.8862408  1.         1.         0.02413042262196541
41 0.04552456 0.8411367  0.32305777 1.         0.024055136367678642
18 0.02326906 0.8985824  0.16911562 0.9889195  0.02371717430651188
42 0.         0.00600891 0.0410137  0.08829881 0.023346127942204475
18 0.7899174  0.         1.         0.21527441 0.023229097947478294
18 0.62237334 0.         0.8885427  0.07879469 0.023058217018842697
41 0.02068898 0.6934292  0.16572322 0.99893916 0.02270643040537834
18 0.02184465 0.         0.16546005 0.279369   0.02247580513358116
42 0.         0.8694979  0.11607449 1.         0.022416044026613235
41 0.38362545 0.04405665 0.9542613  0.48830837 0.022021887823939323
41 0.01021373 0.9334309  0.05840121 1.         0.021896621212363243
41 0.013674   0.19201475 0.1632111  0.34817168 0.02186671458184719
18 0.0987104  0.         0.31567037 0.10885055 0.021866198629140854
41 0.2620421  0.87672955 0.46941113 1.         0.021754588931798935
18 0.8498395  0.         1.         0.31103092 0.021690694615244865
41 0.9015022  0.034411   1.         0.27139542 0.02141984924674034
41 0.02598448 0.5233523  0.16754237 0.98633647 0.021183030679821968
18 0.04332699 0.         0.33575797 0.14640346 0.02111288346350193
18 0.02120548 0.05024842 0.17026411 0.2248788  0.021067004650831223
18 0.02228064 0.         0.17418137 0.45971125 0.020973948761820793
41 0.8679572  0.03015933 1.         0.19873978 0.02093341015279293
41 0.01842033 0.00319977 0.3278977  0.16214684 0.02089540660381317
24 0.09344752 0.08199956 0.69866014 0.78473365 0.02075350098311901
41 0.04080096 0.53016025 0.5470847  0.8300451  0.020743438974022865
2 0.23639567 0.         0.75519705 0.59370446 0.020519567653536797
41 0.2983802  0.01549436 0.6279005  0.49109823 0.020435502752661705
41 0.7678524 0.877491  0.9746554 1.        0.020428147166967392
41 0.05032836 0.6107811  0.3236759  0.90228784 0.0203991886228323
42 0.00702021 0.90407544 0.16046919 0.9986087  0.02010221779346466
42 0.         0.8259351  0.08527239 1.         0.01991245709359646
41 1.3334834e-02 1.4778138e-04 1.6717543e-01 8.1868380e-02 0.019657792523503304
41 0.7141296 0.8771102 0.9201225 1.        0.01924077607691288
41 0.0351431  0.00040197 0.34661254 0.08118598 0.01914554089307785
10 0.9059829  0.0021546  1.         0.04209949 0.01910747028887272
1 0.95009136 0.         0.9956842  0.09383007 0.01887810230255127
41 0.01539048 0.24507478 0.1646451  0.40165716 0.018492911010980606
41 0.06970083 0.83720165 0.47134155 1.         0.018221035599708557
32 0.00517917 0.         0.04375273 0.08025783 0.01806521974503994
41 0.00745445 0.         0.1195152  0.11652001 0.01772388443350792
41 0.00712486 0.9084324  0.04015216 1.         0.017502252012491226
21 0.01925377 0.         0.69055706 0.6966772  0.017463188618421555
42 0.06655774 0.         0.7793164  0.737617   0.01746019907295704
18 0.6065512  0.         1.         0.22428533 0.01719963364303112
18 0.8532804  0.0448558  1.         0.23597316 0.016962334513664246
18 0.02029458 0.10160942 0.17059119 0.2786387  0.016918612644076347
18 0.03051688 0.72054136 0.24977276 0.97454613 0.01686697080731392
41 0.08238063 0.0576785  0.36205542 0.6103216  0.01665431819856167
18 0.85084486 0.7871575  1.         0.97835004 0.01662617363035679
41 0.00535658 0.         0.0821524  0.16415994 0.016583861783146858
41 0.875774   0.83396214 1.         0.9962306  0.016548842191696167
41 0.86262494 0.01779385 1.         0.34265712 0.016499921679496765
18 0.02397301 0.6370367  0.17228997 0.95527613 0.01630617491900921
41 0.04397339 0.57025623 0.2482918  0.9715841  0.016298530623316765
41 0.10402555 0.69410026 0.39028078 0.9817445  0.01629537343978882
18 0.02179178 0.1531331  0.17254606 0.3325535  0.016283750534057617
41 0.89605594 0.00601685 1.         0.1203897  0.016174733638763428
18 0.04286814 0.8044723  0.34593007 0.97854066 0.016118835657835007
41 0.12645936 0.12342105 0.7293852  0.779162   0.01610221154987812
18 0.02367217 0.20476684 0.1738751  0.385361   0.0157785564661026
41 0.33797115 0.00181829 0.6280468  0.2610052  0.015650587156414986
18 0.04179271 0.85025305 0.27219373 0.9862832  0.0156100420281291
41 0.8707593  0.08508135 1.         0.255006   0.015588398091495037
41 7.52907097e-01 7.46917736e-04 1.00000000e+00 1.21968515e-01 0.015558994375169277
41 0.08898678 0.34152594 0.3871316  0.9070597  0.01553248055279255
24 0.23243317 0.15436934 0.48079285 0.65421754 0.015509375371038914
24 0.2469927  0.22257175 0.95030385 0.73780125 0.015387354418635368
41 0.31783396 0.87688    0.5255155  1.         0.01535216998308897
42 0.         0.00688902 0.08322021 0.17474616 0.015250011347234249
41 0.6790796  0.         0.99925905 0.08255409 0.015164707787334919
42 0.0008108  0.00475854 0.11522217 0.12482898 0.015044698491692543
10 0.9420805  0.00324257 1.         0.08266862 0.01504120510071516
42 0.00663808 0.00314938 0.15442891 0.08633804 0.015037757344543934
18 0.8885657  0.07570347 1.         0.35613802 0.015032954514026642
41 0.5919265  0.         0.91991216 0.08176143 0.014984921552240849
41 0.9248323  0.0077095  1.         0.16346355 0.014694467186927795
42 0.00216889 0.00544535 0.08021786 0.07282747 0.01466880552470684
34 0.         0.03070363 0.66030836 0.5439917  0.014577440917491913
18 0.85381067 0.09492658 1.         0.28855515 0.014535350725054741
1 0.01800453 0.3997763  0.57243156 0.8395698  0.014376054517924786
32 0.00757971 0.         0.05997108 0.05586678 0.014363235794007778
42 0.2825701  0.01529157 0.6895919  0.44296092 0.014291276223957539
41 0.08023861 0.23501709 0.36390182 0.49911216 0.014283107593655586
18 0.84063196 0.         1.         0.5381429  0.01426240149885416
41 0.6034418  0.00904508 1.         0.47482422 0.01417763251811266
42 0.00060673 0.0060662  0.05615009 0.06004255 0.014124784618616104
21 0.90557915 0.00231449 0.9903403  0.03416836 0.014119860716164112
41 0.8703099  0.13821663 1.         0.3079116  0.013973045162856579
2 0.19159172 0.07878546 0.767104   0.770516   0.01393427699804306
41 5.9588403e-01 8.6135865e-04 1.0000000e+00 2.4531130e-01 0.013931319117546082
18 0.8886566  0.18146281 1.         0.46368003 0.013914826326072216
41 0.7186626  0.00287753 1.         0.16826592 0.01379638072103262
41 0.80201995 0.00837316 1.         0.23741148 0.01366372685879469
21 0.07648799 0.1528628  0.6281674  0.71762955 0.01356616709381342
41 8.5767531e-01 6.8905513e-04 1.0000000e+00 8.3049960e-02 0.013468877412378788
24 0.10484037 0.23250996 0.6283187  0.5529232  0.013416793197393417
41 0.00432864 0.         0.05944185 0.08443469 0.013378257863223553
32 0.01043098 0.         0.08578566 0.06837519 0.01334630697965622
41 0.90109724 0.14288683 1.         0.3799224  0.01332834456115961
41 0.39593643 0.00415393 0.7055979  0.47238922 0.013068484142422676
41 0.9389717  0.00338948 1.         0.08619529 0.012835831381380558
18 0.04277022 0.71207017 0.37397572 0.97652    0.012788532301783562
21 0.02278641 0.06660342 0.9567243  0.7940298  0.012692851945757866
42 0.00571018 0.00326738 0.16037408 0.17879438 0.012627631425857544
18 0.85356814 0.14655139 1.         0.341554   0.012581572867929935
41 0.8677277  0.19023417 1.         0.36180684 0.012456399388611317
18 0.8882597  0.68426067 1.         0.96506494 0.012443499639630318
41 0.90628123 0.7589242  1.         0.9887325  0.012347422540187836
41 0.07947378 0.04511297 0.60831684 0.6682704  0.012318497523665428
7 0.07802208 0.         0.5893339  0.7039755  0.012233725748956203
42 0.02635092 0.8622977  0.2573021  0.9980696  0.012202068231999874
24 0.13013566 0.31260833 0.6243192  0.8030636  0.012171554379165173
1 0.9119729  0.         0.9932717  0.04586384 0.01215552818030119
21 0.9236594  0.00294148 0.99185944 0.04633532 0.012144760228693485
18 0.6001997 0.        1.        0.435293  0.01212617103010416
42 0.00443017 0.00393576 0.07623775 0.04325372 0.01212503481656313
41 0.13153692 0.00073268 0.37746313 0.12082062 0.012058058753609657
24 0.28206924 0.05286046 0.9779764  0.49246058 0.012056607753038406
42 0.32972738 0.         1.         0.47486874 0.012011700309813023
1 0.93128306 0.         0.9949747  0.06325714 0.011957709677517414
41 0.8608436  0.04807096 1.         0.5882823  0.011898973025381565
41 0.00760204 0.         0.08400635 0.06927584 0.011877207085490227
18 0.85412943 0.20010896 1.         0.39606163 0.011819576844573021
41 0.7191412  0.08877372 1.         0.42873454 0.011783383786678314
42 0.02367893 0.22230864 0.33759046 0.97115916 0.01169915497303009
32 0.0057319  0.8950611  0.04703208 0.99220175 0.011689487844705582
18 0.06189771 0.7980845  0.5059174  0.97616714 0.011512106284499168
1 0.24780668 0.         0.9546674  0.6955711  0.011507686227560043
21 0.00338845 0.         0.07469427 0.03554268 0.011333853006362915
24 0.29218018 0.10882439 0.6066956  0.47817293 0.011275080032646656
32 0.01076418 0.         0.08150543 0.0416333  0.011251932941377163
2 0.13584633 0.09259903 0.5488939  0.6108461  0.011249691247940063
32 0.01953908 0.         0.16944489 0.08339774 0.011139972135424614
42 0.00155441 0.05740247 0.08613756 0.4083291  0.011125021614134312
18 0.8339567  0.61447155 1.         0.9881311  0.010969284921884537
18 0.8887419  0.28578115 1.         0.5756492  0.010961156338453293
42 0.0020285  0.01851995 0.11945897 0.27253494 0.010863772593438625
32 0.0090854  0.         0.08825037 0.15476961 0.010688692331314087
41 0.8686008  0.24327227 1.         0.41542158 0.01057614665478468
18 0.8540534  0.25278497 1.         0.4507768  0.010548582300543785
42 0.02346113 0.         0.2469987  0.12375484 0.010506444610655308
15 0.30701762 0.02243992 0.67604005 0.32609126 0.010501610115170479
10 8.2871258e-01 7.0768996e-04 1.0000000e+00 8.3695821e-02 0.010498488321900368
42 0.00528426 0.         0.23366338 0.24486141 0.010485431179404259
42 0.00572585 0.8200614  0.32900992 0.9998081  0.01048323605209589
32 0.01194246 0.         0.12528066 0.11480266 0.010426844470202923
41 0.04893696 0.09847831 0.2510599  0.5250403  0.01034592092037201
41 0.47743928 0.         0.75944024 0.2715951  0.010291632264852524
1 0.         0.38490662 0.35096502 0.7482948  0.010226048529148102
21 0.94380444 0.00332234 0.9930604  0.06835575 0.010135538876056671
18 0.02877395 0.40972745 0.16997038 0.9153359  0.010096211917698383
41 0.86219984 0.7196569  1.         1.         0.010067934170365334
21 0.0030764  0.         0.05474475 0.0501621  0.010051270946860313
21 0.00254371 0.         0.04015835 0.07497204 0.010031684301793575
19 0.         0.00897225 0.04575051 0.06194533 0.010013547725975513
1 0.         0.         0.0351008  0.07187507 0.010007981210947037
41 0.90204793 0.24962546 1.         0.48884654 0.009955110028386116
42 0.04719758 0.4823282  0.45394105 1.         0.009821441024541855
24 0.11099932 0.5346415  0.5069359  0.7491852  0.009763226844370365
41 0.37561372 0.877542   0.5804013  1.         0.009753650054335594
42 0.05696476 0.09665095 0.42025357 0.9004201  0.009750165976583958
1 0.09248795 0.         0.6844775  0.74503255 0.009726624935865402
18 0.74570006 0.84376764 0.98886985 0.9916861  0.009725821204483509
42 0.01060256 0.7457995  0.23582932 1.         0.009601056575775146
32 0.01001823 0.923497   0.06850648 0.9921506  0.009567458182573318
18 0.14444603 0.844757   0.3793345  0.98612213 0.009546216577291489
41 0.8752397  0.77910554 1.         0.94533294 0.009545732289552689
18 0.6967624  0.01311082 1.         0.38060918 0.009422517381608486
10 0.00346793 0.92280155 0.04667938 0.9985191  0.009405634365975857
16 0.32404652 0.         0.6735822  0.35456768 0.00936509296298027
16 0.2477828  0.00532565 0.5757099  0.3678718  0.009356376715004444
41 0.07330226 0.4366327  0.5761243  0.74685925 0.009308520704507828
32 0.03400055 0.         0.25858685 0.0849776  0.00926201231777668
42 0.00078041 0.         0.31977427 0.17377976 0.009260386228561401
2 0.21718125 0.         0.551034   0.4699461  0.009218098595738411
18 0.8535735  0.30516863 1.         0.5057635  0.009217874146997929
41 0.1046537  0.17903712 0.53396904 0.49024716 0.009210053831338882
1 0.17164999 0.06399872 0.6313482  0.6259942  0.009186794050037861
42 0.02874021 0.0016309  0.31058905 0.08597307 0.009176962077617645
41 0.12217942 0.50852484 0.7561735  0.9169307  0.009164122864603996
16 0.2826168  0.00543524 0.84961337 0.39405128 0.009102997370064259
18 0.8531539 0.7297183 1.        0.9282107 0.009013112634420395
18 0.11841066 0.         0.39064133 0.07664804 0.008985184133052826
24 0.06164762 0.21702366 0.5017376  0.5122165  0.00897650234401226
24 0.08344813 0.12980828 0.4209593  0.7606048  0.008965513668954372
32 0.01625119 0.9392104  0.09840035 0.994443   0.00896491389721632
10 0.00393556 0.00403511 0.09083159 0.04100585 0.00896068662405014
10 0.7244534  0.         1.         0.08405023 0.008940882049500942
42 0.00637073 0.         0.16072054 0.33373314 0.008912748657166958
16 0.1315298 0.        0.5869672 0.5237318 0.008907629176974297
42 0.00790649 0.50280464 0.16211419 0.9983474  0.008899963460862637
24 0.34816763 0.06060023 0.7126707  0.45756444 0.008889064192771912
41 0.6255817 0.87564   0.8180774 1.        0.008850621059536934
21 0.00366078 0.         0.07778673 0.06065909 0.008813592605292797
24 0.3585857  0.33738187 0.8817877  0.8128489  0.008729767054319382
41 9.2294496e-01 8.7875687e-04 1.0000000e+00 4.0901255e-02 0.00868361908942461
1 0.21821351 0.         0.5236381  0.6509261  0.008656826801598072
24 0.3012505  0.08610451 0.8270869  0.6394493  0.008650632575154305
21 0.14031748 0.37808812 1.         0.8578809  0.008616774342954159
10 0.00341974 0.00863124 0.04594817 0.08295903 0.008559443056583405
39 0.26080805 0.         0.67923003 0.34867102 0.008463672362267971
32 0.01081806 0.         0.09186267 0.37156248 0.008411601185798645
32 0.01340612 0.79783434 0.09526485 0.98751956 0.008396324701607227
24 9.1488997e-04 9.1626251e-01 3.5531554e-02 9.8855704e-01 0.008275408297777176
42 0.00369317 0.12121351 0.12020595 0.37899274 0.008228372782468796
18 0.8885236  0.38974875 1.         0.68171084 0.008178472518920898
18 0.88766545 0.5739294  1.         0.8629985  0.008176627568900585
1 0.         0.         0.04902629 0.0514147  0.008140761405229568
2 0.         0.         0.03349977 0.07090539 0.00810743123292923
18 0.76924866 0.70158356 1.         0.9905996  0.008106864057481289
18 0.85399985 0.3575319  1.         0.56023353 0.008096152916550636
10 0.00312323 0.93967164 0.06998099 0.9970683  0.008092137053608894
2 0.2785594  0.         0.6337443  0.45572582 0.008041448891162872
34 0.04853498 0.18461053 0.5282662  0.5906923  0.008017362095415592
10 0.00361404 0.00607579 0.1004805  0.05722915 0.00798001792281866
42 5.5707598e-01 6.5760297e-04 1.0000000e+00 1.7375751e-01 0.007935688830912113
32 0.01886465 0.         0.17725563 0.16389409 0.007929543033242226
16 0.00601298 0.00553157 0.03103855 0.07396345 0.00791600625962019
32 0.01299217 0.         0.12879217 0.24891038 0.007861428894102573
18 0.15692982 0.         0.37506634 0.10623121 0.007847646251320839
21 0.83132106 0.00261958 0.98778474 0.0667061  0.007827533408999443
10 0.00274928 0.95080775 0.10031752 0.99723816 0.007805374916642904
18 0.8885054  0.46822807 1.         0.75995874 0.007651650812476873
10 0.8703151  0.00188488 1.         0.1197717  0.007650077808648348
15 0.09519666 0.03874584 0.8308379  0.45250297 0.007628064602613449
42 0.12857828 0.8592912  0.36271164 0.9973686  0.007604062557220459
42 0.52632535 0.         0.77311784 0.12958677 0.007540531922131777
42 0.0095873  0.00144073 0.16540502 0.54698205 0.007514312397688627
18 0.39494044 0.         1.         1.         0.007466892246156931
18 0.2506931  0.8444033  0.48517543 0.98670655 0.0074495901353657246
