2 0.11869799 0.21863043 0.6483681  0.4926428  0.6909617185592651
2 0.17937155 0.08562439 0.77398276 0.6296749  0.5786089301109314
2 0.06492034 0.20410988 0.42129818 0.5264843  0.5779742002487183
2 0.09699425 0.1034887  0.5190808  0.67118734 0.4635690748691559
2 0.3265532  0.15013051 0.8811756  0.5185018  0.4615407884120941
2 0.4090295  0.06312142 0.69484943 0.6523511  0.4217524826526642
2 0.05712563 0.13146926 0.30743793 0.6717872  0.4105346202850342
24 0.41110528 0.17495482 0.95324254 0.7075532  0.3624461591243744
2 0.10985676 0.16542841 0.36425015 0.60787266 0.3416917622089386
2 0.03475386 0.2220803  0.30669922 0.52959985 0.31935158371925354
24 0.5137363  0.25730288 0.89840424 0.78152144 0.3168952763080597
2 0.08578517 0.00904963 0.69642013 0.520865   0.3013390898704529
24 0.31078354 0.08266149 0.8909553  0.6433384  0.3011787533760071
2 0.22752495 0.17995887 0.6842735  0.59053284 0.2968938946723938
24 0.58803236 0.37250146 0.9455996  0.6785999  0.292186439037323
41 0.2224142  0.3634855  0.85169286 0.7979879  0.2822163701057434
41 0.08639488 0.2723951  0.7193639  0.71711385 0.2759900391101837
21 0.         0.09593257 1.         0.6372438  0.27317482233047485
41 0.13770074 0.19688469 0.8429241  0.8782471  0.2619491517543793
2 0.3861465  0.02867447 0.9373864  0.6868962  0.2520923316478729
24 0.21326992 0.19860275 0.8814779  0.7539054  0.2447180300951004
41 0.4550299  0.23394026 0.72804254 0.79484487 0.23439528048038483
34 0.08621656 0.09513432 0.9265303  0.3633813  0.2283075749874115
24 0.43091574 0.40208384 0.96490127 0.635646   0.22114364802837372
24 0.         0.11315288 0.77009577 0.736901   0.206803560256958
24 0.4584894  0.21101846 0.7536742  0.7403213  0.19102977216243744
2 0.31679028 0.10343114 0.60398823 0.679166   0.16428378224372864
1 0.         0.         1.         0.57366866 0.15911786258220673
1 0.40815696 0.         1.         1.         0.15193749964237213
34 0.01885951 0.10263619 1.         0.49426737 0.1435348391532898
24 0.4053852  0.26057658 0.8491561  0.6296345  0.14232604205608368
2 0.01511876 0.0946842  0.35260597 0.5350963  0.11670932173728943
2 0.43942344 0.11648489 0.799827   0.57695496 0.1160653680562973
2 0.30221853 0.         0.84845775 0.7856232  0.11394684761762619
21 0.36245123 0.07756574 1.         0.5717553  0.10900966078042984
1 0.39708358 0.14401294 1.         0.8086421  0.10493731498718262
24 0.6557467  0.44153297 0.98367536 0.6591242  0.10470396280288696
9 0.         0.24213746 0.5364327  0.47597295 0.10022608190774918
24 0.00144488 0.00762213 0.64759177 0.17099287 0.09995304048061371
9 0.         0.13715088 0.73476017 0.57444614 0.0998779684305191
2 0.52534115 0.05541016 0.8289648  0.6982872  0.09963691979646683
1 0.4885247  0.28291726 0.96900696 0.90207255 0.0984327644109726
41 0.         0.05939479 0.47376618 0.7487428  0.09756962954998016
1 0.10214575 0.         1.         1.         0.09658436477184296
1 0.12748474 0.         1.         0.7017626  0.0958542674779892
41 0.         0.07017866 0.3070557  0.5385366  0.09490315616130829
24 0.         0.08710632 0.83087736 0.45795992 0.09448113292455673
21 0.00908396 0.17263797 0.9678088  0.5364504  0.09385914355516434
41 0.48481512 0.22943869 0.9580498  0.9503274  0.09276890754699707
41 0.3274007  0.37753132 1.         0.9262996  0.09173282980918884
9 0.         0.07006744 0.6755178  0.4374175  0.09019643813371658
41 0.         0.14942889 0.637769   0.67448753 0.09002923220396042
41 0.         0.04515786 0.7517503  0.43751624 0.08844487369060516
24 0.         0.08401064 0.3761531  0.48245376 0.08822517096996307
2 0.06539822 0.18192653 0.41273063 0.7497545  0.08763659000396729
24 0.5745112  0.11504245 0.88675356 0.6608537  0.08434731513261795
2 0.26350847 0.03007225 0.6521728  0.5439928  0.08259199559688568
41 0.         0.00260426 0.6200976  0.1504535  0.08234430104494095
24 0.401098   0.35016942 0.8803229  0.7185417  0.07868880778551102
24 0.         0.11168776 0.5257901  0.5109784  0.07852630317211151
29 0.20124397 0.12527344 0.59468573 0.92020804 0.07803718000650406
41 0.1864412  0.47980353 1.         0.82679397 0.07616761326789856
21 0.         0.04273196 0.82362765 0.5679782  0.07577049732208252
24 0.16069894 0.20592909 0.89898896 0.5107371  0.0748467892408371
2 0.23354828 0.12335175 0.54850024 0.69198185 0.07430477440357208
9 0.         0.14612299 0.44308922 0.50023717 0.0711602121591568
34 0.2281489 0.1181457 1.        0.6348284 0.06851101666688919
21 0.         0.03777639 0.48218277 0.56767434 0.06843699514865875
1 0.28860193 0.24357463 0.934998   0.7416059  0.06595275551080704
41 0.00170427 0.20623839 0.36501542 0.5299865  0.06445761024951935
21 0.00358195 0.10561427 0.31824872 0.6410548  0.06380011141300201
24 0.06896243 0.24607997 0.6891544  0.7283183  0.06350374221801758
41 0.         0.07583553 0.46703538 0.42417943 0.06251326948404312
10 0.08599992 0.20068009 0.28269532 0.8984768  0.05795825272798538
24 0.         0.13779014 0.41741621 0.6933713  0.05670056492090225
41 0.55777276 0.4425626  1.         0.9069261  0.054758526384830475
34 0.21856613 0.0070064  0.9315428  0.1877798  0.054726965725421906
2 0.4954697  0.18488206 0.9287241  0.58106595 0.054721809923648834
24 0.7740182  0.3830233  0.97423935 0.7281656  0.054551079869270325
41 0.355622   0.29043958 0.7712351  0.76155335 0.05424109473824501
24 0.80704564 0.4284695  0.9650268  0.6835453  0.052793294191360474
24 0.612874   0.4967154  0.93511343 0.6675785  0.051471155136823654
41 0.02931877 0.14685746 0.37800056 0.7055215  0.05132454261183739
21 0.7825186  0.16782145 0.99839044 0.766981   0.05105492100119591
24 0.18780716 0.04650687 0.7968042  0.37797266 0.04938514158129692
24 0.09444028 0.06521761 0.6379243  0.42718711 0.048517849296331406
24 0.45580283 0.03345347 0.81638956 0.54615045 0.048418816179037094
33 0.10235573 0.03150795 0.863785   0.48091808 0.047430891543626785
1 0.         0.         0.89521265 0.6014963  0.04734701290726662
24 0.30514476 0.43557924 1.         0.69852924 0.046924836933612823
10 0.35926905 0.24846141 1.         0.8300149  0.045429080724716187
24 0.         0.17327134 0.24593115 0.7492509  0.0452609620988369
41 0.30307645 0.46181336 0.9643685  0.7452628  0.04402182623744011
24 0.152031   0.01789645 0.753863   0.14937201 0.04395495355129242
34 0.0603538  0.29271895 1.         0.6611708  0.04315396770834923
21 0.         0.19592166 0.72092223 0.6295172  0.04315287619829178
24 0.34567398 0.16734104 0.67511266 0.6966092  0.04310145229101181
24 0.         0.18274309 0.6999459  0.48360026 0.04271087422966957
9 0.         0.23067139 0.3008072  0.51993674 0.04212899133563042
24 0.22908905 0.3005055  0.91304314 0.57334334 0.03977096080780029
34 0.19767673 0.03257987 0.891288   0.24996933 0.039479076862335205
24 0.4533623  0.47113007 0.90013003 0.67598575 0.03902634605765343
1 0.5005038 0.        0.8912774 0.7549662 0.038855694234371185
1 0.3418651  0.         1.         0.67701966 0.038761526346206665
41 0.12502442 0.1638792  0.7813248  0.6393756  0.03834617882966995
34 0.         0.0217011  0.66841847 0.16919175 0.037422649562358856
24 0.         0.24826084 0.49026826 0.5308956  0.03665921837091446
40 0.         0.         0.33807093 1.         0.03512304648756981
41 0.09064929 0.         0.8045811  0.16435939 0.03451348841190338
41 0.59797645 0.55883604 1.         0.77732795 0.03438056632876396
41 0.4802767  0.3610343  0.79471517 0.83760375 0.03428488224744797
21 0.6097495  0.12695758 0.9608468  0.6160415  0.033784419298172
34 0.16352224 0.04368242 1.         0.32445833 0.03362153843045235
41 0.         0.09489401 0.5654347  0.539884   0.033465676009655
10 0.11603247 0.16494088 0.42361313 0.871076   0.03330272063612938
41 0.50185305 0.4878652  0.97377557 0.7950861  0.0331520140171051
33 0.01439191 0.24157768 0.45526245 0.54121584 0.032160304486751556
29 0.06253939 0.         0.27390772 1.         0.031937889754772186
41 0.42825308 0.09096471 0.677517   0.7369916  0.03160110116004944
2 0.5703834  0.         0.8913906  0.91619796 0.03133392706513405
41 0.38869783 0.24269275 0.90796137 0.7976337  0.030586397275328636
1 0.1699608  0.         0.5783521  0.64173603 0.029895447194576263
10 0.02963661 0.48970383 0.5107275  0.78513265 0.029852889478206635
24 0.17209402 0.0793233  0.5764165  0.55049235 0.02976866625249386
21 0.5739205  0.18394268 1.         0.7614553  0.029382620006799698
2 0.06677293 0.17615685 0.23983994 0.6379875  0.028323637321591377
24 0.         0.26474264 0.31406814 0.54267806 0.028133779764175415
29 0.63076234 0.1998062  0.9283301  0.85961306 0.028099332004785538
34 0.3515578  0.05929474 0.90416366 0.43005392 0.02782774716615677
34 0.05009758 0.09233469 0.6665881  0.33141983 0.027712251991033554
34 0.38615388 0.15857    0.9194977  0.67298156 0.02738838829100132
24 0.15304242 0.1976667  0.5132761  0.74080133 0.027318768203258514
41 0.         0.         0.36276978 0.19259442 0.02595595456659794
29 0.4487308  0.2530664  0.88481134 0.74148804 0.02578725479543209
33 0.40183458 0.0657553  0.81653196 0.48244718 0.025687111541628838
2 0.41117013 0.         0.8487304  0.54808104 0.025528809055685997
41 0.01371623 0.24250098 0.4755292  0.64937913 0.02522830106317997
40 0.        0.1761698 0.8237263 1.        0.024877309799194336
42 0.41772908 0.23315619 0.9118977  0.6845643  0.024567637592554092
2 0.12847699 0.10493083 0.59538436 0.44704902 0.02439061552286148
24 0.52365637 0.38348854 0.761989   0.6993063  0.024343522265553474
10 0.11082334 0.3492147  0.6585255  0.8229458  0.023809196427464485
41 0.88185    0.47094443 1.         0.9248192  0.023732323199510574
4 0.20701818 0.31564906 1.         0.9286402  0.02297285571694374
24 0.         0.0603196  0.45375866 0.33268565 0.022964881733059883
34 0.         0.15717351 0.5963965  0.6138341  0.02277039736509323
24 0.51800275 0.48209637 0.97441846 0.7266408  0.02276064269244671
29 0.07963501 0.11482852 0.49963918 0.7743169  0.022377122193574905
24 0.24184123 0.12576659 0.94704264 0.44546682 0.02198546566069126
29 0.34374616 0.12851538 0.8322385  0.8731401  0.021294936537742615
4 0.04147291 0.2520759  0.6894453  0.89309686 0.021267833188176155
12 0.05298142 0.18784857 0.99630415 0.49225363 0.020953739061951637
2 0.24031182 0.00661995 0.96519095 0.5338148  0.020774859935045242
42 0.45629442 0.33748418 0.87271374 0.89763266 0.02062925137579441
24 0.         0.04760623 0.7413001  0.27478394 0.02038433589041233
15 0.37704065 0.34582257 0.78048736 0.6912594  0.02037118561565876
40 0.         0.04808225 0.38412854 0.7030111  0.020255401730537415
42 0.5799287  0.3334981  0.93421143 0.81910634 0.020242810249328613
29 0.4284793  0.23972547 0.77656955 0.97655255 0.019938519224524498
33 0.32988796 0.18435277 0.9908637  0.77244514 0.01975913718342781
29 0.4983349  0.13320094 0.68529344 0.8335628  0.019704807549715042
10 0.09815367 0.11976177 0.5425161  0.74733186 0.01941767893731594
42 0.237347   0.3605323  0.83800644 0.7475518  0.018958192318677902
34 0.04704112 0.08285116 0.49698508 0.5278626  0.01894224062561989
41 0.34810436 0.21889567 0.6906942  0.6617984  0.01882365718483925
24 0.8386083  0.0058646  0.9962888  0.07584033 0.018814971670508385
34 0.45342433 0.20652068 0.8337371  0.63495535 0.018793679773807526
29 0.4949553  0.31637692 0.90874666 1.         0.01873357966542244
24 0.11249909 0.0606578  1.         0.31962168 0.018552646040916443
29 0.10892076 0.07512446 0.38939175 0.9332727  0.01849590241909027
27 0.         0.02161769 1.         0.98123455 0.018389156088232994
40 0.         0.05335032 0.504651   1.         0.018323170021176338
41 0.39767507 0.07183917 0.84630626 0.66556126 0.01796570047736168
24 0.06332052 0.19177076 0.5857324  0.6274985  0.017839115113019943
33 0.         0.1079893  0.41538873 0.5411734  0.017427625134587288
1 0.47518972 0.         1.         0.59057224 0.017421092838048935
1 0.6299167  0.12124751 0.976111   1.         0.017364656552672386
24 0.         0.13809866 0.67986363 0.4106721  0.017338603734970093
34 0.36169738 0.23364502 0.9393623  0.5231942  0.017286013811826706
21 0.02983475 0.48695624 0.35212693 0.7522258  0.017250461503863335
1 0.01348864 0.         0.58507866 0.42373982 0.0171161200851202
34 0.02635991 0.06727336 0.53962785 0.27383107 0.01704827882349491
1 0.02742884 0.         0.6567633  0.51374495 0.01700054295361042
27 0.         0.06436737 0.6527757  0.93260276 0.01699666865170002
21 0.30811372 0.01544128 0.921904   0.4533721  0.01696176454424858
27 0.3892028  0.12029241 0.8462894  1.         0.016932588070631027
41 0.67544395 0.46443218 0.99015117 0.8435415  0.016871124505996704
24 0.         0.3059783  0.3976058  0.65511835 0.01680246740579605
41 0.         0.01389703 0.7023404  0.30290076 0.01678371988236904
10 0.25400034 0.12498729 0.8093801  0.74813104 0.016070395708084106
21 0.         0.04470425 0.94969076 0.3906945  0.01605328544974327
41 0.6127031  0.26155826 0.8634404  0.8566315  0.015994967892766
42 0.671787   0.2299638  0.95478547 0.7531231  0.01566377468407154
2 0.6273735  0.11283129 0.90424013 0.70482665 0.015543037094175816
33 0.09653829 0.19620255 0.77074844 0.68953925 0.015441043302416801
29 0.06508683 0.19061491 0.27093157 0.79731935 0.015330054797232151
34 0.457329   0.0274559  0.92479056 0.18746506 0.015196751803159714
1 0.        0.        1.        0.3406668 0.015160742215812206
34 0.09385024 0.24286686 0.4307086  0.6292582  0.014751721173524857
42 0.27349702 0.3932656  0.83131665 0.9339491  0.01443509478121996
41 0.7347453  0.486715   1.         0.94614893 0.014380217529833317
4 0.0026775  0.19832003 0.39396578 0.9300623  0.014314783737063408
33 0.44777972 0.21741697 0.7771227  0.69555247 0.014286089688539505
1 0.05827934 0.         0.7231894  0.7570866  0.014047576114535332
24 0.48639107 0.07018857 0.942453   0.5921798  0.014042745344340801
27 0.07144806 0.         1.         1.         0.01382889598608017
24 0.1727776  0.41639844 0.8362598  0.75333816 0.013684653677046299
40 0.         0.04491801 0.804326   0.6014199  0.013562104664742947
41 0.         0.01172117 0.32137558 0.34571102 0.013472060672938824
41 0.03376475 0.2742762  0.28931695 0.6206921  0.013274249620735645
18 0.8019472  0.40037405 1.         1.         0.01321526151150465
1 0.10335393 0.         0.5171256  0.4938903  0.013163454830646515
18 0.25950772 0.0504394  1.         0.87766725 0.013077695854008198
24 0.44034246 0.01429785 1.         0.14951116 0.013007249683141708
21 0.43300468 0.22516347 0.991827   0.6084678  0.012959184125065804
34 0.12760018 0.24961063 0.5744427  0.45739156 0.012935692444443703
1 0.21647352 0.27207366 0.986915   1.         0.012834605760872364
33 0.3046995  0.21552812 0.861791   0.513051   0.01250282023102045
33 0.08202726 0.05453509 0.5289265  0.77064294 0.012472866103053093
41 0.24996649 0.6449463  1.         0.86203545 0.012286480516195297
1 0.11367071 0.         1.         0.4100955  0.012224290519952774
10 0.64934826 0.21361288 1.         0.83726627 0.012149255722761154
24 0.         0.2711465  0.4760492  0.76131296 0.012131563387811184
41 0.31906107 0.0052769  0.72952414 0.44999075 0.01184240635484457
34 0.14580648 0.23826256 0.7650274  0.59618795 0.011648663319647312
29 0.02678297 0.         0.5204103  0.62515527 0.011636599898338318
34 0.10881085 0.11615157 0.44127935 0.45826057 0.011576101183891296
34 0.09546911 0.1050583  0.73440397 0.4530859  0.011487116105854511
29 0.12173361 0.19449787 0.30141604 0.7184271  0.011480552144348621
4 0.08887197 0.37623084 0.99792206 0.8374408  0.011249781586229801
9 0.         0.20531783 0.6882001  0.820849   0.01123379822820425
4 0.         0.16626894 1.         0.60404795 0.011188424192368984
13 0.02636203 0.06749187 0.31583107 0.9950163  0.011122678406536579
29 0.01256886 0.1430549  0.32686958 0.5507068  0.010971168987452984
41 0.75099975 0.5465667  1.         0.82842803 0.010970374569296837
9 0.         0.20045741 0.46196905 0.7027326  0.010936661623418331
24 0.3286883  0.60538787 1.         0.79031813 0.010905693285167217
24 0.23074514 0.02296501 0.91758406 0.22563772 0.010786955244839191
33 0.01829137 0.27534956 0.3390327  0.5214282  0.01069264393299818
10 0.44608197 0.1385335  0.9370629  0.79590845 0.010682384483516216
3 0.5060721  0.16797134 0.7839885  0.74437964 0.01043950580060482
10 0.09013306 0.46318838 0.83676875 0.9019103  0.010295592248439789
9 0.38398483 0.26959777 0.7229079  0.7671733  0.010231789201498032
18 0.90637827 0.7957605  1.         1.         0.010134454816579819
24 0.6825216  0.01496596 1.         0.15413916 0.010127493180334568
34 0.574912   0.01886765 0.94408256 0.1379683  0.010072954930365086
25 0.12488469 0.12182119 1.         0.69997734 0.010038882493972778
41 3.9776221e-01 6.5012614e-04 6.9274443e-01 5.9797466e-01 0.009944353252649307
24 0.03115278 0.26144695 0.753196   0.5792812  0.009877624921500683
27 0.         0.         1.         0.59278196 0.009877403266727924
27 0.03023112 0.13578983 0.8474177  0.57358104 0.009722941555082798
41 0.05165792 0.22239223 0.613536   0.55875564 0.009624787606298923
16 0.         0.16723062 0.9382415  0.37905753 0.00952946674078703
13 0.16074273 0.07078789 0.7232253  0.49758425 0.00945280585438013
29 0.568947   0.22953601 0.75216836 0.82938933 0.009334726259112358
2 0.03769793 0.1702818  0.3231464  0.44392976 0.009293274953961372
40 0.01343882 0.19070728 0.56703043 0.5879403  0.00916476920247078
25 0.         0.06171252 1.         0.59338826 0.00915999710559845
34 0.38513854 0.3524407  0.97435623 0.6420183  0.009151428937911987
10 0.06264824 0.5014077  0.62474895 0.8613949  0.009102730080485344
15 0.0801912  0.18639737 0.85453737 0.7497767  0.009072375483810902
21 0.38043457 0.1841567  1.         0.49369797 0.008982720784842968
10 0.01602777 0.         0.36657482 0.180213   0.008957285434007645
24 0.01197535 0.02559739 0.39336464 0.17396559 0.008913114666938782
24 0.8788511  0.00950231 0.9949152  0.10605954 0.008907496929168701
41 0.24731405 0.         0.9517344  0.18321663 0.008769982494413853
9 0.         0.06479803 0.41523567 0.3524905  0.008596573024988174
10 0.0690017  0.27474982 0.28761986 0.5704681  0.008572984486818314
33 0.12025012 0.23924528 0.75860506 0.53990966 0.008507253602147102
10 0.03056843 0.42929184 0.3652852  0.814847   0.008413542993366718
34 0.20339783 0.24102236 0.91648835 0.45056763 0.008408664725720882
35 0.         0.02963376 0.6636557  0.3489473  0.008332219906151295
41 0.         0.30079663 0.56326467 0.7395515  0.008308584801852703
18 0.5755077 0.        1.        1.        0.008287359029054642
25 0.         0.22862928 1.         0.6472164  0.008183147758245468
9 0.17324133 0.097737   0.6485205  0.4516497  0.008172541856765747
34 0.01416064 0.09292115 0.3823077  0.62089115 0.008088857866823673
27 0.32430792 0.21110596 1.         1.         0.00796943623572588
9 0.11762311 0.23938844 0.7303988  0.4621577  0.00781348254531622
9 0.         0.25143117 0.5779213  0.57386434 0.007719579618424177
28 0.         0.7904424  0.35895935 0.9749877  0.007590012159198523
10 0.21378917 0.60214895 1.         0.85155857 0.007493847049772739
10 0.1823702  0.10926659 0.7500852  0.553347   0.007377111818641424
41 0.17667188 0.40899134 0.7684343  0.6603232  0.007357570342719555
21 0.         0.08866788 0.6584313  0.46569267 0.007342240773141384
35 0.         0.2511904  0.6591133  0.45974702 0.007167275995016098
34 0.         0.04655337 0.40760928 0.22517762 0.007156058680266142
9 0.00724126 0.08683356 0.54409826 0.36814755 0.007139394525438547
29 0.37137884 0.10224157 0.6628688  0.66552484 0.00713517889380455
13 0.09194608 0.12102652 0.61740834 0.90822667 0.0069783516228199005
12 0.         0.23687898 0.6743308  0.5411459  0.006952670402824879
16 0.4924797  0.42724356 0.72285783 0.7134962  0.006904475390911102
33 0.2672054  0.12512077 0.9891111  0.59000164 0.006881773006170988
29 0.68270886 0.36418045 0.97959447 1.         0.006774190813302994
34 0.29123512 0.24821363 1.         0.808238   0.006722227204591036
9 0.         0.24044144 0.2944053  0.6781994  0.006716508883982897
24 0.59515357 0.21112916 0.96267754 0.62330383 0.006688238587230444
35 0.         0.13120355 0.45837954 0.718384   0.006684803403913975
41 0.21590038 0.02545232 0.87761545 0.36466908 0.006673597730696201
42 0.13084264 0.25889775 0.73753697 0.7566785  0.006636816076934338
