1 0.         0.05442195 0.7609017  0.7425328  0.3588017225265503
1 0.05745789 0.11088923 0.970159   0.6517489  0.14435052871704102
1 0.11144374 0.         1.         0.77336013 0.14083780348300934
24 0.16320033 0.15060735 0.8824772  0.5209973  0.08515371382236481
24 0.15658593 0.1080157  0.6261252  0.6499019  0.07726570963859558
24 0.08056188 0.07473173 0.52442545 0.20166065 0.07333189249038696
24 0.19479676 0.21665508 0.82196015 0.71034783 0.06713525950908661
1 0.01552066 0.01163508 0.53683555 0.8816154  0.06695736199617386
24 0.04882091 0.8251958  0.70119333 1.         0.06393176317214966
14 0.91346    0.7911962  0.99765086 0.8682478  0.059419915080070496
24 0.31005913 0.20443606 1.         0.73926353 0.05928579717874527
25 0.         0.9103117  0.16886401 0.9949974  0.05866709351539612
24 0.41577482 0.2356852  0.9833952  0.5817898  0.058459844440221786
14 0.90743786 0.7519692  0.99821097 0.8570266  0.05832206830382347
14 0.93350273 0.7777233  0.9981888  0.88415843 0.05743062496185303
24 0.11924319 0.35987166 0.77358806 0.893708   0.057181451469659805
24 0.17159565 0.13004108 0.6676397  0.4807251  0.05556558445096016
14 0.8196346 0.7296996 0.9981047 0.8780356 0.055442795157432556
34 0.11442902 0.17431583 1.         0.62890756 0.0552811436355114
34 0.10004756 0.81559676 0.95454204 1.         0.054783616214990616
19 0.01270309 0.91465414 0.1454441  0.9976693  0.05465668439865112
14 0.9133583 0.7385434 0.9974899 0.815267  0.054498929530382156
14 0.93316084 0.72559696 0.9980892  0.83040035 0.05371658876538277
20 0.03652763 0.8530483  0.63207346 0.9772632  0.05356939509510994
14 0.9497797  0.72902644 0.9984489  0.884833   0.05331939831376076
14 0.9144431  0.81705314 0.99682754 0.8943932  0.052847206592559814
20 0.00105409 0.91899854 0.1578779  0.9890577  0.052729446440935135
14 0.76664114 0.7031898  0.9974621  0.85086787 0.05091419816017151
14 0.9327444  0.6992072  0.99726623 0.8018712  0.050615571439266205
20 0.         0.8860771  0.11713377 0.9844249  0.05044735595583916
14 0.91296947 0.7123039  0.99683726 0.78756785 0.05034593120217323
34 0.69500786 0.911837   0.97876704 1.         0.05028509348630905
20 0.         0.95096123 0.08040104 0.99230176 0.04954845830798149
1 0.3015234  0.07838224 1.         0.64131016 0.04927744343876839
19 0.00826269 0.88516736 0.10679553 1.         0.04863676428794861
14 0.9343741  0.80370915 0.99713206 0.9105561  0.04787886142730713
14 0.9491011 0.6760261 0.9970922 0.8270383 0.047339942306280136
24 0.3349704  0.322302   0.9781944  0.92790836 0.04724419489502907
24 0.30251342 0.8052925  1.         1.         0.04719441384077072
34 0.21899274 0.73968804 0.8307957  1.         0.04662090912461281
14 0.91168034 0.68528146 0.99499655 0.75952846 0.046375904232263565
33 0.03816544 0.17284368 1.         0.6416856  0.046347521245479584
14 0.8166407  0.67512125 0.9938884  0.82262903 0.046134769916534424
20 0.         0.937559   0.05787252 0.98840314 0.04537235200405121
14 0.85501415 0.6733162  0.994096   0.883107   0.04528273269534111
1 0.         0.1279141  0.62195486 0.62600803 0.04488212242722511
14 0.9319335 0.6717739 0.9956328 0.7735725 0.04484625905752182
14 0.84682006 0.75633204 0.99489176 0.9064727  0.04383086785674095
16 0.06210124 0.3799515  0.6168941  0.87271243 0.04284616932272911
24 0.16545406 0.4778124  1.         1.         0.042638543993234634
10 0.         0.8752281  0.12229633 1.         0.04256653040647507
24 0.21607323 0.10089685 0.8429876  0.36964402 0.041365932673215866
25 0.         0.9481528  0.08154604 1.         0.04113498702645302
34 0.8891371 0.9217616 0.9912141 1.        0.040345411747694016
25 0.         0.87440073 0.12152445 0.9948095  0.04010709002614021
14 0.95064753 0.7807655  0.99676406 0.9407465  0.03817814961075783
34 0.9389315 0.9086834 0.9964797 1.        0.03812093660235405
10 0.         0.90892    0.1743443  0.99593294 0.03809644281864166
21 0.29353768 0.8058287  0.9155489  0.9864994  0.038067981600761414
16 0.01089707 0.9218203  0.14161047 0.99641114 0.03648286685347557
14 0.909704   0.6579917  0.99243164 0.7312055  0.036329809576272964
19 0.22248034 0.8431946  1.         1.         0.036277420818805695
24 0.00655137 0.91020226 0.16233306 1.         0.036186691373586655
24 0.38138658 0.72605956 0.89983034 1.         0.03563287481665611
24 0.917297   0.63289267 0.9976675  0.6987408  0.03561634197831154
24 0.9137095  0.65836465 0.9984656  0.7267616  0.03534967079758644
41 0.16755676 0.8408409  0.69032604 0.997371   0.03508881479501724
16 0.32959157 0.870235   0.94125885 1.         0.03507913649082184
29 0.32157776 0.16450638 0.96069336 1.         0.03500979766249657
16 0.00462206 0.9502966  0.06791534 0.9977323  0.03499050438404083
34 0.74498343 0.8752417  0.98052585 1.         0.03487003222107887
27 0.754015  0.9153661 1.        0.9978537 0.03476184606552124
14 0.8397999 0.6480954 0.9905735 0.793907  0.034672293812036514
14 0.91561913 0.84420276 0.99414754 0.9219641  0.03466642647981644
10 0.         0.93143284 0.05966394 0.9944901  0.03444654867053032
14 0.93051285 0.6441029  0.99398774 0.74462193 0.03379290923476219
1 0.01800557 0.04861316 1.         0.5345522  0.03372681140899658
41 0.00403184 0.87934726 0.1098083  1.         0.03365372493863106
24 0.93270266 0.67158294 0.9989012  0.767436   0.03338697552680969
38 0.2057102  0.24661359 1.         0.73506993 0.033294253051280975
24 0.9349247  0.6462963  0.99855554 0.7384301  0.0332239605486393
24 0.7616443  0.6476261  1.         0.78408384 0.03295065090060234
24 0.94934857 0.67616314 0.9988186  0.8184421  0.03291479870676994
18 0.7508181 0.9092138 0.976164  1.        0.032739266753196716
41 0.01153068 0.91037434 0.16041835 1.         0.03266313299536705
27 0.         0.8765005  0.12085333 1.         0.032530587166547775
14 0.725222   0.6756114  0.93143356 0.882942   0.03249768540263176
25 0.         0.93336385 0.05786949 0.9997978  0.03215242177248001
24 0.93697774 0.62030303 0.9988908  0.7110391  0.03215179219841957
27 0.         0.91035974 0.17397599 1.         0.0320802666246891
24 0.821122   0.62427604 1.         0.75525075 0.031811900436878204
20 0.94910395 0.91594666 0.9979567  1.         0.031731098890304565
41 0.9171436  0.6219457  1.         0.70881575 0.03171384707093239
24 0.8818568 0.6489474 0.998365  0.8405405 0.031402379274368286
16 0.20842926 0.58050114 0.8834522  0.9428204  0.031133919954299927
34 0.8535405 0.8772629 0.9880528 1.        0.03104226663708687
20 0.9094438 0.9272714 0.9944383 1.        0.030944617465138435
9 0.         0.91712326 0.15522972 1.         0.030926009640097618
20 0.83147806 0.91875887 0.9936485  1.         0.03088025189936161
24 0.00403554 0.8764661  0.11526068 1.         0.030798649415373802
24 0.91046053 0.684436   0.99828464 0.75516385 0.03054569475352764
10 0.         0.9470617  0.08456524 0.99454135 0.030347540974617004
24 0.9519886  0.6264287  0.99922    0.76191854 0.030157053843140602
14 0.9347384  0.8311364  0.9954828  0.93840915 0.029992325231432915
24 0.8087806  0.6722642  0.99822277 0.8141806  0.029889360070228577
24 0.9484476  0.7282412  0.99914545 0.87719584 0.029560275375843048
41 0.06487821 0.21274886 0.672307   0.8255451  0.02952631562948227
24 0.04234534 0.04925404 0.46481442 0.17303109 0.02947762794792652
24 0.7504805 0.9131759 1.        1.        0.02943478710949421
24 0.27731076 0.503725   0.7466947  1.         0.029257813468575478
32 0.0198713  0.9113326  0.16714941 1.         0.02922630123794079
38 0.26132458 0.32554498 0.93632936 0.8622291  0.029197344556450844
20 0.7864404 0.8876573 0.9908587 1.        0.02915458381175995
24 0.93054473 0.74998355 0.9990352  0.85219914 0.029081961140036583
24 0.93108016 0.6978725  0.9987224  0.7961355  0.029055871069431305
10 0.        0.8463054 0.7328099 1.        0.028977755457162857
19 0.76164013 0.91226596 0.96998245 1.         0.028961878269910812
24 0.74297035 0.6447996  0.9671173  0.8430778  0.028884069994091988
24 0.9085428 0.7893459 0.9982002 0.8652489 0.02881200611591339
18 0.9483254  0.90550995 0.9946293  1.         0.02876555547118187
16 0.00360759 0.93882257 0.04679267 0.9979644  0.028638193383812904
24 0.9306266 0.7240163 0.998992  0.8243394 0.02863297611474991
20 0.8778247  0.88740814 0.9956682  1.         0.02852729894220829
24 0.93076754 0.77631575 0.9989863  0.8802359  0.028394363820552826
27 5.8451336e-04 3.5992503e-01 7.1225899e-01 1.0000000e+00 0.02834410034120083
24 0.9205722  0.60745424 0.99827975 0.6716334  0.02827516943216324
38 0.10936005 0.32990384 0.7584732  0.87042075 0.028246767818927765
24 0.8332258  0.6982692  0.9980618  0.84462607 0.028100281953811646
14 0.6926403  0.64594454 0.90438855 0.8533368  0.028042864054441452
19 0.91158503 0.9486531  0.9903279  1.         0.027851592749357224
24 0.9082339  0.7632071  0.9984613  0.83806425 0.027806418016552925
19 0.93252414 0.93501395 0.99390334 1.         0.02773815207183361
41 0.00397384 0.5567217  0.16083944 0.99876314 0.027585778385400772
24 0.9090193 0.7110385 0.9984004 0.782921  0.027389906346797943
10 0.         0.82807434 0.08945789 1.         0.02729843556880951
34 0.9181941 0.8780438 0.9936516 0.9967557 0.027189526706933975
24 0.9084484 0.7372207 0.9985194 0.8107555 0.027103038504719734
41 0.9173237 0.5951247 1.        0.6825276 0.027090653777122498
41 0.9370903  0.60528827 1.         0.72432876 0.026974063366651535
18 0.9079548  0.91819185 0.9892919  1.         0.026817122474312782
9 0.        0.8906378 0.1124908 1.        0.026613669469952583
21 0.73152745 0.914812   0.96929204 0.99867535 0.026468969881534576
24 0.90757155 0.9487073  1.         1.         0.026373835280537605
34 0.61909735 0.82892954 0.9761024  1.         0.026297593489289284
16 0.94676244 0.6731963  0.99698967 0.82994264 0.026201505213975906
20 0.17387652 0.85507804 0.85168713 0.9852371  0.02613825537264347
14 0.9474445  0.61707115 0.9952214  0.7698207  0.026053426787257195
24 0.09788246 0.05760493 0.47189087 0.6094125  0.025943925604224205
20 0.         0.8466883  0.08425208 0.978173   0.02580404095351696
19 0.9505174 0.9125821 0.9959387 1.        0.025710495188832283
16 0.94751596 0.72981447 0.99755913 0.88694173 0.025385281071066856
14 0.7569287 0.7016234 0.9575523 0.9143236 0.025336025282740593
24 0.9092757  0.81631845 0.9976481  0.89303243 0.025309128686785698
41 0.00224041 0.8420889  0.07927882 1.         0.024869270622730255
41 0.09964264 0.65426373 0.9554561  0.9954348  0.024852802976965904
14 0.9065087  0.630709   0.99060154 0.7020304  0.024849550798535347
16 0.00723845 0.8962173  0.09978363 0.9983881  0.024842333048582077
19 0.00418575 0.8546708  0.080216   1.         0.024730075150728226
16 0.121387   0.8620461  0.57238233 0.97626287 0.02463512308895588
18 0.671954  0.8263432 0.9840902 1.        0.024540109559893608
34 0.15840864 0.64062524 0.9283712  1.         0.024452511221170425
24 0.9475184  0.91090316 1.         1.         0.024403108283877373
27 0.67479783 0.8386378  1.         1.         0.024336254224181175
41 0.95304364 0.605737   1.         0.7786972  0.024334877729415894
16 0.92990667 0.75175315 0.99618757 0.85948956 0.02432897314429283
33 0.06692739 0.34491685 0.850824   0.86408085 0.02409132570028305
34 0.25691855 0.06776579 0.99798584 0.79896843 0.02405388653278351
19 0.30441108 0.79513174 0.88540936 1.         0.02397662028670311
32 0.01149532 0.8823167  0.11494431 1.         0.02394426241517067
33 0.92730117 0.935552   0.9949316  0.99571615 0.023803720250725746
18 0.79076785 0.87454915 0.98424727 1.         0.02378370612859726
18 0.00477578 0.762147   0.05803398 0.87632936 0.02375192567706108
16 0.9303727  0.7791644  0.99647444 0.8857463  0.02372518740594387
34 0.8919218  0.8939607  0.99080914 0.9811421  0.023657575249671936
27 0.90842277 0.92512196 0.9985255  0.99830663 0.023610161617398262
16 0.9288855 0.669609  0.9953237 0.7759763 0.023556454107165337
24 0.13982376 0.09786231 0.59122765 0.33379933 0.023422379046678543
37 0.0214248  0.90608066 0.17015052 0.9943369  0.023420285433530807
16 0.9074976  0.62678343 0.99344707 0.7064866  0.02333751507103443
3 0.75258887 0.92702824 0.9950108  1.         0.023331396281719208
33 0.9453004  0.9134429  0.9972684  0.99565953 0.023331113159656525
33 0.90663564 0.9491685  0.9919616  0.9964313  0.023317724466323853
14 0.8232354 0.782619  0.9891308 0.9370877 0.023309150710701942
25 0.13228938 0.81191176 0.99595195 0.9766678  0.02327038161456585
24 0.9308277  0.8035909  0.9987734  0.90924686 0.0232277549803257
16 0.20451221 0.7023267  0.89524144 0.9846879  0.023128746077418327
16 0.92958266 0.7243141  0.9957838  0.8327986  0.023077860474586487
24 0.0014064  0.83367676 0.33590496 1.         0.023041509091854095
16 0.90894604 0.7921981  0.9942439  0.8697524  0.022988520562648773
28 0.         0.8290617  0.49087358 0.9747117  0.022862497717142105
14 0.8078052  0.61922026 0.9847901  0.76279515 0.022745167836546898
24 0.1376184  0.0628779  0.64596164 0.22329056 0.022735657170414925
11 0.23456027 0.8373704  0.95437187 0.9854223  0.02270728535950184
1 0.13516788 0.15905271 0.768315   0.9115075  0.02261391654610634
14 0.7683142  0.61340016 0.97686243 0.8229954  0.022552454844117165
32 0.08584353 0.8195273  0.6866782  0.9813832  0.022534001618623734
18 0.3558186 0.8242602 0.9267035 1.        0.02251628041267395
18 0.8793206  0.8749469  0.99083406 1.         0.022509459406137466
16 0.92915815 0.6967466  0.9951583  0.80489355 0.022491367533802986
19 0.8398648  0.91358024 0.9808617  1.         0.022455070167779922
6 0.9070996 0.7890097 0.9961853 0.8641877 0.022447679191827774
24 0.67112315 0.6195858  0.8907679  0.81018305 0.022420231252908707
16 0.90845025 0.7649044  0.99370354 0.8434898  0.022396042943000793
14 0.92797875 0.61611813 0.9929767  0.715156   0.02226865664124489
24 0.69707084 0.7230276  0.99684316 0.87722534 0.02226419188082218
16 0.9070934  0.65571254 0.99340546 0.733541   0.022263700142502785
41 0.91762584 0.65023345 1.         0.73557276 0.022235006093978882
32 0.00733885 0.8406199  0.08175461 1.         0.022175222635269165
16 0.92887634 0.6401142  0.99614954 0.747609   0.02216552384197712
15 0.         0.8925698  0.12956111 0.9945803  0.0221533365547657
36 0.01225815 0.9100235  0.16272973 1.         0.022130867466330528
24 0.8756044  0.8811939  0.99893343 1.         0.02195749245584011
41 0.8240266  0.60463166 1.         0.7737212  0.021933630108833313
15 0.         0.9205709  0.17480752 0.992016   0.021864797919988632
16 0.11047895 0.46998852 0.5016392  0.9091896  0.02180543728172779
41 0.00196409 0.75081754 0.05744155 0.85648775 0.021770872175693512
41 0.71828663 0.5913512  0.94977653 0.8373113  0.021739676594734192
16 0.817415   0.63929516 0.986471   0.8606294  0.021713968366384506
32 0.02504042 0.5163909  0.16293187 0.981508   0.021673066541552544
3 0.93010134 0.9426505  0.998145   0.998539   0.021669214591383934
15 0.         0.56135386 1.         0.94332266 0.02166295424103737
10 0.         0.54264516 0.19207245 0.9973221  0.021539390087127686
16 0.75194603 0.6415041  0.97967654 0.7984553  0.021458610892295837
6 0.9292782  0.7740558  0.9978937  0.87896466 0.021417813375592232
16 0.9083682  0.73776686 0.9934603  0.81691724 0.021353278309106827
14 0.69774526 0.75343895 0.9685778  0.90769297 0.02128036879003048
20 0.9319756  0.88659436 0.99699086 0.98974276 0.0212546493858099
36 0.03601385 0.8482356  0.6635387  1.         0.021199708804488182
41 0.01114043 0.6925066  0.16296619 0.8480252  0.021189121529459953
16 0.37982145 0.8122996  0.81232274 1.         0.021179351955652237
24 0.94808996 0.7812436  0.9988604  0.93737376 0.021178629249334335
16 0.80637884 0.611317   0.9855306  0.7709618  0.021100658923387527
41 0.9530236 0.6602673 1.        0.8355723 0.021097034215927124
24 0.0081266  0.5582903  0.15747969 0.97735983 0.0210737194865942
15 0.         0.36448267 0.7424525  0.89231    0.0210435651242733
3 0.01682704 0.92019665 0.15201618 0.9960589  0.021036984398961067
27 0.948693   0.91339207 0.99953425 0.99989027 0.021013783290982246
34 0.94139135 0.82523686 0.9958162  0.99734235 0.020849067717790604
41 0.9526675  0.71256554 1.         0.89073384 0.020846234634518623
16 0.9073384  0.6838999  0.9925272  0.76180387 0.020786799490451813
24 0.7084237  0.668557   0.9390791  0.88009167 0.020702768117189407
33 0.20732558 0.03891782 1.         0.84382725 0.02062726765871048
3 0.9480873  0.92318064 0.99849725 0.9970501  0.02057465724647045
41 7.9060241e-04 7.7738750e-01 5.6847721e-02 8.8493025e-01 0.020569151267409325
16 0.7525895  0.6993902  0.9819503  0.85598195 0.020562928169965744
16 0.8082125  0.72832024 0.9886575  0.88352084 0.020427027717232704
20 0.91118836 0.84316045 0.9964016  1.         0.02037821337580681
41 0.9373206  0.66119653 1.         0.7793464  0.020338017493486404
24 0.6675469 0.8342395 1.        1.        0.020298052579164505
24 0.10633291 0.5415626  0.7098173  1.         0.020272133871912956
16 0.90793276 0.71063054 0.99297994 0.78977984 0.02023274637758732
41 0.07806201 0.43908083 0.5347428  0.90020895 0.020168887451291084
7 0.         0.         0.91654545 0.37224525 0.020115269348025322
41 0.93635005 0.73986846 0.9998939  0.8621368  0.020069893449544907
24 0.00287901 0.8393734  0.08202557 1.         0.019962463527917862
6 0.92930776 0.7478974  0.9974098  0.85249746 0.019943445920944214
32 0.00442312 0.94296056 0.08312839 1.         0.019905060529708862
11 0.         0.91671085 0.1618097  0.9903443  0.019871089607477188
6 0.90758425 0.76249343 0.99564946 0.8378526  0.019853699952363968
24 0.8510194 0.599678  1.        0.730786  0.01984819956123829
16 0.7364096 0.6398124 0.9463234 0.8615063 0.019815564155578613
25 0.         0.81363636 0.72060704 0.9694481  0.019756419584155083
27 0.8770737 0.8838017 0.9957262 1.        0.019716056063771248
14 0.90795964 0.9467072  0.99746525 1.         0.019693177193403244
41 0.77752066 0.5930948  1.         0.83853966 0.01968727447092533
6 0.89728916 0.94850427 0.9955136  1.         0.019668269902467728
18 0.932107  0.8749877 0.9950515 0.9945271 0.01963193155825138
6 0.90732086 0.8148845  0.9971335  0.8899101  0.01960548385977745
14 0.9332233  0.8590915  0.99497825 0.969241   0.019555993378162384
1 0.7874619  0.90633285 1.         1.         0.01954614743590355
24 0.87631124 0.69936055 0.99731064 0.90892166 0.0195107851177454
15 0.         0.10144295 0.8423314  0.80096835 0.01949227601289749
41 0.9158198  0.78298134 0.9996254  0.87193614 0.01934029906988144
34 0.89575565 0.8286618  0.9911253  1.         0.01928894966840744
16 0.92884964 0.6112318  0.99573094 0.72086346 0.01927490159869194
18 0.0064878  0.825222   0.08306421 1.         0.01926240883767605
16 0.6975023  0.6705555  0.97479445 0.8276454  0.019254125654697418
41 0.42165995 0.8393264  0.964864   1.         0.019233830273151398
20 0.66178757 0.8450517  0.98013103 0.99306524 0.019230522215366364
16 0.9099207 0.8197861 0.9948641 0.8958615 0.019166676327586174
14 0.00504903 0.9451665  0.08128191 0.9957806  0.01912798546254635
16 0.946867   0.6126336  0.9974381  0.77375937 0.019104722887277603
24 0.8320749  0.75138134 0.99646413 0.9068157  0.01910083182156086
6 0.         0.9468622  0.07597196 1.         0.019036415964365005
14 0.91375035 0.87254053 0.99287    0.95248985 0.0190280731767416
41 0.88713056 0.6254924  1.         0.86481714 0.018997453153133392
41 0.01944689 0.21939774 0.5945909  0.6209678  0.01897999830543995
21 0.65467834 0.84515667 0.9706539  1.         0.018972624093294144
41 0.10973994 0.5824402  0.6076992  0.9585008  0.018963566049933434
25 0.7418743  0.91363347 1.         0.9886739  0.018950385972857475
14 0.94932353 0.83403504 0.9971529  1.         0.01893409714102745
19 0.        0.8560137 0.3149753 0.9985556 0.018906867131590843
24 0.00850451 0.94752294 0.07922662 0.9981465  0.018876366317272186
11 0.         0.8834116  0.11434652 0.98833084 0.018861208111047745
41 0.9160117  0.75624835 0.9995861  0.8453486  0.018857402727007866
12 0.9486123 0.7154405 1.        0.8803466 0.018833637237548828
14 0.9482862 0.9102819 0.998442  1.        0.018799811601638794
6 0.9470134 0.72311   0.9980522 0.8782338 0.0187936220318079
24 0.9396394  0.5962865  0.9991839  0.68421066 0.018646148964762688
3 0.00985038 0.89345104 0.10464647 0.9996683  0.01862824149429798
