1 0.31057826 0.3393112  1.         0.6886853  0.2159702181816101
1 0.092871  0.        1.        0.7263441 0.1931704431772232
1 0.33616173 0.45225495 0.9034428  0.84394115 0.15495583415031433
10 0.08998734 0.6451804  0.9698277  0.98010236 0.14629100263118744
1 0.3767199  0.30680686 0.88426423 0.7685364  0.1339150220155716
1 0.30970898 0.24980702 1.         0.80290926 0.12466438114643097
1 0.24294445 0.1313309  1.         0.6447636  0.09616726636886597
27 0.03427267 0.09030662 1.         0.77869    0.07797130942344666
34 0.1340698  0.4171699  0.8511251  0.67194957 0.07666820287704468
33 0.5097253  0.03226557 0.92643607 0.53181267 0.0705798789858818
1 0.37181887 0.         1.         0.74982506 0.06440167874097824
14 0.49459097 0.17422926 0.993704   0.5085235  0.05845218524336815
29 0.17220007 0.24422194 0.7358776  0.9886381  0.05551544949412346
24 0.         0.11433246 0.27311683 0.3719281  0.048808179795742035
24 0.92895126 0.4036246  0.9949913  0.51095265 0.04717332124710083
1 0.37480974 0.45777264 0.8024713  1.         0.04700631648302078
24 0.         0.03508113 0.2802553  0.29779723 0.04627388343214989
34 0.32751998 0.3672478  0.8041548  0.68948615 0.04464668780565262
24 0.90919805 0.41596532 0.9904641  0.49392676 0.04349710792303085
21 0.02100146 0.5552964  0.76379836 0.9420193  0.04161539673805237
24 0.92952853 0.37678283 0.99371064 0.4844003  0.03929155692458153
40 0.         0.13683851 0.579216   0.89275014 0.038263577967882156
40 0.        0.1341832 1.        1.        0.03636360540986061
21 0.00852755 0.44070712 0.48882693 0.71848685 0.03632335364818573
27 0.0014135  0.30082256 0.7010525  0.66225284 0.036067597568035126
33 0.45512447 0.14027043 0.97886336 0.40800554 0.03565431758761406
27 0.3990576  0.05478024 0.9981596  0.40499234 0.03439946100115776
1 0.         0.06897647 1.         0.62960845 0.03415408357977867
2 0.1746884 0.1715782 0.8996041 0.741974  0.032786622643470764
24 0.         0.04290229 0.14102083 0.28038132 0.03228619694709778
29 0.4717985  0.32831445 0.8968481  0.95710087 0.03206302225589752
1 0.24169011 0.57824636 0.81164485 0.91059065 0.03198248893022537
40 0.         0.26041776 0.9522011  0.81865877 0.03167401999235153
1 0.25680894 0.24907118 0.87593    0.6727433  0.03147211670875549
41 0.1755142  0.4222668  0.78515273 0.70305455 0.0302578117698431
2 0.26563716 0.09430064 0.8102142  0.9377343  0.029720714315772057
24 0.9094795  0.38920847 0.989663   0.46767116 0.029403552412986755
2 0.4360014  0.07034244 0.90134716 0.8710445  0.029098153114318848
38 0.48806164 0.00961985 1.         0.15610377 0.02805338054895401
34 0.25372374 0.26544434 0.96298426 0.82081544 0.0278695747256279
27 0.25965303 0.20963494 0.8521392  0.7596257  0.027712596580386162
24 0.9290188  0.42990994 0.9959973  0.5402785  0.027384504675865173
15 0.5248063  0.14173031 1.         0.43097425 0.027155086398124695
4 0.02190272 0.5690994  0.94531393 1.         0.0267639197409153
27 0.3621328  0.02126185 0.97449446 0.68301433 0.02671247534453869
28 0.         0.05853323 0.6985734  0.332047   0.026452649384737015
29 0.22760722 0.4277615  0.68802124 0.7609246  0.026211705058813095
24 0.90961105 0.44219956 0.99197716 0.5224188  0.025744382292032242
34 0.12461045 0.18979591 1.         0.65531534 0.02573554776608944
27 0.18380341 0.         1.         0.8668331  0.025607407093048096
24 0.         0.02111839 0.20980708 0.20166685 0.025149980559945107
21 0.02716166 0.15254909 0.8709893  0.7499439  0.025042306631803513
27 0.26524678 0.13001849 0.9756164  0.44629568 0.024813298135995865
24 0.         0.01665854 0.29542035 0.14830646 0.024510594084858894
24 0.         0.01070141 0.14880863 0.07200057 0.024418648332357407
28 0.         0.10083124 0.33185697 0.37895006 0.024226944893598557
21 0.         0.3979457  0.8203125  0.92186314 0.02383982576429844
27 0.53107846 0.00558749 0.92179537 0.6077685  0.023360177874565125
24 0.44329897 0.01736257 0.89055485 0.97659963 0.023227069526910782
1 0.25103012 0.5437859  1.         0.9571917  0.023121649399399757
5 0.        0.        0.9125232 1.        0.022936759516596794
24 0.03780675 0.02576772 0.564462   0.30676952 0.022846756502985954
20 0.48235577 0.14087167 0.9653199  0.3694049  0.022800732403993607
27 0.33820474 0.18260247 0.7236671  0.9480649  0.022691484540700912
24 0.6411333  0.00331329 0.9041311  0.5065569  0.022287216037511826
24 0.6831491  0.012003   0.99783164 0.15075092 0.022287169471383095
2 0.18537359 0.34761566 0.7388336  0.7137606  0.022173913195729256
10 0.07198812 0.4763406  0.51091385 0.7929508  0.022166231647133827
24 0.35669723 0.32596463 0.75633    0.8036471  0.022076470777392387
10 0.11126831 0.5382367  0.8247847  1.         0.022035550326108932
34 0.298014   0.10246366 0.9750446  0.61901826 0.021595630794763565
24 0.83442307 0.01174041 0.99467176 0.13129522 0.02148023061454296
38 0.55271626 0.0593967  1.         0.38775074 0.02127494104206562
24 0.         0.00867545 0.5168561  0.15014012 0.021244285628199577
14 0.44531822 0.10586889 0.9377405  0.66774255 0.021214820444583893
21 0.11083514 0.42783615 0.8176225  0.6681431  0.021111736074090004
28 0.2852921  0.01436784 0.8897693  0.15151235 0.020941507071256638
24 0.01125234 0.22574286 0.8111532  0.7950847  0.02059030532836914
16 0.08728668 0.34710887 0.68708485 0.7159529  0.02040313556790352
19 0.595553   0.09857393 0.8693913  0.517469   0.020342379808425903
1 0.         0.         0.64779806 0.65071577 0.020217949524521828
27 0.50345564 0.11714348 1.         0.47897056 0.019389141350984573
29 0.15666482 0.12073072 0.75180495 0.7292793  0.01923317462205887
40 0.         0.13952439 0.94421124 0.6760124  0.019186990335583687
38 0.19186613 0.01183187 0.97613895 0.16548933 0.019076276570558548
24 0.9091876  0.0099214  0.99654746 0.14785972 0.0187192652374506
34 0.         0.21831137 0.9048098  0.79547477 0.018502334132790565
27 0.13661093 0.33821788 0.97753775 0.7398693  0.01823597587645054
5 0.         0.09792941 1.         0.7926981  0.0180747639387846
7 0.         0.24173595 1.         0.80544764 0.017608454450964928
41 0.33179516 0.43470567 0.749569   0.80229783 0.017606094479560852
27 0.02152931 0.04885516 0.67976695 0.6741791  0.017605749890208244
34 0.29281685 0.26116058 0.9599055  0.5780803  0.017199380323290825
24 0.13456243 0.40985513 0.7276916  0.755176   0.01713479869067669
15 0.39153454 0.14556384 1.         0.48496574 0.017109261825680733
24 0.6051683  0.02360336 0.9576162  0.86476034 0.017100626602768898
14 0.9307003  0.40077746 0.9956987  0.5167781  0.01660119742155075
24 0.83287495 0.00817675 0.9983763  0.07532907 0.01630478724837303
14 0.9106143 0.4131864 0.9938675 0.5010582 0.016303615644574165
33 0.3209113  0.02773733 1.         0.5856844  0.016275474801659584
38 0.         0.02153759 0.6829169  0.34159037 0.01605699583888054
19 0.50256187 0.02802081 0.88105136 0.4547041  0.015900449827313423
24 0.65287685 0.1270215  0.9735179  0.44572866 0.01577911712229252
18 0.39592576 0.5162235  1.         1.         0.015759289264678955
28 0.         0.02870695 0.3320164  0.30670038 0.015354678966104984
24 0.         0.01367259 0.3808687  0.19673322 0.015345118939876556
7 0.01962451 0.16868187 0.83063185 0.96413964 0.015277016907930374
38 0.9216207  0.3958383  1.         0.50433314 0.015172002837061882
34 0.26193726 0.49217582 0.80901724 0.7949413  0.015147864818572998
1 0.0169632  0.22108452 1.         0.7290158  0.015133685432374477
41 0.34620866 0.31189227 0.9167084  0.7814081  0.015020912513136864
15 0.51455504 0.07624118 0.94685304 0.52086073 0.014935239218175411
24 0.9492314  0.00599537 0.9978931  0.08177561 0.014930196106433868
19 0.6140524  0.         0.8160473  0.65342265 0.014814109541475773
16 0.12243182 0.38447744 0.83905864 0.6549609  0.014781277626752853
18 0.23303404 0.4678708  0.88483393 0.98699844 0.01476969476789236
21 0.00519333 0.344549   0.57241935 0.7726206  0.014634235762059689
28 0.93006563 0.4008102  1.         0.49753088 0.014539808966219425
24 0.         0.05299011 0.20988686 0.43249503 0.014335189014673233
13 0.43532807 0.08830293 0.8980944  0.39898846 0.01431417465209961
20 0.3932564  0.20565374 0.912557   0.43280005 0.014157017692923546
1 0.06925771 0.3861935  0.99031854 0.78933734 0.014120413921773434
24 0.         0.0186631  0.10496777 0.10602625 0.01406348031014204
10 0.17943685 0.50096285 0.72029656 0.9794868  0.01396233681589365
28 0.55999935 0.01477203 1.         0.14791912 0.013734240084886551
24 0.28474095 0.01039267 0.91390425 0.15388697 0.013720424845814705
24 0.59086186 0.08385827 1.         0.3727568  0.013638523407280445
33 0.3594204  0.10499562 0.97190493 0.4912721  0.013544497080147266
24 0.875491   0.01238913 0.99404144 0.10800977 0.0134006692096591
14 0.91361856 0.43970948 0.9930794  0.52809644 0.013352776877582073
20 0.1306433  0.15911576 0.8586405  0.63271874 0.013263785280287266
14 0.68405867 0.09917206 0.9766713  0.5658409  0.013037928380072117
1 0.36149922 0.6820375  0.97097415 0.9911232  0.012845759280025959
21 0.20403339 0.61271626 0.7349105  0.92292404 0.012842043302953243
28 0.12772883 0.20718943 0.6564867  0.6333933  0.012802572920918465
28 0.         0.02034684 0.52952635 0.150875   0.012720839120447636
38 0.8152047  0.         1.         0.49931112 0.012603512965142727
5 0.07570547 0.         1.         0.73516107 0.012528976425528526
29 0.1239401  0.43870372 0.5365908  0.7646644  0.012369083240628242
41 0.14293411 0.36646673 0.6372129  0.76758265 0.012364602647721767
2 0.3828938  0.36822698 0.7876923  0.83414793 0.012244945392012596
24 0.8300648  0.02618945 0.9666088  0.4707782  0.01212602760642767
14 0.77921665 0.04548274 0.9864495  0.59339625 0.012125998735427856
25 0.         0.17666608 1.         0.8266388  0.012052996084094048
38 0.         0.1029507  0.3563969  0.37400335 0.01204679999500513
27 0.19967957 0.02234051 0.96439636 0.3571108  0.012013701722025871
10 0.27607805 0.69579816 0.9138023  1.         0.011999832466244698
4 0.0922851  0.2233325  0.98996645 1.         0.011931565590202808
24 0.17885578 0.13085908 0.87283224 0.71787995 0.011819381266832352
38 0.50287527 0.09864947 1.         0.624305   0.011673875153064728
28 0.9303797  0.37275302 1.         0.47212166 0.01164092868566513
24 0.8778581  0.04555753 0.98952943 0.24091472 0.011575853452086449
34 0.36783275 0.15377745 1.         0.49750036 0.0115694310516119
7 0.18402863 0.6036501  0.8851628  1.         0.011539014987647533
28 0.         0.02510138 0.17306797 0.29292557 0.011460065841674805
14 0.90960604 0.38622612 0.99420726 0.47353643 0.01129500474780798
34 0.2597322  0.29233322 0.75648737 0.6154733  0.011267528869211674
29 0.10304208 0.37275374 0.49963477 0.89166903 0.011193853802978992
21 0.05129257 0.46686882 0.50573605 0.8353763  0.011128610000014305
19 0.6419533  0.01049856 0.8911904  0.5764461  0.011128107085824013
2 0.64438206 0.05186974 1.         0.7762251  0.01112307421863079
10 0.32357165 0.523425   0.9784845  1.         0.011043921113014221
10 0.9279376  0.40605465 0.9947038  0.50974727 0.011027608066797256
38 0.6155241  0.01253632 0.97979414 0.6299573  0.011003145948052406
24 0.9307127  0.00597857 0.9998751  0.05228792 0.010959445498883724
1 0.03031891 0.33676404 0.8277156  0.6699859  0.010855067521333694
20 0.38826853 0.10464852 0.9784924  0.32129893 0.010843336582183838
28 0.84575975 0.0122251  1.         0.12499402 0.010814621113240719
10 0.07064438 0.35762155 0.53874934 0.957717   0.010781035758554935
1 0.01381159 0.48920095 0.8828294  0.84190696 0.010753445327281952
24 0.72713137 0.08892003 0.974658   0.5393068  0.010659300722181797
41 0.02778336 0.42429835 0.9681055  0.8422303  0.01053415983915329
24 0.9114477  0.46593872 0.99342585 0.55463856 0.010494036599993706
20 0.03283854 0.3534049  0.64788306 0.5771869  0.010369328781962395
10 0.15701483 0.45679924 0.5812379  0.89648104 0.010323822498321533
41 0.21093267 0.18118358 0.85663944 0.81277215 0.010285173542797565
40 0.34473592 0.18537615 1.         1.         0.010154847986996174
10 0.9276816  0.37854615 0.99543387 0.48288524 0.010082500986754894
41 0.117339   0.1936003  0.7053054  0.90431166 0.010019788518548012
24 0.26760077 0.23888804 0.9154307  0.8976771  0.009972846135497093
16 0.6237349  0.21385366 0.9401344  0.5027437  0.009943148121237755
24 0.9301336  0.45346192 0.9965962  0.5740861  0.009937294758856297
38 0.1645517  0.15893432 1.         0.66180384 0.009930957108736038
24 0.83961403 0.06841397 0.9850884  0.21269292 0.009899050928652287
27 0.08617361 0.         1.         0.5441631  0.009816432371735573
28 0.2001899  0.01965804 0.64765096 0.20081423 0.0097679253667593
24 0.293885   0.04271818 0.97451746 0.31309822 0.009619801305234432
38 0.809479   0.00360011 1.         0.12323894 0.009606920182704926
41 0.35838696 0.48317838 0.97988874 0.97566956 0.00957706943154335
14 0.19095658 0.13214447 1.         0.40800163 0.009550483897328377
2 0.10964853 0.377034   0.5334641  0.7427579  0.00953646283596754
24 0.91111535 0.00426355 0.99961936 0.03653505 0.009504230692982674
19 0.2565511  0.         0.86323255 0.6336313  0.009376907721161842
25 0.         0.16804975 0.92686427 0.6635886  0.009369564242661
28 0.         0.01975323 0.3141092  0.14633822 0.009337233379483223
41 0.30790976 0.2732299  0.6907845  0.73250157 0.009297994896769524
38 8.9449447e-01 3.5152436e-04 1.0000000e+00 1.3651361e-01 0.009291158057749271
28 0.         0.02151861 0.23256709 0.20462202 0.009250897914171219
4 0.02976611 0.3036681  0.5487917  1.         0.009243427775800228
29 0.3627851  0.1751751  0.83701473 0.7829954  0.009178879670798779
34 0.3014488  0.32909206 0.69816947 0.7590442  0.009170386008918285
28 0.9139076  0.01385988 0.99997634 0.13732049 0.009058669209480286
24 0.9109629  0.36212033 0.9901946  0.44243506 0.00905146449804306
24 0.        0.4847504 0.780742  0.9533764 0.00904739648103714
38 0.9225609 0.4234631 1.        0.529967  0.009046073071658611
10 0.13301666 0.23052946 0.62119025 1.         0.009038511663675308
24 0.55429524 0.14999078 0.9555163  0.4994819  0.009025771170854568
28 0.         0.0208915  0.41310933 0.20053312 0.008950121700763702
41 0.22189204 0.6499871  1.         0.9563189  0.008916081860661507
38 0.         0.02349481 0.34554282 0.2871173  0.008824609220027924
20 0.93598276 0.43930116 0.9973337  0.5322008  0.008778831921517849
18 0.4262716  0.56751406 0.8708474  1.         0.008740825578570366
28 0.         0.03937443 0.24890682 0.42126817 0.008716675452888012
24 0.31756794 0.45496187 0.76827484 0.8852226  0.00870981253683567
24 0.09290128 0.30410212 0.6460252  0.6364536  0.008684944361448288
29 0.24880145 0.46517712 0.7845067  0.94956034 0.008679195307195187
4 0.02304939 0.13206688 0.45172182 0.8677693  0.008666383102536201
14 0.5891965  0.11515746 0.9555754  0.44990495 0.008603802882134914
24 0.47961253 0.06724925 0.9435006  0.6328997  0.008588219992816448
20 0.9166389  0.47311696 0.9970863  0.5453792  0.008482907898724079
33 0.02959498 0.07712871 1.         0.95469874 0.008442089892923832
19 0.39855906 0.10739513 0.788585   0.49181435 0.008383840322494507
19 0.05061239 0.07159681 0.771271   0.6103295  0.008376700803637505
19 0.51714486 0.08295057 0.8210738  0.6026257  0.008279195055365562
27 0.02075839 0.31716433 0.8104167  0.892526   0.008230552077293396
38 0.         0.01300148 0.5920978  0.1546687  0.008227957412600517
27 0.9282625 0.4069894 0.9988256 0.5026323 0.008136073127388954
25 0.00988057 0.39568016 0.8691157  0.64762455 0.008107352070510387
35 0.19261464 0.09329229 1.         0.6864259  0.008019855245947838
22 0.90959525 0.4124539  0.9988455  0.48453197 0.007997885346412659
20 0.5538042  0.09146316 0.9348164  0.41159976 0.007967687211930752
28 0.00385968 0.0112145  0.11831279 0.10398629 0.007952776737511158
21 0.03110169 0.16926564 0.5386985  0.85570365 0.007938963361084461
28 0.00712926 0.01462804 0.15735921 0.07132339 0.007844689302146435
5 0.        0.        0.6128522 1.        0.007779216393828392
41 0.30480555 0.60780114 0.7944963  0.93945867 0.0077362339943647385
10 0.9274035  0.43689662 0.9947184  0.53913397 0.007718597538769245
24 0.00631606 0.03415766 0.3985068  0.7571351  0.00769584346562624
19 0.80246687 0.         0.95660746 0.5745645  0.00768906157463789
27 0.9274398  0.43359143 0.9988528  0.5324579  0.007687991950660944
16 0.8129698  0.2280626  0.980398   0.37049153 0.007687824312597513
16 0.14906275 0.3686071  0.80023944 0.8285304  0.007654682733118534
28 0.93052554 0.42700297 0.99938375 0.5222983  0.007600308395922184
38 0.11790355 0.03348267 1.         0.34662193 0.0075376457534730434
15 0.60783774 0.0291265  0.98256755 0.42528152 0.007461081724613905
19 0.94909537 0.         0.98640454 0.08606499 0.007438873406499624
27 0.90609926 0.44531286 0.9945441  0.5193115  0.0074222153052687645
29 0.31316122 0.48113567 0.7478116  0.790634   0.00740845175459981
1 0.40785056 0.18276286 0.764594   0.70779765 0.007392451632767916
25 0.2457208  0.33683866 0.8514957  0.682879   0.007336724083870649
15 0.11092769 0.4424522  0.76814044 0.699612   0.0073219588957726955
25 0.0430539  0.29909962 1.         0.7577527  0.007318402174860239
20 0.9366971  0.41390744 0.99730706 0.50423    0.007316323462873697
34 0.5486117  0.08578095 0.95176333 0.7765022  0.007308669853955507
4 0.         0.24005929 1.         0.8090544  0.007290080189704895
34 0.00573952 0.385644   0.7112841  0.6177917  0.007195461541414261
29 0.35472313 0.34766236 0.68993014 0.7855056  0.007191730663180351
40 0.08752503 0.41282323 0.8004698  0.76611143 0.007180305197834969
28 0.88569796 0.01225688 0.9986962  0.10128183 0.0071736546233296394
24 0.8340284  0.17383134 0.9695633  0.32562932 0.007172301411628723
19 0.39587408 0.         0.79529923 0.66973704 0.007166593335568905
38 0.80340606 0.00733948 1.         0.07432491 0.0071614631451666355
34 0.518493   0.02762434 0.9156364  0.5628548  0.007093691732734442
20 0.5534622  0.12853998 0.86517704 0.49751338 0.007088461425155401
21 0.29668197 0.19336253 0.94558597 0.7182228  0.007087778765708208
5 0.         0.28925064 0.91249615 0.7361917  0.007054118439555168
38 0.8555263  0.00656814 1.         0.10293428 0.007034994661808014
41 0.        0.6201647 0.9632487 0.9173185 0.007034501060843468
20 0.09727018 0.15028203 0.6303172  0.57191455 0.0070233154110610485
2 0.3443983  0.24956228 0.73184747 0.74619365 0.0070122298784554005
14 0.9289078  0.34706876 0.99654144 0.4636691  0.0069089061580598354
28 0.         0.17958274 0.3000814  0.43344432 0.006881242617964745
10 0.16792639 0.37314954 0.81301826 0.84845513 0.006858618929982185
38 0.1043234  0.00997664 0.7167511  0.21412496 0.006851633079349995
16 0.8025254  0.0813195  0.97500694 0.50421876 0.006848775316029787
34 0.02172791 0.4253951  0.82826906 0.8055286  0.006842084228992462
40 0.         0.09502774 0.616298   0.54775405 0.006835117936134338
1 0.93072593 0.40397075 0.99234176 0.51197356 0.006813397165387869
38 0.69513476 0.01791481 1.         0.4749406  0.006806683726608753
25 0.92800623 0.4061104  1.         0.504635   0.006789356004446745
18 0.13648944 0.20667864 0.91823894 1.         0.0067687006667256355
38 0.         0.01213031 0.16960952 0.07141181 0.006755901966243982
16 0.06752678 0.45547628 0.65506583 0.82870567 0.006690778769552708
13 0.2637507  0.12888956 0.84380424 0.43606976 0.006649630609899759
38 0.29192963 0.0207108  0.88525045 0.21732008 0.006642700172960758
24 0.05249601 0.10471914 0.5813099  0.5775727  0.0066287037916481495
34 0.         0.45041418 0.6017023  0.6730252  0.006609105039387941
27 0.0247553  0.08229349 0.24458997 0.4078651  0.00660634133964777
27 0.4490232 0.        1.        0.92705   0.006604635622352362
14 0.1498777  0.08924311 0.9197978  0.7863377  0.006582764908671379
19 0.18580295 0.32339785 0.66118014 0.65047234 0.006565636955201626
27 0.90810144 0.41925013 0.99349797 0.4899674  0.006563324481248856
38 0.89947116 0.38455942 1.         0.4679833  0.006538565270602703
27 0.         0.42881155 0.80730146 0.735737   0.006524218712002039
10 0.13331412 0.80733997 1.         1.         0.006518112029880285
28 0.8458482  0.01196042 0.99943095 0.07186038 0.006514619570225477
22 0.00122297 0.08891411 0.27418548 0.34826577 0.006503649987280369
38 0.         0.03131668 0.1817424  0.2671592  0.0065010916441679
16 0.36543903 0.40447652 0.8166559  0.8012213  0.006489621941000223
16 0.9308965  0.41372344 0.99019134 0.5039847  0.006416714750230312
