24 0.31216618 0.02316713 0.6070288  0.28928545 0.21912197768688202
24 0.22049627 0.7772643  0.6378325  0.9788887  0.2008531093597412
24 0.3967699  0.02006998 0.68553174 0.28547993 0.18630971014499664
24 0.22705099 0.01727903 0.5270505  0.2927563  0.1757059544324875
24 0.55850923 0.911439   0.84364533 0.9943136  0.17153525352478027
24 0.64172727 0.91178644 0.9231999  0.99475783 0.17080435156822205
24 0.38465655 0.7754071  0.81245434 0.98045415 0.160794198513031
24 0.23916794 0.8343344  0.8344075  0.98466873 0.15745428204536438
24 0.6994189  0.88037336 0.9118128  0.9922689  0.1539146900177002
24 0.05334287 0.7836772  0.46903038 0.9721593  0.1452946960926056
24 0.7743741 0.9117726 0.9984252 0.9966918 0.14479422569274902
24 0.00216955 0.10394882 0.28476468 0.3753412  0.14010868966579437
24 0.75430864 0.88096917 0.9668499  0.9930531  0.13936097919940948
24 0.3251642  0.70440114 0.63786316 0.97243553 0.13804011046886444
24 0.00360834 0.18107618 0.28590852 0.4580181  0.137666255235672
24 0.25635335 0.00682153 0.6659455  0.20404395 0.1350795477628708
24 0.8850857 0.9337994 0.9865269 0.9976582 0.13473795354366302
24 0.4751375  0.02038383 0.77236784 0.28437743 0.13413339853286743
24 0.05380997 0.01631984 0.59830576 0.32029116 0.13279613852500916
24 0.10565824 0.83672965 0.6855458  0.98261344 0.13084174692630768
24 0.9182254  0.92233646 0.9975233  0.99692285 0.12976159155368805
24 0.88963675 0.88270867 1.         0.9936032  0.1294376403093338
24 0.00996325 0.19482331 0.21014318 0.59727645 0.12823697924613953
24 0.95338607 0.91238254 0.9992971  0.9988085  0.12586598098278046
24 0.8422522  0.00561274 0.9952928  0.07557926 0.12182549387216568
24 0.57307255 0.8336209  0.9998049  0.9907721  0.11781728267669678
24 0.29375657 0.02976405 0.9837246  0.30678666 0.1156729981303215
24 0.937028   0.8834844  0.99999374 0.9845263  0.11513210833072662
24 0.91878694 0.89600295 0.99971914 0.969697   0.11387290805578232
24 0.41154304 0.7049131  0.71933407 0.97279686 0.11174050718545914
24 0.06277476 0.03448999 0.85059667 0.35103852 0.11054090410470963
24 0.3413251  0.01290257 0.9139231  0.14874299 0.11048775911331177
24 0.85037816 0.8597027  1.         0.99137527 0.11018616706132889
24 0.00212544 0.25662076 0.28361994 0.5421219  0.10936244577169418
24 0.8545965  0.24125321 0.99866587 0.3886915  0.10519931465387344
24 0.890949   0.13384049 0.9993064  0.34133095 0.10359426587820053
24 0.88984114 0.2098093  0.99802125 0.4182406  0.10029462724924088
24 0.         0.03410857 0.14366937 0.28875363 0.09914054721593857
24 0.9209574  0.49625984 0.9997456  0.5676457  0.09841684997081757
24 0.7003412  0.01168788 0.99589336 0.1513715  0.09835018962621689
24 0.93835115 0.48341224 1.         0.58184433 0.09652595221996307
24 0.9369027  0.8571149  1.         0.95654607 0.09616204351186752
24 0.85464174 0.16389833 1.         0.31019792 0.09556598216295242
24 0.05100217 0.65126246 0.59525454 0.94961387 0.0939638763666153
24 0.50099134 0.7077054  0.794849   0.97211194 0.09382820129394531
24 0.8813026  0.00768607 0.9941379  0.10830881 0.09379421174526215
24 0.7093333  0.18473572 0.9997191  0.47828045 0.0929223820567131
24 0.9189853  0.83923405 0.9992976  0.99222535 0.0915164202451706
24 0.9191953  0.8700832  0.99998343 0.941318   0.08954844623804092
24 0.93848413 0.45768556 1.         0.5554005  0.0893658846616745
24 0.09176908 0.00396141 0.67713577 0.14499593 0.08913810551166534
24 0.42202544 0.00862511 0.8287017  0.20277473 0.08886806666851044
24 0.08801837 0.00085119 0.50292534 0.20159347 0.08874519169330597
24 0.         0.01110881 0.29052714 0.14671797 0.08592212200164795
24 0.9209885  0.47022578 1.         0.5411465  0.0857166200876236
24 0.8400414 0.014886  0.9995681 0.427016  0.08492854982614517
24 0.7908381  0.12711145 0.99766064 0.53738683 0.08408664166927338
24 0.91986614 0.5222045  0.99852115 0.5941126  0.08394349366426468
24 0.93729526 0.5095657  0.9995855  0.608261   0.08360663056373596
8 0.75493044 0.48183647 0.9946934  0.9236918  0.08094613999128342
24 0.53286284 0.06301422 0.9991154  0.35469344 0.08015517890453339
24 0.93538475 0.29246342 0.9972453  0.4013269  0.08009486645460129
8 0.6190129 0.3151256 0.997149  0.9806688 0.0790816992521286
24 0.6456588  0.04780159 0.99520147 0.5498874  0.07854155451059341
8 0.667734   0.46228716 0.98710775 0.7847234  0.07647792994976044
24 0.6096171  0.02628105 0.90618896 0.2824022  0.07580799609422684
24 0.6671912  0.77759355 0.99086946 0.98628086 0.07528939843177795
24 0.         0.01507149 0.20952332 0.20486093 0.07528278976678848
38 0.8730198 0.9329775 0.9948916 0.9987793 0.07486830651760101
38 0.83071584 0.9113939  1.         0.9983307  0.07291319221258163
24 0.8415795  0.01048124 0.99615407 0.15878925 0.07283824682235718
24 0.         0.04979973 0.30531648 0.6536951  0.07234537601470947
24 0.8546773  0.11112379 0.9994548  0.25829872 0.07157360017299652
38 0.90648675 0.94601035 1.         0.999552   0.07130058854818344
24 0.93769026 0.83141565 0.9998871  0.9274217  0.0708417147397995
24 0.85460776 0.48482963 1.         0.6251831  0.07078345119953156
8 0.82168925 0.33576712 0.9962771  0.9266087  0.07070059329271317
24 0.         0.29172426 0.29977274 0.89242756 0.06984318792819977
24 0.58626306 0.7030454  0.8682539  0.97359806 0.06951930373907089
24 0.37274793 0.69377476 0.99302095 0.9725533  0.06876710057258606
38 0.66166943 0.91168386 1.         1.         0.0687488466501236
24 0.89090395 0.45645383 0.99997824 0.65379715 0.06614650040864944
8 0.58256155 0.5638494  0.99682    0.87728316 0.06590349227190018
24 0.         0.851467   0.29025707 0.9792789  0.06426776945590973
24 0.93824935 0.43147975 0.9998798  0.52832556 0.06362378597259521
24 0.9364974  0.5363888  0.99897766 0.6341994  0.06354662775993347
38 0.9463688  0.90610456 1.         0.9982792  0.06259803473949432
8 0.76476383 0.30216387 0.99383956 0.7451258  0.062324583530426025
35 0.6843028 0.2630668 1.        0.5755421 0.06177853047847748
24 0.5483537  0.01671624 0.95907414 0.2046106  0.060617826879024506
24 0.7120371  0.06681076 0.9943237  0.3530872  0.06043369323015213
24 0.91449213 0.00203557 0.9987249  0.03730774 0.06026589497923851
24 0.7802163  0.01418934 0.9945675  0.21121223 0.060094840824604034
38 0.5163098  0.77259326 0.9946044  0.99884963 0.059627432376146317
24 0.0053786  0.06394773 0.51595604 0.5316303  0.05948171392083168
8 0.8057854 0.5648765 0.9921237 0.7247903 0.05924799665808678
24 0.9203455  0.8441723  0.99841493 0.91316986 0.058872587978839874
24 0.9189106  0.54905313 0.9972102  0.6203031  0.05865626037120819
18 0.90945476 0.67802745 0.9924673  0.7622701  0.05862506479024887
42 0.8021318 0.6619626 0.9978819 0.8318548 0.05853205546736717
8 0.62287873 0.03888763 0.9975748  0.8656731  0.05840989947319031
24 6.9441478e-04 7.9587299e-01 2.0820069e-01 9.7390366e-01 0.05798797681927681
18 0.90975916 0.7045548  0.993253   0.78868264 0.05764279142022133
25 0.9071114  0.45564944 0.99979514 0.76449823 0.05758722871541977
14 0.8393287  0.48175326 0.99450004 0.64677626 0.05753923952579498
18 0.9297115  0.6621765  0.99474716 0.7794976  0.05752909928560257
24 0.8508403  0.2949269  0.9945624  0.44358364 0.057239893823862076
24 0.917954   0.45931783 1.         0.7423759  0.05714050680398941
18 0.909524   0.6514289  0.99188024 0.7361373  0.05695893242955208
24 0.79310113 0.78275204 0.9928576  0.98521864 0.05690060555934906
38 0.92736095 0.2845821  1.         0.39455992 0.056717440485954285
14 0.8796359 0.4523494 0.9931181 0.6817009 0.056475844234228134
14 0.69235486 0.45128435 0.98685366 0.78564024 0.05626007542014122
24 0.84710896 0.14985926 0.9986963  0.7102477  0.05617223680019379
18 0.947787   0.63412815 0.99573517 0.81145215 0.05582674965262413
25 0.9279903  0.5080061  1.         0.61243916 0.05562354251742363
25 0.92770875 0.534321   0.99971455 0.64091516 0.055440351366996765
35 0.83782315 0.470996   1.         0.64052045 0.05541069433093071
35 0.5988753  0.25097603 1.         0.6985725  0.05533592775464058
14 0.59064144 0.28978044 1.         0.6261399  0.055165454745292664
18 0.91059124 0.73093444 0.99405664 0.81536835 0.0550822839140892
8 0.8311482  0.15549386 0.9976639  0.7521771  0.05507032573223114
38 0.87303644 0.20091297 1.         0.41304797 0.054911233484745026
8 0.8756896  0.51024604 0.9970782  0.7313111  0.054793089628219604
8 0.6764676 0.3598794 0.988962  0.6749607 0.054578445851802826
14 0.7778407  0.38997963 0.9877394  0.8576061  0.05454634502530098
18 0.9488099  0.6870055  0.99583304 0.8648817  0.05448396876454353
18 0.930883  0.7148198 0.9955343 0.832759  0.05441693589091301
42 0.9096829  0.732095   0.99652314 0.8161631  0.05440419912338257
35 0.6331745 0.775565  1.        0.9972089 0.05439165607094765
38 0.67016834 0.17775722 1.         0.47620478 0.054346002638339996
14 0.68679285 0.33957216 0.99316704 0.681862   0.05429985001683235
24 0.92059624 0.44438753 0.9989255  0.5143206  0.05422506853938103
38 0.8329974  0.23733555 1.         0.38964736 0.054199911653995514
42 0.9097324  0.70565736 0.99666804 0.78980887 0.05419783294200897
24 0.91695863 0.27017954 0.99778587 0.5778279  0.05418216437101364
14 0.84195065 0.5347982  0.9889359  0.69862986 0.05404777452349663
14 0.91367453 0.5487859  0.9935498  0.6294298  0.05396439880132675
38 0.7632701  0.11100072 1.         0.52732295 0.05394534394145012
14 0.91289747 0.52324575 0.9945314  0.6027353  0.05391159653663635
24 0.7108197  0.27363068 0.99518263 0.56542027 0.05384983494877815
14 0.9111539  0.46494257 0.9922452  0.77965164 0.05380650982260704
14 0.9122903  0.49699384 0.99447715 0.57670504 0.05349987372756004
35 0.90906984 0.4632456  1.         0.5457221  0.053490061312913895
38 0.73171103 0.88180006 0.9857888  1.         0.05294566974043846
24 0.8886079  0.2656326  0.99547786 0.47388995 0.05284620821475983
42 0.80365753 0.6108943  0.9991298  0.7829006  0.052628643810749054
25 0.9279749 0.4816068 1.        0.5837295 0.052557338029146194
25 0.9067859  0.54853815 0.9987997  0.62701094 0.052339229732751846
14 0.9128219  0.46964455 0.99430054 0.55020577 0.05223376676440239
18 0.8133811  0.66007125 0.988309   0.827671   0.05204649269580841
35 0.77245414 0.20189784 1.         0.6407996  0.051886167377233505
42 0.9097012  0.67953163 0.99654657 0.7635687  0.051862556487321854
25 0.8741191  0.45139298 1.         0.66595364 0.05170493200421333
14 0.83870476 0.32314524 0.99286306 0.9466302  0.051264215260744095
14 0.63822585 0.2973878  1.         1.         0.051175761967897415
24 0.6249545  0.26913464 0.9951979  0.6789602  0.051139846444129944
38 0.87696147 0.8790572  1.         0.9978388  0.05106740817427635
25 0.24617188 0.4321353  0.9972666  0.7577077  0.050894174724817276
25 0.83022845 0.4825817  1.         0.63830835 0.05077354609966278
24 0.8913064  0.78223795 0.9975796  0.97319156 0.050747212022542953
25 0.17012855 0.32899234 0.9170286  0.70671666 0.050740551203489304
42 0.93098646 0.6900468  0.9979823  0.8063244  0.050731029361486435
14 0.7713905  0.13455088 1.         0.5885319  0.05066116899251938
25 0.9269553  0.5618799  0.99974215 0.66776043 0.05050089955329895
35 0.90922403 0.4891679  1.         0.5727929  0.0499507300555706
38 0.66678125 0.8319883  1.         0.9996337  0.049886684864759445
14 0.9148241  0.57498664 0.99179804 0.65679777 0.049819402396678925
14 0.9316496  0.4851681  0.9962748  0.59188634 0.04977581650018692
14 0.9319914  0.45746318 0.9959713  0.5655523  0.04967447370290756
25 0.8724993  0.5071881  0.99945265 0.72382104 0.049651071429252625
38 0.52137107 0.9100699  0.8763664  1.         0.049528829753398895
35 0.66808105 0.3742934  1.         0.73058444 0.049403637647628784
24 0.93845177 0.8055794  0.9994656  0.9002196  0.04937911406159401
14 0.8390711  0.24200816 1.         0.40369645 0.049326974898576736
18 0.9117148  0.7572846  0.9944246  0.84209096 0.04926597699522972
18 0.9097347  0.624959   0.9914496  0.71050745 0.04925569146871567
35 0.6874761  0.18560417 1.         0.49709195 0.049124956130981445
14 0.62256473 0.03972249 0.9987348  0.8763704  0.04911579191684723
14 0.9139426  0.31935987 0.9967415  0.6428888  0.04911557212471962
24 0.8497864  0.05875082 0.9928573  0.209063   0.04907393828034401
28 0.         0.07105049 0.48307985 0.69025    0.049032825976610184
42 0.9099981  0.6536202  0.99620456 0.7375883  0.04901923984289169
14 0.6896973 0.5370632 0.9830702 0.8687355 0.04894629120826721
35 0.93012595 0.447028   1.         0.56174725 0.048904404044151306
35 0.88143617 0.4360049  1.         0.6764429  0.04889862239360809
35 0.63726175 0.28253418 1.         0.978123   0.0488947257399559
14 0.93295455 0.5368679  0.9951703  0.6450515  0.04883117601275444
25 0.92726374 0.4545388  1.         0.55621266 0.048622976988554
38 0.82114184 0.         1.         0.5520865  0.048551350831985474
24 0.889232   0.50922906 0.9985514  0.7029696  0.04853028431534767
38 0.9292453  0.87764215 1.         0.9854282  0.04837319999933243
24 0.8868394  0.03270228 0.99581057 0.24189726 0.04834439605474472
20 0.7332932  0.31597787 0.9987558  0.7673226  0.048234809190034866
38 0.6098586  0.         1.         0.71668416 0.04817574843764305
24 0.01441228 0.01267053 0.42086828 0.4020836  0.04804878681898117
42 0.9094568  0.75810105 0.9967249  0.84225076 0.04803101345896721
25 0.9060939  0.5765474  0.99878246 0.65334433 0.04781654104590416
38 0.9088065 0.8933009 1.        0.970912  0.04781628027558327
8 0.90795654 0.4601586  0.9981958  0.7755671  0.04770590364933014
42 0.84447145 0.5745173  0.99859214 0.8226838  0.04758382961153984
14 0.68329823 0.18976974 1.         0.5210324  0.047357600182294846
25 0.90532786 0.540099   1.         0.8475184  0.04732007160782814
35 0.83717674 0.39164495 1.         0.5593311  0.04731256514787674
42 0.9492549  0.6383408  0.9983392  0.80926585 0.047259483486413956
18 0.92972547 0.6098008  0.9941314  0.72770387 0.04716341197490692
14 0.8789957  0.21158008 0.99998546 0.4380465  0.04715840891003609
14 0.8298696  0.02571968 0.9973985  0.6466626  0.047091320157051086
14 0.8842959  0.36546978 0.99457175 0.59805256 0.047074757516384125
25 0.6664245  0.45661566 1.         0.7741062  0.046959489583969116
38 0.34337205 0.77140623 0.85283536 0.99700695 0.046919822692871094
18 0.8798065 0.6013994 0.9910498 0.8391115 0.04678213596343994
25 0.9266871  0.5908771  1.         0.69403607 0.046602509915828705
14 0.84617203 0.39623472 0.99369335 0.56731325 0.04653693735599518
8 0.8443506  0.5787781  0.9946739  0.80554366 0.04649786651134491
14 0.91200703 0.547496   0.9913015  0.8633961  0.0464877188205719
14 0.9334338  0.5629921  0.99389315 0.67244637 0.04646993800997734
38 0.31218812 0.82943594 1.         0.9962676  0.04644323140382767
18 0.8115402 0.6079435 0.9843073 0.7762319 0.04606826975941658
38 0.6774582 0.2554363 1.        0.5546707 0.04604166001081467
20 0.9126636  0.33343837 0.9976219  0.40904725 0.04599755257368088
20 0.9134691 0.547343  0.9968974 0.6264659 0.04590918496251106
25 0.8278798  0.5367668  0.99933594 0.69343084 0.045852094888687134
8 0.8356457  0.48661214 0.9940718  0.6454037  0.04583261162042618
42 0.9490919  0.6879991  0.9985943  0.86003655 0.045791447162628174
25 0.9059818  0.8359992  1.         0.99127394 0.04569322615861893
42 0.9310887  0.6386338  0.998052   0.75475675 0.0455484464764595
25 0.7612908  0.3935042  1.         0.84652853 0.045238196849823
8 0.80652046 0.61239356 0.9912492  0.7711565  0.04519660770893097
14 0.8809604  0.5641521  0.9893096  0.78816986 0.04517834261059761
25 0.9262682  0.8014494  1.         0.90241313 0.045036282390356064
14 0.9143554 0.4408857 0.9941989 0.5236536 0.04498930647969246
14 0.93333113 0.42853984 0.9960203  0.5380658  0.04487903416156769
42 0.67210835 0.5234762  1.         0.87421787 0.04460335522890091
35 0.91059023 0.4367953  1.         0.5205938  0.044600751250982285
14 0.8797184  0.13276942 0.99847454 0.3594443  0.04458620026707649
25 0.9264029  0.61902505 1.         0.7192947  0.04454001411795616
27 0.73970205 0.9137069  0.99821424 1.         0.04448043182492256
25 0.90539086 0.60520166 0.9989474  0.6790431  0.04428086429834366
35 0.92994946 0.84845    1.         0.95990187 0.04427041485905647
8 0.5809085  0.2726537  0.97871625 0.7251217  0.043980129063129425
38 0.31244022 0.6817988  1.         0.99076426 0.043966494500637054
38 0.83544993 0.28362975 1.         0.43640667 0.04392840713262558
38 0.55172306 0.         1.         0.3793722  0.04383294656872749
25 0.92619205 0.8275504  1.         0.9281707  0.04382086172699928
14 0.84196395 0.16040304 0.9987958  0.3259493  0.043778203427791595
20 0.932724   0.533551   0.998087   0.64050615 0.04375562071800232
20 0.9341861  0.50740904 0.99875194 0.61545235 0.04373210668563843
20 0.84039474 0.53064716 0.99834454 0.68863106 0.04358381778001785
35 0.83314633 0.8511816  1.         0.99654686 0.043522849678993225
20 0.8445652  0.47994512 1.         0.6402223  0.04349479079246521
25 0.927252  0.8830097 1.        0.9808401 0.0434163399040699
35 0.73235357 0.8784276  0.97003776 0.99400383 0.04339680075645447
20 0.88306797 0.44852152 0.99959606 0.67018586 0.043383948504924774
8 0.90687484 0.5400861  0.9987486  0.8541493  0.04332840442657471
35 0.43977398 0.77821    0.9025509  0.9903751  0.04325983300805092
25 0.8721234  0.88462466 1.         0.99299604 0.04319462180137634
25 0.926791  0.8550477 1.        0.9541243 0.043163612484931946
35 0.54279613 0.7032439  1.         1.         0.04297046735882759
14 0.84304184 0.58904517 0.98575765 0.7527555  0.04289718344807625
42 0.9307051 0.7415709 0.9984356 0.8581508 0.042881496250629425
14 0.9150793  0.6017685  0.98985547 0.6836065  0.042769450694322586
20 0.9162436  0.31255415 0.997988   0.6234892  0.042686935514211655
25 0.94563955 0.75037897 1.         0.89833826 0.0423894077539444
20 0.91162074 0.5745845  0.9955469  0.65173125 0.0421760156750679
40 0.31976524 0.09913282 1.         0.6224335  0.04202024266123772
25 0.9047913  0.95034844 1.         0.9986085  0.042010776698589325
42 0.90832573 0.52682525 0.9986596  0.8747836  0.04200029373168945
35 0.9113491 0.5146311 1.        0.6012512 0.041950374841690063
35 0.6740163  0.9109013  0.9860839  0.99533206 0.04187973216176033
38 0.35459793 0.01126818 0.7350211  0.28347498 0.04185335710644722
42 0.9100809  0.62762696 0.99708897 0.71148115 0.04177941381931305
25 0.825643   0.86138946 1.         0.9904339  0.041744135320186615
14 0.9334831  0.58963716 0.99259055 0.69980925 0.04168910160660744
35 0.8374304  0.11689349 1.         0.7290191  0.04164069518446922
38 0.9102495  0.518697   1.         0.59634596 0.04152839258313179
25 0.65925366 0.5375447  1.         0.8496602  0.04148028418421745
25 0.8698103 0.9375588 1.        0.9971358 0.04140955209732056
40 0.3703299  0.40279898 0.97340864 0.7199885  0.04121830314397812
35 0.9094837  0.86448145 1.         0.94489014 0.041094426065683365
35 0.6418729 0.0570328 1.        0.8304655 0.041018951684236526
25 0.9058064  0.92392224 1.         0.9952146  0.040914785116910934
38 0.55280507 0.6905012  0.89229405 0.9996146  0.04085920751094818
25 0.94547486 0.64825815 0.99984497 0.797409   0.040716975927352905
20 0.91227096 0.44584617 0.99778485 0.76033634 0.040533632040023804
25 0.9265963 0.4285332 1.        0.5301673 0.04042429476976395
42 0.8745769  0.6524882  0.99810904 0.89023864 0.0404139943420887
14 0.8371657  0.29516602 0.9995569  0.45855302 0.040379635989665985
25 0.8712716  0.5640779  0.99853826 0.7770432  0.04034300893545151
35 0.8803315  0.35095495 1.         0.59782946 0.040281686931848526
35 0.7808144 0.3577584 1.        0.853569  0.04019030183553696
25 0.9049969  0.633213   0.99938875 0.704563   0.04015805199742317
35 0.4703551  0.6980293  0.8035857  0.98774153 0.04001836106181145
25 0.9264595  0.6458847  1.         0.74547726 0.03986119478940964
35 0.9088188  0.89105666 1.         0.9721286  0.0398285798728466
20 0.93524724 0.48085868 0.9989146  0.589312   0.03963811323046684
25 0.92634636 0.77589    1.         0.8767491  0.03951628506183624
38 0.9302778  0.47735977 1.         0.58368087 0.03937565162777901
38 0.90994847 0.8315339  1.         0.9970497  0.0393584668636322
27 0.5243782  0.83115655 1.         0.99956554 0.039333295077085495
