27 0.02499715 0.14141211 0.6650387  0.98202235 0.23539434373378754
27 0.13474064 0.1815535  0.9087062  0.9656962  0.2280043661594391
40 0.23947147 0.20394145 0.7905113  0.90825146 0.1781398057937622
27 0.11291143 0.39274776 1.         0.9390788  0.1708361804485321
5 0.         0.15157343 0.7246455  1.         0.1519138067960739
1 0.20042667 0.19095683 1.         0.8572392  0.14885389804840088
27 0.08029196 0.25522885 1.         0.77938503 0.1474362015724182
27 0.14811732 0.31143367 0.50301546 0.8766618  0.1390550136566162
40 0.1585075  0.29423705 0.6275647  0.9461143  0.12892211973667145
10 0.17512354 0.35117286 0.42918393 0.8643777  0.11909773200750351
41 0.18691131 0.38428608 0.46693748 0.79245526 0.11888188868761063
27 0.2053369  0.43150502 0.7909141  0.8448878  0.11887279152870178
27 0.02519135 0.48445407 0.72359407 0.80277765 0.11600111424922943
27 0.0664916  0.4964855  0.76161003 1.         0.1158873438835144
1 0.25890633 0.4997007  0.887806   0.8858284  0.11269383877515793
40 0.21955457 0.34571713 0.88385886 1.         0.11092357337474823
27 0.12813531 0.46046776 0.60221374 0.8625429  0.11071700602769852
1 0.32936007 0.376317   0.76230305 0.82288843 0.11056676506996155
4 0.         0.44682354 0.8697489  0.99329275 0.0990510955452919
19 0.         0.23884827 0.86442566 0.8272623  0.09798525273799896
1 0.12707882 0.48325685 1.         0.9110974  0.09569902718067169
38 0.6270779  0.04780643 1.         0.39217028 0.08962590992450714
34 0.01233241 0.5662751  1.         0.95798874 0.08912143111228943
5 0.         0.41323146 0.943241   1.         0.08425234258174896
27 0.6120682  0.52299327 0.98126256 0.98155904 0.08218211680650711
19 0.13832487 0.44992173 0.6146518  0.8598231  0.08040113747119904
41 0.09742895 0.5220753  0.6563713  0.7496345  0.07954780757427216
22 0.02725047 0.01272845 0.89332503 0.35371605 0.07948435842990875
40 0.22603445 0.40176493 0.5907492  0.83257926 0.07758747786283493
40 0.16598633 0.46151683 0.7128756  1.         0.07342257350683212
27 0.12476309 0.04381241 0.96165395 0.71786356 0.07253414392471313
41 0.21600083 0.51092345 0.48694107 0.85673344 0.07174303382635117
10 0.01043777 0.55002356 0.62750536 0.8290825  0.06995189934968948
19 0.01435165 0.39931002 1.         0.91296685 0.0681726410984993
19 0.0497257  0.43929535 0.71377987 0.7663321  0.06786775588989258
18 0.14667736 0.22719595 0.46587443 0.7881251  0.0673586055636406
7 0.         0.32982048 0.65285015 1.         0.06611189246177673
21 0.12493988 0.46921775 0.85633326 0.96708924 0.06571532040834427
27 0.3452056  0.49541903 0.9780109  0.8337478  0.06548116356134415
27 0.14417216 0.3484985  0.6988156  0.77558815 0.06324807554483414
4 0.09960999 0.42004758 1.         0.88866824 0.06230360269546509
27 0.5180081  0.27532434 1.         1.         0.06152511388063431
1 0.29390192 0.2581491  0.7184871  0.7093608  0.06028367578983307
38 0.8314134  0.22311354 1.         0.39886212 0.06003451719880104
40 0.22900707 0.16102026 0.862899   0.5910099  0.05901186540722847
21 0.16675471 0.3109869  0.43107438 0.85905904 0.05818278342485428
41 0.16833347 0.33422345 0.8088583  0.6840382  0.05769427865743637
38 0.5772077  0.01820432 1.         0.52981454 0.057233285158872604
19 0.5942358  0.5111009  0.94152856 1.         0.05703558772802353
10 0.17369784 0.53481585 0.4952717  0.91105044 0.05442774295806885
28 0.08478524 0.04897827 0.9284129  0.3621154  0.05406858026981354
10 0.09090669 0.44268954 0.49671417 0.8260368  0.05356641858816147
7 0.         0.49399826 0.60562503 0.839688   0.05335453152656555
24 0.17179608 0.36812454 0.4557174  0.83399034 0.05333610251545906
24 0.07219615 0.41413185 0.6729701  0.6864409  0.05282437056303024
5 0.         0.33457965 0.63049483 0.67603934 0.052515268325805664
24 0.23561254 0.27111116 0.6825012  0.8324757  0.05249343812465668
4 0.00304942 0.37145302 0.822411   0.8358075  0.05237661302089691
27 0.5699178 0.4958543 0.8896049 1.        0.05156591162085533
27 0.491063  0.5934605 0.9980021 0.9403467 0.05140014737844467
27 0.41222435 0.11153641 0.95884424 0.99054486 0.05031165853142738
21 0.06030014 0.48041296 0.61338514 0.807001   0.050242625176906586
41 0.12830915 0.37002283 0.5741138  0.7336973  0.0494750551879406
10 0.80579084 0.36445102 0.9624878  0.9802701  0.04867836460471153
40 0.08452662 0.48828354 0.62486595 0.8768424  0.04835863783955574
24 0.06037875 0.6038391  0.8111742  0.9163076  0.04762738198041916
40 0.11465767 0.09298866 0.7246865  0.80658543 0.04675977677106857
41 0.12382027 0.49835736 0.94320345 0.8902795  0.04624802991747856
1 0.19211994 0.44808346 0.56719965 0.97427595 0.04604194313287735
27 0.06198667 0.23864771 0.57200104 0.77567875 0.045901376754045486
4 0.13389392 0.47566184 0.6396866  0.8416009  0.04584280401468277
5 0.        0.4564725 0.7167742 0.8180552 0.045250196009874344
40 0.13299981 0.58776563 0.8754706  1.         0.0449497327208519
1 0.27913746 0.67410433 0.82902193 0.96854365 0.04480106383562088
24 0.07782911 0.33442703 0.63429976 0.80680096 0.04458394646644592
24 0.25653875 0.43511945 0.9255009  1.         0.04417688772082329
5 0.        0.2568975 0.574898  0.8770865 0.044013574719429016
27 0.2670625 0.5703222 0.9252223 0.9388259 0.04312823340296745
38 0.39501733 0.07707083 1.         0.49338013 0.04288019239902496
22 0.36895108 0.         0.9187764  0.9099101  0.04279962182044983
19 0.00990646 0.11666939 0.7137445  0.93543917 0.04236116632819176
29 0.1129586  0.27921402 0.6568446  0.91946536 0.042192086577415466
5 0.4753703  0.34290242 0.95026654 0.99748784 0.04205694794654846
7 0.0465433  0.4185977  0.50856495 0.8747829  0.04174276813864708
4 0.0053861  0.5396801  0.7209211  0.96615523 0.041462138295173645
5 0.03592379 0.25253117 0.48571604 0.6946233  0.04098830372095108
28 0.2586649  0.10704837 0.804158   0.56022525 0.040929488837718964
24 0.1824514  0.5184666  0.43981025 0.9151041  0.04092831909656525
19 0.13508718 0.31413737 0.6042016  0.683985   0.04068988934159279
41 0.107117   0.41247696 0.8179576  0.7709811  0.040015287697315216
3 0.8181201  0.5074075  0.9890072  0.90430343 0.03997506946325302
24 0.22800413 0.4218599  0.6371811  0.9008269  0.039760224521160126
4 0.09508077 0.5772753  1.         0.9747283  0.03945809230208397
21 0.11510933 0.4066653  0.5075292  0.8531434  0.03944782167673111
1 0.23289503 0.61621135 0.9926984  0.89953166 0.039074089378118515
34 0.03599472 0.40242207 0.9022903  0.867295   0.038940463215112686
4 0.00974887 0.45939168 0.46769756 0.99174845 0.038293350487947464
27 0.6607537  0.16000463 0.9794884  0.98905784 0.03800876811146736
20 0.7720923  0.39217633 1.         0.78617686 0.03728723153471947
41 0.1768378  0.6267231  0.82664716 0.9502059  0.03653876110911369
28 0.38155943 0.11850416 0.9229402  0.6146452  0.03652280569076538
24 0.21559459 0.31117976 0.5315592  0.9213066  0.0362740233540535
27 0.03765358 0.08812841 0.70343375 0.6790798  0.03604796528816223
19 0.6297395  0.70120716 0.9000386  1.         0.03550133481621742
28 0.39291432 0.30760697 0.95794475 0.88585633 0.03517560660839081
41 0.13780107 0.5268527  0.55408746 0.8169371  0.03515004366636276
1 0.23837037 0.00867076 1.         0.6000442  0.034928228706121445
24 0.20943522 0.3564034  1.         0.9283959  0.034893233329057693
19 0.04162308 0.08416298 0.8557621  0.6133437  0.034069448709487915
7 0.02305631 0.34854138 0.6109826  0.7460376  0.03392653539776802
34 0.15966655 0.60177016 0.6479058  0.9193272  0.033817168325185776
41 0.17434457 0.59009045 0.631849   0.87369984 0.033507172018289566
24 0.07852712 0.46385413 0.52459294 0.8072769  0.03344642370939255
40 0.24247874 0.23990813 0.46582246 0.9106128  0.033188752830028534
27 0.3560229  0.47327688 0.8929616  1.         0.03274869918823242
27 0.5590404  0.40271    1.         0.75527376 0.0324556864798069
24 0.39312604 0.2277968  0.9307947  0.8960358  0.031274594366550446
5 0.         0.13859971 0.5339605  0.7517345  0.031105726957321167
16 0.30515608 0.44921637 0.7556597  0.8796316  0.03058948926627636
10 0.81525767 0.4573149  0.97486126 0.6271075  0.03046107292175293
22 0.        0.        0.6902286 0.8042432 0.029405703768134117
19 0.5325047  0.41137946 0.9740874  1.         0.028970520943403244
16 0.17770153 0.5104646  0.5634222  0.7266864  0.028918063268065453
6 0.69207984 0.         1.         0.91404206 0.02875302918255329
38 0.7340282  0.01909583 0.9970141  0.43614942 0.028514590114355087
10 0.05490041 0.3133515  0.5120202  0.8926516  0.028485214337706566
16 0.16287573 0.37797695 0.67682403 0.7649047  0.02848048508167267
1 0.1131616  0.33334902 0.9058948  0.9297888  0.02823457680642605
29 0.16945669 0.38595277 0.6247911  0.80060446 0.02810286357998848
40 0.1303319 0.3481419 0.6571751 0.7452807 0.028023332357406616
24 0.59046674 0.56922525 0.932822   1.         0.027971677482128143
38 0.         0.03338911 1.         0.27544314 0.027959145605564117
28 0.14666171 0.17169282 0.79749745 0.8621519  0.02792142517864704
20 0.5828663  0.65704083 0.92746115 0.97536224 0.027806153520941734
19 0.16226555 0.335114   0.5269443  0.8171021  0.027660848572850227
7 0.14878029 0.30972686 0.4504434  0.9110437  0.027634751051664352
28 0.01001752 0.16501649 0.76438236 0.59788716 0.027542077004909515
22 0.48997408 0.04233088 0.917576   0.4706662  0.027479074895381927
41 0.11836922 0.462292   0.6131995  0.6880529  0.027396079152822495
32 0.13426669 0.48575446 0.6416381  0.7761664  0.027219554409384727
4 0.12277853 0.25377172 0.9768748  0.9766211  0.026913277804851532
16 0.21010172 0.5446974  0.63862    0.86024886 0.026652665808796883
5 0.         0.05744364 0.4399085  0.97607344 0.0266214981675148
5 0.11127423 0.29780632 0.49262875 0.8924165  0.026135863736271858
16 0.28752786 0.38011235 0.7998054  0.7719546  0.02610977739095688
27 0.05935755 0.0316672  0.9160883  0.3727426  0.025822512805461884
1 0.0105867  0.6662623  1.         0.95950544 0.02569778636097908
28 0.41280416 0.04522033 1.         0.42163372 0.025690864771604538
7 0.07677136 0.10476502 0.449271   1.         0.025576386600732803
24 0.15733488 0.14802541 0.8381642  0.8934706  0.02551957592368126
27 0.59360904 0.6799753  0.9354953  0.99437296 0.02547680027782917
6 0.5130486  0.00622025 1.         1.         0.02533758617937565
32 0.2640656  0.41328606 0.8680657  0.8283009  0.02527513913810253
24 0.05418424 0.4019795  0.8116042  0.9615114  0.025212794542312622
24 0.24571738 0.58410597 0.7661386  0.9833513  0.025094473734498024
5 0.36129338 0.5763394  0.9873615  0.947451   0.025066278874874115
6 0.5849056  0.30283487 1.         0.945512   0.024932757019996643
27 0.76792705 0.37793782 0.9912663  0.80657196 0.024826934561133385
4 0.17984125 0.34940985 0.47624466 0.82528925 0.02469201572239399
5 0.04356949 0.18583982 0.9578146  0.9233649  0.024672210216522217
10 0.09857114 0.27211702 0.8040868  0.72805035 0.02465604431927204
25 0.        0.7047346 0.8972564 0.9545376 0.024539999663829803
20 0.5906118  0.8805445  0.82184666 0.9799164  0.024465225636959076
2 0.1077873  0.45207542 0.8542873  1.         0.02432429976761341
38 0.58867127 0.         1.         0.8409965  0.024299098178744316
28 0.6353786  0.05139219 0.997019   0.5449396  0.024216851219534874
19 0.53849566 0.5126609  0.8456456  1.         0.023908445611596107
5 0.3201149 0.        0.9117774 1.        0.02361048199236393
28 0.3321058  0.02780248 0.98609847 0.29707944 0.023428358137607574
28 0.         0.44417492 0.7483693  0.94028383 0.02325252629816532
1 0.20748673 0.4175903  0.85378665 0.724229   0.023073548451066017
5 0.         0.2533104  0.90282696 0.80747145 0.022958723828196526
5 0.23528817 0.43480316 0.9813595  1.         0.022945722565054893
38 0.24729824 0.21295093 0.97945803 0.84694207 0.022885022684931755
4 0.00591876 0.3305765  0.5472239  0.8737794  0.022860368713736534
1 0.05622266 0.3360686  0.655683   0.9816088  0.022803939878940582
19 0.        0.3396202 0.7687153 0.6661223 0.022740976884961128
20 0.8238959  0.47162008 1.         0.59711826 0.022645868360996246
10 0.06305173 0.4090003  0.863024   0.8340293  0.022514427080750465
40 0.09815005 0.07300828 0.84913385 0.33430746 0.022427000105381012
33 0.         0.29950675 0.93977565 0.918741   0.02239184081554413
1 0.06214066 0.7203002  0.9783999  0.97861624 0.022305374965071678
28 0.47789624 0.35467222 0.97764134 0.61413443 0.02224668115377426
38 0.26699474 0.02058461 1.         0.66873264 0.022174615412950516
19 0.06802406 0.44536346 0.7571113  0.9971099  0.02212802693247795
24 0.09145373 0.56705654 0.5808681  0.8974935  0.021996475756168365
24 0.39989418 0.6236873  1.         0.95816773 0.021996261551976204
36 0.10903005 0.33909568 0.78964347 0.9455608  0.021835368126630783
19 0.        0.5362078 1.        1.        0.021619107574224472
25 0.02190676 0.5504238  0.5278473  0.89696395 0.02158389240503311
18 0.         0.1745437  0.61165625 0.8066733  0.02136906050145626
3 0.8560939  0.49725088 0.9959539  0.6047763  0.021355830132961273
3 0.19399272 0.3043662  0.9668268  0.7853626  0.02134079486131668
40 0.43027273 0.35359836 0.9555     1.         0.021281303837895393
3 0.80143416 0.4639235  0.98104924 0.79841113 0.021266089752316475
40 0.2488526  0.2561952  0.60173553 0.6544234  0.021263519302010536
10 0.7129947  0.42897075 0.9731952  0.9100758  0.021220214664936066
18 0.00480423 0.4117889  0.60595137 0.8133944  0.021054649725556374
28 0.30146924 0.01689598 0.7053999  0.36804214 0.021037708967924118
36 0.17850083 0.40206352 0.97016704 0.86220175 0.02074320986866951
28 0.49367177 0.42374036 0.93999535 0.67990035 0.020743118599057198
21 0.1947486  0.46653846 0.4346486  0.91913354 0.020661016926169395
24 0.3385946  0.38541532 0.81726    0.84061104 0.020626051351428032
4 0.1501827  0.5024166  0.53177345 0.92392457 0.0206053014844656
34 0.1256937  0.526761   0.64339095 0.8358563  0.02042032964527607
3 0.89280915 0.4893626  0.99997634 0.63558084 0.020258119329810143
27 0.54267204 0.75283104 1.         0.9889492  0.020203402265906334
7 0.01897781 0.13134654 0.73079824 0.93362063 0.020136700943112373
5 0.61006963 0.         0.94280195 1.         0.020103521645069122
7 0.02628418 0.21643052 0.9339392  1.         0.019890690222382545
20 0.57489395 0.4378603  0.94187057 0.93908346 0.01975998654961586
38 0.22228931 0.01055389 1.         0.36884892 0.019739067181944847
24 0.3344668  0.22345597 0.72829175 0.64973384 0.019618269056081772
10 0.15985681 0.37004024 0.54375404 0.7659504  0.019569935277104378
3 0.8911121  0.5670342  0.99713403 0.70362186 0.019535314291715622
20 0.873318   0.5341554  0.99801975 0.7088085  0.01943400129675865
3 0.77230275 0.6194171  0.9851568  0.9440713  0.019360043108463287
34 0.11189095 0.33761433 0.66696507 0.76012117 0.019317612051963806
41 0.21285276 0.26395723 0.44336143 0.6861087  0.019213838502764702
36 0.22152779 0.13725601 0.9023054  1.         0.019048387184739113
16 0.34164235 0.61997634 0.83070946 0.9062852  0.01903071627020836
20 0.71697456 0.5358013  0.99234176 0.91477615 0.019030384719371796
21 0.17754708 0.31416065 0.98391134 0.7769189  0.019004149362444878
21 0.0751987  0.24655724 0.5200392  0.9440084  0.018950143828988075
27 0.55368143 0.32877094 0.9998557  0.6613149  0.018824391067028046
24 0.33100265 0.5245648  0.9976032  0.8428441  0.018762528896331787
20 0.8295836  0.5220007  0.99876267 0.6504977  0.01868152990937233
20 0.54152983 0.91330785 0.8501273  0.9822639  0.018669649958610535
34 0.1424302 0.6766585 0.9694735 0.9116261 0.0186579842120409
19 0.5634059  0.54575557 0.96640015 0.913235   0.01857673190534115
27 0.27065614 0.7201846  0.80333316 1.         0.01856205239892006
28 0.39379463 0.509024   0.7803911  0.8758127  0.018546270206570625
19 0.01981506 0.0091177  0.88148266 0.40688393 0.018441827967762947
22 0.62376285 0.         0.9421915  0.5695864  0.018441226333379745
20 0.82780385 0.41769764 1.         0.54943097 0.01833479106426239
43 0.07663923 0.03828558 0.65868694 1.         0.018281564116477966
34 0.03287961 0.51076007 0.6859617  0.7600657  0.018279796466231346
22 0.         0.12954672 0.4164446  0.8544637  0.018211152404546738
24 0.03702469 0.18821844 0.8007906  0.7197371  0.018055245280265808
24 0.27203348 0.75340295 0.8014661  0.9507129  0.01794862560927868
28 0.3707847  0.25172028 0.80884546 0.61210513 0.017861077561974525
30 0.18732099 0.27985933 0.9006602  0.8641776  0.017808187752962112
38 0.64904    0.19500154 1.         0.5059857  0.017806634306907654
3 0.18102036 0.36064127 0.92303205 1.         0.017744457349181175
28 0.39547923 0.37252763 0.78361607 0.74104285 0.017726091668009758
28 0.0183194  0.29808903 0.75734776 0.7397105  0.017606720328330994
18 0.         0.30111638 0.65636194 0.69914323 0.017588743939995766
36 0.5187147  0.36598587 0.89956605 0.9249685  0.017520461231470108
5 0.552367   0.48389375 0.9829044  0.9330175  0.017511721700429916
41 0.19553986 0.3695138  0.52310866 0.6527224  0.017458193004131317
20 0.8685251  0.45833924 1.         0.6323691  0.017358068376779556
5 0.11697833 0.45052004 0.7752475  0.985522   0.017219001427292824
5 0.04290995 0.37004748 0.6313844  0.8535029  0.016986532136797905
21 0.08956999 0.31485295 0.57758    0.72723985 0.01694737747311592
27 0.15071225 0.19002411 0.6652217  0.64375776 0.016936950385570526
2 0.03727702 0.3154187  0.66982156 1.         0.01690332405269146
10 0.04612536 0.58669066 0.6456604  0.9357871  0.016848677769303322
40 0.18136951 0.39371163 0.46286368 1.         0.016817789524793625
3 0.5720346 0.7289212 0.9860903 1.        0.016786636784672737
20 0.8309211  0.5173948  0.99017936 0.9457052  0.016777928918600082
41 0.24434215 0.4962784  0.6175485  0.8331663  0.016777893528342247
24 0.6326985  0.6815733  0.98847526 1.         0.01671750284731388
6 0.67553985 0.         0.9890452  0.45665926 0.01666409522294998
28 0.67413294 0.06951695 1.         0.40229487 0.01651490479707718
24 0.2636918  0.09835473 1.         0.73656356 0.016460642218589783
10 0.82246935 0.41109377 0.97935134 0.58843225 0.016446128487586975
32 0.21137659 0.2982563  0.45166647 0.7593846  0.016291406005620956
3 0.34682766 0.21557239 0.94587016 0.98315054 0.016264956444501877
24 0.5321266  0.52069247 0.8653479  0.9782837  0.01626080460846424
32 0.30256832 0.38159525 0.62118524 0.7570533  0.01623782329261303
16 0.26882502 0.45659304 0.62083167 0.82068247 0.0162336528301239
19 0.65380955 0.06370672 0.9649164  1.         0.01619943231344223
25 0.19456014 0.4845806  1.         0.9700657  0.01615028642117977
22 0.         0.38462672 0.72283125 0.9515353  0.015956731513142586
22 0.43829978 0.31421623 0.94676244 0.9210258  0.015948928892612457
27 5.0061545e-04 2.8404194e-01 4.5309430e-01 9.5809788e-01 0.015937302261590958
27 0.07481313 0.61943436 1.         0.9868272  0.015920724719762802
16 0.08671819 0.4101004  0.5922324  0.8468327  0.015906471759080887
3 0.74025816 0.5100182  0.9726156  0.84995717 0.015894128009676933
10 0.52953464 0.6276634  0.9531951  1.         0.015806252136826515
29 0.12874624 0.39869675 0.70897394 0.6575161  0.015769492834806442
19 0.53384006 0.7697007  0.89495474 1.         0.015685169026255608
20 0.60872227 0.5576206  0.95394564 0.8496083  0.01565483957529068
19 0.21035205 0.23467149 0.8451105  0.9834365  0.015632471069693565
34 0.         0.34367785 0.9476044  0.7279707  0.015595851466059685
34 0.05000781 0.5007708  0.7495688  0.9165622  0.015549925155937672
32 0.18081196 0.39461833 0.5367247  0.7731129  0.01548419613391161
24 0.84131783 0.24843988 0.9798297  0.38509327 0.015447884798049927
24 0.87623376 0.22347295 0.987877   0.4205301  0.015427161939442158
18 0.1173096  0.08980225 0.4907954  0.7092025  0.015421256422996521
25 0.         0.59986985 0.7439916  0.9172131  0.015415690839290619
41 0.1668117  0.38443598 0.60497224 0.5828505  0.015406291000545025
24 0.50441796 0.43221146 0.9949726  0.93828595 0.0151935750618577
10 0.8598694  0.43314993 0.9769222  0.6726103  0.015003683045506477
5 0.14186068 0.13123383 0.44365892 0.6934032  0.014966309070587158
19 0.49740857 0.40639517 0.9674495  0.7488552  0.014883959665894508
28 0.6558271  0.10775258 0.96315086 0.83330417 0.01487511582672596
1 0.21505901 0.4385668  0.7207263  0.8716779  0.014868909493088722
32 0.33061016 0.52222717 0.8722223  0.9397132  0.014839817769825459
15 0.0903743  0.4483309  0.62076867 0.7239656  0.014838021248579025
