41 0.27483165 0.26752615 0.66732496 0.61036956 0.534540593624115
41 0.01182284 0.2626032  0.7664174  0.55596364 0.32031092047691345
41 0.24345699 0.16633208 0.64120305 0.56389314 0.2886791229248047
41 0.09062839 0.19566204 0.771026   0.47714722 0.28586357831954956
41 0.11040322 0.32196915 0.722403   0.60879564 0.2822026014328003
43 0.07249863 0.07899999 0.96223795 0.8996511  0.28025734424591064
41 0.28026322 0.35758555 0.62250334 0.6880454  0.26604801416397095
41 0.11167751 0.3902445  0.7015915  0.67936987 0.2439141869544983
24 0.11541713 0.30559152 0.7886539  0.77507275 0.22817271947860718
42 0.19751419 0.08345846 0.88442445 0.9691507  0.21697752177715302
43 0.40442204 0.07507497 1.         0.8840025  0.20877566933631897
41 0.22326286 0.37650442 0.9005543  0.6131646  0.20703083276748657
41 0.2542017  0.29112163 0.9149699  0.5571711  0.2057199627161026
41 0.40007672 0.42688692 0.990677   0.74586123 0.19680990278720856
43 0.06788984 0.18025587 0.6009063  0.7632043  0.19319897890090942
41 0.32299417 0.43822393 0.8895209  0.66103137 0.19098308682441711
42 0.39985955 0.0327915  0.9853603  0.9897164  0.168430894613266
43 0.60326886 0.13262182 1.         0.8312283  0.16476505994796753
24 0.25460684 0.30533963 1.         0.8155592  0.16431216895580292
41 0.20209989 0.29588956 0.8948957  0.73824775 0.16412250697612762
41 0.05399628 0.2281348  0.5733593  0.63998413 0.16355159878730774
21 0.07030177 0.02228488 1.         0.85087097 0.1634635180234909
43 0.20293461 0.1671379  0.76795137 0.7944873  0.1624097377061844
41 0.4435781  0.3282669  1.         0.67712915 0.13982215523719788
24 0.07798658 0.20130631 0.6248863  0.5837421  0.13896656036376953
42 0.125765   0.11228561 0.5534465  1.         0.13569027185440063
41 0.62150836 0.29422635 0.9748977  0.7080983  0.12140097469091415
41 0.19885236 0.45275375 0.7490322  0.6637765  0.12129303812980652
41 0.07481582 0.31515595 0.57000285 0.76052105 0.11811600625514984
23 0.        0.1320785 0.4896105 0.917628  0.11746138334274292
42 0.09896514 0.11286721 0.428086   0.9165982  0.11408412456512451
24 0.1431451  0.14567918 0.73975086 0.7013431  0.11386293917894363
19 0.         0.36760676 1.         0.75693977 0.10732600092887878
42 0.11556126 0.24115354 0.4952935  0.8133218  0.09922780096530914
24 0.09992236 0.38927308 0.64069605 0.6904878  0.09846094250679016
24 0.23076136 0.40080422 0.9034658  0.77900374 0.09690336883068085
41 0.31494206 0.48499817 0.81725657 0.7180806  0.09616810828447342
18 0.3781219  0.22703785 0.9462395  0.7162206  0.0960409939289093
24 0.23078111 0.3664259  0.7462059  0.62820953 0.09597567468881607
18 0.21020654 0.16624309 0.8804917  0.6243688  0.09517485648393631
24 0.0968459  0.25095552 0.48471102 0.72779787 0.09503035247325897
41 0.0374222  0.28185362 0.3475501  0.77859926 0.09231045842170715
41 0.08013196 0.461092   0.5278828  0.70342606 0.09199313074350357
41 0.50727904 0.56509256 0.9557306  0.7237153  0.09186681360006332
24 0.151559   0.46654212 0.7413233  0.832544   0.08843693882226944
41 0.05687889 0.18252558 0.4635145  0.52394384 0.08824845403432846
24 0.0803273  0.30203763 0.51773447 0.5877127  0.08634909242391586
32 0.3868674  0.21686414 0.928118   0.7307146  0.0856105387210846
42 0.17742513 0.1693723  0.58759755 0.84061253 0.08219581097364426
19 0.27160874 0.34215802 1.         0.85136193 0.08053458482027054
18 0.2298316  0.40220815 0.8223294  0.688033   0.07899859547615051
24 0.43898743 0.12996724 1.         0.70281804 0.07866805791854858
41 0.36776763 0.25720084 0.9455147  0.6347083  0.0784887745976448
24 0.35293347 0.21735018 0.6318424  0.62306064 0.07776693254709244
21 0.         0.0612221  0.63111913 0.76376987 0.07716117799282074
24 0.20616944 0.2729641  0.6373035  0.55973625 0.07355456054210663
19 0.         0.30522498 1.         0.82080686 0.07273732125759125
24 0.2940065  0.18292898 0.9438611  0.7709948  0.07234375178813934
24 0.5362255  0.20948845 1.         0.84827495 0.07223441451787949
18 0.5793845  0.14956264 0.9565448  0.8108982  0.07063213735818863
24 0.03466836 0.23622778 0.45189133 0.55333126 0.07050880789756775
24 0.527599   0.47997335 1.         0.73423624 0.06843139231204987
41 0.12810089 0.4345788  0.75402284 0.8206946  0.06773350387811661
32 0.14953876 0.16157481 0.66520804 0.7701994  0.06577088683843613
23 0.        0.        0.9254761 0.8071432 0.0651366338133812
41 0.6394254  0.21718453 1.         0.4840441  0.06513407081365585
24 0.8364938 0.3485145 1.        0.7777432 0.06436465680599213
21 0.15219885 0.1267869  0.67092115 0.64833826 0.06262384355068207
19 0.12424225 0.54201216 1.         0.7871446  0.0625481903553009
18 0.05975283 0.2469339  0.55958873 0.64207673 0.062146399170160294
18 0.21937081 0.14475538 0.99524415 0.87746257 0.06151042506098747
41 0.33110175 0.56452554 0.7703658  0.74230856 0.06051388382911682
18 0.23972763 0.32008108 0.57094216 0.6625356  0.05955572798848152
24 0.4932544  0.431025   0.92249596 0.75841033 0.05771757289767265
41 0.28153503 0.19527572 0.9192666  0.4879526  0.057282354682683945
18 0.39006653 0.4587295  0.9213828  0.83033425 0.05656047537922859
41 0.03300199 0.4420145  0.28658602 0.75939566 0.05565789341926575
21 0.4418629 0.        1.        0.8583431 0.05492697283625603
20 0.04760721 0.25707358 0.44945583 0.6200062  0.0539359487593174
18 0.661879   0.09085137 0.9706117  0.70278597 0.053839877247810364
42 0.32604674 0.12121166 0.9278443  0.7577952  0.05343092978000641
19 0.         0.32447654 0.7583703  0.9374099  0.05307899788022041
42 0.60347986 0.10186201 0.9758273  0.7791268  0.05297408252954483
18 0.6249919  0.174519   0.9707185  0.48509467 0.05248294770717621
41 0.4235016  0.2256835  1.         0.51503074 0.05175197869539261
18 0.14804044 0.33174998 0.7820203  0.5839739  0.050753816962242126
24 0.22756043 0.5149268  0.96523684 0.8819898  0.05040251463651657
24 0.85869884 0.26280525 1.         0.7140083  0.0499759167432785
18 0.2226435  0.21678518 0.54484326 0.60936695 0.04985422268509865
41 0.33197632 0.5434385  0.9689924  0.79971117 0.048355720937252045
24 0.09266338 0.1365527  0.46217847 0.6258305  0.04696526750922203
24 0.27786162 0.309189   0.77518994 0.5801727  0.04660484567284584
24 0.07306811 0.15276091 0.55703086 0.39268324 0.04659835249185562
41 0.5011637  0.51862144 0.9429629  0.6885622  0.04647153988480568
32 0.6687669  0.19652215 1.         0.68747777 0.04628008231520653
18 0.06745458 0.24676797 0.4950999  0.5232601  0.04587053880095482
41 0.5623688  0.5476173  1.         0.77592164 0.04580511897802353
41 0.41388354 0.25865644 0.7351161  0.6141783  0.04525783285498619
10 0.07170825 0.05234068 0.60020477 0.7179801  0.04479152709245682
1 0.21108486 0.20353673 1.         1.         0.044071994721889496
23 0.         0.02571401 1.         1.         0.043186742812395096
41 0.19634044 0.52343446 0.8265483  0.7888877  0.042843569070100784
32 0.09374643 0.17908885 0.42028946 0.74560845 0.04232088476419449
10 0.16832358 0.06116694 0.98801374 0.7826939  0.0421237088739872
23 0.        0.1443865 0.6755745 0.7977712 0.04196074604988098
32 0.52938104 0.13198201 1.         0.76268625 0.041939832270145416
42 0.19220395 0.34025297 0.6822221  0.81655    0.041929274797439575
18 0.11545919 0.39492056 0.68426263 0.6646972  0.04178309068083763
32 0.207704   0.15420799 0.88256586 0.8330703  0.041324492543935776
42 0.09450191 0.1796397  0.35008967 0.76320547 0.041212860494852066
1 0.3378419  0.26663792 0.6911191  1.         0.04110627993941307
24 0.16721708 0.13041791 0.8381566  0.4944922  0.04092158004641533
18 0.10037916 0.12818182 0.5308728  0.7549497  0.04086149111390114
1 0.33013424 0.3727762  0.9912047  0.9553525  0.04051816835999489
41 0.8690299  0.42674485 1.         0.7292337  0.04030335322022438
41 0.7373812  0.22052148 0.9979328  0.5514804  0.04008587449789047
18 0.10967489 0.12673382 0.75139314 0.54339635 0.03984814137220383
24 0.15128207 0.17255129 0.64298403 0.4355236  0.03971974551677704
41 0.09117152 0.52157    0.61814785 0.81149304 0.03941751644015312
18 0.10457136 0.25790873 0.68191886 0.55878764 0.039383482187986374
18 0.04498737 0.32016322 0.46939728 0.5966771  0.039160095155239105
24 0.27904248 0.43969566 0.7799342  0.69267976 0.03768301010131836
41 0.2474595  0.5193516  0.6877994  0.71956605 0.03756207600235939
24 0.29404283 0.23502849 0.53611684 0.62084454 0.037308912724256516
21 0.         0.11121    0.98664683 0.64679486 0.03682336583733559
1 0.41411754 0.40628284 1.         0.87747735 0.03624941036105156
41 0.4360552  0.6190297  0.81727266 0.8059523  0.03486991673707962
24 0.26742005 0.50495106 0.7416642  0.7347611  0.03485681489109993
41 0.4451997  0.37443838 0.72459424 0.7089587  0.03458298742771149
18 0.41704863 0.4310935  0.95212626 0.7069174  0.034138429909944534
32 0.13643141 0.25395426 0.5788787  0.9090079  0.033977117389440536
23 0.         0.32954767 0.6153514  0.86098534 0.033857136964797974
41 0.6988409  0.4001282  0.9880156  0.73194164 0.03334978222846985
24 0.31688344 0.1231324  0.59678805 0.5004629  0.03324483335018158
41 0.59154636 0.28583753 1.         0.55062926 0.03303596377372742
21 0.         0.01108144 0.8630405  0.8282604  0.03284109756350517
18 0.1705635  0.42238283 0.9969704  0.9504701  0.032542143017053604
24 0.550965  0.5241445 1.        0.8028074 0.031990233808755875
10 0.6372939  0.01997602 0.98995864 0.6850044  0.03160455450415611
24 0.40708262 0.48251548 0.8500392  0.7942513  0.030702725052833557
18 0.03526024 0.21414928 0.7955663  0.78462046 0.029982011765241623
42 0.35864305 0.28649333 0.8254799  0.73503006 0.029864754527807236
41 0.51868534 0.1842671  0.97773564 0.45144063 0.02936612255871296
18 0.03641772 0.19661139 0.581939   0.4548492  0.029035165905952454
43 0.310085   0.11901034 0.95742047 0.7437482  0.02882825769484043
18 0.06655324 0.19437231 0.5938228  0.92577904 0.028635870665311813
41 0.02956696 0.23657599 0.2877341  0.58151287 0.02860112302005291
41 0.8091111  0.4694267  0.99700135 0.74916863 0.02817460522055626
24 0.09064291 0.4585874  0.5411945  0.74717873 0.0274200439453125
32 0.43111816 0.29174772 0.851576   0.67623556 0.027400394901633263
23 0.         0.3128988  0.84508866 0.9813867  0.027341783046722412
24 0.16804744 0.51512474 0.6131436  0.7425007  0.02727675251662731
23 0.18309759 0.10874481 1.         0.7571278  0.026477068662643433
18 0.04255315 0.39498463 0.5392283  0.62570566 0.02613682858645916
24 0.7170312  0.40434644 1.         0.7760532  0.025429604575037956
19 0.         0.30571535 1.         0.7317493  0.025279810652136803
19 0.        0.4330357 1.        0.87251   0.025203265249729156
43 0.14320165 0.08933932 0.6543485  0.8837004  0.025092508643865585
18 0.30779192 0.16889572 0.63983864 0.65723825 0.02501990832388401
41 0.10654929 0.5075305  0.44171473 0.73695844 0.025014305487275124
25 0.        0.1869713 1.        0.7369583 0.024974115192890167
18 0.32389534 0.19188114 0.9329883  0.46220806 0.024949317798018456
24 0.44176683 0.19099699 0.68084854 0.5724088  0.02449050359427929
32 0.46050385 0.13618372 0.8217782  0.5458582  0.024385251104831696
42 0.22315319 0.18926169 0.74150974 0.7398886  0.024173034355044365
18 0.11363434 0.3182326  0.66141117 0.7667147  0.024119585752487183
32 0.43474245 0.46334592 0.98903596 0.76615345 0.024009447544813156
20 0.        0.2329145 0.7710033 0.7602936 0.023280823603272438
32 0.27808976 0.15955172 0.6773902  0.64782226 0.022511448711156845
19 0.         0.4955408  1.         0.80475986 0.022362222895026207
18 0.8225284  0.23992555 0.97593457 0.6503643  0.022352352738380432
18 0.58657587 0.3597974  0.85844636 0.84702647 0.022214379161596298
24 0.41751906 0.28648302 0.907664   0.5698168  0.022103309631347656
25 0.        0.3627117 1.        0.7760651 0.022054040804505348
41 0.54895824 0.6124652  0.9367034  0.8114199  0.021659020334482193
41 0.46015158 0.57198083 0.8554002  0.767151   0.021593697369098663
21 0.         0.2453777  0.8406258  0.76616263 0.021306876093149185
1 0.         0.14817378 0.9355239  1.         0.0212828628718853
32 0.11759268 0.3718069  0.6238326  0.75897896 0.02125953510403633
10 0.28736112 0.43196642 0.89452636 0.754879   0.020607242360711098
18 0.4666154  0.12446885 0.9895965  0.55515367 0.02044965885579586
1 0.69482297 0.322969   1.         0.930321   0.020436465740203857
19 0.7490082  0.35011846 1.         0.73292184 0.020415151491761208
1 0. 0. 1. 1. 0.020290309563279152
24 0.46032318 0.37781793 0.93468803 0.6427549  0.020146245136857033
10 0.3408087  0.20822424 1.         0.7264707  0.020137863233685493
43 0.38173348 0.42551538 0.8833766  0.77263844 0.01980198733508587
24 0.05801231 0.11173556 0.4777591  0.45973837 0.019781028851866722
33 0.0977653  0.22019741 0.88961846 0.76850337 0.019562741741538048
25 0.        0.        1.        0.5762257 0.019504636526107788
42 0.42114314 0.37039426 0.91860455 0.74357206 0.019459044560790062
41 0.70023274 0.53819126 1.         0.71212655 0.0192179623991251
41 0.68404585 0.49162313 0.9508765  0.75048196 0.019092759117484093
7 0.37651974 0.14730212 0.94008607 0.98413944 0.01889229193329811
10 0.22932501 0.1552883  0.66299576 0.70258677 0.018571559339761734
10 0.02765386 0.         0.92149866 0.6243689  0.01833542436361313
41 0.18256542 0.55786055 0.56648374 0.7804054  0.018317652866244316
41 0.87223524 0.35446143 0.9915771  0.66696703 0.018187787383794785
41 0.36998624 0.5706942  0.6411191  0.8103466  0.018146635964512825
1 0.40359885 0.2780667  0.8694321  1.         0.017860885709524155
24 0.33515877 0.59012276 0.76630425 0.885348   0.01785162463784218
24 0.30347267 0.56446207 0.7933139  0.7943678  0.01769760437309742
19 0.45869443 0.4366738  1.         0.8489439  0.017602134495973587
25 0.         0.         1.         0.81108713 0.017425745725631714
18 0.17646141 0.17143092 0.68112034 0.4557214  0.017323877662420273
18 0.55303293 0.47392428 0.9286305  0.96392816 0.0172266885638237
41 0.47720176 0.6522499  0.8754547  0.8395233  0.017225535586476326
1 0.15703052 0.3365471  0.81643224 1.         0.017066288739442825
33 0.3778206  0.19652075 0.9140056  0.81726104 0.01706301048398018
1 0.51848257 0.         1.         1.         0.01695193536579609
10 0.49790472 0.         0.95063055 0.6511777  0.016928358003497124
18 0.60661906 0.3263173  0.9688476  0.72086024 0.016754737123847008
32 0.3936437  0.15023515 0.6249791  0.74732774 0.016658348962664604
24 0.69788295 0.17886108 1.         0.7386955  0.016493255272507668
24 0.18716429 0.0920167  1.         0.44108787 0.016456305980682373
18 0.77244043 0.16918023 0.98185974 0.5854357  0.01640753075480461
18 0.03806211 0.26915807 0.3253227  0.5664505  0.016353843733668327
43 0.80242324 0.2609316  1.         0.726686   0.016024690121412277
18 0.4624402  0.4476188  0.8473178  0.95493776 0.015899915248155594
18 0.3935573  0.20955133 0.7018343  0.61616147 0.015745196491479874
33 0.5005181  0.25135767 0.9528398  0.76305825 0.01569782756268978
1 0.36550274 0.00468363 0.6688324  0.9344652  0.015362628735601902
41 0.62721825 0.49551708 0.88371515 0.74086803 0.01533055305480957
41 0.04757178 0.426952   0.3518183  0.6918817  0.01493022684007883
10 0.2530457  0.00383349 0.6707262  0.58858085 0.014812013134360313
43 0.2817377  0.38605636 0.97129375 0.859762   0.014681916683912277
10 0.07636157 0.22741842 0.58195525 0.6366147  0.014376482926309109
24 0.7883647  0.43037665 1.         0.8561727  0.014351162128150463
32 0.42297933 0.02748164 0.6356132  0.5871479  0.014338590204715729
7 0.06319756 0.11914065 0.88406545 0.9454868  0.014270511455833912
42 0.39490798 0.20577757 0.6765056  0.773998   0.014182977378368378
19 0.00792684 0.59760934 1.         0.84220934 0.014024792239069939
24 0.65674275 0.31319445 1.         0.8607815  0.013917128555476665
24 0.01000406 0.36358583 0.43659297 0.63931227 0.013902346603572369
23 0.39824647 0.         0.9010348  0.6524929  0.01387519296258688
1 0.5796986  0.26648796 1.         1.         0.013768129982054234
27 0.        0.1756948 1.        0.962359  0.013734174892306328
41 0.05741112 0.53325796 0.31541154 0.7660077  0.0137220099568367
37 0.792635   0.24030325 0.9998746  0.6852358  0.013504178263247013
40 0.31194723 0.         1.         1.         0.013472529128193855
32 0.3631291  0.26167637 1.         0.9143888  0.013413201086223125
42 0.48546216 0.09107643 0.74482566 0.7422446  0.013186377473175526
25 0.         0.         1.         0.58176136 0.012971609830856323
33 0.01134247 0.24821094 0.47365293 0.80842125 0.012958414852619171
25 0.         0.         0.72894424 0.73161    0.012804754078388214
24 0.00436136 0.25542283 0.30013037 0.5776301  0.01246338989585638
32 0.17674465 0.26649258 0.57510966 0.6481507  0.01244591549038887
43 0.4847866  0.19748467 1.         0.73219883 0.01241061557084322
32 0.5760242 0.3854389 1.        0.7856013 0.012390884570777416
40 0.02235723 0.         1.         1.         0.012190958485007286
24 0.08826766 0.3104949  0.33730555 0.6872616  0.012152258306741714
10 0.80724865 0.59212184 1.         0.9560054  0.012057687155902386
42 0.10563289 0.2362761  0.43464866 0.6594888  0.012044385075569153
43 0.537119   0.35480896 1.         0.7781714  0.012009107507765293
36 0.         0.44246536 1.         0.82636845 0.01185497548431158
1 0.         0.5294663  1.         0.97618014 0.011854471638798714
24 0.63807845 0.47491193 0.93426096 0.83301955 0.011838529258966446
24 0.35291877 0.5003171  0.63258743 0.8188046  0.011727997101843357
32 0.47014323 0.39215878 0.9403942  0.7072229  0.011671250686049461
32 0.2967656  0.50505626 0.80301887 0.79656976 0.011658496223390102
10 0.06910518 0.10713109 0.7653496  0.59557813 0.01163472980260849
24 0.58217925 0.50556356 0.8711267  0.84559005 0.011546703055500984
41 0.2830478  0.6237054  0.7245899  0.77933484 0.011479832231998444
10 0.0199467  0.23826195 0.66414636 0.789868   0.011386418715119362
1 0.7708664  0.23836996 1.         1.         0.01131551992148161
32 0.55028534 0.08892108 1.         0.54288006 0.011308210901916027
42 0.44375572 0.09703591 0.6800985  0.6804942  0.011301262304186821
41 0.39679664 0.68879133 0.73553157 0.8612393  0.011186670511960983
8 0.36013913 0.11836251 0.94695336 0.8399682  0.011155731044709682
24 0.4285046  0.19526075 0.9417707  0.44467735 0.011076346971094608
19 0.         0.16617091 0.9661432  0.63776845 0.010992459952831268
20 0.20162028 0.3010947  0.8177041  0.7899436  0.010989906266331673
19 0.3080157  0.56892747 0.9402173  0.82274663 0.010859934613108635
23 0.         0.25126323 0.64067996 0.6806741  0.010813280008733273
19 0.0401372  0.31564784 0.81503755 0.6577801  0.010801803320646286
33 0.34660903 0.5010709  0.87563795 0.74868315 0.010612682439386845
1 0.         0.         0.75856143 0.82528853 0.010592872276902199
43 0.22974959 0.334076   0.6523517  0.7618433  0.010551199316978455
43 0.13267365 0.18204191 0.5690973  0.5549225  0.010494292713701725
1 0.76711476 0.41064763 1.         0.9805934  0.010483168996870518
41 0.622352   0.38273594 1.         0.6347918  0.010283821262419224
21 0.218244   0.36735618 0.9798153  0.78482515 0.010217676870524883
18 0.6082307  0.34845734 0.9889961  1.         0.010174352675676346
18 0.69221497 0.3433002  0.977889   0.87739545 0.010156569071114063
19 0.48816088 0.4939637  0.9727289  0.77851486 0.010083779692649841
8 0.05941394 0.11246165 0.8798153  0.86628056 0.010004721581935883
10 0.323449   0.56836    1.         0.80428475 0.009941915981471539
19 0.         0.30001098 0.8234621  0.57720256 0.009905405342578888
25 0.         0.1594895  1.         0.77121925 0.009880870580673218
43 0.10688103 0.1623126  0.8272908  0.6146076  0.009860849939286709
19 0.7442386  0.41806495 0.98246676 0.8374093  0.00984678789973259
20 0.         0.15234368 0.50642145 0.6930064  0.009730346500873566
42 0.04385747 0.34823254 0.44284546 0.79466563 0.00971259456127882
24 0.47263637 0.50145584 0.75362045 0.8502595  0.009610297158360481
21 0.23933436 0.15610248 0.84779423 0.6375247  0.009512843564152718
23 0.22788878 0.43878475 0.93227845 0.7403257  0.0094284787774086
42 0.06458259 0.2598014  0.29124975 0.7198878  0.009358336217701435
20 0.         0.38832068 0.5375608  0.71709144 0.009288744069635868
1 0.36858857 0.02695374 1.         0.88999695 0.009285946376621723
42 0.2930167  0.19551273 0.5369539  0.8527184  0.009261569008231163
