10 0.2495704  0.         0.47584626 0.12337029 0.06091034412384033
6 0.47113812 0.         1.         0.5393199  0.055137038230895996
6 0.5041773 0.        1.        1.        0.052613768726587296
1 0.         0.09883736 0.34235865 0.477052   0.0406377799808979
10 0.1757304  0.         0.47927186 0.08844779 0.039639104157686234
7 0.         0.25563785 0.7190711  1.         0.03624236583709717
1 0.15849663 0.06595426 0.72655165 0.49476025 0.03570232540369034
1 0.09578379 0.14803077 0.8743331  0.458186   0.03462262451648712
1 0.         0.05370771 1.         0.4751342  0.03404339402914047
1 0.162824   0.14237282 1.         0.59569377 0.033989209681749344
6 0.46273613 0.05867335 0.92688155 0.6266678  0.03349235653877258
40 0.         0.04553538 0.7265811  0.5552995  0.03323657438158989
18 0.16682912 0.14386389 0.6978453  0.97006655 0.03221747651696205
1 0.        0.        0.3351493 0.5485946 0.03220728784799576
38 0.5038788  0.         0.99354595 0.92288864 0.031497772783041
40 0.        0.0367157 0.8525163 1.        0.02716713212430477
1 0.42923808 0.23031601 0.9141395  0.60441816 0.026569927111268044
6 0.52521783 0.         0.8930114  0.36276796 0.02648894302546978
18 0.28793007 0.         0.47462413 0.12306539 0.02565356157720089
1 0.286466   0.23378892 0.79726607 0.6293179  0.025055425241589546
1 0.39929548 0.19256023 1.         0.659743   0.023751014843583107
1 0.         0.07262345 0.5998207  0.51602095 0.023458344861865044
6 0.5077995  0.35299593 1.         1.         0.022740906104445457
10 0.3430365  0.00099268 0.4603707  0.05983204 0.022663060575723648
10 0.32675895 0.         0.48304877 0.16015798 0.02132694609463215
1 0.3621325  0.31129223 0.8415569  0.72671014 0.020359966903924942
6 0.50291944 0.6641362  1.         1.         0.02021101675927639
41 0.21406169 0.         0.5160726  0.1212323  0.020184827968478203
21 0.22706752 0.         0.45489168 0.11291031 0.019938919693231583
34 0.26464584 0.17517383 0.9011518  0.5123399  0.019558614119887352
1 0.30561072 0.30568168 0.9891443  0.58143157 0.01914907991886139
1 0.22719437 0.24965966 1.         1.         0.019121047109365463
4 0.01804304 0.30877802 0.82737786 0.91849196 0.018777621909976006
41 0.30652413 0.0014175  0.5136517  0.16426705 0.018585676327347755
33 0.2436404  0.01221064 0.504183   0.11964666 0.017957834526896477
1 0.         0.12491252 0.8645272  0.7435174  0.017656177282333374
18 0.27168292 0.         0.51304954 0.08666319 0.016370318830013275
10 0.09716035 0.         0.3632122  0.12991452 0.016091814264655113
40 0.         0.         0.74002254 0.18155186 0.016037674620747566
38 0.51742744 0.02005355 0.9007365  0.32613507 0.016024651005864143
38 0.46930227 0.01435275 1.         0.55314636 0.015888961032032967
1 0.2967666  0.05574561 1.         0.4324167  0.015845149755477905
1 0.20321172 0.05067296 0.56414825 0.60542196 0.01574028469622135
38 0.4055643  0.16020828 0.8999179  0.5883218  0.015675492584705353
1 0.10463486 0.03636233 0.45458826 0.62371016 0.01557939127087593
24 0.0085397  0.04389708 0.21749996 0.19153151 0.015473165549337864
7 0.         0.05248919 0.7328471  0.5361257  0.015036102384328842
27 0.3211994  0.21577136 0.8992993  0.77322114 0.014607736840844154
24 0.0072     0.03320078 0.3001593  0.14028509 0.014397981576621532
24 0.         0.0818236  0.40798312 0.47147268 0.014268274419009686
24 0.04486103 0.02479984 0.26684958 0.10530879 0.013878106139600277
33 0.22247396 0.00955996 0.55142665 0.08076698 0.013601046986877918
33 0.31960857 0.01700014 0.50378186 0.15655056 0.013424417935311794
21 0.1528796  0.00270011 0.44600403 0.07683071 0.013416202738881111
18 0.23775755 0.383048   0.73825866 0.9520447  0.013240472413599491
40 0.         0.02608204 0.76564443 0.35304913 0.013080928474664688
10 0.17960007 0.         0.61139053 0.22629277 0.013028295710682869
18 0.35189825 0.         0.48332924 0.16698502 0.012698950245976448
22 0.2985942  0.         0.75955564 0.60641277 0.012338523752987385
1 0.17609613 0.24994223 0.9251025  0.5304631  0.012333597987890244
28 0.41940007 0.15893841 0.9109495  0.548535   0.012132825329899788
1 0.43247774 0.11698449 1.         0.52224684 0.012095434591174126
24 0.         0.15547161 0.4623629  0.40582338 0.012014204636216164
27 0.36790764 0.12191842 0.8320655  0.57379204 0.012012964114546776
41 0.1343655  0.         0.50861937 0.08236825 0.011937234550714493
6 0.7261241  0.07965091 0.99550134 0.7333853  0.011758887208998203
41 0.32435748 0.00291269 0.47559825 0.05657157 0.011671794578433037
38 0.7961532 0.        1.        0.6831757 0.011492118239402771
24 0.         0.02077482 0.15757693 0.07463618 0.011360475793480873
10 0.         0.33909282 0.6679732  0.89694643 0.011348038911819458
24 0.         0.02704426 0.11523923 0.10369772 0.01124575175344944
6 0.7930916  0.         1.         0.78501415 0.01123790629208088
24 0.07811969 0.02819163 0.63662446 0.13085961 0.01121756061911583
38 0.72783077 0.15061976 1.         0.66385996 0.011105620302259922
10 0.         0.80718654 0.7101495  0.9584343  0.011080379597842693
4 0.03841789 0.12460904 0.81979096 0.4720693  0.011060573160648346
34 0.         0.08089609 0.6793534  0.46554103 0.011022254824638367
24 0.2494253  0.01971748 0.4504008  0.10614091 0.010950848460197449
24 0.         0.13115387 0.6506186  0.4643181  0.010911132209002972
10 0.01260948 0.00894564 0.6863374  0.16750526 0.010712859220802784
40 0.16868104 0.         0.48723227 0.13103355 0.010710769332945347
1 0.02821368 0.07967519 0.85177195 0.38549846 0.010606296360492706
24 0.         0.21064405 0.28148004 0.43657267 0.010232465341687202
24 0.         0.08926805 0.25128642 0.4579115  0.010160461068153381
38 0.37274158 0.28070515 0.9998953  0.77905875 0.009904424659907818
1 0.22008505 0.00650509 0.45004925 0.11421987 0.009728699922561646
24 0.         0.21384603 0.5436821  0.43700114 0.00971031654626131
1 0.34812364 0.2517846  0.6731611  0.80460006 0.009685304015874863
24 0.04219451 0.01448793 0.3384104  0.07443428 0.009546472690999508
40 0.         0.12826452 0.90063703 0.67020184 0.009408697485923767
41 0.14162755 0.3427057  0.8043472  1.         0.009397488087415695
33 0.33393252 0.00866221 0.4762971  0.05711507 0.009393610991537571
10 0.         0.53384256 0.730662   0.9106953  0.009350018575787544
1 0.15664862 0.00577771 0.3826734  0.1163174  0.00932515412569046
10 0.35104138 0.00054647 0.498557   0.04494946 0.009257580153644085
22 0.22576821 0.09292514 0.8489482  0.8185118  0.009153662249445915
1 0.13478495 0.00268397 0.42615733 0.0796883  0.009132745675742626
40 0.         0.         0.99322134 0.29993224 0.009090536274015903
40 0.0376121  0.11038116 0.68299574 0.43729606 0.009052791632711887
1 0.3183597  0.00751826 0.47993267 0.16468726 0.008986644446849823
24 0.12236481 0.02136487 0.3220368  0.10285897 0.008798317052423954
38 0.45718834 0.00378388 0.9630296  0.20780727 0.00875434186309576
24 0.16812973 0.0124288  0.44487453 0.07223895 0.008708902634680271
41 0.08442627 0.8475362  0.66256034 1.         0.008685092441737652
33 0.09119608 0.01049556 0.38054052 0.11911492 0.008592337369918823
21 0.33161804 0.00346702 0.44911256 0.05562184 0.008543132804334164
24 3.4472783e-04 1.5039459e-01 1.9382779e-01 5.0446779e-01 0.008414813317358494
24 0.01672409 0.04179838 0.3595036  0.19931768 0.008363835513591766
25 0.         0.06919122 0.8300808  0.45497656 0.008343088440597057
24 0.20155162 0.01929681 0.39976394 0.10065826 0.008302416652441025
2 0.0554557  0.         0.2791626  0.42945924 0.008139739744365215
7 0.23533748 0.         0.45745134 0.11090735 0.0081044752150774
18 0.3644524 0.        0.4598816 0.0615102 0.008066997863352299
41 0.09537303 0.         0.35565084 0.12135304 0.008031624369323254
1 0.19956583 0.0038516  0.49987784 0.07766871 0.008015813305974007
1 0.44613892 0.36922756 0.91127354 0.7749637  0.00796038843691349
21 0.3058214  0.         0.46262133 0.15573367 0.007891789078712463
1 0.3536758  0.04870968 0.6748891  0.41976598 0.007874097675085068
40 0.13558753 0.         0.53501874 0.08743122 0.007829814217984676
29 0.1886963  0.14043242 0.7012201  0.5132376  0.007754325866699219
40 0.28537712 0.         0.4926359  0.18150891 0.007754108402878046
4 0.         0.07770817 0.8529149  0.30877742 0.007692433428019285
2 0.10646969 0.01721903 0.4760048  0.45993775 0.007423724979162216
33 0.09650224 0.00783824 0.4590379  0.08332933 0.007412511855363846
40 0.09797101 0.04357113 0.8914684  0.44099006 0.007367266807705164
1 0.0679552  0.00042849 0.30370724 0.11700529 0.007318350952118635
38 0.7919666 0.1317423 1.        0.8600531 0.00727376714348793
24 0.         0.07346535 0.15414932 0.2861282  0.00721396692097187
24 0.30132008 0.0180884  0.5129591  0.10552655 0.007213957142084837
1 0.4706986  0.47615734 0.9266323  0.8789157  0.007184850983321667
28 0.44504538 0.04040186 0.9974323  0.7163894  0.007179706823080778
1 0.28709123 0.00624576 0.51380634 0.11300634 0.007102545350790024
2 3.6603052e-02 3.7818908e-04 4.4406328e-01 1.5288611e-01 0.007044460158795118
22 0.5175254 0.        0.8559386 0.2958733 0.007039109244942665
24 0.3309055  0.02670093 0.48173067 0.1496244  0.00700957328081131
24 0.06132019 0.09169916 0.8089173  0.33918092 0.00687595596536994
38 0.6207091  0.24318835 1.         0.6318991  0.006873799487948418
10 0.2625165  0.         0.58805424 0.08377378 0.006839829962700605
40 0.03091385 0.         0.58390516 0.262986   0.006779876537621021
24 0.         0.2344952  0.38855058 0.46576998 0.00676760682836175
2 0.05397893 0.02195213 0.71209276 0.49820557 0.006763056386262178
40 0.        0.        0.7818908 0.8100137 0.0065858373418450356
41 0.07672768 0.10492372 0.7602882  0.48838782 0.006572352256625891
4 0.06671216 0.03151945 0.74469954 0.20772898 0.006534550338983536
18 0.16337422 0.         0.35162762 0.12708753 0.006519189570099115
10 0.01365192 0.5020494  0.28283152 0.9884678  0.006515953224152327
18 0.1884468  0.         0.4187927  0.09010266 0.006489296443760395
33 0.05961085 0.03804071 0.78746724 0.3527295  0.006469522602856159
38 0.804528   0.         1.         0.34460598 0.0064239208586514
2 0.40142235 0.08722974 0.85810244 0.6405323  0.0064128064550459385
1 0.0257338  0.48128283 0.8184077  1.         0.006406235042959452
1 0.3233327  0.8389958  0.98644584 1.         0.0062901973724365234
1 0.3399963  0.00276071 0.45802516 0.05636583 0.0062761553563177586
1 0.         0.84531486 0.8059425  1.         0.0062685394659638405
34 0.01870041 0.06335557 0.9379016  0.38447043 0.0062293424271047115
33 0.01832092 0.05773977 0.8054402  0.53104645 0.006179980002343655
4 0.22267395 0.         0.4660096  0.12204229 0.006177254021167755
18 0.16769996 0.37859204 0.5861417  0.97698194 0.006135272793471813
34 0.30640414 0.         0.46121883 0.1560609  0.00606980174779892
33 0.07321256 0.01565722 0.76951945 0.16151504 0.006059008650481701
1 0.00813093 0.01709829 0.22139499 0.4389931  0.006042090710252523
40 0.         0.35664257 0.9301978  1.         0.006021816749125719
7 0.20471235 0.         0.50808007 0.07704363 0.005997238215059042
2 0.04285017 0.         0.28641772 0.11698213 0.005975448526442051
38 0.79889965 0.0060807  1.         0.08448984 0.005966911558061838
1 0.31038803 0.37220013 0.9804053  0.68775964 0.005858743097633123
34 0.         0.03337802 0.71602094 0.31280452 0.005853545852005482
1 0.         0.00402092 0.51166594 0.65984255 0.005850772839039564
6 0.6382796  0.26440546 0.9914405  0.7557516  0.005815890617668629
41 0.10856573 0.         0.6052163  0.24694504 0.0058042206801474094
1 0.37323597 0.01056998 0.9880456  0.15573867 0.005798385478556156
41 0.1148803  0.23098435 0.7445084  0.86086833 0.005797615274786949
33 0.01591022 0.00655594 0.3120304  0.11185056 0.0057843392714858055
22 0.16065565 0.         0.7644138  0.18446745 0.005748962517827749
10 0.16202195 0.         0.76540065 0.14778957 0.005710384342819452
34 0.17330602 0.         0.4634457  0.0795708  0.005698258522897959
22 0.5248629  0.         0.98988444 0.78082645 0.005677016451954842
18 0.11699084 0.         0.6678009  0.16595249 0.0056467014364898205
33 0.2810692  0.14972737 0.84804887 0.6137942  0.005568860098719597
24 0.00262323 0.07848414 0.38037777 0.32497492 0.005561159458011389
33 0.4556573  0.09848478 1.         0.79359365 0.0055609336122870445
1 0.27178675 0.06515516 0.891605   0.32900527 0.0055054957047104836
34 0.16940966 0.03389798 0.6833621  0.40855268 0.005485902074724436
10 0.         0.69844824 0.55267936 0.99942017 0.005475478246808052
5 0.33782503 0.04163378 0.7670447  0.64066803 0.0054570878855884075
28 0.46355042 0.03097369 0.97004884 0.42454582 0.005415553227066994
34 0.2103073  0.         0.42031902 0.11193983 0.005387043580412865
27 0.00443932 0.04766263 0.73600936 0.34033075 0.005346603225916624
40 0.03639729 0.         0.3694807  0.13382009 0.00532805360853672
7 0.01800369 0.         0.6554081  0.15738796 0.005313551984727383
41 0.18492012 0.03423303 0.5241493  0.36443228 0.005295265465974808
34 0.23229048 0.2295574  0.8169902  0.58116317 0.005215816665440798
40 0.         0.         0.38836792 0.21618184 0.005208726041018963
27 0.         0.06069072 0.80605245 0.5020554  0.0052075572311878204
41 0.2883374  0.3568097  0.76144207 0.71521324 0.0051695299334824085
1 0.10130544 0.2941476  1.         0.79271275 0.005162366200238466
16 0.43799573 0.17131138 0.78670716 0.46576437 0.005153748672455549
10 0.16173217 0.         0.4672048  0.34795415 0.0051420084200799465
24 0.34298247 0.00958153 0.45752656 0.05533136 0.00512967212125659
2 0.03724716 0.         0.2189028  0.53616124 0.005128403194248676
7 0.0000000e+00 7.7458704e-04 1.0000000e+00 5.8169389e-01 0.0051077380776405334
6 0.4122524  0.18743393 0.917554   0.72955215 0.005092944949865341
40 0.21480282 0.         0.78988135 0.15551962 0.0050582257099449635
41 0.33924812 0.00108381 0.5044416  0.04392785 0.00504059623926878
2 0.02387123 0.         0.22496758 0.22888392 0.0050148689188063145
6 0.53039014 0.         1.         0.2640419  0.004999513737857342
22 0.43932894 0.         0.8858998  0.2089634  0.004992275964468718
18 0.21586522 0.         0.5698602  0.23996364 0.0049843862652778625
40 0.34592664 0.1475517  0.7798476  0.54436547 0.004980334080755711
38 0.4657461  0.73463804 1.         1.         0.004970799665898085
1 0.        0.        0.3043084 0.1599707 0.004965245723724365
2 0.05456621 0.10936139 0.33791697 0.43774882 0.004961940459907055
4 0.         0.02825997 0.7088338  0.14957237 0.004955090116709471
1 0.37221214 0.3585667  0.7066722  0.8976862  0.004954361356794834
34 0.26010996 0.         0.48472983 0.11476436 0.004930486902594566
5 0.         0.14758031 0.8475527  0.90776163 0.004911742173135281
1 0.3716596  0.00213856 0.4867051  0.05543323 0.004860364366322756
38 0.7281597  0.01269185 1.         0.54231083 0.004848848562687635
18 0.05594106 0.         0.69868255 0.49402028 0.00484401173889637
20 0.6164544 0.2235653 0.9739335 0.7051072 0.004840848036110401
24 0.14747721 0.03755521 0.53146    0.20087947 0.004827629309147596
18 0.07229052 0.         0.25695312 0.5893782  0.004801908042281866
18 0.14416733 0.         0.49842337 0.54426324 0.004767005797475576
27 0.42543566 0.04649417 0.8647917  0.3968717  0.004766580183058977
7 0.3114655  0.         0.47702637 0.15284674 0.004739819560199976
25 0.335207  0.1720419 0.7733171 0.5570406 0.004738149233162403
27 0.22114745 0.12711884 0.9928597  0.6538082  0.004737694747745991
2 0.22653824 0.         0.46119392 0.1051832  0.004726092331111431
6 0.7993594  0.         1.         0.38802984 0.004725345876067877
40 0.        0.        0.5027571 0.6412143 0.004707549698650837
1 0.3492728  0.04477303 1.         0.29958686 0.004679183475673199
41 0.14136788 0.13717788 0.7470226  0.39603445 0.004657914396375418
40 0.10697924 0.         0.781495   0.2759863  0.004652079194784164
5 0.21914032 0.00048769 0.46210858 0.10593617 0.004601327236741781
7 0.         0.10877886 1.         0.8436131  0.004589039366692305
40 1.7344470e-01 1.9429524e-05 6.4880788e-01 5.1187789e-01 0.004564198665320873
34 0.3274021  0.00181966 0.44152543 0.05319363 0.004549055825918913
33 0.16840881 0.01693479 0.6185679  0.22625361 0.004530203994363546
41 0.13186857 0.6337594  0.80299616 1.         0.0045301951467990875
2 0.09186862 0.12535329 0.5921692  0.46999773 0.004525934811681509
34 0.01556964 0.15940878 0.6505036  0.42346665 0.004499319475144148
42 0.2068083  0.         0.4541676  0.11581142 0.004446579609066248
7 0.05647936 0.08441842 0.76143503 0.4306462  0.004436724819242954
22 0.36292523 0.         0.94396895 0.43741086 0.004410865716636181
38 0.5113014  0.43084767 0.99836856 1.         0.004405559040606022
27 0.1754271  0.02754534 0.9438257  0.4177627  0.004393072798848152
38 0.8489522  0.00231305 0.9970973  0.1155671  0.0043869405053555965
24 0.16288409 0.08461124 0.4214088  0.29885006 0.004352500196546316
6 0.46580395 0.         0.79930073 0.33469373 0.004349966067820787
10 0.15223502 0.07066055 0.5739349  0.49752438 0.004348719958215952
4 0.20433693 0.         0.5081105  0.08272057 0.004346645437180996
24 0.00379531 0.15120555 0.3315457  0.51690006 0.004312099888920784
40 0.06303472 0.15122287 0.8276677  0.97920555 0.004311528988182545
14 0.5128407  0.07085332 0.95395726 0.74386585 0.004280102904886007
10 0.         0.41177666 0.41727164 0.9946217  0.0042791529558598995
4 0.32477167 0.         0.4947038  0.16456892 0.004263513255864382
33 0.06758276 0.20343953 0.774015   1.         0.00424415385350585
6 0.5875139 0.        1.        0.7262303 0.00420541362836957
2 0.03072346 0.00037288 0.36043563 0.07584421 0.004204863216727972
4 0.28722972 0.         0.5240663  0.11903714 0.004197373054921627
25 0.         0.08927374 0.77369887 0.36802658 0.00418616458773613
27 0.2291476  0.0176388  0.7120084  0.46477255 0.004178659059107304
16 0.08952047 0.09416592 0.6562952  0.35713497 0.004174964968115091
20 0.60854685 0.13893747 0.9957907  0.41364777 0.004168843384832144
40 0.3151961  0.00189219 0.46827975 0.05821076 0.004155280068516731
5 0.        0.        0.7378617 0.5400792 0.004149986431002617
4 0.16333863 0.08394168 0.64905727 0.4878172  0.004140379372984171
22 0.         0.         0.698432   0.48686728 0.0041364626958966255
25 0.34963793 0.29946074 0.8751723  0.7774642  0.004135591443628073
18 0.1475295  0.         0.6238165  0.64366376 0.004134031943976879
6 0.7841156  0.20254837 1.         1.         0.00412625540047884
38 0.26149598 0.03827456 0.9833121  0.2906002  0.004094737581908703
33 0.18181707 0.10932953 0.99401677 0.66793454 0.0040862830355763435
7 0.09416346 0.14116524 0.59018856 0.5919095  0.004051865544170141
4 0.01385991 0.16097832 0.87158304 0.6565024  0.004044455476105213
25 0.         0.16531779 0.74070454 0.43371516 0.004022768698632717
18 0.08459836 0.         0.3446857  0.18016829 0.004009267780929804
21 0.         0.0712442  0.56593984 0.7726842  0.00400832574814558
1 0.33064649 0.49086905 0.75446385 0.92530835 0.003966326359659433
38 0.72473794 0.28335413 1.         0.7895334  0.003935115411877632
24 0.         0.37242505 0.6406113  0.8604537  0.003910364117473364
29 0.20243503 0.32572198 0.726466   0.7693906  0.0039057820104062557
38 0.19518062 0.0571165  0.9817491  0.44125932 0.003905355930328369
6 0.7948228  0.62282354 0.9989077  1.         0.0038764949422329664
33 0.17872939 0.09274045 0.66414773 0.5334939  0.0038702378515154123
1 0.3516705  0.44986635 1.         0.785615   0.003869606414809823
1 0.03400002 0.7927859  0.74243015 1.         0.003867640858516097
4 0.19050321 0.01960504 0.8422303  0.1480009  0.0038535981439054012
40 0.16212289 0.25983742 0.68751556 0.75341237 0.003851136192679405
40 0.02338893 0.         0.4496007  0.08861068 0.003842396894469857
41 0.00841245 0.15790786 0.32597357 0.48713192 0.003809164045378566
1 0.23130448 0.01102936 0.81308734 0.15335068 0.0038089684676378965
22 0.19002064 0.         0.85389847 0.63036054 0.003805634332820773
22 0.35312924 0.         0.95539755 0.90489787 0.00378654757514596
16 0.2614295  0.10031223 0.78092223 0.44483674 0.0037843494210392237
10 0.         0.00275757 0.34424612 0.16966408 0.0037645732518285513
29 0.04314947 0.02543091 0.66774946 0.16863897 0.003750050440430641
1 0.42827675 0.0087678  0.84799254 0.20891172 0.003744681365787983
29 0.3125441  0.12026245 0.89818096 0.5940337  0.0037317092064768076
33 0.22408417 0.2793056  0.9887738  0.83760774 0.003729447955265641
