4 0.         0.26789957 0.79015195 0.9060404  0.15284499526023865
24 0.25673667 0.7195569  0.7752744  0.9066661  0.11928994953632355
24 0.17549841 0.55843264 0.8042014  0.88176453 0.11714652180671692
4 0.         0.39981854 1.         0.9828668  0.10431858152151108
10 0.30721024 0.42897278 0.70127195 0.96276665 0.10159458220005035
24 0.19728962 0.45216972 0.96066684 0.82523704 0.08993154019117355
21 0.3150623  0.50834614 0.7092659  0.88984853 0.088090680539608
4 0.         0.48815903 0.6686069  0.99237245 0.07989845424890518
2 0.22782879 0.39487818 0.69541234 0.90870494 0.07364015281200409
7 0.2572149  0.29827583 0.8851158  1.         0.06709662824869156
18 0.39434943 0.         1.         0.66860974 0.06463807821273804
1 0.16087244 0.56366354 0.8404743  0.963949   0.06316781044006348
24 0.22512029 0.18228018 0.7056045  0.36931002 0.060325466096401215
21 0.36280698 0.3437703  0.62462777 0.9203573  0.05882788076996803
10 0.36266017 0.53508615 0.8285686  1.         0.05747678875923157
24 0.19064672 0.13653797 0.9357764  0.3783493  0.05696886032819748
18 0.02874512 0.12379833 1.         1.         0.05581141635775566
10 0.2929888  0.41684833 0.97221833 0.95648855 0.05490187928080559
7 0.18175006 0.02091014 0.67996776 0.9238084  0.05450252816081047
24 0.08027695 0.26690605 0.9507953  0.66058576 0.052979256957769394
4 0.02803856 0.2067597  0.747501   0.6570902  0.05215557664632797
10 0.25945553 0.54948217 1.         1.         0.05212324857711792
18 0.09622315 0.         1.         0.9475466  0.05011726915836334
24 0.26457778 0.24239177 0.75233716 0.43370947 0.04990395903587341
24 0.24853325 0.81147575 0.77014285 0.9434655  0.04889730364084244
24 0.15411566 0.17930888 0.90855086 0.49870768 0.047096963971853256
18 0.3418766  0.36122745 0.7547483  0.9325397  0.04686107859015465
18 0.24556689 0.49521655 0.8069357  1.         0.046630069613456726
18 0.3045864 0.        1.        0.3543862 0.045851968228816986
21 0.22131704 0.         0.7055875  0.36473358 0.04531334340572357
18 0.17600171 0.20742793 1.         1.         0.0443279892206192
18 0.3210512 0.        0.7772695 0.4731532 0.04377320408821106
24 0.30767506 0.2919984  0.80103296 0.474751   0.043627869337797165
21 0.249164   0.31098422 0.8523381  0.84361607 0.042321354150772095
24 0.12433365 0.2578166  0.76647145 0.5082911  0.04162170737981796
24 0.14085516 0.3507583  0.79300857 0.74010485 0.038487374782562256
10 0.2592559 0.734585  1.        1.        0.03763486444950104
21 0.36672938 0.39617667 0.7684786  0.90143687 0.037462495267391205
7 0.24154803 0.         0.9979792  0.5221265  0.037306368350982666
24 0.19386633 0.3622003  0.76861215 0.5457499  0.03636534884572029
24 0.41798818 0.7593512  0.6564125  0.9215556  0.0356227308511734
4 0.26875055 0.4053005  0.70383924 1.         0.03519652411341667
1 0.43226779 0.6834783  0.691054   0.9377035  0.034837592393159866
7 0.30085385 0.43470016 0.77028304 0.93195987 0.03459895774722099
4 0.         0.2317319  1.         0.72272056 0.03391806036233902
18 0.42035156 0.36017257 1.         1.         0.03334609419107437
18 0.3299024  0.05997931 0.9456313  0.43562827 0.032265886664390564
4 0.1334398  0.55800873 0.81454223 1.         0.031674206256866455
18 0.35253227 0.19889371 0.7321689  0.78842276 0.0316537544131279
1 0.06996559 0.30298206 0.812109   0.94587386 0.031127428635954857
41 0.4796757  0.43057063 1.         0.94775414 0.030899113044142723
24 0.21906233 0.14192571 0.6716984  0.2883788  0.030764754861593246
24 0.17991944 0.21814126 0.576121   0.44533834 0.030216632410883904
24 0.20412828 0.11711961 0.56809855 0.36615196 0.030190538614988327
18 0.3036894  0.17066063 0.91537976 0.6034312  0.029254605993628502
24 0.28006777 0.36084622 0.96878195 0.7319386  0.029105324298143387
10 0.28983295 0.46847638 0.7164456  0.78093946 0.02848218008875847
21 0.39844233 0.6799094  0.6706974  0.96735424 0.02842884324491024
1 0.37845892 0.70536727 0.85231566 0.980431   0.02817217819392681
18 0.29933214 0.2941823  0.9074053  0.7803031  0.028052611276507378
10 0.2747513  0.0278543  0.8247309  0.44750205 0.027974532917141914
41 0.4167791  0.10828344 0.8425094  0.54505146 0.027831410989165306
18 0.16188945 0.40313086 0.8200204  0.82957494 0.027521174401044846
18 0.3165634  0.26494697 0.6037095  0.9365656  0.02728516049683094
7 0.22699858 0.18394607 0.7308775  0.8197411  0.02609170973300934
1 0.        0.        1.        0.6181102 0.026004299521446228
1 0.         0.20371658 0.84827274 0.6243539  0.02594505064189434
24 0.23075765 0.6490696  0.681937   0.92522687 0.025807106867432594
4 0.08796529 0.127799   1.         0.6678081  0.025696173310279846
18 0.02509349 0.4050981  1.         1.         0.02547171711921692
21 0.29848337 0.6145091  0.8846408  0.9324944  0.02528972551226616
10 0.19663098 0.3804931  0.8398     0.8428484  0.02409820631146431
41 0.48496395 0.15932496 0.8999325  0.64032716 0.024058528244495392
21 0.10371463 0.         0.9008959  0.4141295  0.024042634293437004
22 0.00143036 0.         0.2721069  0.48979983 0.02380894497036934
41 0.44956574 0.15486242 0.9483825  0.44502968 0.023497065529227257
24 0.32628992 0.5944057  0.6178502  0.93515843 0.023403478786349297
10 0.16321024 0.44217816 1.         1.         0.02339833788573742
4 0.08097371 0.1713857  0.60394603 0.55758727 0.021980782970786095
1 0.01647125 0.06984178 0.89823335 0.45416784 0.021946240216493607
18 0.3750979  0.4378736  0.6193672  0.75963867 0.021940795704722404
4 0.06434003 0.05029535 0.58680856 0.43062878 0.021903693675994873
4 0.         0.3075098  0.61803496 0.79495597 0.021704688668251038
18 0.4388196 0.5031767 0.9130368 1.        0.021621480584144592
24 0.12025282 0.46838573 0.66071707 0.80142266 0.021415159106254578
1 0.42997375 0.5453937  0.7355846  1.         0.0212117750197649
18 0.4472448 0.        1.        1.        0.021008532494306564
41 0.39281613 0.5188629  0.9598704  0.9354873  0.02082948386669159
41 0.4919926  0.3444685  0.91584456 0.5970387  0.02076735533773899
7 0.2115429  0.38535306 0.662341   0.9265011  0.02057800441980362
21 0.22703253 0.49205405 0.90015465 0.8715141  0.020377784967422485
40 0.08342484 0.         0.99639446 0.58104837 0.02014361321926117
24 0.20924726 0.7482936  0.89391005 0.9341062  0.020083829760551453
24 0.09150983 0.1403068  0.47556254 0.2841834  0.019994793459773064
24 0.18728144 0.40953675 0.8175317  0.60840845 0.019707554951310158
24 0.44896472 0.7205283  0.6862283  0.9769228  0.01953550986945629
41 0.61606795 0.09786832 1.         0.63815624 0.018757380545139313
24 0.07593735 0.20189747 0.5150011  0.40961614 0.01871105097234249
24 0.3351438  0.36842418 0.7723846  0.6264673  0.018362024798989296
24 0.15504739 0.20017362 0.40902835 0.42160672 0.01815068908035755
1 0.         0.         0.7871609  0.34030372 0.01796369068324566
24 0.24780099 0.1608927  0.4797176  0.39872098 0.017940333113074303
25 0.        0.6368793 1.        0.8455421 0.017788205295801163
21 0.1933494  0.01109689 0.8147708  0.34660006 0.017678044736385345
5 0.08541583 0.22588937 0.87433594 0.8831598  0.01752033829689026
18 0.4370191  0.5420582  0.74400926 1.         0.017472190782427788
41 0.3200011  0.2394517  0.6588758  0.55157566 0.017403073608875275
18 0.19372274 0.3359702  0.6811296  0.954744   0.01738315261900425
7 0.31166923 0.6082964  0.6665953  1.         0.017345082014799118
21 0.23603873 0.13501386 0.8040761  0.7473589  0.017220016568899155
41 0.4533094  0.08777904 0.72120726 0.60529155 0.017195187509059906
10 0.3827853  0.7160962  0.73096085 0.9924974  0.017099423334002495
1 0.00295621 0.01898267 0.76533294 0.8678651  0.017087280750274658
18 8.9741774e-02 1.9231161e-04 8.9221048e-01 6.7606169e-01 0.01701478101313114
1 0.         0.         0.46364188 0.37652344 0.017010703682899475
24 0.1355672  0.1341407  0.8648373  0.29558516 0.01674022153019905
21 0.15629318 0.         0.90537643 0.6226389  0.016636578366160393
7 0.15630998 0.01456558 0.75042266 0.46558747 0.01657303236424923
41 0.36843878 0.27627227 0.82599974 0.64157057 0.016565881669521332
41 0.4822514  0.2125351  0.76485467 0.7281066  0.01629018783569336
10 0.15600377 0.02451092 1.         0.44919047 0.015913553535938263
18 0.26795593 0.         0.5684204  0.51520425 0.015448102727532387
18 0.34898502 0.47457227 0.65240926 1.         0.015385574661195278
33 0.34651962 0.40723556 0.6305063  0.97946924 0.015263930894434452
10 0.01832161 0.00157792 0.43946636 0.1657696  0.015223617665469646
21 0.17619324 0.         0.56358784 0.33725774 0.01522042229771614
21 0.31426296 0.3222313  0.63792485 0.68775856 0.014864139258861542
1 0.         0.01077726 0.6568406  0.5961249  0.014863711781799793
41 0.44156373 0.59113514 0.8537603  1.         0.01428590901196003
42 0.20848313 0.11224104 0.7230388  0.56635743 0.01419512927532196
21 0.06135997 0.         0.94578004 0.27362537 0.013934691436588764
24 0.21355812 0.6411722  0.9454076  0.93168014 0.013873100280761719
1 0.27606234 0.6705879  1.         0.9706007  0.013855290599167347
24 0.12528585 0.16449387 0.3915118  0.34378707 0.013793259859085083
4 0.         0.4696499  0.6263183  0.76062244 0.013747451826930046
24 0.13081744 0.11727961 0.5721863  0.23673257 0.013698152266442776
2 0.27905366 0.4292206  0.8340849  0.84457767 0.01367573905736208
18 0.1741239  0.         1.         0.50152683 0.013674656860530376
7 0.3293744  0.51883435 0.6301622  0.92529535 0.013604770414531231
22 0.         0.         0.3831804  0.85164404 0.013596155680716038
1 0.09625491 0.         0.41086876 0.5875581  0.013027331791818142
2 0.3152577  0.35745192 0.580892   0.8935785  0.012877247296273708
2 0.2113728  0.61133707 0.7188037  0.9032326  0.012573396787047386
25 0.         0.04617083 0.9632853  0.43939525 0.012252453714609146
40 0.0471223  0.19833197 0.9800547  1.         0.012202363461256027
41 0.33842406 0.08219382 0.90216595 0.34929913 0.01212818082422018
21 0.3759787 0.7134385 0.8758641 0.9371709 0.012081014923751354
24 0.10982547 0.32316127 0.62563837 0.58801734 0.012032860890030861
21 0.3998258  0.15265697 0.6806978  0.61919004 0.01200409047305584
10 0.17884412 0.04177198 0.69478333 0.372424   0.012002180330455303
41 0.37608892 0.4004362  0.72611773 0.9400298  0.011885711923241615
10 0.0656703  0.01212615 0.6248982  0.17135371 0.011854605749249458
40 0.01241928 0.         1.         0.8915743  0.011843351647257805
25 0.         0.09913091 0.7871164  0.33715695 0.011734595522284508
4 0.02856194 0.15315647 0.7683063  0.47956753 0.011474419385194778
24 0.17802195 0.10126583 0.89975375 0.24503362 0.011453446932137012
33 0.4357019  0.76192284 0.6898639  0.99585044 0.011184698902070522
1 0.06313703 0.         0.6245519  0.46090698 0.01099762599915266
1 0.20442398 0.07552671 0.84277135 0.6400483  0.010969961062073708
7 0.3669607  0.41015553 0.5853276  0.82810384 0.0109050078317523
24 0.32203314 0.76657414 0.6144565  0.94349205 0.010895061306655407
25 0.         0.14851977 0.6548711  0.4350927  0.010885493829846382
33 0.4314704  0.64289385 0.75460184 1.         0.010855830274522305
41 0.5163315  0.22179897 0.9917085  0.5454571  0.010784112848341465
18 0.3850925  0.08364069 0.8472608  0.67925817 0.01078362762928009
18 0.39576563 0.62028235 1.         1.         0.01075715385377407
5 0.00291417 0.00516177 0.75056905 0.8163075  0.010701660998165607
1 0.06981069 0.4545763  1.         0.99808455 0.01052139699459076
5 0.         0.3427992  0.59955657 0.90565157 0.01039377972483635
25 0.         0.40781805 1.         0.7226222  0.010372033342719078
10 0.36251223 0.         0.98204523 0.4283366  0.010214968584477901
24 0.30068254 0.6768995  0.8194305  0.8648215  0.010158234275877476
24 0.39034292 0.6389234  0.78145915 0.9335132  0.010134578682482243
4 0.06698873 0.16936322 0.97736716 0.5764233  0.010082542896270752
41 0.32507977 0.12463163 0.70260334 0.49583    0.010059243068099022
10 0.26506343 0.18088773 0.9576111  0.4986562  0.010046906769275665
1 0.24105564 0.4360725  0.69568586 0.94631684 0.009994544088840485
7 0.23611474 0.01032707 0.5945571  0.46669546 0.009961476549506187
16 0.30775344 0.3742374  0.6775969  0.72139597 0.00989127904176712
24 0.20468229 0.5772021  0.71177745 0.73399395 0.009877159260213375
7 0.2003915  0.07740565 0.5107969  0.58117884 0.009855461306869984
24 0.2478407  0.5108526  0.69557965 0.760996   0.009837760590016842
10 0.19096057 0.01874621 0.99699324 0.31282896 0.009647221304476261
33 0.31785858 0.5803569  0.80772525 1.         0.009595335461199284
4 0.         0.02207762 0.48662406 0.34347    0.009591205976903439
18 0.13718817 0.00782216 0.60797375 0.58534205 0.00950361043214798
24 0.18862061 0.50878865 0.8402695  0.70703983 0.009481065906584263
41 0.2850779  0.21743774 0.7269874  0.4154886  0.009433064609766006
10 0.1866431  0.12233681 1.         0.6546273  0.009333387017250061
40 0.         0.         1.         0.69932926 0.009302434511482716
33 0.22106832 0.3660746  0.89453644 1.         0.009291852824389935
42 0.25398624 0.10014091 0.77301544 0.7675885  0.00927080400288105
7 0.25619796 0.04275368 0.8296229  0.6860831  0.009203745052218437
1 0.00758161 0.         0.3196467  0.7319922  0.009142677299678326
7 0.24301413 0.7187477  0.6538093  1.         0.00911678560078144
42 0.1699009  0.14208658 0.7868262  0.41551834 0.009003627113997936
2 0.15967041 0.17735445 0.5971507  0.9791795  0.00895453616976738
18 0.42894557 0.         0.7377451  0.7316104  0.00892368983477354
25 0.         0.26240456 0.89142776 0.7045972  0.008813568390905857
1 0.39862096 0.04765821 0.7980086  0.7168971  0.00877858605235815
18 0.23059118 0.19388299 0.55729395 0.98851496 0.008771070279181004
7 0.30867967 0.5822063  0.89857304 1.         0.00867459736764431
25 0.         0.21245776 0.98596966 0.5238525  0.008648314513266087
41 0.41953275 0.6990034  0.77260584 0.9812962  0.008631584234535694
24 0.2223067  0.6182517  0.6197342  0.85098034 0.008627340197563171
10 0.21632032 0.05356773 0.6182028  0.4973112  0.008443869650363922
18 0.37326533 0.12569456 1.         0.5349289  0.00843880232423544
18 0.46915975 0.         0.9615035  0.4591619  0.008421151898801327
7 0.3023008  0.06970846 0.9487094  0.8556501  0.008388484828174114
10 0.3404858  0.15759036 0.77793497 0.77346283 0.008379441685974598
4 0.         0.10576334 0.54759246 0.48620805 0.008376861922442913
4 0.06298391 0.5753878  1.         1.         0.008329424075782299
21 0.314976   0.17938337 0.73793715 0.5678443  0.008283710107207298
10 0.03286606 0.49962693 0.8583769  0.88508403 0.008126351051032543
2 0.21716549 0.3872975  0.57172334 0.7956346  0.00811968557536602
7 0.3026498  0.2400857  0.7729629  0.63831806 0.008108643814921379
10 0.4025393  0.03823896 0.72654045 0.53028756 0.008097793906927109
21 0.27642992 0.41851488 0.59517455 0.84213114 0.00808460358530283
2 0.253965   0.34207773 0.63817906 0.7022912  0.008046485483646393
1 0.21552473 0.32892743 0.9837266  0.8707556  0.007951327599585056
24 0.29801303 0.11839814 0.76791894 0.2899148  0.007862850092351437
25 0.        0.5722659 0.8974161 0.8063517 0.007747126743197441
16 0.35903484 0.41838315 0.5510402  0.815484   0.007677165791392326
40 0.08657471 0.14327995 0.97156435 0.7701767  0.007633728440850973
10 0.2607551  0.23751995 0.8598275  0.6960341  0.0076143075712025166
21 0.26181254 0.46424934 0.7169939  0.7352153  0.007548364344984293
4 0.02689224 0.03063258 0.8517258  0.36467442 0.007544864434748888
36 0.216077   0.48698598 0.85404694 0.9200575  0.007512758485972881
41 0.52340066 0.27677894 1.         0.83776313 0.007473638281226158
41 0.4001631  0.70802563 1.         0.9792175  0.007378806825727224
41 0.46783316 0.04983514 1.         0.3391499  0.007364765275269747
1 0.01801041 0.00475295 0.30373535 0.35837626 0.007280843798071146
25 0.         0.72732353 0.8033939  0.9338115  0.007260516285896301
2 0.27765086 0.7566826  0.79465485 0.96851075 0.007255829405039549
10 0.05694524 0.288515   1.         0.94375193 0.007173732854425907
24 0.5058893  0.27355057 0.7504066  0.58827716 0.0071512917056679726
21 0.15436247 0.32298118 0.662251   0.85434145 0.0069341519847512245
24 0.39614198 0.20564945 0.7582654  0.4499092  0.006901941262185574
33 0.372793   0.05456772 0.828373   0.5463443  0.006895455997437239
18 0.40364885 0.         0.69613504 0.4476177  0.006834127940237522
2 0.18957768 0.04348923 0.5013177  0.5239586  0.006807133089751005
25 0.         0.6807956  1.         0.92332757 0.00679950462654233
25 0.        0.7754415 0.9732597 0.9475413 0.006741886958479881
4 0.         0.5034723  0.8888725  0.85948104 0.00673410901799798
16 0.23741783 0.2697462  0.7230072  0.6685903  0.006716846022754908
41 0.3933926  0.34622744 0.8505742  0.83251184 0.006655559409409761
21 0.15443973 0.04095037 0.63686466 0.6367912  0.006591303274035454
4 0.14439331 0.36029837 1.         0.6861958  0.006506576668471098
2 0.18019661 0.03850973 0.6159609  0.7215558  0.006411170586943626
2 0.19992536 0.09781062 0.6280244  0.3908861  0.006326924543827772
10 0.         0.         0.30554157 0.19622633 0.00627476442605257
10 0.08674444 0.19253993 0.9523312  0.83286977 0.006189459934830666
24 0.02372555 0.05253245 0.2691689  0.11890371 0.006182486657053232
10 0.17479461 0.47172996 1.         0.8522878  0.00617468124255538
21 0.36252624 0.         0.9873759  0.72516936 0.00615214416757226
21 0.24609904 0.         0.49650845 0.4095939  0.006132498383522034
1 0.         0.00389058 0.2753802  0.20832962 0.006115118972957134
41 0.5197686  0.3714067  0.9434486  0.69756603 0.006101558450609446
18 0.8899919  0.         0.9992625  0.11029239 0.0060647521167993546
1 0.33016723 0.3496428  0.630683   0.87087107 0.006014261860400438
1 0.34526664 0.         0.68951786 0.8057201  0.005997616332024336
25 0.         0.31492975 1.         0.66187274 0.0059968773275613785
42 0.37273252 0.12050226 0.70526695 0.5136706  0.005991890095174313
24 0.30185425 0.16449009 0.52352303 0.41906807 0.005971347913146019
41 0.2588192  0.12104002 0.62486535 0.4126418  0.005936774890869856
18 0.03416779 0.30889595 0.7015655  0.80666137 0.005883380770683289
7 0.32608867 0.7075528  0.7678971  1.         0.005818476434797049
41 0.5547903  0.05895372 1.         0.46846476 0.00579744391143322
24 0.32341087 0.46218827 0.78280044 0.7113276  0.005688828881829977
5 0.         0.50012684 0.90846837 0.9356754  0.005670977756381035
7 0.2833224  0.09090449 0.67338234 0.5206491  0.005646249279379845
4 0.15413082 0.35542077 0.8578386  0.8628931  0.005584827158600092
41 0.35353073 0.1392086  0.8310085  0.38590407 0.00558418408036232
24 0.1281753  0.7849927  0.7052133  0.93761885 0.005583274178206921
24 0.45191392 0.31915903 0.73695666 0.64342684 0.005568233784288168
2 0.25109348 0.0544735  0.67324543 0.5288019  0.0054625580087304115
7 0.3916646  0.49387985 0.72479105 0.9119959  0.005382884759455919
18 0.42650226 0.4238588  0.99062157 0.88572645 0.0053644487634301186
21 0.32795966 0.36255354 0.69146144 0.79939336 0.005359013099223375
21 0.36245912 0.47566876 0.55966675 0.71281433 0.0053572398610413074
33 0.34502554 0.70737576 0.9117559  1.         0.00534965330734849
10 0.29259288 0.08646592 1.         0.977308   0.005328316241502762
4 0.03111689 0.42080712 1.         0.7645491  0.005306044593453407
21 0.21755747 0.2119783  0.7738847  0.49254245 0.005294112488627434
1 0.23666543 0.7753597  0.83636224 0.9870032  0.005259954836219549
24 0.36082122 0.1831624  0.98671347 0.55011004 0.0052328468300402164
2 0.28056237 0.31638083 0.72350657 0.60173655 0.005226131994277239
18 0.4944426 0.4817237 0.7885754 1.        0.0052080415189266205
4 0.         0.13683912 0.51574177 0.7043561  0.005201967898756266
2 0.24029896 0.2595518  0.65385896 0.55528045 0.005187266040593386
24 0.17455189 0.5661091  0.44382042 0.8720196  0.005166587885469198
1 0.379773   0.58571005 0.91466147 0.9965924  0.005153359845280647
22 0.         0.2756401  0.43327358 0.7412591  0.005143440794199705
1 0.        0.0414369 0.4927599 0.6505865 0.00507140439003706
24 0.38881677 0.2715446  0.9016676  0.46275502 0.005055711138993502
10 0.11159902 0.30124098 0.94661635 0.5956241  0.0050523472018539906
21 0.25685802 0.28548846 0.81276727 0.55017877 0.00499254884198308
33 0.21852677 0.         1.         0.5587288  0.004957321099936962
22 0.         0.08057801 0.7881812  1.         0.004950675647705793
40 0.        0.4913989 1.        1.        0.004940912127494812
