27 0.05374352 0.11150824 0.506343   0.9450924  0.11245609819889069
30 0.24533285 0.35875234 0.7718759  0.97456044 0.09197782725095749
29 0.0714448  0.46229276 0.95358026 1.         0.08674116432666779
30 0.19430074 0.5318745  0.8557199  1.         0.07766541838645935
27 0.         0.39370003 0.8007663  0.9441196  0.07699720561504364
30 0.26059297 0.07696427 0.8637591  0.9811339  0.07255461066961288
27 0.08568477 0.28506362 0.5869403  0.8313723  0.07051203399896622
29 0.05316887 0.35416883 0.598973   1.         0.06656037271022797
27 0.04191531 0.08090426 0.58588564 0.7035236  0.06492142379283905
29 0.08995117 0.06156158 0.5739246  0.96288913 0.06239485368132591
40 0.2973674  0.14664951 0.81427205 0.9234607  0.05888226628303528
29 0.1556558  0.34519723 0.76899296 0.9889117  0.05772118642926216
24 0.13280338 0.298858   0.5360193  0.87065226 0.05706869810819626
27 0.05243411 0.03418793 0.7292905  1.         0.056697115302085876
34 0.0601573  0.10229276 0.84814566 0.6229362  0.054328449070453644
24 0.11433472 0.09970015 0.8092734  0.6293151  0.05243457108736038
40 0.1562689  0.13801078 0.8382702  0.6359064  0.05037040635943413
31 0.43779135 0.7433676  0.93623567 0.9743916  0.04971398785710335
25 0.         0.13889708 0.6140777  0.7402636  0.04908408224582672
40 0.16230182 0.06176599 0.88104707 0.47330344 0.048954375088214874
25 0.         0.32969224 0.567056   0.7972188  0.04870433732867241
5 0.         0.         0.55909264 0.75836295 0.04737522453069687
24 0.05865578 0.16050345 0.6290213  0.81617635 0.0470208115875721
29 0.1596083 0.3128289 0.5573531 0.8618329 0.04556233063340187
25 0.         0.2469998  0.4884434  0.71600944 0.043979212641716
38 0.         0.91488314 0.15406187 0.9950642  0.043833207339048386
25 0.         0.37965068 0.5768969  0.70260084 0.04298940300941467
38 0.00441629 0.9490011  0.16140014 0.9973179  0.04203563928604126
30 0.21753342 0.7180111  0.912203   1.         0.041709184646606445
24 4.3275516e-04 8.8313490e-01 1.0449625e-01 9.9733430e-01 0.04159225523471832
24 4.714330e-05 9.356043e-01 1.044421e-01 9.980296e-01 0.04130050167441368
24 0.02702747 0.93358856 0.13347104 1.         0.041050273925065994
24 0.07402808 0.912084   0.14631611 1.         0.040999073535203934
24 0.         0.84367234 0.07484812 0.99636334 0.040865011513233185
41 0.2051066  0.43124667 0.5370659  0.740063   0.040790922939777374
24 0.         0.9504063  0.07113233 0.99764466 0.040292225778102875
40 0.1413471  0.02579534 0.7330616  0.85010564 0.04026983678340912
2 0.09637798 0.         0.8664141  0.7337018  0.04011799767613411
24 0.23469855 0.126847   0.8920439  0.947076   0.03984150290489197
38 0.         0.9362221  0.11479653 0.995842   0.039815209805965424
38 0.05037723 0.9351058  0.1646941  0.99731755 0.039757806807756424
24 0.03096441 0.17169301 0.56082493 0.5924967  0.03964383527636528
24 0.16888028 0.38363495 0.7845627  0.93069667 0.03948059678077698
24 0.         0.8443877  0.07104359 0.91750926 0.039435259997844696
24 0.05631488 0.9334243  0.1615285  1.         0.0393688827753067
38 0.         0.88546675 0.11302134 0.99279624 0.03915311023592949
14 0.64361924 0.01798899 0.92320883 0.58758545 0.03901045024394989
22 0.        0.        0.9807    0.3831576 0.03869215026497841
24 0.         0.8320324  0.05034833 0.9318983  0.0380195751786232
24 0.00413685 0.9127361  0.14707334 0.9997509  0.037621282041072845
24 0.         0.8180178  0.07172469 0.8908317  0.03749266266822815
27 0.10056087 0.01297323 0.7716907  0.56980777 0.037119362503290176
28 0.         0.09407455 0.25279856 0.63233507 0.037049390375614166
24 0.         0.80536807 0.05068068 0.90526    0.03686479106545448
38 0.         0.94996816 0.08083329 0.9967478  0.03682567924261093
31 0.         0.8722229  0.11446439 0.99814373 0.036710549145936966
38 0.06814586 0.9135356  0.14734477 0.99731857 0.03670748695731163
24 0.         0.7059192  0.03542219 0.8486358  0.03656558692455292
24 0.         0.9365758  0.04989353 0.9963428  0.036549750715494156
24 0.         0.7785527  0.05106732 0.87856317 0.036148350685834885
24 4.4181824e-04 7.9158229e-01 7.2470181e-02 8.6409730e-01 0.03602153807878494
31 0.         0.79425395 0.05926855 0.9048312  0.03560158237814903
25 0.         0.3216719  0.8330004  0.73447996 0.03545909747481346
28 0.0015612  0.9495698  0.07817104 0.9988197  0.03536764159798622
24 0.         0.7518759  0.05139021 0.85165924 0.035345256328582764
38 0.         0.8467112  0.08386166 0.99164027 0.03525455296039581
31 0.         0.8267676  0.08405777 0.99899393 0.03511885181069374
31 0.         0.8377594  0.08175278 0.91728354 0.03511129319667816
2 0.08349413 0.21404162 0.7913487  0.9779235  0.035065922886133194
24 2.0833175e-04 7.2505707e-01 5.1814131e-02 8.2473612e-01 0.034963417798280716
31 0.         0.90645814 0.15550794 0.9972091  0.034795131534338
41 0.12648356 0.23055336 0.68733513 0.748104   0.03457166627049446
31 0.         0.81198686 0.08152429 0.8899664  0.034482959657907486
28 4.4597787e-04 9.1422200e-01 3.8505767e-02 9.9874389e-01 0.034400824457407
6 0.06374799 0.27144116 0.5914864  0.9095804  0.033967096358537674
24 0.08524676 0.9343392  0.18873315 1.         0.03382432088255882
24 6.3694635e-04 6.9813532e-01 5.2385077e-02 7.9731917e-01 0.033691272139549255
24 0.00113599 0.7652427  0.07295287 0.83737314 0.033623866736888885
24 0.10150134 0.9136738  0.17344035 1.         0.0331617072224617
38 0.05727858 0.94925714 0.20978522 0.99775505 0.033103641122579575
38 0.         0.78371745 0.11429723 0.9794745  0.033070214092731476
28 7.6879183e-04 9.3475598e-01 5.4987732e-02 9.9776459e-01 0.03301412612199783
22 0.         0.17639296 0.8046814  0.8595425  0.032930683344602585
24 3.01857013e-04 7.79756486e-01 1.07570305e-01 9.90005136e-01 0.03269890323281288
13 0.14737749 0.14082268 0.52713823 0.89405113 0.032694630324840546
28 5.33275597e-04 9.35704052e-01 1.13541365e-01 9.97874260e-01 0.03268400952219963
25 0.02653526 0.95141757 0.19041525 0.9974126  0.03263334929943085
18 0.1688687 0.94288   0.3187987 1.        0.032483670860528946
31 0.         0.7862468  0.08120324 0.8627236  0.032414037734270096
24 0.         0.74022776 0.07455664 0.997315   0.032345399260520935
31 0.         0.92940646 0.11621356 0.99708104 0.032308973371982574
24 0.         0.91759217 0.0344895  0.99668294 0.032089829444885254
31 0.         0.74356955 0.05877876 0.85000783 0.03203656151890755
28 7.3580426e-04 9.1395599e-01 1.5661521e-01 9.9604565e-01 0.03178408741950989
31 0.         0.7636538  0.11609411 0.988842   0.031697697937488556
41 0.18054439 0.31597227 0.49822038 0.77189904 0.03165542334318161
38 0.         0.936867   0.05729228 0.9954593  0.03149719163775444
41 0.23657654 0.9493284  0.37539405 1.         0.031471218913793564
28 0.00580454 0.9492318  0.16113432 0.998146   0.03134067356586456
24 0.0014117  0.73852557 0.07350447 0.8105521  0.03132113814353943
25 0.04832291 0.9371507  0.1689988  0.9958667  0.031261224299669266
10 0.         0.9348329  0.11006652 0.99614227 0.031223146244883537
41 0.15925215 0.19535    0.63726544 0.60969543 0.03108815662562847
24 0.19236979 0.44173926 0.57523876 0.85808665 0.0310731939971447
31 0.00295156 0.94484925 0.16244967 0.9969354  0.031053954735398293
29 0.24769792 0.21379596 0.8533627  0.9476364  0.030911162495613098
25 0.09405814 0.91249084 0.1778272  0.99498314 0.030840173363685608
10 0.        0.8818456 0.1074882 0.996114  0.030682548880577087
41 0.30367646 0.9351113  0.4076769  0.99963135 0.03067193739116192
31 0.22550435 0.6761715  1.         0.98809004 0.03059265948832035
42 0.27283192 0.9404533  0.43677822 0.99882835 0.030460933223366737
31 3.0991237e-04 6.9171971e-01 4.1304126e-02 8.4901828e-01 0.030438212677836418
40 0.2556561  0.02561775 0.82689804 0.30372253 0.03026081807911396
28 0.        0.8841495 0.1137339 0.9969571 0.030206648632884026
24 0.05316769 0.3651655  0.403687   0.79880434 0.030191002413630486
27 0.00603516 0.3725112  0.48122197 1.         0.030116621404886246
30 6.7804975e-04 8.4032381e-01 7.6843746e-02 9.9919325e-01 0.02990722842514515
1 0.02347092 0.04361885 0.35505113 0.8316012  0.0298997201025486
30 0.43810603 0.06167717 0.96036667 0.60050994 0.029850183054804802
30 0.00120562 0.8316239  0.0524813  0.93535626 0.029814738780260086
40 0.1259767  0.40670562 0.8886642  0.9197357  0.029802847653627396
30 0.001263   0.8046891  0.05266389 0.9081015  0.029752720147371292
31 8.9953106e-04 8.9840424e-01 5.8970712e-02 9.9776947e-01 0.029677139595150948
25 0.06761743 0.9133521  0.15141478 0.9942578  0.029643556103110313
30 8.4005675e-04 8.1781381e-01 7.3547214e-02 8.9275891e-01 0.029220610857009888
31 0.         0.7603211  0.08120123 0.8357338  0.029198888689279556
28 6.8090757e-04 8.4489685e-01 8.2302868e-02 9.9679565e-01 0.02918950282037258
10 0.         0.9495273  0.07690441 0.99728775 0.02914029359817505
18 0.22348526 0.9412774  0.37578475 1.         0.029075387865304947
10 0.         0.84311736 0.07779987 1.         0.029039602726697922
24 2.9802322e-04 6.5265208e-01 3.6457080e-02 7.9162121e-01 0.029036497697234154
10 0.         0.42532814 0.4967079  0.9549477  0.02900361642241478
24 0.00179263 0.7118215  0.0742457  0.7835114  0.02892117202281952
38 0.         0.7923204  0.07959166 0.8619911  0.028781620785593987
30 0.00116508 0.7777616  0.05286953 0.8812081  0.028751635923981667
31 0.00188803 0.9444699  0.08212592 0.99721956 0.028746159747242928
2 0.07622653 0.51760787 0.84737325 0.9832075  0.028731418773531914
41 0.3298731  0.93451744 0.43646604 0.9998873  0.028599468991160393
24 0.00129387 0.67152745 0.05303074 0.769041   0.02852148748934269
30 0.00115151 0.84472084 0.07286814 0.9197589  0.028454745188355446
10 0.         0.9101649  0.05479874 0.9991361  0.028406353667378426
10 0.         0.9493556  0.15674335 0.996242   0.028383154422044754
38 0.        0.8190977 0.080116  0.8883903 0.028342008590698242
28 0.         0.7783032  0.11603738 0.9791563  0.028271649032831192
30 0.21605256 0.05577339 0.8181999  0.6822887  0.02821829356253147
16 0.00128115 0.92105514 0.03454495 1.         0.028191519901156425
19 0.12256264 0.00571986 0.97454745 0.2916048  0.02816566824913025
25 0.08211508 0.94970673 0.24600835 0.9984181  0.028021158650517464
30 6.4662937e-04 7.9112017e-01 7.4237928e-02 8.6596572e-01 0.028010819107294083
41 0.2770415  0.9354171  0.38026837 0.9998959  0.027893846854567528
27 0.00607295 0.93350077 0.10485276 0.99734867 0.027821460738778114
10 0.         0.91280866 0.15060101 0.99481857 0.027644239366054535
31 0.         0.7176939  0.05881082 0.82323325 0.027638260275125504
10 0.         0.77793384 0.05397974 0.88374543 0.027629075571894646
25 0.10188443 0.9354425  0.22056735 0.9974402  0.027613135054707527
24 0.04091822 0.12205368 0.88906986 0.48119467 0.027587758377194405
31 0.18164659 0.48686656 1.         1.         0.027582060545682907
6 0.05632569 0.01726644 0.590883   0.8042176  0.027489500120282173
30 1.0305723e-04 7.3706216e-01 7.7086046e-02 1.0000000e+00 0.027488915249705315
10 0.         0.7905571  0.0748651  0.86637217 0.0274459570646286
40 0.24387643 0.3540836  0.74177897 0.94656754 0.027441663667559624
10 0.         0.7509667  0.05438699 0.8564008  0.027384767308831215
30 0.4183901 0.7835213 0.8429582 0.9917917 0.027372056618332863
24 0.15097962 0.52150667 0.8945553  0.9935242  0.027337370440363884
31 0.4573695  0.03376678 1.         0.9477117  0.027323247864842415
38 0.         0.8459348  0.08063073 0.9146531  0.027313239872455597
14 4.3591182e-04 8.1239206e-01 7.2883412e-02 8.9413434e-01 0.027310127392411232
18 0.2781213  0.9390097  0.43309256 0.9988203  0.027287624776363373
38 0.         0.7653925  0.07923158 0.835419   0.02722991816699505
5 0.         0.         0.81251097 0.9435137  0.027221649885177612
27 0.0045566 0.8780593 0.1047642 0.9960065 0.027095407247543335
14 3.6331179e-04 8.3922225e-01 7.2626874e-02 9.2137343e-01 0.02695745788514614
30 7.55055749e-04 8.80921125e-01 1.05914146e-01 9.99128759e-01 0.02695212885737419
14 0.00131073 0.76956296 0.05236708 0.88306564 0.026893360540270805
27 0.00289341 0.9067495  0.05022499 0.99451965 0.026885686442255974
10 0.         0.8178085  0.07397234 0.89323944 0.02680538035929203
38 0.00535837 0.84411186 0.16688828 0.99093354 0.02680329419672489
28 2.2116661e-04 8.1668103e-01 7.9962961e-02 8.8961530e-01 0.026798777282238007
42 0.22284234 0.94089675 0.3814275  0.9979402  0.02672908455133438
20 0.0735052  0.91441876 0.1409472  0.99486816 0.026702726259827614
14 7.2300911e-04 7.8587651e-01 7.3358260e-02 8.6731935e-01 0.026635589078068733
14 0.62547183 0.66850317 0.90464073 0.9905424  0.026606956496834755
34 0.09161095 0.36352068 0.73786896 0.65170425 0.026464469730854034
10 0.         0.76339823 0.07582907 0.8393871  0.026431357488036156
27 0.0063866  0.90894216 0.14701976 0.9978346  0.026357309892773628
27 0.06342819 0.02951197 0.8036963  0.36766765 0.026324864476919174
38 0.         0.91807884 0.04053712 0.99646956 0.026313871145248413
27 0.00523351 0.9481712  0.07134186 0.9973399  0.026247158646583557
28 0.04805851 0.93461823 0.1666348  0.9959647  0.02619081363081932
28 6.0830434e-04 8.4333503e-01 7.9588100e-02 9.1719157e-01 0.026157962158322334
27 0.00378034 0.83306783 0.07522847 0.99248433 0.02611107937991619
10 0.         0.8050902  0.05363808 0.91060317 0.0260927677154541
20 0.08136571 0.93658906 0.1807723  0.9963799  0.026050729677081108
28 3.7867230e-04 8.2967114e-01 5.6602664e-02 9.3210077e-01 0.026013273745775223
28 0.         0.79023194 0.0802208  0.8619146  0.026009786874055862
10 0.         0.7041551  0.03852451 0.8578178  0.026009421795606613
41 0.10557027 0.26378396 0.46809962 0.69444644 0.025982385501265526
27 0.21609809 0.01599293 0.94579715 0.26160654 0.025913799181580544
25 0.         0.7660045  0.08196818 0.8337528  0.025766640901565552
30 0.00114027 0.75106853 0.05312937 0.854385   0.02569979801774025
25 0.         0.40594128 0.36527267 0.8968252  0.02569030411541462
20 0.05684465 0.9364605  0.15358274 0.9953967  0.02566576935350895
14 0.00153467 0.71663314 0.05258352 0.8294609  0.02551780827343464
28 0.         0.7022885  0.03958077 0.8482989  0.02551707811653614
18 0.32210863 0.9209272  0.4387754  0.9975367  0.025513192638754845
28 3.5892805e-04 8.0269063e-01 5.6825206e-02 9.0473837e-01 0.0255009476095438
14 0.00117531 0.82363886 0.05234177 0.93744725 0.025464138016104698
38 0.         0.77987975 0.05823841 0.8767714  0.025435058400034904
10 0.         0.72375834 0.05486397 0.82882744 0.025432702153921127
24 0.12700254 0.28852978 0.83847964 0.77878356 0.025403300300240517
10 0.         0.7400136  0.07803676 1.         0.025343211367726326
38 0.63384575 0.03770261 1.         0.3486234  0.02523210272192955
38 0.        0.7527056 0.057879  0.8500069 0.025211326777935028
14 6.015301e-04 8.342331e-01 7.908735e-02 1.000000e+00 0.025187375023961067
27 0.01256034 0.9465323  0.1528375  0.9991505  0.02518622763454914
34 0.12150678 0.29835021 0.83330774 0.88530904 0.025159861892461777
14 0.00119862 0.7593544  0.07376777 0.84056324 0.02513364516198635
14 0.        0.93392   0.1125669 1.        0.025111060589551926
28 0.         0.7634315  0.08035655 0.8343591  0.02501150406897068
14 0.00139787 0.9486023  0.07885704 1.         0.02496330253779888
10 0.         0.8448258  0.07336538 0.91986567 0.024943944066762924
7 0.         0.13610563 0.5854784  0.8552928  0.02492627687752247
25 0.         0.79309523 0.08267212 0.8596973  0.0249202661216259
25 0.         0.9540563  0.08117478 0.9965394  0.0249051284044981
30 6.7125005e-04 7.6469487e-01 7.4948974e-02 8.3897305e-01 0.024869000539183617
25 0.         0.7392251  0.08117045 0.807965   0.024818290024995804
25 0.         0.9176106  0.16434626 0.99252534 0.02480979636311531
24 0.00272883 0.8066079  0.15444054 0.95490134 0.0248015858232975
25 0.         0.7545015  0.05867231 0.8470068  0.024790288880467415
30 0.00141045 0.915948   0.03718865 0.9982934  0.024777458980679512
38 0.         0.8342031  0.05901581 0.9294625  0.02474190853536129
28 1.0978381e-04 7.7616537e-01 5.7050083e-02 8.7708652e-01 0.02474048174917698
14 0.00216684 0.7190499  0.07683988 1.         0.024728594347834587
38 0.         0.8069518  0.05870813 0.9032128  0.02472567744553089
10 0.         0.83212614 0.05363065 0.93681276 0.024698296561837196
31 0.         0.73397774 0.08143707 0.8092161  0.024691009894013405
35 0.         0.79183525 0.07614939 0.8618455  0.024665795266628265
14 0.00104902 0.6934927  0.03648139 0.8551202  0.024630434811115265
31 0.6814691  0.01434003 1.         0.6464859  0.024554306641221046
16 9.4830833e-04 9.3893355e-01 4.9827550e-02 9.9891442e-01 0.02453731559216976
24 0.1132463  0.9360122  0.21586457 0.9993563  0.024473467841744423
29 0.24891058 0.59014213 1.         1.         0.02446598745882511
19 0.205482   0.08065725 0.9406832  0.57407284 0.024460066109895706
24 0.00162739 0.7268249  0.10853177 0.9339926  0.024442894384264946
24 0.09476873 0.9495007  0.23616847 1.         0.024435002356767654
25 0.         0.72735167 0.05835738 0.82127154 0.024433188140392303
2 0.08923244 0.         0.63504046 1.         0.024408802390098572
38 0.09493962 0.91284424 0.17321613 0.99792403 0.024390850216150284
20 0.09852634 0.91409963 0.16861886 0.99555373 0.024294085800647736
38 0.         0.8122766  0.15520327 0.95058006 0.024265237152576447
16 3.1131427e-04 9.5234907e-01 7.0678614e-02 9.9866867e-01 0.024191856384277344
35 0.         0.76456445 0.0763237  0.8350423  0.024145545437932014
32 0.00111528 0.9448389  0.14766787 0.9992336  0.024076567962765694
25 0.1190197  0.9131189  0.2018345  0.99707603 0.024027440696954727
38 5.2359898e-04 7.3835725e-01 7.9047717e-02 8.0871922e-01 0.023988092318177223
25 0.         0.781955   0.05892799 0.873069   0.023965727537870407
41 0.18247011 0.94980717 0.32166418 1.         0.023958558216691017
10 0.         0.13511437 0.4954672  0.7416091  0.023924509063363075
24 0.15071099 0.05610634 0.92589694 0.31008163 0.023923596367239952
30 0.00122978 0.7052144  0.03726463 0.8548221  0.0238974429666996
38 0.         0.72550476 0.05757555 0.82288015 0.023861391469836235
14 0.06416099 0.9135423  0.14684403 1.         0.023850375786423683
20 0.03872667 0.94995415 0.1703715  0.99625117 0.023836489766836166
14 0.         0.8786709  0.10968046 1.         0.023832909762859344
30 0.         0.9115216  0.14887947 0.9982477  0.02381790429353714
24 0.00265599 0.6854334  0.07533371 0.75601315 0.02372378297150135
28 0.         0.7496601  0.05720611 0.8493987  0.023717759177088737
22 0.         0.8281426  0.05381869 0.92516625 0.023697849363088608
14 0.04313133 0.93562764 0.16394605 1.         0.023689374327659607
1 0.00248751 0.90504426 0.23344892 1.         0.023670870810747147
24 0.00755183 0.83943456 0.16537954 0.99987    0.023646654561161995
22 0.         0.9115443  0.03712261 0.9942791  0.02364260144531727
18 0.2676958  0.92383504 0.3810084  0.99974406 0.023555761203169823
19 0.         0.9095164  0.13817248 1.         0.023523623123764992
25 0.         0.9403426  0.11895592 0.99504054 0.02351045235991478
28 0.         0.28960648 0.28204948 0.7776555  0.023485757410526276
31 0.04687912 0.93119776 0.16467588 0.9979706  0.023472268134355545
25 0.         0.8201356  0.08280201 0.8859425  0.023441486060619354
25 0.         0.71100336 0.04060604 0.8452329  0.02341626212000847
14 0.00172289 0.7325821  0.07385587 0.8136412  0.023413361981511116
28 0.         0.73611337 0.0802471  0.806759   0.023372864350676537
19 0.         0.93155    0.09952237 1.         0.023356253281235695
22 0.         0.         0.99331534 0.73695344 0.023327630013227463
28 0.         0.7224517  0.05716124 0.82175314 0.02331792376935482
38 0.         0.70606875 0.04082401 0.84809065 0.023317554965615273
19 0.         0.9085232  0.03585779 1.         0.02325800061225891
28 0.0662149  0.9114237  0.15062928 0.99519444 0.02322044037282467
29 0.22234719 0.08462438 0.81006056 0.6477335  0.023206505924463272
10 0.         0.73615456 0.07683969 0.812196   0.0231743473559618
19 0.         0.87675154 0.09959974 1.         0.023147324100136757
42 0.1700417  0.94186443 0.32847017 0.9981167  0.023079166188836098
25 0.05641166 0.9240681  0.21898027 0.99450755 0.023055098950862885
35 0.         0.8191457  0.07620798 0.88881755 0.02305224910378456
42 0.31816262 0.9256223  0.43998393 0.9991619  0.023031873628497124
20 0.08664478 0.9511477  0.2264911  0.99759847 0.02301560342311859
25 0.        0.8532234 0.0852436 0.9880822 0.022898713126778603
30 0.00199618 0.93484706 0.10778341 0.99766237 0.02287456765770912
22 0.         0.8016735  0.05388806 0.89822006 0.022824641317129135
1 0.13196883 0.93009573 0.23622261 1.         0.02281174436211586
35 6.3884101e-04 7.7842313e-01 1.1324184e-01 9.8620129e-01 0.022804349660873413
