41 0.11401284 0.9343695  0.21881318 0.9988127  0.09478174149990082
41 0.08674271 0.9351472  0.19141498 0.9986038  0.09141528606414795
41 0.14180553 0.93515486 0.24638718 0.9993099  0.08160603046417236
41 0.05919192 0.93541354 0.16538867 0.9973091  0.08130168169736862
41 0.9170626  0.9477819  1.         0.99940544 0.07992783188819885
41 0.88415253 0.9317398  0.993577   1.         0.07736469060182571
41 0.9369132  0.8843022  1.         0.99095136 0.06310716271400452
41 0.95378584 0.86034465 1.         1.         0.06265085935592651
41 0.12573141 0.84476596 0.26963106 0.9973327  0.05948542803525925
41 0.9166896  0.8967928  0.99990916 0.97608685 0.05631810054183006
41 0.8523699 0.9111259 1.        1.        0.0556960254907608
41 0.06790071 0.84498644 0.22312927 0.9950184  0.05395297333598137
41 0.890294  0.8820376 1.        1.        0.05278671905398369
41 0.03351293 0.9343693  0.13981357 0.9965296  0.05242209881544113
42 0.1526726  0.92575043 0.2762137  0.99357253 0.04965747520327568
18 0.94823223 0.         0.9984725  0.14057598 0.04780948907136917
18 0.94737613 0.8231153  1.         0.99718225 0.04729330539703369
41 0.17141908 0.93812597 0.27288035 0.9986051  0.04719705134630203
18 0.94824535 0.         0.99793327 0.08187259 0.04716462269425392
18 0.9476442 0.8911403 1.        0.9988645 0.04691668227314949
41 0.9373085  0.83238727 1.         0.9399812  0.04628336802124977
41 0.91953075 0.81498784 1.         1.         0.04565456509590149
41 0.9174224  0.8709217  1.         0.95062095 0.04530331492424011
32 0.11518339 0.9301412  0.22453599 0.99607813 0.0449271984398365
18 0.08851814 0.9402952  0.24226047 0.9957178  0.04422712326049805
42 0.         0.90432376 0.04211627 0.99992436 0.042999982833862305
18 0.9301288  0.91999435 1.         0.9982064  0.04291146248579025
18 0.10447963 0.92417055 0.21829838 0.9940113  0.04204205051064491
18 0.00351264 0.911501   0.04127654 0.98408765 0.04059436917304993
32 0.10010511 0.9451927  0.25012204 0.99682784 0.039886169135570526
41 0.06572297 0.8871055  0.2667224  0.9948346  0.03966629505157471
42 0.10957523 0.94082016 0.27092937 0.99532455 0.03870335966348648
41 0.91905296 0.84509134 1.         0.9239942  0.03761960566043854
18 0.91111857 0.         0.99432963 0.0713438  0.037044934928417206
18 0.11997025 0.80445385 0.27736208 0.9901796  0.036545876413583755
41 0.9363587  0.5105754  1.         0.62337744 0.03654305264353752
18 0.93127483 0.         0.99690247 0.05780122 0.036030545830726624
41 0.93779707 0.80594397 1.         0.9133378  0.036011870950460434
18 0.9278158 0.4853221 1.        0.6130896 0.03495873138308525
41 0.72389734 0.90761894 1.         1.         0.03472470864653587
42 0.0965066  0.86166555 0.33069775 0.9936437  0.03442254289984703
18 0.9268561 0.8555755 1.        0.9859602 0.03358864784240723
42 0.10668358 0.92630017 0.21867031 0.99576914 0.033277612179517746
18 0.9060721 0.6508372 1.        1.        0.033271923661231995
18 0.1641633  0.92829347 0.27303812 0.99490744 0.033244580030441284
18 0.9483603  0.50087124 1.         0.698274   0.03295452892780304
41 0.01109516 0.9471372  0.08246531 1.         0.03289473429322243
18 0.84148145 0.         0.9902559  0.08633487 0.03286211937665939
41 0.01930805 0.9135965  0.15640195 0.99662733 0.03275256231427193
42 0.16551417 0.8145022  0.33401048 0.998028   0.032559238374233246
41 0.91612417 0.5241802  1.         0.6061831  0.03253332898020744
18 0.9082001  0.         0.9985279  0.16414164 0.0322159044444561
18 0.00305667 0.9441206  0.08544029 0.99205154 0.03200294449925423
42 0.11770079 0.81767523 0.27679384 0.9996054  0.031901899725198746
41 0.9174607 0.4974457 1.        0.5794404 0.03156888857483864
18 0.0028089  0.93093073 0.05974954 0.98811007 0.031251776963472366
42 0.         0.9272039  0.05936322 0.9974112  0.031034478917717934
18 0.03248562 0.9374349  0.19732326 0.994821   0.03088459186255932
18 0.0488706  0.9194739  0.17265564 0.9927535  0.030827239155769348
41 0.9202827 0.8189988 1.        0.8972933 0.030616864562034607
18 0.9268611 0.8041685 1.        0.932088  0.030494799837470055
18 0.8773161  0.         0.9955056  0.12009772 0.030457928776741028
18 0.85609466 0.9371395  1.         0.9965493  0.03010226972401142
18 0.92811394 0.43225124 1.         0.55891263 0.029274163767695427
18 0.5652708  0.         0.96198344 0.1878147  0.02906152419745922
41 0.8627384  0.80247563 1.         1.         0.02897964045405388
18 0.9274915  0.03297104 0.9999984  0.16601786 0.028729647397994995
1 0.94942874 0.         0.997616   0.08698919 0.02871204912662506
41 0.9394295  0.45864415 1.         0.56810737 0.028706999495625496
18 0.9062913  0.02660661 0.9981273  0.12270535 0.028545290231704712
18 0.92868286 0.6993035  1.         0.8308421  0.028506672009825706
41 0.02170398 0.88269806 0.21491414 0.994308   0.028466027230024338
18 0.9281342  0.75203264 1.         0.8812653  0.028432408347725868
41 0.00798127 0.93306184 0.0572767  1.         0.028302501887083054
18 0.90785533 0.47803393 1.         0.57211024 0.028155239298939705
41 0.93783224 0.779164   1.         0.8871251  0.027957962825894356
41 0.9482023  0.00518097 1.         0.0805883  0.02771111950278282
18 0.8769088  0.         0.98361593 0.05919598 0.027567477896809578
18 0.021145   0.89637023 0.27884185 0.9919118  0.02738475427031517
1 0.931926   0.         0.99809176 0.06083566 0.027289750054478645
41 0.9153626  0.5511771  1.         0.63207585 0.027259470894932747
18 0.05690705 0.84823865 0.27650413 0.99040884 0.02705608308315277
18 0.8711247 0.849863  1.        0.998259  0.027006972581148148
42 0.02899406 0.89772964 0.35059017 0.99417555 0.026991065591573715
42 5.8997473e-05 9.4017988e-01 8.3577819e-02 9.9825358e-01 0.02695230394601822
41 0.8153355  0.85187775 1.         1.         0.02662094309926033
41 0.95265263 0.53897697 1.         0.70652854 0.026514636352658272
18 0.00354841 0.8218901  0.08690753 0.9726639  0.026480233296751976
32 0.16486603 0.93105453 0.27715853 0.99437726 0.026475949212908745
41 0.91989636 0.47140163 1.         0.55196357 0.026079898700118065
32 0.1277686  0.8246266  0.27693808 0.9962728  0.025826431810855865
18 0.12597494 0.         0.72977215 0.9097406  0.025730116292834282
18 0.00378977 0.8644806  0.12025152 0.9833299  0.025699231773614883
18 0.92827845 0.535169   1.         0.67097545 0.025518342852592468
18 0.9080243  0.4583428  1.         0.85560185 0.025375567376613617
32 0.05181117 0.9434367  0.20165443 0.99692184 0.025330133736133575
18 0.00658059 0.89655215 0.1675614  0.99001205 0.025301003828644753
42 0.06439015 0.9409582  0.21324146 0.99746674 0.025256823748350143
18 0.92823255 0.6437894  1.         0.7793887  0.02521830052137375
18 0.92903334 0.11267692 0.99913996 0.2496958  0.02514244057238102
41 0.00621668 0.90769094 0.04059779 1.         0.024858936667442322
18 0.8281179 0.8906697 1.        0.9961008 0.024735741317272186
41 0.9346611 0.5641796 1.        0.6750003 0.024623440578579903
41 0.9410203  0.43285543 1.         0.5407537  0.02446299046278
18 0.92776114 0.37912175 1.         0.5058673  0.024292824789881706
18 0.05817322 0.78650767 0.22802979 0.9883371  0.02423190139234066
41 0.94902945 0.00745292 1.         0.13920133 0.024162059649825096
41 0.8895986 0.7556393 1.        0.9788664 0.0241452157497406
18 0.90726525 0.5294793  1.         0.6276299  0.023907553404569626
41 0.14949442 0.7109249  0.35298514 0.9062544  0.023730777204036713
18 0.83610433 0.         0.99323326 0.14782149 0.023674527183175087
41 0.01196491 0.8781606  0.11325362 0.9989952  0.02358173206448555
32 0.00533422 0.8926578  0.04855294 0.99694675 0.02343757264316082
42 0.         0.81536216 0.32620785 0.9978695  0.023362960666418076
41 0.92303914 0.44511706 1.         0.5243996  0.023072952404618263
41 0.76291823 0.8753232  0.98466647 1.         0.02293894626200199
18 0.02141336 0.68970674 0.29621223 0.98164016 0.02274085022509098
1 0.9109127  0.         0.9962276  0.07513414 0.022679122164845467
32 0.94132245 0.9294679  1.         0.99783564 0.022650539875030518
1 0.9491014  0.         0.9970012  0.15082937 0.022531680762767792
18 0.90536493 0.84983736 1.         0.9449395  0.022513264790177345
41 0.02250703 0.7815624  0.22758098 0.9903404  0.02246294543147087
41 0.9306682  0.00364029 1.         0.05616216 0.022419175133109093
41 0.9171578  0.4694722  1.         0.78542894 0.02241232804954052
41 0.9086064  0.01966725 1.         0.09689007 0.022167034447193146
41 0.9150393 0.5778735 1.        0.6576669 0.022033309563994408
32 0.9554832 0.9044973 1.        0.9983179 0.021800411865115166
18 0.92804945 0.58818567 1.         0.72674364 0.02153298445045948
41 0.9419656  0.4069462  1.         0.51357514 0.021478287875652313
41 0.93639356 0.72594595 1.         0.8338436  0.021342631429433823
32 0.01392908 0.9400277  0.09603649 0.99703085 0.0213022343814373
18 0.84602374 0.92002463 0.9714613  0.9934996  0.02116325870156288
10 0.94199425 0.00117422 1.         0.08067752 0.021033067256212234
41 0.9179221 0.5516628 1.        0.8609158 0.020950838923454285
18 0.9087789 0.7969752 1.        0.8919261 0.02085239626467228
18 0.04166971 0.812209   0.33476186 0.9847284  0.020528802648186684
18 0.9093996  0.42458838 1.         0.51876926 0.020266281440854073
18 0.8511322  0.         0.9950773  0.25137642 0.020205294713377953
18 0.9053064  0.29968303 1.         0.6882416  0.02019667997956276
42 0.01013187 0.8980052  0.16412961 0.9988819  0.020148539915680885
32 0.00868936 0.9231125  0.06842868 0.99564505 0.02012481726706028
10 0.92281336 0.00130667 1.         0.05742527 0.020087644457817078
42 0.01020119 0.8585497  0.22902729 0.99944997 0.0200059711933136
18 0.9086124  0.63593453 1.         0.7366701  0.01986542157828808
18 0.9104902  0.10275628 0.9973402  0.20620418 0.01980375312268734
21 0.8039424  0.00330986 0.99220693 0.06646865 0.01972498744726181
41 0.88470083 0.5138489  1.         0.7410392  0.01963215321302414
18 0.840782  0.7388935 1.        1.        0.019620167091488838
42 0.05567722 0.9243986  0.16654992 0.9974093  0.019531620666384697
18 0.90779626 0.5817385  1.         0.6828875  0.019494935870170593
18 0.9084117  0.07628255 0.9983159  0.17844038 0.01937098428606987
18 0.15471691 0.9430955  0.30272704 0.9968807  0.019257409498095512
18 0.14424333 0.63858813 0.3624349  0.8981179  0.01919592171907425
41 0.9352869  0.69907445 1.         0.80659264 0.019071470946073532
18 0.8776632 0.5589508 1.        0.8393811 0.01904335804283619
18 0.87991774 0.13367753 1.         0.4207066  0.01890636421740055
42 6.1087293e-04 8.6147565e-01 1.1589336e-01 1.0000000e+00 0.01873433031141758
18 0.00648191 0.7977991  0.18463807 0.98383504 0.01870894804596901
41 0.84699595 0.70403594 1.         1.         0.018697485327720642
32 0.07993216 0.8141751  0.23835732 0.9963435  0.018635142594575882
32 0.0312079  0.90145653 0.29054224 0.993841   0.01854075863957405
18 0.87356246 0.44689107 1.         0.73278576 0.018445594236254692
41 0.8900863 0.6765729 1.        0.9005577 0.01824904792010784
41 0.9503054  0.03782612 1.         0.19598407 0.018159573897719383
18 0.87895846 0.02599251 1.         0.3192446  0.01810191385447979
18 0.8322514 0.        1.        0.4678426 0.01809062995016575
42 0.0592666  0.6519018  0.37123266 1.         0.0180711280554533
41 0.9146268  0.60452366 1.         0.68410593 0.018061593174934387
41 0.9193901  0.38700712 1.         0.70962447 0.018011819571256638
18 0.41680673 0.         0.9741609  0.3833985  0.0176861435174942
18 0.00866381 0.64864725 0.17762452 0.951174   0.01766304112970829
18 0.28309897 0.         0.65127444 0.76240146 0.017616277560591698
42 0.         0.8175309  0.08295179 1.         0.017556307837367058
21 0.8322597  0.00248018 0.9902067  0.03446716 0.017533792182803154
18 0.8260742 0.6054482 1.        1.        0.017468107864260674
1 0.94876915 0.9074458  0.9964415  1.         0.017462773248553276
1 0.8711038  0.         0.98707634 0.06142625 0.017454365268349648
18 0.8736     0.34532258 1.         0.6216284  0.017450101673603058
41 0.9156593  0.68537414 1.         0.764115   0.017242221161723137
18 0.68175906 0.8913938  1.         0.99230725 0.017229819670319557
32 0.9563775 0.8420841 1.        0.9988285 0.017204120755195618
1 0.13229014 0.9284054  0.24433729 1.         0.016970140859484673
1 0.9314559  0.9322332  0.99648136 1.         0.016921693459153175
42 0.95116836 0.         0.9982533  0.08263743 0.01692129485309124
18 0.7823271  0.8090456  1.         0.99756044 0.016783269122242928
21 0.91763026 0.00297672 0.99769    0.04880545 0.016758419573307037
41 0.91057444 0.0020973  1.         0.04010665 0.016737373545765877
41 0.89135724 0.40535268 1.         0.6369392  0.016732413321733475
42 0.10640961 0.70368797 0.41076133 0.8936014  0.016674382612109184
21 0.89391094 0.00230467 0.9956263  0.03486922 0.016644516959786415
41 0.9113025  0.04588    1.         0.12439414 0.016605596989393234
32 0.02798049 0.8583171  0.24350938 0.99513125 0.016523022204637527
32 0.02477573 0.89899385 0.17641617 0.9961258  0.016505444422364235
41 0.01046132 0.8309631  0.08600841 1.         0.01649867743253708
41 0.91446006 0.6314897  1.         0.7107141  0.016415199264883995
17 0.94890976 0.00250905 0.9941541  0.07884985 0.016365984454751015
18 0.8317878 0.4399727 1.        0.6434918 0.016280200332403183
41 0.9147739  0.6584804  1.         0.73727965 0.016199523583054543
18 0.87594324 0.23834217 1.         0.5135836  0.015962477773427963
18 0.12091741 0.         0.700904   0.4568338  0.01592322252690792
41 0.8468739  0.48552614 1.         0.65140635 0.015901779755949974
21 0.9391031  0.00332976 0.99808055 0.0713309  0.01588338427245617
1 0.94853365 0.84658426 0.9953118  1.         0.015771016478538513
41 0.01527074 0.696006   0.16915525 0.99392277 0.015678130090236664
42 0.06931057 0.81462437 0.2216533  1.         0.015673436224460602
41 0.17706335 0.68166655 0.37927222 0.87851155 0.015626076608896255
1 0.90925336 0.94829124 0.9963924  1.         0.015582318417727947
18 0.22726937 0.         0.99849164 0.5220003  0.015352508053183556
41 0.84656173 0.53827006 1.         0.7030631  0.015240236185491085
10 0.9415061  0.00292645 1.         0.14060807 0.015169856138527393
41 0.9097762  0.0095798  1.         0.15903163 0.015142451971769333
32 0.04006875 0.9261126  0.15452747 0.9957767  0.01501524355262518
42 0.01904808 0.7589562  0.50221497 0.99368846 0.014964760281145573
42 9.3535405e-01 3.8035712e-04 9.9755555e-01 5.7044938e-02 0.01485505048185587
32 0.8976633 0.9265958 1.        0.9974299 0.014840390533208847
10 0.8417032  0.00164398 1.         0.04450409 0.014782729558646679
19 0.1059538  0.9445671  0.25623462 0.9911935  0.014420046471059322
41 0.05070966 0.72409236 0.31684363 0.97276044 0.014354493468999863
41 0.7176062  0.83518314 1.         1.         0.014327154494822025
1 0.9087471  0.00850753 0.9946215  0.10317541 0.014258423820137978
42 0.12790781 0.6615099  0.354036   0.9231052  0.014124242588877678
41 0.8526573 0.7807833 1.        0.9421029 0.014115304686129093
32 0.95120007 0.00374801 1.         0.07761241 0.014052147977054119
41 0.9322638  0.06028909 1.         0.16778731 0.013919159770011902
42 0.01907308 0.70109487 0.28006238 1.         0.013901856727898121
1 0.94838125 0.01302224 0.9956927  0.21639769 0.013874213211238384
1 0.1148142  0.8081536  0.27282646 1.         0.013803216628730297
32 0.9400938 0.8707369 1.        0.9881907 0.013772220350801945
41 0.89871705 0.30426326 1.         0.52946323 0.013756867498159409
18 0.8331923  0.38684708 1.         0.5893852  0.013662924990057945
18 0.83406365 0.4895814  1.         0.69854444 0.013611828908324242
18 0.18271525 0.66764235 1.         0.9886246  0.013570139184594154
42 0.         0.65533066 0.5203133  1.         0.01338944397866726
18 0.7338201  0.84810156 0.97751266 0.99336934 0.01335073821246624
18 0.82626396 0.17208296 1.         0.93084365 0.013331906870007515
19 0.05081497 0.9567135  0.25213113 0.99441427 0.013292009010910988
17 0.9497282  0.00569473 0.99360394 0.13618034 0.013275206089019775
1 0.8325802  0.         0.99474126 0.08708566 0.013260754756629467
24 0.1332743  0.9380156  0.24615179 0.9958867  0.013246554881334305
33 0.9452178  0.         0.9993316  0.07085335 0.013137266971170902
10 0.80933714 0.         1.         0.08511957 0.013088137842714787
1 0.15820247 0.9270225  0.27270398 1.         0.013039196841418743
41 0.1396358  0.8888817  0.32267046 0.9946454  0.013034999370574951
1 0.08857426 0.9460043  0.2401671  1.         0.013005638495087624
18 0.6704537  0.7942419  1.         0.99264985 0.012986286543309689
18 0.827399   0.         1.         0.72139275 0.012823957949876785
1 0.92805636 0.01781817 0.99556875 0.15084763 0.012812904082238674
26 0.94846135 0.00523408 1.         0.0742803  0.01280253753066063
41 0.87122387 0.00377529 0.9949385  0.055451   0.012797152623534203
42 0.01661022 0.8102824  0.17261867 1.         0.012734544463455677
18 0.84007156 0.22584577 1.         0.4283037  0.012717737816274166
1 0.92909855 0.8748039  0.9949233  1.         0.012693396769464016
36 0.9489733  0.         1.         0.08093378 0.012612021528184414
41 0.877187   0.00793959 1.         0.11445131 0.012591175734996796
41 0.8529923  0.4311544  1.         0.59613883 0.012573877349495888
18 0.1306539  0.859976   0.33898315 0.9945048  0.01256449893116951
1 0.90747863 0.         0.99605876 0.17244676 0.012351056560873985
41 0.03927907 0.85441804 0.30952954 0.9867852  0.012263464741408825
24 0.9477749  0.00496307 1.         0.08373113 0.01224586833268404
26 0.29393774 0.22456576 0.7501303  0.7087035  0.012216527946293354
25 0.9031599  0.95101094 0.9964684  1.         0.012169896624982357
18 0.8366375  0.28105766 1.         0.47610357 0.012131578288972378
41 0.85063416 0.6457977  1.         0.80797446 0.012065417133271694
41 0.85340935 0.7000926  1.         0.86116743 0.012041744776070118
42 0.9340092  0.9266268  0.99633914 1.         0.012036960572004318
42 0.         0.5506139  0.560653   0.94610536 0.012019057758152485
41 0.8477047 0.5916442 1.        0.7548223 0.012001224793493748
24 8.9034240e-04 9.1197419e-01 3.4851093e-02 9.7775179e-01 0.01199626736342907
19 0.9439658  0.00412873 0.9965057  0.07305205 0.011870102025568485
10 0.         0.9206886  0.04444776 0.995168   0.011852770112454891
33 0.92569023 0.         0.99834853 0.05022281 0.011834382079541683
17 0.93163425 0.00176677 0.9912558  0.05483023 0.011821202002465725
18 0.11739099 0.27153993 0.4507095  0.9377573  0.011780865490436554
42 0.91297466 0.9425312  0.99434775 1.         0.011745679192245007
41 0.8667676  0.3262438  1.         0.48621264 0.01172792911529541
41 0.91280437 0.0151466  1.         0.2427355  0.01171256136149168
18 0.10439169 0.         0.97888094 0.7879707  0.01170254871249199
32 0.93448925 0.00245359 1.         0.05412409 0.01167314499616623
18 0.8393642  0.65086573 1.         0.8577513  0.011468608863651752
32 0.01895906 0.854993   0.1315561  0.9947214  0.011460875160992146
42 9.1705114e-01 4.3519179e-04 9.9551141e-01 4.1053791e-02 0.011426257900893688
41 0.8496847 0.3491221 1.        0.9485859 0.011409584432840347
1 0.87649477 0.         0.9956633  0.12335475 0.011334792710840702
42 0.9504387  0.00254255 0.9978459  0.14310677 0.01132686622440815
1 0.         0.90512097 0.03950702 0.98912734 0.011299977079033852
18 0.8372226  0.54164493 1.         0.7533357  0.01129079982638359
34 0.9437889  0.00205918 0.99156374 0.07818366 0.01123859640210867
41 0.13150851 0.6073578  0.59818095 0.8717848  0.011137670837342739
41 0.66110396 0.87480646 0.88276637 1.         0.011086568236351013
5 0.9449102  0.00475542 1.         0.07324642 0.011033376678824425
21 0.91631645 0.00577205 0.99864024 0.09594683 0.011002635583281517
7 0.9470446  0.         0.9999977  0.07666545 0.01093477662652731
18 0.18768576 0.81325006 0.33968633 0.99132735 0.010918399319052696
42 9.1541320e-01 1.2143771e-04 9.9441612e-01 7.0797108e-02 0.010895045474171638
1 0.9477759  0.51742053 0.99402934 0.726415   0.010894670151174068
17 0.93101007 0.00527688 0.9908825  0.10984121 0.010840539820492268
18 0.8351879  0.33416292 1.         0.5319817  0.010832839645445347
32 0.93478507 0.00261685 1.         0.10980059 0.010749892331659794
41 0.1205316 0.7349988 0.3917757 0.9696374 0.010684451088309288
18 0.07731936 0.74259794 0.43768108 0.97082585 0.010680004954338074
