1 0.         0.7491426  0.39257672 0.98859614 0.23530587553977966
1 0.         0.71870863 0.6257719  1.         0.12967100739479065
1 0.03310471 0.8045214  0.47365338 0.9875911  0.12353639304637909
24 0.        0.7552594 0.6337692 0.9440251 0.10217035561800003
41 0.29870984 0.38476858 0.7620235  0.76017344 0.10057945549488068
34 0.11361959 0.8357331  0.8752156  0.9859769  0.0976412445306778
34 0.         0.81482816 0.7042877  0.9701073  0.09700477868318558
41 0.26217937 0.38832536 0.94080245 0.6680851  0.09027451276779175
1 0.08903707 0.6928239  0.44685328 1.         0.08919338136911392
24 0.         0.82684386 0.700664   0.9781328  0.0772387832403183
40 0.267023   0.29727152 1.         0.9002992  0.07158001512289047
1 0.01397876 0.79411495 0.7248277  0.9933888  0.0699719786643982
2 0.05032611 0.7897231  0.6124756  1.         0.06940818578004837
40 0.24548616 0.31555086 0.9546029  0.7000093  0.0674934908747673
41 0.         0.79720384 0.32414982 1.         0.061325762420892715
40 0.         0.68346745 0.7149973  1.         0.06048700213432312
12 0.6506785  0.33659804 1.         0.5894449  0.059111662209033966
34 0.10306196 0.7306567  0.8529107  0.9835365  0.056393012404441833
2 0.87282526 0.31302106 1.         0.5487668  0.0555180087685585
38 0.82933015 0.64390814 0.9959696  0.8384761  0.0541723296046257
2 0.5782662  0.30365592 1.         0.56829935 0.054121773689985275
24 0.32721952 0.4641263  1.         0.90826756 0.05328742042183876
38 0.86537135 0.69845235 0.99678975 0.96152955 0.051842618733644485
29 0.44575724 0.3571621  1.         0.95885915 0.05113296955823898
1 0.34384093 0.3056377  1.         0.9407049  0.050578322261571884
41 0.2735662  0.42478937 0.92153895 0.8555833  0.05049987882375717
1 0.02939045 0.7689111  0.25459677 0.9805502  0.05011916905641556
40 0.         0.27378818 0.9209013  1.         0.049790188670158386
41 0.30490986 0.34039235 0.96701276 0.59374434 0.04976106062531471
41 0.3274971  0.275436   0.77842665 0.6347108  0.049499642103910446
22 0.6311728  0.08125339 1.         0.7605599  0.0488039031624794
27 0.6793698  0.2317263  0.97348523 0.6664777  0.04797790199518204
33 0.8874356 0.3569486 1.        0.5626983 0.047037746757268906
2 0.15631294 0.7504292  0.53777516 1.         0.04682639241218567
40 0.45535484 0.16390346 1.         0.8344589  0.046242501586675644
24 0.12426031 0.72877777 0.49798164 0.9398403  0.04577234759926796
24 0.16414048 0.8418361  0.87355775 0.9988701  0.04571879655122757
38 0.808057  0.6994128 1.        1.        0.04483719542622566
24 0.2419273  0.72341394 0.56425154 0.9421935  0.04377966746687889
1 0.04962292 0.82537943 0.34714067 0.98412335 0.04375885799527168
7 0.         0.20533717 0.7458349  0.89405113 0.04310803487896919
1 0.4077233  0.344254   1.         0.65837413 0.04296574741601944
41 0.08619853 0.52313733 0.8736791  0.99790275 0.04284942150115967
2 0.45861003 0.34972036 0.9905627  0.65589774 0.042046867311000824
27 0.60991853 0.09063508 0.96182394 0.6672171  0.04167398437857628
40 0. 0. 1. 1. 0.041631512343883514
9 0.         0.7797254  0.40496162 1.         0.040576811879873276
41 2.7730307e-04 7.5688726e-01 5.1639754e-01 1.0000000e+00 0.04040288180112839
12 0.5483244  0.34194314 1.         0.7396578  0.03983183577656746
41 0.27991995 0.3522208  0.64047754 0.89440095 0.039674174040555954
10 0.63767684 0.30610886 1.         0.61309373 0.03839724510908127
41 0.18557724 0.38559216 0.79908025 0.93858117 0.03822249546647072
41 0.         0.75523895 0.2196417  1.         0.038125161081552505
24 0.08556125 0.7991101  0.81605804 0.9816616  0.03806144744157791
34 0.         0.7289568  0.58346766 0.9682093  0.03756891191005707
40 0.42780864 0.33365688 1.         0.6518996  0.03660577908158302
1 0.37755236 0.25534818 1.         0.544995   0.03579812869429588
24 0.51637876 0.39699847 0.9816364  0.623731   0.035000670701265335
41 0.41174954 0.3266759  0.8860352  0.72195697 0.03483431413769722
13 0.5896121  0.29868358 1.         0.6759131  0.03467896953225136
24 0.43199617 0.40727675 0.9109786  0.76652855 0.03454212471842766
41 0.18911731 0.45580074 0.8376185  0.73690355 0.034416377544403076
41 0.33086306 0.21920739 0.6996918  0.73944736 0.03421979397535324
24 0.65132695 0.13118395 0.9861296  0.52888066 0.03315939009189606
1 0.37700757 0.29099894 0.8347611  0.8056132  0.03314743936061859
24 0.4636113 0.4322542 1.        0.6940344 0.032907936722040176
12 0.6039325  0.23783359 1.         0.8280708  0.0328926220536232
2 0.6857662  0.18882473 1.         0.6242928  0.032299529761075974
34 0.25987124 0.39051053 0.9798117  0.89256185 0.03210340440273285
10 0.27191293 0.3105039  0.91695    0.5786584  0.031533923000097275
4 0.25478503 0.43631828 1.         0.8706787  0.031112955883145332
12 0.5601039  0.25546187 1.         0.6045945  0.030329987406730652
1 0.05639455 0.32914162 1.         1.         0.030304932966828346
24 0.3465775 0.4042538 0.9449296 0.647164  0.029742291197180748
35 0.6379749  0.02750504 0.9802574  0.6494742  0.029449330642819405
2 0.5231983 0.3094144 1.        0.8570448 0.02932310663163662
24 0.5164629  0.16165942 0.95037985 0.7801771  0.029273616150021553
24 0.38091522 0.306889   1.         0.55735785 0.029156628996133804
27 0.5856326  0.36138964 1.         0.7468747  0.029102887958288193
24 0.57634574 0.25415808 0.97393304 0.5567556  0.028664400801062584
1 0.27598542 0.05849719 1.         0.49621096 0.028466083109378815
24 0.48877218 0.13328527 1.         0.5739251  0.028309999033808708
41 0.30517933 0.18616931 0.907385   0.76116496 0.02830243855714798
24 0.6182799  0.36288968 0.9750298  0.57340133 0.026641638949513435
40 0.13706411 0.02939278 1.         0.831023   0.026616264134645462
22 0.5779194  0.23801184 1.         0.5680456  0.02651774324476719
38 0.8157262  0.00893042 0.99660045 0.3464688  0.026499534025788307
24 0.7029406  0.33774436 0.97656393 0.5437615  0.02594987489283085
24 0.11652278 0.7226858  1.         0.9949467  0.025872696191072464
38 8.9790905e-01 9.0443931e-04 9.9560416e-01 1.5905681e-01 0.025595566257834435
10 0.69380313 0.01138453 1.         0.7691241  0.02555619552731514
1 0.1629658  0.7161829  0.91724193 0.9910372  0.025383852422237396
40 0.21911779 0.20006643 0.7444424  0.849037   0.024785324931144714
29 0.54179305 0.34337983 0.9788132  0.7187884  0.024614032357931137
38 0.6524706  0.00725542 1.         0.17148346 0.024032002314925194
33 0.45085216 0.34805536 1.         0.63897836 0.023843055590987206
34 0.30497044 0.80117905 0.9061237  0.9818685  0.023739494383335114
35 0.         0.7993148  0.59378463 0.99182904 0.023444680497050285
9 0.        0.8047458 0.5525403 0.9967579 0.02342570386826992
38 0.8289607 0.5858168 0.9963128 0.7794533 0.02340169996023178
34 0.23663254 0.6075178  0.779141   0.98986053 0.023400815203785896
24 0.5427124  0.26347867 0.8267936  0.69044447 0.023187709972262383
38 0.66992253 0.5840318  1.         0.9773209  0.02305184118449688
21 0.43433335 0.33714065 0.94532496 0.57268846 0.022847874090075493
12 0.76666117 0.27722147 1.         0.61606234 0.02279762737452984
38 0.7461776 0.7745034 1.        1.        0.02260395511984825
40 0.         0.52396625 0.83837855 1.         0.02241716906428337
25 0.5177438  0.2704136  1.         0.61266357 0.02235744521021843
34 0.30812433 0.70784855 0.7116125  0.989572   0.022102635353803635
1 0.17774875 0.82125795 0.93110305 0.9908283  0.021835584193468094
41 0.3530984  0.13845095 0.9217513  0.5218143  0.02167455293238163
34 0.37054098 0.8846608  0.6663303  0.9880413  0.0216022077947855
38 0.5732935  0.00339279 1.         0.2878958  0.02155328169465065
1 0.2868619  0.38258776 0.76497084 0.8795272  0.0215220358222723
24 0.         0.7738098  0.27705187 0.9703238  0.021496593952178955
1 0.31440178 0.08744072 1.         0.7259143  0.0213362704962492
34 0.4365684  0.35566193 1.         0.64404184 0.021334433928132057
24 0.6927698  0.4038006  0.97854596 0.62640166 0.021310850977897644
24 0.         0.8442365  0.41588485 0.99349004 0.02128787711262703
24 0.6561732  0.20419955 0.9484055  0.753649   0.02128656953573227
40 0.         0.78448516 0.6516266  1.         0.021194668486714363
1 0.         0.6190074  0.35864413 1.         0.02116473577916622
13 0.49076855 0.3339273  0.99030286 0.9212685  0.020899957045912743
25 0.56830174 0.38698274 1.         0.60504377 0.020817846059799194
24 0.4700338  0.2832735  0.9157982  0.61846423 0.020571541041135788
27 0.4810664  0.45273265 0.9878592  0.94302785 0.02053084224462509
27 0.37946227 0.01067329 0.99603903 0.68474936 0.020378204062581062
25 0.850533   0.350068   0.9861185  0.50404423 0.02037093974649906
25 0.42975637 0.34004    1.         0.56592715 0.020317472517490387
24 0.68886214 0.27960706 0.98969567 0.5043166  0.02029421739280224
41 0.6800678  0.36974788 1.         0.64827126 0.02017884887754917
24 0.43467242 0.2445824  0.7599587  0.7272219  0.020102253183722496
40 0.375229   0.11203998 1.         0.64241487 0.0200973991304636
27 0.6456518  0.21830752 0.9690848  0.9491334  0.020093610510230064
27 0.753093   0.14971294 0.96599025 0.60083324 0.01995094306766987
21 0.88172996 0.33549047 0.9720734  0.5179003  0.019875261932611465
13 0.6758191  0.06380817 1.         0.6756495  0.019789988175034523
40 0.31119308 0.20099851 0.8148067  0.7204834  0.019697096198797226
27 0.45362052 0.1300319  0.9997222  0.8477103  0.019663119688630104
22 0.6970983  0.09638628 0.98797905 0.437014   0.019662218168377876
29 0.6006812 0.2504535 1.        1.        0.019627999514341354
24 0.77062565 0.17371164 0.9768813  0.49329555 0.01961202546954155
41 0.28998345 0.1107666  0.6767743  0.64159447 0.019441213458776474
33 0.26883015 0.2724501  1.         0.6028294  0.019439419731497765
4 0.57770854 0.17835425 1.         0.7532362  0.01941821724176407
25 0.43595573 0.36835974 1.         0.66819596 0.01941210776567459
2 0.18861291 0.80911314 0.74737805 1.         0.01940550096333027
21 0.         0.04290555 0.6503625  0.72993654 0.019384892657399178
41 0.4181424  0.23181152 0.8597212  0.5967084  0.0192525926977396
38 0.8606071  0.00892248 0.99748904 0.11939392 0.019219307228922844
24 0.46592972 0.31401289 1.         0.9771495  0.019031111150979996
41 0.29813468 0.27398092 0.9178959  0.54585326 0.01895267702639103
38 0.50832534 0.76915634 1.         1.         0.01892390288412571
10 0.         0.5075967  0.33801126 0.97164845 0.018752355128526688
38 0.7460039  0.0080429  1.         0.24282196 0.018731413409113884
24 0.91825503 0.01043498 1.         0.14446744 0.01862252876162529
25 0.581605   0.4385489  1.         0.71572226 0.018533270806074142
13 0.6151029  0.36881816 1.         0.784097   0.01848701573908329
25 0.5816379 0.1451208 1.        0.8358227 0.01846870221197605
21 0.6812166  0.3351739  0.98160523 0.5818069  0.0184080321341753
33 0.13197316 0.3706957  1.         0.91065526 0.018181750550866127
1 0.       0.383471 0.669029 1.       0.018121644854545593
24 0.58031416 0.49345675 0.9854645  0.9665583  0.017650535330176353
21 0.2769629  0.3290461  0.8505817  0.57847244 0.017630942165851593
10 0.48092398 0.32395902 1.         0.6482113  0.01760748028755188
2 0.5121968  0.0440032  0.9874781  0.75547826 0.01759672351181507
24 0.5520271  0.79358363 0.97404736 0.9943241  0.01757829077541828
13 0.68881637 0.23183519 1.         0.61384255 0.017532583326101303
24 0.2847223  0.40685114 0.71710086 0.7019642  0.017531070858240128
33 0.28271994 0.35397822 0.7938432  0.7624108  0.017488524317741394
24 0.641061   0.42132452 0.9926115  0.7673592  0.017460070550441742
29 0.4182419  0.35443252 0.8029837  0.7785279  0.017448963597416878
4 0.25057256 0.35254192 1.         0.6083665  0.01739492453634739
22 0.6409179  0.3193009  1.         0.68763345 0.01737726479768753
40 0.6022839  0.28018633 1.         0.6912734  0.01735742762684822
33 0.05032878 0.80000025 0.56426436 0.9852108  0.017280684784054756
2 0.6392087  0.31221732 1.         0.7291799  0.017239101231098175
24 0.93560916 0.00579175 1.         0.05130481 0.017208682373166084
24 0.8350161  0.15619095 0.996614   0.5861368  0.017186390236020088
34 0.02373723 0.6635916  0.99907756 0.9689849  0.017135722562670708
27 0.4290652  0.35746863 1.         0.651247   0.017074430361390114
41 0.49372113 0.36379537 0.9715865  0.77639794 0.0169928390532732
22 0.82943344 0.24005821 0.9997229  0.7434898  0.016948183998465538
27 0.8215206  0.11320677 0.99283653 0.72829103 0.016932541504502296
1 0.23890643 0.34082907 0.8876747  0.711115   0.016895314678549767
27 0.6278642  0.4436888  0.9958595  0.80430406 0.016853034496307373
21 0.         0.30297348 0.49405754 0.84787047 0.016846125945448875
2 0.7898953 0.0916535 1.        0.6273064 0.016814295202493668
24 0.8872978 0.7018056 0.9959312 0.9089152 0.016791479662060738
13 0.6084209  0.20021203 1.         0.9315941  0.01670580357313156
33 0.7018858 0.3247772 1.        0.6284158 0.01669168844819069
24 0.25704402 0.5135877  0.7486603  0.81502426 0.016633816063404083
24 0.83641225 0.71667564 0.99664646 0.9909524  0.016597028821706772
28 0.8290828 0.6493103 1.        0.7911203 0.016540270298719406
41 0.90036213 0.36101928 1.         0.5537275  0.016410429030656815
29 0.23851451 0.8232786  0.8082894  1.         0.016407271847128868
33 0.09296323 0.82768625 0.7684001  0.98297375 0.01636393554508686
24 0.47036    0.9160713  0.7395514  0.99696404 0.016113830730319023
2 0.6673794  0.05582703 1.         0.8385665  0.016030075028538704
24 0.35408488 0.73148054 0.6493242  0.9598744  0.015977375209331512
24 0.25176433 0.6988814  0.6986382  0.9550588  0.015965081751346588
40 0.05776711 0.83362997 0.74550986 1.         0.015960529446601868
34 0.3616721  0.9145865  0.75138605 0.9886183  0.015919871628284454
41 0.46679562 0.11027901 0.9217312  0.66256064 0.015863517299294472
34 0.48178306 0.08944689 1.         0.72698134 0.01580319181084633
41 0.         0.8668754  0.23825273 1.         0.015778765082359314
25 0.80607325 0.3876126  1.         0.7533176  0.015766169875860214
28 0.81160414 0.7098874  1.         0.97192234 0.015758920460939407
24 0.38340884 0.29510084 0.797627   0.62896496 0.01574575901031494
29 0.464163   0.29349968 0.93790865 0.6299824  0.015626993030309677
13 0.48755127 0.12584372 1.         0.8164101  0.015581083483994007
13 0.46932995 0.35025403 0.96645254 0.67892236 0.015547426417469978
35 0.86128646 0.30540484 0.9980723  0.6165665  0.015543350949883461
34 0.34344164 0.23427653 1.         0.82037437 0.015506022609770298
25 0.47450635 0.37511814 1.         0.8235829  0.015393042005598545
24 0.17245634 0.6427258  0.4747687  0.91323316 0.015382288955152035
24 0.32311586 0.37494034 0.63460654 0.7745214  0.015377884730696678
24 0.8844601  0.372112   0.99560714 0.549409   0.015269538387656212
27 0.11128014 0.79343253 0.8311615  1.         0.015158379450440407
1 0.3928943  0.19343328 0.88263136 0.6561507  0.015145198442041874
9 0.         0.8607802  0.25205618 1.         0.015123596414923668
5 0.6094565  0.00704445 0.9788634  0.65214825 0.0150594562292099
34 0.27513838 0.26731902 1.         0.56245095 0.01494060643017292
33 0.5822919 0.3408023 1.        0.7732434 0.014879722148180008
24 0.849097   0.00648062 1.         0.07511404 0.014875308610498905
10 0.8901461  0.33822733 1.         0.5849121  0.014662768691778183
33 0.33674806 0.27967787 0.6178714  0.7743894  0.014640317298471928
34 0.13484   0.6084563 0.9041621 0.9073528 0.014615333639085293
24 0.71805775 0.01123552 1.         0.1510614  0.014599400572478771
24 0.84939224 0.6348823  0.99362826 0.8013523  0.014592526480555534
34 0.50176495 0.3557857  1.         0.8579604  0.014559241943061352
33 0.01670066 0.81338775 0.35877016 1.         0.014506583102047443
16 0.        0.8293445 0.5402931 0.9603015 0.014415348879992962
27 0.6738045  0.38896435 1.         0.6519012  0.014394715428352356
24 0.60640424 0.00935005 1.         0.21346296 0.014323783107101917
24 0.15925857 0.6752437  0.60118616 0.9362378  0.014284038916230202
12 0.7019507  0.29807073 1.         0.5331714  0.014242236502468586
10 0.33676678 0.29927585 0.9011947  0.80863446 0.014235110953450203
28 0.7441792  0.6531729  1.         0.96895224 0.014218908734619617
35 0.38541964 0.3804938  0.96105164 0.6838832  0.014046472497284412
10 0.         0.4723823  0.55254936 0.9366263  0.014021233655512333
35 0.6160698  0.27367175 0.96662253 0.6197523  0.013994328677654266
29 0.05000369 0.79576826 0.5648701  1.         0.013970216736197472
27 0.         0.75885165 0.73579055 1.         0.013958044350147247
34 0.20360997 0.7047081  0.5842752  0.9626967  0.013865716755390167
9 0.00398184 0.74112684 0.2509557  1.         0.01383426133543253
27 0.27916425 0.25626704 1.         0.6021097  0.013826439157128334
24 0.20714515 0.8827575  0.47728628 0.98375565 0.01377570815384388
28 0.65735203 0.59473795 1.         0.8947941  0.013708633370697498
13 0.8309465  0.1386117  1.         0.66173416 0.01368995662778616
10 0.36099955 0.27678713 0.74160624 0.6924232  0.013679884374141693
38 0.9009467 0.8292155 0.9990001 1.        0.013660027645528316
34 0.33451542 0.20074649 0.644581   0.7844443  0.013538111001253128
38 0.80927056 0.00915341 0.99923456 0.08612546 0.013500483706593513
25 0.85884297 0.39114177 0.988406   0.53939426 0.013487865217030048
24 0.7857561  0.27822644 0.97105247 0.55411935 0.013468199409544468
24 0.8453492  0.02910277 1.         0.30214497 0.013463594019412994
22 0.48638603 0.18882982 0.9956943  0.5117325  0.01344230305403471
29 0.5588319 0.        0.9581696 0.8956108 0.013338294811546803
24 0.30835384 0.8773392  0.5544132  0.9728533  0.013303880579769611
24 0.88708276 0.01344221 1.         0.10664691 0.013299760408699512
41 0.         0.71546775 0.3441744  1.         0.013266066089272499
41 0.5870132  0.35101968 0.9980254  0.5916244  0.013241193257272243
10 0.5475579  0.00290939 0.9657539  0.6661911  0.013226665556430817
1 0.4738734  0.90600914 0.77064097 0.99322003 0.013205490075051785
10 0.40003538 0.0674511  0.9027982  0.72733796 0.013195180334150791
1 0.2271908  0.70063084 0.6154355  1.         0.013188316486775875
35 0.         0.8133933  0.36448458 0.9884108  0.013145803473889828
4 0.29035825 0.41098878 0.8521075  0.76653415 0.013118371367454529
34 0.31473416 0.32751822 0.8001975  0.72509027 0.013116641901433468
24 0.8858772  0.6436629  0.9945729  0.86179525 0.013086998835206032
35 0.7640155  0.09343702 0.97878784 0.5920613  0.013070665299892426
27 0.2782171  0.32087028 1.         0.8340559  0.01301119290292263
22 0.85099304 0.31461817 0.99639183 0.49978283 0.012980765663087368
7 0.1905737  0.38624606 0.8939361  0.9692031  0.012940574437379837
40 0.08933335 0.27989396 0.8712797  0.77504593 0.01293354481458664
24 0.39899287 0.7863176  0.87242746 1.         0.01293125655502081
34 0.17673117 0.05368617 0.9530367  0.53242123 0.012930173426866531
34 0.40780118 0.18826848 0.78727096 0.6648649  0.012870733626186848
33 0.42014334 0.32644528 0.9942902  0.7595616  0.012822505086660385
40 0.         0.57778573 0.4348906  1.         0.012814289890229702
10 0.         0.22104986 0.73675686 0.81956315 0.012738434597849846
22 0.6863039  0.19973908 1.         0.6518159  0.012650534510612488
4 0.62075865 0.43246257 1.         0.8507014  0.012633978389203548
41 0.19273074 0.52188414 0.8140889  0.816281   0.012602034956216812
25 0.12360245 0.3162587  0.9959774  0.8242063  0.012590724043548107
12 0.83987623 0.17904852 1.         0.62551165 0.012543916702270508
22 0.5366984  0.23149608 0.9911361  0.81039155 0.012417249381542206
25 0.6011286  0.26685086 0.9908225  0.5085942  0.012354702688753605
25 0.15146546 0.317809   1.         0.56930965 0.012270576320588589
12 0.47710624 0.10250723 1.         0.72892326 0.012256107293069363
24 0.7899415  0.78919834 0.99674624 0.9881286  0.012185432948172092
10 0.79552484 0.2528957  1.         0.71678674 0.012145678512752056
24 0.29548642 0.44954464 0.5833549  0.82136124 0.012096812948584557
24 0.79431355 0.01168131 1.         0.20457432 0.012089078314602375
35 0.25919816 0.3516611  1.         0.92555654 0.012043148279190063
25 0.56793773 0.13482723 0.9841284  0.5674163  0.012017839588224888
34 0.27444178 0.46099183 0.7602102  0.8557732  0.011996169574558735
2 0.06000258 0.80342394 0.37966415 0.9969496  0.011958485469222069
35 0.5823834  0.1118543  0.9470288  0.96661013 0.01192682608962059
