21 0.02724111 0.17940995 0.29624656 0.87097925 0.5730544328689575
21 0.13848503 0.12832637 0.74314994 0.8350825  0.5053874254226685
21 0.05285016 0.19620787 0.5439126  0.85855305 0.4397721588611603
21 0.21419442 0.20331505 0.97584635 0.89545006 0.41502782702445984
21 0.0339579  0.2878364  0.3900641  0.70241123 0.40068721771240234
21 0.08115564 0.2949569  0.35219672 0.8514037  0.3024129569530487
21 0.09214745 0.29058415 0.59168446 0.69492364 0.25946712493896484
1 0.05285665 0.4478918  1.         0.9061276  0.24481800198554993
1 0.1793423  0.2783604  0.97705895 0.86618704 0.21647624671459198
1 0.31999457 0.15768598 1.         0.8350844  0.19552220404148102
24 0.         0.45905763 0.46289247 0.7225049  0.1931268721818924
1 0.3851549  0.33526576 1.         0.8849945  0.17561613023281097
10 0.71966255 0.21212466 1.         0.41932383 0.1694454699754715
24 0.         0.44934583 0.39823487 0.664842   0.16608105599880219
1 0.22764318 0.33838874 0.70516425 0.8417386  0.16563326120376587
4 0.         0.29098034 1.         1.         0.16174544394016266
41 0.05175471 0.431326   0.59567636 0.8650695  0.14958412945270538
41 0.8155478  0.6277608  0.99435174 1.         0.14802847802639008
1 0.5863897  0.34679985 0.9120456  0.8915786  0.1463853120803833
10 0.06144731 0.38830903 0.44631532 0.9167532  0.14387694001197815
41 0.03780192 0.471843   0.8915038  0.85392237 0.12361972033977509
1 0.02704514 0.04028641 1.         0.7819515  0.12190886586904526
1 0.22842468 0.19602013 0.4997215  0.8943372  0.11935359239578247
24 0.22380975 0.52132183 0.93453735 0.96112406 0.11880867183208466
24 0.         0.47686672 0.615743   0.7958514  0.10941606760025024
41 0.19949235 0.6056533  1.         0.9206937  0.09972117841243744
24 0.0388017  0.44288236 0.33175114 0.76111287 0.09859345108270645
10 0.00731801 0.38726494 0.9316416  0.6799939  0.08907483518123627
10 0.         0.45845532 0.49659416 0.8080814  0.08868890255689621
41 0.         0.32509673 0.5353241  0.7155661  0.08836814016103745
1 0.28208336 0.22907537 0.58026147 0.86923075 0.086750328540802
41 0.5562708 0.4117238 1.        0.8406334 0.08485738933086395
21 0.05963119 0.12052442 0.56825197 0.6489053  0.08460959792137146
24 0.         0.41104805 0.5334965  0.8606019  0.08458723872900009
10 0.         0.3941951  0.57785606 0.68678486 0.08250860124826431
21 0.6638263  0.07984418 0.93744785 0.78706014 0.08144984394311905
21 0.14155129 0.45864314 0.97489727 0.8578223  0.08085392415523529
41 0.10686462 0.3118863  0.53669417 0.93228835 0.08018996566534042
21 0.2849861  0.72256774 0.89342916 0.9324188  0.07944966107606888
41 0.         0.34337157 0.82205194 0.7320341  0.07883552461862564
21 0.06544698 0.36025405 0.6651225  0.84098655 0.0781637504696846
24 0.         0.54788667 0.85786724 0.85880363 0.07782889902591705
24 0.         0.61672443 1.         0.88133204 0.07441739737987518
1 0.331729   0.38969266 0.80319315 0.86142457 0.07375580072402954
41 0.17134379 0.3112874  0.96505564 0.8217081  0.07359102368354797
41 0.69038635 0.36146763 1.         0.85931265 0.07300462573766708
21 0.7685619  0.22013286 0.9286002  0.41852906 0.07297957688570023
21 0.38542283 0.1783183  0.9283728  0.6734899  0.07256148010492325
1 0.31930858 0.47138384 0.9767024  0.9197276  0.07242544740438461
4 0.3820216  0.27531576 1.         1.         0.07177925109863281
24 0.         0.4263493  0.48406392 0.63029176 0.07173845171928406
24 0.19777653 0.4205525  0.5683862  0.90816945 0.07048214226961136
1 0.00818003 0.36694404 0.586453   0.8653332  0.07018619775772095
21 0.12514606 0.36744052 0.81597465 0.6800292  0.06857812404632568
24 0.         0.49537507 0.23020127 0.68921757 0.0685608983039856
21 0.16314563 0.7469332  0.7948778  0.94750166 0.06789547204971313
10 0.01467262 0.34159628 0.7382066  0.81722313 0.0666932612657547
21 0.22587784 0.31505123 0.7375127  0.637344   0.06646442413330078
21 0.45503926 0.33395988 0.9810725  0.9146676  0.0654359757900238
1 0.      0.      1.      0.56952 0.06405455619096756
21 0.14938006 0.26420385 0.44594473 0.79387254 0.06324022263288498
21 0.11235344 0.10924505 0.89397615 0.6125703  0.06177886202931404
1 0.15909462 0.34955776 0.73694885 0.67687774 0.06097711622714996
1 0.6607828  0.2645444  1.         0.84268904 0.057807181030511856
41 0.00166031 0.30669966 0.7747685  0.8831171  0.05689427629113197
4 0.        0.4457716 1.        1.        0.05671845003962517
5 0.         0.         0.8521719  0.43971395 0.05580456554889679
24 0.11058822 0.39206833 0.41798276 0.82302076 0.055762168020009995
4 0.35362798 0.10726023 1.         0.8877317  0.054843466728925705
10 0.30363587 0.79697543 1.         0.9836384  0.05415283888578415
41 0.2197732  0.21248627 1.         0.624781   0.05397718399763107
41 0.5609278  0.46729574 0.97313786 1.         0.05206451565027237
21 0.22942464 0.26758805 0.5620786  0.764347   0.05194032937288284
2 0.40242127 0.2334482  0.8640904  0.87620616 0.05171108990907669
24 0.54513276 0.5859059  0.97600293 0.9874461  0.05098523572087288
41 0.29297933 0.34767738 1.         0.9802226  0.05059921741485596
41 0.43590832 0.5079975  1.         1.         0.050023969262838364
24 0.         0.41310054 0.2432876  0.7438641  0.049182429909706116
21 0.5366833  0.21307106 0.9402641  0.77263004 0.047753915190696716
18 0.18041314 0.1969101  0.83738565 0.83178955 0.04774508997797966
2 0.01318347 0.31030557 0.513242   0.76306766 0.047558028250932693
10 0.34869725 0.36651373 1.         0.8739425  0.04748653247952461
10 0.         0.26593465 1.         0.87319195 0.046702053397893906
40 0.         0.08275609 0.72624576 1.         0.04637502506375313
24 0.         0.32888377 0.6431778  0.93042964 0.04619327932596207
1 0.69808    0.46178177 1.         0.9275295  0.04601994901895523
4 0.         0.15841681 1.         0.8248785  0.04539342224597931
41 0.71426004 0.56667024 1.         1.         0.04358541965484619
1 0.29809034 0.2685193  0.75579685 0.7118917  0.04246124252676964
21 0.71121114 0.19992748 0.9220411  0.53117865 0.041391827166080475
2 0.00657084 0.48928803 0.7686513  0.846349   0.04073986038565636
1 0.23077652 0.46884543 0.69728327 0.98269564 0.04067458212375641
24 0.         0.49987128 0.7326238  0.7474715  0.04018533229827881
21 0.04426422 0.6805849  0.9401109  0.9431115  0.04012399539351463
24 0.         0.49310237 0.75728196 0.93228006 0.039766211062669754
41 0.17250453 0.29427472 0.6839521  0.6863361  0.03975144028663635
10 0.10185565 0.40537155 0.9464606  0.9484666  0.0393533930182457
41 0.01414154 0.24359149 0.44927406 0.84144765 0.03906765952706337
5 0.38281032 0.01747353 0.96853393 0.69348687 0.038270335644483566
24 0.15420996 0.73730576 1.         0.92011905 0.038021016865968704
24 0.05054825 0.3942342  0.93635887 0.92506045 0.03781965374946594
1 0.2595105  0.19678329 0.9718697  0.56697    0.037215929478406906
1 0.09190989 0.39919373 0.67260087 0.7376647  0.03710297867655754
5 0.54736423 0.         0.92719597 0.44853008 0.036862026900053024
1 0.71810615 0.30908373 0.98103386 0.8738679  0.03677751496434212
41 0.8000563  0.7372636  1.         0.96641695 0.036230962723493576
1 0.06653073 0.3252086  0.447488   0.66666716 0.03600165992975235
18 0.10690203 0.11486649 0.673347   0.88988346 0.03587575629353523
10 0.07079519 0.7556234  1.         1.         0.03543325513601303
24 0.         0.31012687 0.3865519  0.7521142  0.03511912375688553
21 0.643088   0.27999657 0.9900456  0.8770288  0.03444270044565201
21 0.6237402  0.38554814 0.9093805  0.91211975 0.034426283091306686
21 0.31772968 0.32432395 0.86076945 0.7261434  0.034403931349515915
24 0.        0.4343818 0.8267731 1.        0.03407299891114235
1 0.1477171  0.01004156 0.5407435  0.6591199  0.03366076946258545
4 0.         0.23916799 0.682193   1.         0.03358692303299904
10 0.33125505 0.5108354  1.         0.92330986 0.032858021557331085
4 0.         0.3654971  0.47426394 1.         0.03273366764187813
21 0.5624014  0.18609045 0.9190485  0.5867454  0.032642263919115067
22 0.3436898  0.         0.95191246 0.35734898 0.03252806141972542
41 0.6173724  0.28354636 1.         0.7247192  0.032237835228443146
1 0.         0.11778356 0.8868262  0.672541   0.032007552683353424
27 0.         0.18172465 1.         0.7119529  0.031628042459487915
10 0.09696136 0.2910624  0.56416947 0.8387091  0.03108464553952217
41 0.11418986 0.71988916 1.         0.9525035  0.031075535342097282
24 0.6466587 0.6604433 0.9829729 0.9528176 0.030848560854792595
7 0.0034492  0.29680142 0.52759373 1.         0.03070680797100067
10 0.59179634 0.4842298  1.         0.9665406  0.030703702941536903
33 0.8144701  0.43369707 1.         0.97976094 0.030690237879753113
41 0.23822787 0.3470082  0.7146226  0.9255568  0.03028775006532669
10 0.66097844 0.3124149  1.         0.8797813  0.029709747061133385
24 0.2523898  0.42804578 0.97977257 0.8205334  0.028997864574193954
18 0.         0.0349277  1.         0.71479017 0.028660478070378304
1 0.03083386 0.34825602 0.29066005 0.89026594 0.02823754958808422
5 0.         0.02525068 0.86885643 0.63952374 0.02821478061378002
1 0.07677155 0.18819675 0.6508581  0.89090455 0.027781302109360695
41 0.09963219 0.17766905 0.80907226 0.7015365  0.027684926986694336
5 0.24263416 0.         0.9119549  0.4702005  0.027368327602744102
18 0.11813271 0.30960724 0.5908074  0.69746786 0.02727011777460575
2 0.02390996 0.06947324 0.46528277 0.77935296 0.02680077962577343
40 0.         0.         0.86438155 1.         0.026631493121385574
1 0.06858935 0.4859452  0.834597   0.7989819  0.02645077370107174
41 0.71239537 0.7113836  1.         0.9745678  0.026034541428089142
21 0.571076  0.3907279 0.8262765 0.888572  0.026027029380202293
2 0.15537763 0.5220122  0.861274   0.9401458  0.025510402396321297
7 0.10610334 0.37385485 0.8699549  1.         0.025127345696091652
41 0.34182465 0.7619211  1.         0.9914605  0.025095578283071518
22 0.         0.         0.93823797 0.34764493 0.02508682943880558
24 0.         0.18850394 0.9271371  0.63329124 0.02470785193145275
2 0.00675744 0.15804996 0.3193581  0.7393977  0.024274775758385658
2 0.22535734 0.18545435 0.79223704 0.8746804  0.02394995652139187
1 0.12645441 0.13233599 0.7441395  0.5456213  0.023835070431232452
10 0.         0.44478017 0.76811916 0.7050687  0.02338534966111183
41 0.18523128 0.22651152 0.46258125 0.6856734  0.02299700677394867
40 0.         0.13808793 1.         1.         0.022581715136766434
27 0.         0.21830435 0.7790282  0.78185785 0.022577838972210884
18 0.05297928 0.25786027 0.38436556 0.99171937 0.02245611883699894
2 0.42906985 0.46168113 0.8729521  0.951055   0.022178692743182182
2 0.09264964 0.04235687 0.88130844 0.8148628  0.022032074630260468
1 0.06874911 0.         0.59660226 0.51545465 0.02201620303094387
41 0.03764627 0.4810046  0.33427766 0.7837941  0.02127077616751194
27 0.         0.29744908 1.         0.9381273  0.02094648964703083
41 0.74860626 0.2529095  1.         0.40997937 0.020593760535120964
41 0.05193527 0.19793172 0.41990608 0.69359714 0.02054845169186592
4 0.         0.1023697  0.85422164 0.9452982  0.019765809178352356
21 0.15254219 0.24770534 0.5636198  0.6028862  0.019728926941752434
1 0.5867495  0.468318   0.99296826 0.97129256 0.0195317342877388
1 0.         0.02756485 0.972399   0.5461811  0.019300827756524086
18 0.33034113 0.18428665 1.         0.9476125  0.019271116703748703
10 0.6177027  0.23276976 1.         0.48811424 0.019007865339517593
1 0.         0.         1.         0.37798658 0.01896562986075878
1 0.09222669 0.20691928 0.41426888 0.88480604 0.018906813114881516
24 0.16125506 0.3128948  0.9236155  0.7615335  0.018759997561573982
21 0.05002509 0.34222132 0.27446106 0.8215347  0.018468409776687622
41 0.02788591 0.9110627  0.17568451 0.99881643 0.018428951501846313
21 0.34464702 0.29983863 0.65333486 0.7629683  0.018408004194498062
10 0.21685942 0.27355176 0.6576181  0.7864064  0.018061600625514984
27 0.6495983  0.12383612 1.         0.45959947 0.0179232656955719
18 0.06206482 0.37045643 0.5025343  0.663778   0.01787721738219261
34 0.27672124 0.4523352  0.5842087  0.89194655 0.01728089153766632
18 0.46033743 0.         1.         0.7894061  0.016992276534438133
24 0.         0.5267611  0.31198382 0.7215289  0.016738366335630417
21 0.6827655  0.10297055 0.9778525  0.4738558  0.016358831897377968
41 0.6907102  0.50179964 1.         0.97098196 0.016300322487950325
18 0.06754463 0.01238622 0.67455417 0.6092541  0.01614200696349144
41 0.55891275 0.71507674 1.         0.9797691  0.015730489045381546
1 0.08274971 0.27021    0.7239747  0.5798915  0.015224278904497623
1 0.58098835 0.22006218 0.8451312  0.8298263  0.01521912869066
24 0.34441417 0.8187637  0.89540976 0.925882   0.015166985802352428
24 0.2101621  0.8579009  0.734067   0.92517996 0.014897488988935947
40 0.         0.12919581 0.49169487 1.         0.014897363260388374
18 0.07172487 0.07153595 0.473049   0.91444236 0.014784608036279678
18 0.6813897  0.14862354 1.         0.63315535 0.014761455357074738
21 0.39846677 0.28387162 0.77483225 0.6762067  0.014721618965268135
5 0.5484894  0.09371892 0.9509766  0.6633768  0.014701791107654572
7 0.03595683 0.27452022 0.94976485 1.         0.014436878263950348
41 0.1100558  0.7687214  0.6354326  0.97521853 0.014255823567509651
24 0.78999466 0.65539575 1.         1.         0.014237464405596256
10 0.6711559  0.10554446 1.         0.4875886  0.014230990782380104
7 0.00523651 0.23760553 1.         0.779049   0.01414713729172945
1 0.12437327 0.56734926 1.         0.9858939  0.014131852425634861
41 0.20444418 0.2696462  0.8421675  0.5443872  0.01388288289308548
5 0.         0.         0.40244684 0.38143104 0.013875080272555351
22 0.         0.         0.43456045 0.31386808 0.013635184615850449
5 0.         0.         0.56767094 0.8066736  0.013508717529475689
21 0.6197387  0.21363628 0.9585431  0.44657797 0.013494937680661678
10 0.19344519 0.24476291 0.82815903 0.71641004 0.013437468558549881
4 0.56375223 0.4243274  1.         1.         0.013435396365821362
10 0.30436546 0.6754989  1.         0.99150294 0.013375022448599339
27 0.49294603 0.16366357 1.         0.8449923  0.013358889147639275
10 0.7781354  0.48096752 1.         0.931372   0.013180441223084927
21 0.18543944 0.5900397  0.9666922  0.92875105 0.013166814111173153
10 0.1168662  0.32444152 1.         0.6355896  0.013052142225205898
7 0.03817636 0.4325938  0.350812   1.         0.013037252239882946
33 0.16337113 0.1282825  0.9932697  0.78836304 0.012978321872651577
22 0.4524351  0.         0.843927   0.23072062 0.012933227233588696
2 0.01819341 0.         1.         0.31558034 0.012792780995368958
18 0.67981994 0.01826711 1.         0.95429283 0.012769564054906368
27 0.12406606 0.1152748  1.         0.39823553 0.012629421427845955
24 0.         0.14482175 0.52733904 0.6797592  0.012624915689229965
1 0.44126466 0.25472894 0.85642743 0.7241172  0.012532076798379421
24 0.7931595 0.72046   1.        0.9272095 0.012444080784916878
27 0.05701559 0.05930733 1.         0.32019487 0.012281198054552078
32 0.76206285 0.21139248 0.9996222  0.38253078 0.012191296555101871
1 0.78642166 0.49595785 1.         1.         0.012158515863120556
29 0.16928247 0.30281278 0.46112025 0.80152786 0.012140265665948391
17 0.78583467 0.20518309 0.9940807  0.37067696 0.012128847651183605
29 0.18800351 0.13288468 0.6073803  0.6328797  0.01202279981225729
18 0.21506147 0.26628676 0.73195875 0.9696999  0.011875524185597897
33 0.05579069 0.         0.4923531  0.30562347 0.011849332600831985
41 0.22777401 0.81321776 1.         0.95842016 0.011822683736681938
40 0.38773027 0.1771698  1.         1.         0.011749259196221828
24 0.31140342 0.66436577 1.         0.9422501  0.0116130905225873
41 0.01711108 0.38172665 0.38245827 0.7949038  0.011604540050029755
1 0.236256  0.7240968 0.7727569 1.        0.011555313132703304
21 0.24932548 0.1669249  0.8910342  0.5104321  0.011333692818880081
41 0.05185088 0.75833404 0.2668642  0.9814257  0.011315283365547657
1 0.04462565 0.03140806 0.90306896 0.34055725 0.011313742958009243
10 0.02273466 0.7603437  0.6581357  0.99486923 0.011243988759815693
41 0.5627247  0.23917197 1.         0.5594641  0.01115691103041172
41 0.7082414  0.25344324 1.         0.5008995  0.011075912974774837
7 0.2789544  0.32841164 1.         1.         0.011068320833146572
2 0.6101732  0.15580195 0.8982617  0.9087913  0.011064892634749413
2 0.59492725 0.4300586  0.904979   0.8896602  0.010987021028995514
18 0.25051662 0.35715392 0.94502383 0.9531222  0.01090099848806858
7 0.06371117 0.6647904  0.87745506 1.         0.010768947191536427
29 0.80621654 0.59126085 1.         0.94250715 0.010682198219001293
21 0.02157778 0.22781757 0.29694554 0.64239043 0.010547296144068241
40 0.         0.06284121 0.8075082  0.7552535  0.010508764535188675
24 0.45799485 0.5738753  0.81146216 0.96404433 0.010440356098115444
27 0.42845064 0.12328549 1.         0.48925102 0.010409246198832989
41 0.08190972 0.7487002  0.41488615 0.972239   0.010352869518101215
24 0.4164289  0.25262102 0.98313254 0.76577616 0.010280413553118706
5 0.         0.         0.40285248 0.21622345 0.0102434316650033
4 0.         0.14306611 0.66769695 0.8188823  0.010186447761952877
41 0.6386534  0.10003565 1.         0.40239167 0.010035094805061817
40 0.0223628 0.        0.5230348 0.8934074 0.009949094615876675
7 0.33945388 0.4522487  1.         1.         0.009907054714858532
29 0.4277351  0.34909058 0.97554874 0.80434734 0.009864039719104767
5 0.04740077 0.120492   0.9403742  0.6566534  0.009792708791792393
21 0.4808544  0.14442833 0.9713336  0.46751943 0.009757989086210728
27 0.77467966 0.12077535 1.         0.5637837  0.009738546796143055
2 0.         0.         0.6827552  0.71268046 0.009685189463198185
7 0.0090712  0.19451122 0.69437796 0.8911587  0.009673349559307098
24 0.16364312 0.50123835 0.8335434  0.7170543  0.009590273723006248
41 0.12340579 0.8361808  0.8501982  0.9642695  0.009549823589622974
24 0.         0.16915512 0.3531368  0.57378274 0.0095477644354105
1 0.5186278  0.4611108  0.94622743 0.8258151  0.009333216585218906
4 0.         0.04452176 1.         0.42991334 0.009224632754921913
7 0.05611478 0.40817186 0.6579938  1.         0.00917142629623413
18 0.01067791 0.9200526  0.06395907 0.9933534  0.009097331203520298
16 0.10186616 0.10700442 0.9677176  0.3197353  0.009058826602995396
5 0.         0.03034724 0.7073818  0.9114248  0.009002932347357273
5 0.63957536 0.01353915 0.9537551  0.39565542 0.008995397947728634
1 0.45377016 0.2556446  0.7015559  0.7955275  0.008983627893030643
40 0.04715154 0.09845632 1.         0.41931275 0.008980771526694298
24 0.        0.4479935 0.7120269 0.674191  0.008969694375991821
21 0.76931316 0.15225692 0.96369874 0.49123287 0.00894180592149496
2 5.1715854e-04 3.4283051e-01 2.5593373e-01 7.2478628e-01 0.008936934173107147
34 0.         0.40138075 0.5530489  0.9495995  0.008921087719500065
41 0.00722839 0.9314375  0.06531734 1.         0.008870961144566536
27 0.3707858  0.34085044 1.         0.9957164  0.00884259957820177
41 0.2391231  0.22343588 0.7056971  0.60148644 0.008665647357702255
10 0.32642636 0.30173263 0.751259   0.7587413  0.008660632185637951
4 0.         0.46273977 0.6027281  0.9353367  0.008634405210614204
18 0.7182553 0.2072716 1.        0.4919989 0.00859841052442789
41 0.09176382 0.56933564 0.5863169  0.9122592  0.008552918210625648
41 0.71775067 0.2969844  1.         0.62032276 0.008546009659767151
41 0.01275032 0.9456171  0.09364844 0.9998072  0.00854442361742258
22 0.45574504 0.         1.         0.13327257 0.008521843701601028
10 0.         0.         0.39332867 0.16901186 0.008498447947204113
1 0.53903615 0.24453476 0.98063874 0.6947772  0.008441912941634655
33 0.8565623  0.5793536  1.         0.89465743 0.00839201733469963
22 0.         0.00876857 0.80385864 0.6062426  0.008291376754641533
33 0.35559726 0.5152484  1.         0.94287765 0.008271793834865093
2 0.         0.21986762 0.40133062 0.6261449  0.008245522156357765
24 0.5132647 0.319377  0.9776465 0.8990318 0.00823889672756195
1 0.44015998 0.         1.         0.6262787  0.008192353881895542
29 0.09789634 0.35198238 0.3603796  0.86843467 0.008172665722668171
18 0.07437079 0.0246887  0.35966697 0.79117364 0.008145774714648724
